!sus 44570 211233 4 6 20 attackers:44570;victims:211233;type:1;valid_origin:True;recurrent:True;local:False
44570 211233 1 3 17
44570 211233 2 3 17
44570 211233 3 3 17
44570 211233 4 3 17
44570 211233 5 12 8
44570 211233 6 12 8
44570 211233 7 3 17
44570 211233 8 14 6
44570 211233 9 15 5
44570 211233 10 3 17
!sus 13335 203214 0 10 17 attackers:203214;victims:13335;type:1;valid_origin:True;recurrent:True;local:False
13335 203214 1 0 17
13335 203214 2 0 17
13335 203214 3 0 17
13335 203214 4 0 17
13335 203214 5 1 16
13335 203214 6 0 17
13335 203214 7 0 17
13335 203214 8 0 17
13335 203214 9 1 16
13335 203214 10 6 11
!leg 44570 212746 10 0 10 attackers:44570;victims:212746;type:1;valid_origin:True;recurrent:True;local:False
44570 212746 1 8 2
44570 212746 2 9 1
44570 212746 3 9 1
44570 212746 4 9 1
44570 212746 5 9 1
44570 212746 6 9 1
44570 212746 7 9 1
44570 212746 8 9 1
44570 212746 9 9 1
44570 212746 10 9 1
!sus 1 327943 0 10 14 attackers:327943;victims:1;type:1;valid_origin:True;recurrent:True;local:False
1 327943 1 0 14
1 327943 2 0 14
1 327943 3 0 14
1 327943 4 0 14
1 327943 5 0 14
1 327943 6 0 14
1 327943 7 1 13
1 327943 8 1 13
1 327943 9 1 13
1 327943 10 1 13
!sus 269909 271915 0 10 16 attackers:269909;victims:271915;type:1;valid_origin:True;recurrent:True;local:False
269909 271915 1 0 16
269909 271915 2 0 16
269909 271915 3 0 16
269909 271915 4 0 16
269909 271915 5 0 16
269909 271915 6 0 16
269909 271915 7 0 16
269909 271915 8 0 16
269909 271915 9 0 16
269909 271915 10 0 16
!sus 53667 207616 0 10 275 attackers:53667;victims:207616;type:1;valid_origin:True;recurrent:True;local:False
53667 207616 1 0 275
53667 207616 2 0 275
53667 207616 3 0 275
53667 207616 4 0 275
53667 207616 5 0 275
53667 207616 6 0 275
53667 207616 7 1 274
53667 207616 8 3 272
53667 207616 9 3 272
53667 207616 10 11 264
!sus 6060 62257 2 8 9 attackers:62257;victims:6060;type:1;valid_origin:True;recurrent:True;local:False
6060 62257 1 2 7
6060 62257 2 2 7
6060 62257 3 0 9
6060 62257 4 2 7
6060 62257 5 8 1
6060 62257 6 0 9
6060 62257 7 0 9
6060 62257 8 0 9
6060 62257 9 9 0
6060 62257 10 0 9
!sus 132337 200062 7 3 1 attackers:132337;victims:200062;type:1;valid_origin:True;recurrent:True;local:True
132337 200062 1 0 1
132337 200062 2 0 1
132337 200062 3 0 1
132337 200062 4 1 0
132337 200062 5 1 0
132337 200062 6 1 0
132337 200062 7 1 0
132337 200062 8 1 0
132337 200062 9 1 0
132337 200062 10 1 0
!sus 174 1408 1 9 4 attackers:174;victims:1408;type:3;valid_origin:False;recurrent:False;local:False
174 1408 1 1 3
174 1408 2 1 3
174 1408 3 1 3
174 1408 4 1 3
174 1408 5 1 3
174 1408 6 1 3
174 1408 7 1 3
174 1408 8 1 3
174 1408 9 1 3
174 1408 10 4 0
!sus 7303 263812 5 5 54 attackers:7303;victims:263812;type:1;valid_origin:True;recurrent:True;local:False
7303 263812 1 54 0
7303 263812 2 25 29
7303 263812 3 26 28
7303 263812 4 0 54
7303 263812 5 23 31
7303 263812 6 15 39
7303 263812 7 31 23
7303 263812 8 37 17
7303 263812 9 30 24
7303 263812 10 49 5
!sus 51274 202391 5 5 252 attackers:202391;victims:51274;type:1;valid_origin:True;recurrent:True;local:False
51274 202391 1 214 38
51274 202391 2 252 0
51274 202391 3 0 252
51274 202391 4 252 0
51274 202391 5 252 0
51274 202391 6 0 252
51274 202391 7 0 252
51274 202391 8 0 252
51274 202391 9 252 0
51274 202391 10 0 252
!sus 266009 267573 0 10 72 attackers:267573;victims:266009;type:1;valid_origin:True;recurrent:True;local:False
266009 267573 1 3 69
266009 267573 2 3 69
266009 267573 3 8 64
266009 267573 4 9 63
266009 267573 5 9 63
266009 267573 6 12 60
266009 267573 7 9 63
266009 267573 8 9 63
266009 267573 9 16 56
266009 267573 10 14 58
!leg 3549 400422 10 0 1 attackers:3549;victims:400422;type:1;valid_origin:True;recurrent:False;local:False
3549 400422 1 1 0
3549 400422 2 1 0
3549 400422 3 1 0
3549 400422 4 1 0
3549 400422 5 1 0
3549 400422 6 1 0
3549 400422 7 1 0
3549 400422 8 1 0
3549 400422 9 1 0
3549 400422 10 1 0
!sus 8882 46553 4 6 25 attackers:8882;victims:46553;type:1;valid_origin:True;recurrent:True;local:False
8882 46553 1 1 24
8882 46553 2 0 25
8882 46553 3 13 12
8882 46553 4 2 23
8882 46553 5 13 12
8882 46553 6 13 12
8882 46553 7 7 18
8882 46553 8 13 12
8882 46553 9 12 13
8882 46553 10 0 25
!sus 47158 210320 0 10 402 attackers:47158;victims:210320;type:1;valid_origin:True;recurrent:True;local:False
47158 210320 1 0 402
47158 210320 2 1 401
47158 210320 3 2 400
47158 210320 4 3 399
47158 210320 5 5 397
47158 210320 6 5 397
47158 210320 7 5 397
47158 210320 8 5 397
47158 210320 9 4 398
47158 210320 10 9 393
!leg 28263 268842 10 0 1 attackers:28263;victims:268842;type:1;valid_origin:True;recurrent:False;local:False
28263 268842 1 1 0
28263 268842 2 1 0
28263 268842 3 1 0
28263 268842 4 1 0
28263 268842 5 1 0
28263 268842 6 1 0
28263 268842 7 1 0
28263 268842 8 1 0
28263 268842 9 1 0
28263 268842 10 1 0
!sus 9297 16509 7 3 1 attackers:9297;victims:16509;type:1;valid_origin:True;recurrent:True;local:False
9297 16509 1 0 1
9297 16509 2 0 1
9297 16509 3 0 1
9297 16509 4 1 0
9297 16509 5 1 0
9297 16509 6 1 0
9297 16509 7 1 0
9297 16509 8 1 0
9297 16509 9 1 0
9297 16509 10 1 0
!leg 61832 263917 10 0 2 attackers:263917;victims:271462;type:3;valid_origin:True;recurrent:False;local:False
61832 263917 1 2 0
61832 263917 2 2 0
61832 263917 3 2 0
61832 263917 4 2 0
61832 263917 5 2 0
61832 263917 6 2 0
61832 263917 7 2 0
61832 263917 8 2 0
61832 263917 9 2 0
61832 263917 10 2 0
!sus 14630 148968 0 10 1 attackers:148968;victims:14630;type:1;valid_origin:True;recurrent:True;local:True
14630 148968 1 0 1
14630 148968 2 0 1
14630 148968 3 0 1
14630 148968 4 0 1
14630 148968 5 0 1
14630 148968 6 0 1
14630 148968 7 0 1
14630 148968 8 0 1
14630 148968 9 0 1
14630 148968 10 0 1
!leg 14570 17303 10 0 1 attackers:14570;victims:17303;type:1;valid_origin:True;recurrent:False;local:False
14570 17303 1 1 0
14570 17303 2 1 0
14570 17303 3 1 0
14570 17303 4 1 0
14570 17303 5 1 0
14570 17303 6 1 0
14570 17303 7 1 0
14570 17303 8 1 0
14570 17303 9 1 0
14570 17303 10 1 0
!sus 9 142327 0 10 61 attackers:142327;victims:9;type:1;valid_origin:False;recurrent:False;local:False
9 142327 1 0 61
9 142327 2 0 61
9 142327 3 0 61
9 142327 4 0 61
9 142327 5 0 61
9 142327 6 0 61
9 142327 7 0 61
9 142327 8 0 61
9 142327 9 0 61
9 142327 10 0 61
!sus 22381 51088 0 10 1 attackers:51088;victims:22381;type:1;valid_origin:True;recurrent:True;local:True
22381 51088 1 0 1
22381 51088 2 0 1
22381 51088 3 0 1
22381 51088 4 0 1
22381 51088 5 0 1
22381 51088 6 0 1
22381 51088 7 0 1
22381 51088 8 0 1
22381 51088 9 0 1
22381 51088 10 0 1
!sus 131601 198949 7 3 9 attackers:198949;victims:131601;type:1;valid_origin:True;recurrent:True;local:False
131601 198949 1 0 9
131601 198949 2 0 9
131601 198949 3 0 9
131601 198949 4 5 4
131601 198949 5 8 1
131601 198949 6 9 0
131601 198949 7 6 3
131601 198949 8 9 0
131601 198949 9 8 1
131601 198949 10 9 0
!sus 39120 268842 9 1 1 attackers:39120;victims:268842;type:1;valid_origin:True;recurrent:False;local:True
39120 268842 1 0 1
39120 268842 2 1 0
39120 268842 3 1 0
39120 268842 4 1 0
39120 268842 5 1 0
39120 268842 6 1 0
39120 268842 7 1 0
39120 268842 8 1 0
39120 268842 9 1 0
39120 268842 10 1 0
!sus 3 327708 0 10 68 attackers:327708;victims:37020;type:2;valid_origin:True;recurrent:True;local:False
3 327708 1 0 68
3 327708 2 0 68
3 327708 3 0 68
3 327708 4 0 68
3 327708 5 0 68
3 327708 6 0 68
3 327708 7 0 68
3 327708 8 0 68
3 327708 9 0 68
3 327708 10 0 68
!sus 203635 203867 1 9 15 attackers:203635;victims:203867;type:1;valid_origin:True;recurrent:True;local:False
203635 203867 1 15 0
203635 203867 2 0 15
203635 203867 3 0 15
203635 203867 4 0 15
203635 203867 5 0 15
203635 203867 6 0 15
203635 203867 7 0 15
203635 203867 8 0 15
203635 203867 9 0 15
203635 203867 10 0 15
!sus 56630 206016 6 4 16 attackers:56630;victims:206016;type:1;valid_origin:True;recurrent:True;local:False
56630 206016 1 0 16
56630 206016 2 0 16
56630 206016 3 7 9
56630 206016 4 0 16
56630 206016 5 11 5
56630 206016 6 11 5
56630 206016 7 11 5
56630 206016 8 11 5
56630 206016 9 11 5
56630 206016 10 11 5
!leg 58299 205121 10 0 1 attackers:58299;victims:205121;type:1;valid_origin:True;recurrent:False;local:True
58299 205121 1 1 0
58299 205121 2 1 0
58299 205121 3 1 0
58299 205121 4 1 0
58299 205121 5 1 0
58299 205121 6 1 0
58299 205121 7 1 0
58299 205121 8 1 0
58299 205121 9 1 0
58299 205121 10 1 0
!sus 198949 200612 0 10 640 attackers:200612;victims:198949,48851;type:1,2;valid_origin:False;recurrent:True;local:False
198949 200612 1 235 405
198949 200612 2 235 405
198949 200612 3 235 405
198949 200612 4 236 404
198949 200612 5 236 404
198949 200612 6 237 403
198949 200612 7 238 402
198949 200612 8 238 402
198949 200612 9 241 399
198949 200612 10 243 397
!sus 32934 150168 0 10 43 attackers:150168;victims:32934;type:1;valid_origin:False;recurrent:False;local:False
32934 150168 1 0 43
32934 150168 2 0 43
32934 150168 3 0 43
32934 150168 4 0 43
32934 150168 5 0 43
32934 150168 6 1 42
32934 150168 7 1 42
32934 150168 8 1 42
32934 150168 9 2 41
32934 150168 10 2 41
!sus 10 140012 0 10 201 attackers:140012;victims:10;type:1;valid_origin:False;recurrent:False;local:False
10 140012 1 0 201
10 140012 2 0 201
10 140012 3 0 201
10 140012 4 0 201
10 140012 5 4 197
10 140012 6 5 196
10 140012 7 3 198
10 140012 8 10 191
10 140012 9 10 191
10 140012 10 10 191
!sus 25152 49666 8 2 1 attackers:49666;victims:25152;type:1;valid_origin:True;recurrent:False;local:False
25152 49666 1 0 1
25152 49666 2 0 1
25152 49666 3 1 0
25152 49666 4 1 0
25152 49666 5 1 0
25152 49666 6 1 0
25152 49666 7 1 0
25152 49666 8 1 0
25152 49666 9 1 0
25152 49666 10 1 0
!sus 15440 63293 0 10 34 attackers:15440;victims:63293;type:1;valid_origin:True;recurrent:True;local:False
15440 63293 1 0 34
15440 63293 2 0 34
15440 63293 3 0 34
15440 63293 4 0 34
15440 63293 5 0 34
15440 63293 6 0 34
15440 63293 7 0 34
15440 63293 8 0 34
15440 63293 9 0 34
15440 63293 10 4 30
!sus 31898 328474 7 3 1 attackers:328474;victims:31898;type:1;valid_origin:True;recurrent:True;local:True
31898 328474 1 0 1
31898 328474 2 0 1
31898 328474 3 0 1
31898 328474 4 1 0
31898 328474 5 1 0
31898 328474 6 1 0
31898 328474 7 1 0
31898 328474 8 1 0
31898 328474 9 1 0
31898 328474 10 1 0
!sus 267573 268842 3 7 53 attackers:267573;victims:268842;type:1;valid_origin:True;recurrent:True;local:False
267573 268842 1 6 47
267573 268842 2 7 46
267573 268842 3 9 44
267573 268842 4 9 44
267573 268842 5 9 44
267573 268842 6 24 29
267573 268842 7 41 12
267573 268842 8 41 12
267573 268842 9 21 32
267573 268842 10 35 18
!sus 60426 203649 1 9 22 attackers:60426;victims:203649;type:1;valid_origin:True;recurrent:True;local:False
60426 203649 1 2 20
60426 203649 2 4 18
60426 203649 3 9 13
60426 203649 4 9 13
60426 203649 5 10 12
60426 203649 6 10 12
60426 203649 7 11 11
60426 203649 8 9 13
60426 203649 9 11 11
60426 203649 10 12 10
!sus 10099 47147 0 10 1 attackers:10099;victims:42473;type:2;valid_origin:True;recurrent:True;local:False
10099 47147 1 0 1
10099 47147 2 0 1
10099 47147 3 0 1
10099 47147 4 0 1
10099 47147 5 0 1
10099 47147 6 0 1
10099 47147 7 0 1
10099 47147 8 0 1
10099 47147 9 0 1
10099 47147 10 0 1
!leg 22356 268935 10 0 1 attackers:22356;victims:268935;type:1;valid_origin:True;recurrent:False;local:False
22356 268935 1 1 0
22356 268935 2 1 0
22356 268935 3 1 0
22356 268935 4 1 0
22356 268935 5 1 0
22356 268935 6 1 0
22356 268935 7 1 0
22356 268935 8 1 0
22356 268935 9 1 0
22356 268935 10 1 0
!leg 13768 30041 10 0 1 attackers:13768;victims:30041;type:1;valid_origin:True;recurrent:False;local:False
13768 30041 1 1 0
13768 30041 2 1 0
13768 30041 3 1 0
13768 30041 4 1 0
13768 30041 5 1 0
13768 30041 6 1 0
13768 30041 7 1 0
13768 30041 8 1 0
13768 30041 9 1 0
13768 30041 10 1 0
!sus 262663 271383 4 6 13 attackers:271383;victims:262663;type:1;valid_origin:True;recurrent:True;local:False
262663 271383 1 1 12
262663 271383 2 1 12
262663 271383 3 3 10
262663 271383 4 1 12
262663 271383 5 4 9
262663 271383 6 10 3
262663 271383 7 11 2
262663 271383 8 12 1
262663 271383 9 12 1
262663 271383 10 5 8
!sus 1002 44570 0 10 37 attackers:1002;victims:203857,44570;type:1,2;valid_origin:True;recurrent:True;local:False
1002 44570 1 0 37
1002 44570 2 12 25
1002 44570 3 16 21
1002 44570 4 16 21
1002 44570 5 16 21
1002 44570 6 16 21
1002 44570 7 16 21
1002 44570 8 16 21
1002 44570 9 16 21
1002 44570 10 16 21
!sus 133436 135409 0 10 28 attackers:135409;victims:133436;type:1;valid_origin:True;recurrent:True;local:False
133436 135409 1 0 28
133436 135409 2 0 28
133436 135409 3 0 28
133436 135409 4 0 28
133436 135409 5 0 28
133436 135409 6 0 28
133436 135409 7 0 28
133436 135409 8 0 28
133436 135409 9 0 28
133436 135409 10 0 28
!leg 46997 205121 10 0 1 attackers:46997;victims:205121;type:1;valid_origin:True;recurrent:False;local:True
46997 205121 1 1 0
46997 205121 2 1 0
46997 205121 3 1 0
46997 205121 4 1 0
46997 205121 5 1 0
46997 205121 6 1 0
46997 205121 7 1 0
46997 205121 8 1 0
46997 205121 9 1 0
46997 205121 10 1 0
!leg 16397 263277 10 0 1 attackers:16397;victims:267497;type:2;valid_origin:True;recurrent:False;local:False
16397 263277 1 1 0
16397 263277 2 1 0
16397 263277 3 1 0
16397 263277 4 1 0
16397 263277 5 1 0
16397 263277 6 1 0
16397 263277 7 1 0
16397 263277 8 1 0
16397 263277 9 1 0
16397 263277 10 1 0
!leg 262589 272529 10 0 1 attackers:262589;victims:265359;type:2;valid_origin:True;recurrent:False;local:False
262589 272529 1 1 0
262589 272529 2 1 0
262589 272529 3 1 0
262589 272529 4 1 0
262589 272529 5 1 0
262589 272529 6 1 0
262589 272529 7 1 0
262589 272529 8 1 0
262589 272529 9 1 0
262589 272529 10 1 0
!sus 42473 133543 0 10 9 attackers:133543;victims:42473;type:1;valid_origin:True;recurrent:True;local:False
42473 133543 1 0 9
42473 133543 2 0 9
42473 133543 3 0 9
42473 133543 4 0 9
42473 133543 5 0 9
42473 133543 6 0 9
42473 133543 7 0 9
42473 133543 8 0 9
42473 133543 9 0 9
42473 133543 10 0 9
!sus 5 133337 3 7 8 attackers:133337;victims:5;type:1;valid_origin:True;recurrent:True;local:False
5 133337 1 0 8
5 133337 2 0 8
5 133337 3 0 8
5 133337 4 0 8
5 133337 5 0 8
5 133337 6 6 2
5 133337 7 0 8
5 133337 8 6 2
5 133337 9 0 8
5 133337 10 8 0
!sus 26415 265187 2 8 1 attackers:265187;victims:26415;type:1;valid_origin:True;recurrent:True;local:True
26415 265187 1 0 1
26415 265187 2 0 1
26415 265187 3 0 1
26415 265187 4 0 1
26415 265187 5 0 1
26415 265187 6 0 1
26415 265187 7 0 1
26415 265187 8 0 1
26415 265187 9 1 0
26415 265187 10 1 0
!leg 44570 209806 10 0 21 attackers:44570;victims:209806;type:1;valid_origin:True;recurrent:True;local:False
44570 209806 1 21 0
44570 209806 2 19 2
44570 209806 3 13 8
44570 209806 4 15 6
44570 209806 5 20 1
44570 209806 6 21 0
44570 209806 7 20 1
44570 209806 8 20 1
44570 209806 9 21 0
44570 209806 10 20 1
!sus 34933 205131 7 3 19 attackers:34933;victims:205131;type:1;valid_origin:True;recurrent:True;local:False
34933 205131 1 16 3
34933 205131 2 18 1
34933 205131 3 19 0
34933 205131 4 13 6
34933 205131 5 19 0
34933 205131 6 17 2
34933 205131 7 0 19
34933 205131 8 0 19
34933 205131 9 19 0
34933 205131 10 3 16
!sus 267573 268106 0 10 106 attackers:267573;victims:268106;type:1;valid_origin:True;recurrent:True;local:False
267573 268106 1 8 98
267573 268106 2 12 94
267573 268106 3 17 89
267573 268106 4 17 89
267573 268106 5 20 86
267573 268106 6 20 86
267573 268106 7 19 87
267573 268106 8 18 88
267573 268106 9 27 79
267573 268106 10 31 75
!sus 50058 212483 0 10 15 attackers:50058;victims:212483;type:1;valid_origin:True;recurrent:True;local:False
50058 212483 1 0 15
50058 212483 2 0 15
50058 212483 3 0 15
50058 212483 4 0 15
50058 212483 5 0 15
50058 212483 6 0 15
50058 212483 7 0 15
50058 212483 8 0 15
50058 212483 9 0 15
50058 212483 10 0 15
!sus 47158 142031 0 10 1258 attackers:47158;victims:38281,142158,142031;type:1,2;valid_origin:True;recurrent:True;local:False
47158 142031 1 0 1258
47158 142031 2 0 1258
47158 142031 3 0 1258
47158 142031 4 0 1258
47158 142031 5 0 1258
47158 142031 6 0 1258
47158 142031 7 0 1258
47158 142031 8 0 1258
47158 142031 9 0 1258
47158 142031 10 0 1258
!sus 13335 17451 0 10 36 attackers:17451;victims:13335,139456;type:1,2;valid_origin:True;recurrent:True;local:False
13335 17451 1 4 32
13335 17451 2 6 30
13335 17451 3 5 31
13335 17451 4 11 25
13335 17451 5 11 25
13335 17451 6 12 24
13335 17451 7 12 24
13335 17451 8 13 23
13335 17451 9 14 22
13335 17451 10 14 22
!leg 62217 267613 10 0 1 attackers:267613;victims:62217;type:1;valid_origin:True;recurrent:False;local:True
62217 267613 1 1 0
62217 267613 2 1 0
62217 267613 3 1 0
62217 267613 4 1 0
62217 267613 5 1 0
62217 267613 6 1 0
62217 267613 7 1 0
62217 267613 8 1 0
62217 267613 9 1 0
62217 267613 10 1 0
!sus 58952 136919 8 2 263 attackers:58952;victims:136919;type:1;valid_origin:True;recurrent:True;local:False
58952 136919 1 30 233
58952 136919 2 78 185
58952 136919 3 141 122
58952 136919 4 154 109
58952 136919 5 210 53
58952 136919 6 220 43
58952 136919 7 202 61
58952 136919 8 229 34
58952 136919 9 256 7
58952 136919 10 263 0
!sus 5713 329121 0 10 14 attackers:5713;victims:329121;type:1;valid_origin:True;recurrent:True;local:False
5713 329121 1 0 14
5713 329121 2 1 13
5713 329121 3 0 14
5713 329121 4 2 12
5713 329121 5 2 12
5713 329121 6 0 14
5713 329121 7 0 14
5713 329121 8 0 14
5713 329121 9 2 12
5713 329121 10 1 13
!leg 53065 269310 10 0 40 attackers:269310;victims:269093;type:2;valid_origin:True;recurrent:False;local:False
53065 269310 1 40 0
53065 269310 2 40 0
53065 269310 3 40 0
53065 269310 4 40 0
53065 269310 5 40 0
53065 269310 6 40 0
53065 269310 7 40 0
53065 269310 8 40 0
53065 269310 9 40 0
53065 269310 10 40 0
!sus 46138 50058 0 10 19 attackers:50058;victims:46138;type:1;valid_origin:True;recurrent:True;local:False
46138 50058 1 0 19
46138 50058 2 0 19
46138 50058 3 0 19
46138 50058 4 0 19
46138 50058 5 0 19
46138 50058 6 0 19
46138 50058 7 0 19
46138 50058 8 0 19
46138 50058 9 0 19
46138 50058 10 0 19
!sus 47158 210925 0 10 17 attackers:47158;victims:210925;type:1;valid_origin:True;recurrent:True;local:False
47158 210925 1 0 17
47158 210925 2 2 15
47158 210925 3 4 13
47158 210925 4 2 15
47158 210925 5 4 13
47158 210925 6 4 13
47158 210925 7 4 13
47158 210925 8 4 13
47158 210925 9 4 13
47158 210925 10 4 13
!sus 57758 211593 2 8 17 attackers:57758;victims:211593;type:1;valid_origin:True;recurrent:True;local:False
57758 211593 1 14 3
57758 211593 2 4 13
57758 211593 3 4 13
57758 211593 4 4 13
57758 211593 5 5 12
57758 211593 6 8 9
57758 211593 7 8 9
57758 211593 8 5 12
57758 211593 9 9 8
57758 211593 10 4 13
!leg 263237 269714 10 0 1 attackers:263237;victims:269714;type:1;valid_origin:True;recurrent:False;local:True
263237 269714 1 1 0
263237 269714 2 1 0
263237 269714 3 1 0
263237 269714 4 1 0
263237 269714 5 1 0
263237 269714 6 1 0
263237 269714 7 1 0
263237 269714 8 1 0
263237 269714 9 1 0
263237 269714 10 1 0
!sus 203635 204518 0 10 18 attackers:204518;victims:203635;type:1;valid_origin:True;recurrent:True;local:False
203635 204518 1 0 18
203635 204518 2 0 18
203635 204518 3 0 18
203635 204518 4 0 18
203635 204518 5 0 18
203635 204518 6 1 17
203635 204518 7 0 18
203635 204518 8 1 17
203635 204518 9 1 17
203635 204518 10 1 17
!sus 26415 396727 9 1 2 attackers:26415;victims:396727;type:1;valid_origin:False;recurrent:True;local:False
26415 396727 1 2 0
26415 396727 2 2 0
26415 396727 3 2 0
26415 396727 4 2 0
26415 396727 5 2 0
26415 396727 6 2 0
26415 396727 7 2 0
26415 396727 8 1 1
26415 396727 9 2 0
26415 396727 10 2 0
!sus 58601 138482 2 8 7 attackers:58601;victims:134806;type:2;valid_origin:True;recurrent:True;local:False
58601 138482 1 0 7
58601 138482 2 0 7
58601 138482 3 0 7
58601 138482 4 0 7
58601 138482 5 0 7
58601 138482 6 2 5
58601 138482 7 3 4
58601 138482 8 2 5
58601 138482 9 6 1
58601 138482 10 5 2
!sus 209 16648 1 9 11 attackers:209;victims:16648;type:1;valid_origin:True;recurrent:True;local:False
209 16648 1 2 9
209 16648 2 5 6
209 16648 3 0 11
209 16648 4 7 4
209 16648 5 5 6
209 16648 6 4 7
209 16648 7 4 7
209 16648 8 0 11
209 16648 9 5 6
209 16648 10 5 6
!sus 3549 271780 0 10 69 attackers:3549;victims:10753;type:2;valid_origin:True;recurrent:True;local:False
3549 271780 1 0 69
3549 271780 2 0 69
3549 271780 3 0 69
3549 271780 4 0 69
3549 271780 5 0 69
3549 271780 6 0 69
3549 271780 7 0 69
3549 271780 8 0 69
3549 271780 9 0 69
3549 271780 10 0 69
!sus 1 198126 8 2 11 attackers:1;victims:198126;type:1;valid_origin:True;recurrent:True;local:False
1 198126 1 0 11
1 198126 2 2 9
1 198126 3 11 0
1 198126 4 11 0
1 198126 5 11 0
1 198126 6 11 0
1 198126 7 11 0
1 198126 8 11 0
1 198126 9 11 0
1 198126 10 11 0
!sus 42156 198949 0 10 14 attackers:42156;victims:198949;type:1;valid_origin:True;recurrent:True;local:False
42156 198949 1 0 14
42156 198949 2 0 14
42156 198949 3 0 14
42156 198949 4 0 14
42156 198949 5 0 14
42156 198949 6 0 14
42156 198949 7 0 14
42156 198949 8 0 14
42156 198949 9 0 14
42156 198949 10 0 14
!sus 13675 136753 1 9 15 attackers:136753;victims:13675;type:1;valid_origin:True;recurrent:True;local:False
13675 136753 1 1 14
13675 136753 2 4 11
13675 136753 3 0 15
13675 136753 4 4 11
13675 136753 5 12 3
13675 136753 6 0 15
13675 136753 7 0 15
13675 136753 8 0 15
13675 136753 9 3 12
13675 136753 10 0 15
!sus 7018 15059 6 4 12 attackers:7018;victims:15059;type:1;valid_origin:True;recurrent:True;local:False
7018 15059 1 1 11
7018 15059 2 11 1
7018 15059 3 1 11
7018 15059 4 12 0
7018 15059 5 10 2
7018 15059 6 8 4
7018 15059 7 3 9
7018 15059 8 2 10
7018 15059 9 11 1
7018 15059 10 9 3
!sus 44570 59788 0 10 19 attackers:44570;victims:59788;type:1;valid_origin:True;recurrent:True;local:False
44570 59788 1 0 19
44570 59788 2 0 19
44570 59788 3 0 19
44570 59788 4 0 19
44570 59788 5 0 19
44570 59788 6 1 18
44570 59788 7 2 17
44570 59788 8 2 17
44570 59788 9 2 17
44570 59788 10 2 17
!sus 44570 61228 0 10 15 attackers:44570;victims:61228;type:1;valid_origin:True;recurrent:True;local:False
44570 61228 1 0 15
44570 61228 2 0 15
44570 61228 3 0 15
44570 61228 4 0 15
44570 61228 5 0 15
44570 61228 6 0 15
44570 61228 7 0 15
44570 61228 8 0 15
44570 61228 9 0 15
44570 61228 10 6 9
!leg 44570 203529 10 0 17 attackers:44570;victims:203529;type:1;valid_origin:True;recurrent:True;local:False
44570 203529 1 14 3
44570 203529 2 13 4
44570 203529 3 13 4
44570 203529 4 13 4
44570 203529 5 13 4
44570 203529 6 13 4
44570 203529 7 13 4
44570 203529 8 13 4
44570 203529 9 13 4
44570 203529 10 13 4
!leg 262494 264550 10 0 1 attackers:262494;victims:264550;type:1;valid_origin:True;recurrent:False;local:False
262494 264550 1 1 0
262494 264550 2 1 0
262494 264550 3 1 0
262494 264550 4 1 0
262494 264550 5 1 0
262494 264550 6 1 0
262494 264550 7 1 0
262494 264550 8 1 0
262494 264550 9 1 0
262494 264550 10 1 0
!leg 15802 199599 10 0 1 attackers:15802;victims:47125;type:2;valid_origin:True;recurrent:False;local:False
15802 199599 1 1 0
15802 199599 2 1 0
15802 199599 3 1 0
15802 199599 4 1 0
15802 199599 5 1 0
15802 199599 6 1 0
15802 199599 7 1 0
15802 199599 8 1 0
15802 199599 9 1 0
15802 199599 10 1 0
!leg 28604 29838 10 0 1 attackers:29838;victims:28604;type:1;valid_origin:True;recurrent:False;local:False
28604 29838 1 1 0
28604 29838 2 1 0
28604 29838 3 1 0
28604 29838 4 1 0
28604 29838 5 1 0
28604 29838 6 1 0
28604 29838 7 1 0
28604 29838 8 1 0
28604 29838 9 1 0
28604 29838 10 1 0
!leg 46050 136106 10 0 698 attackers:136106;victims:46050;type:3,4,5;valid_origin:True;recurrent:False;local:False
46050 136106 1 698 0
46050 136106 2 698 0
46050 136106 3 698 0
46050 136106 4 698 0
46050 136106 5 698 0
46050 136106 6 698 0
46050 136106 7 698 0
46050 136106 8 698 0
46050 136106 9 698 0
46050 136106 10 698 0
!leg 37185 37374 10 0 3 attackers:37374;victims:37185;type:1;valid_origin:True;recurrent:False;local:False
37185 37374 1 3 0
37185 37374 2 3 0
37185 37374 3 3 0
37185 37374 4 3 0
37185 37374 5 3 0
37185 37374 6 3 0
37185 37374 7 3 0
37185 37374 8 3 0
37185 37374 9 3 0
37185 37374 10 3 0
!sus 8849 203913 1 9 258 attackers:8849;victims:203913,203868;type:1,2;valid_origin:True;recurrent:True;local:False
8849 203913 1 0 258
8849 203913 2 48 210
8849 203913 3 71 187
8849 203913 4 75 183
8849 203913 5 92 166
8849 203913 6 87 171
8849 203913 7 129 129
8849 203913 8 89 169
8849 203913 9 117 141
8849 203913 10 132 126
!sus 56662 203629 8 2 1 attackers:56662;victims:203629;type:1;valid_origin:True;recurrent:True;local:True
56662 203629 1 0 1
56662 203629 2 0 1
56662 203629 3 1 0
56662 203629 4 1 0
56662 203629 5 1 0
56662 203629 6 1 0
56662 203629 7 1 0
56662 203629 8 1 0
56662 203629 9 1 0
56662 203629 10 1 0
!sus 37662 328585 0 10 1 attackers:37662;victims:328585;type:1;valid_origin:True;recurrent:True;local:False
37662 328585 1 0 1
37662 328585 2 0 1
37662 328585 3 0 1
37662 328585 4 0 1
37662 328585 5 0 1
37662 328585 6 0 1
37662 328585 7 0 1
37662 328585 8 0 1
37662 328585 9 0 1
37662 328585 10 0 1
!sus 133954 149876 0 10 107 attackers:149876;victims:133954;type:1;valid_origin:True;recurrent:True;local:False
133954 149876 1 17 90
133954 149876 2 30 77
133954 149876 3 35 72
133954 149876 4 37 70
133954 149876 5 31 76
133954 149876 6 29 78
133954 149876 7 35 72
133954 149876 8 40 67
133954 149876 9 37 70
133954 149876 10 37 70
!sus 60171 329088 7 3 23 attackers:60171;victims:329088;type:1;valid_origin:True;recurrent:True;local:False
60171 329088 1 17 6
60171 329088 2 18 5
60171 329088 3 20 3
60171 329088 4 23 0
60171 329088 5 3 20
60171 329088 6 23 0
60171 329088 7 9 14
60171 329088 8 19 4
60171 329088 9 10 13
60171 329088 10 22 1
!leg 9584 45250 10 0 9 attackers:9584;victims:45250;type:1;valid_origin:True;recurrent:True;local:False
9584 45250 1 5 4
9584 45250 2 7 2
9584 45250 3 9 0
9584 45250 4 9 0
9584 45250 5 9 0
9584 45250 6 9 0
9584 45250 7 9 0
9584 45250 8 9 0
9584 45250 9 9 0
9584 45250 10 9 0
!sus 13786 52937 8 2 32 attackers:13786;victims:52937;type:1;valid_origin:True;recurrent:True;local:False
13786 52937 1 15 17
13786 52937 2 16 16
13786 52937 3 26 6
13786 52937 4 32 0
13786 52937 5 31 1
13786 52937 6 31 1
13786 52937 7 32 0
13786 52937 8 32 0
13786 52937 9 32 0
13786 52937 10 32 0
!sus 44570 204160 2 8 31 attackers:44570;victims:204160;type:1;valid_origin:True;recurrent:True;local:False
44570 204160 1 9 22
44570 204160 2 11 20
44570 204160 3 11 20
44570 204160 4 12 19
44570 204160 5 12 19
44570 204160 6 12 19
44570 204160 7 13 18
44570 204160 8 13 18
44570 204160 9 19 12
44570 204160 10 19 12
!sus 47787 207990 4 6 26 attackers:47787;victims:207990;type:1;valid_origin:True;recurrent:True;local:False
47787 207990 1 7 19
47787 207990 2 2 24
47787 207990 3 14 12
47787 207990 4 15 11
47787 207990 5 8 18
47787 207990 6 8 18
47787 207990 7 7 19
47787 207990 8 8 18
47787 207990 9 14 12
47787 207990 10 15 11
!leg 8732 39582 10 0 1 attackers:8732;victims:39582;type:1;valid_origin:True;recurrent:False;local:False
8732 39582 1 1 0
8732 39582 2 1 0
8732 39582 3 1 0
8732 39582 4 1 0
8732 39582 5 1 0
8732 39582 6 1 0
8732 39582 7 1 0
8732 39582 8 1 0
8732 39582 9 1 0
8732 39582 10 1 0
!leg 49544 398698 10 0 1 attackers:398698;victims:400554;type:2;valid_origin:True;recurrent:False;local:False
49544 398698 1 1 0
49544 398698 2 1 0
49544 398698 3 1 0
49544 398698 4 1 0
49544 398698 5 1 0
49544 398698 6 1 0
49544 398698 7 1 0
49544 398698 8 1 0
49544 398698 9 1 0
49544 398698 10 1 0
!sus 63980 149876 0 10 277 attackers:149876;victims:63980;type:1;valid_origin:True;recurrent:False;local:False
63980 149876 1 13 264
63980 149876 2 19 258
63980 149876 3 105 172
63980 149876 4 14 263
63980 149876 5 60 217
63980 149876 6 89 188
63980 149876 7 90 187
63980 149876 8 124 153
63980 149876 9 37 240
63980 149876 10 92 185
!sus 134318 137595 0 10 449 attackers:134318;victims:137595;type:1;valid_origin:True;recurrent:False;local:False
134318 137595 1 0 449
134318 137595 2 0 449
134318 137595 3 0 449
134318 137595 4 0 449
134318 137595 5 0 449
134318 137595 6 0 449
134318 137595 7 0 449
134318 137595 8 0 449
134318 137595 9 0 449
134318 137595 10 0 449
!sus 60326 212483 0 10 15 attackers:60326;victims:212483;type:1;valid_origin:True;recurrent:True;local:False
60326 212483 1 0 15
60326 212483 2 0 15
60326 212483 3 0 15
60326 212483 4 0 15
60326 212483 5 0 15
60326 212483 6 1 14
60326 212483 7 0 15
60326 212483 8 1 14
60326 212483 9 1 14
60326 212483 10 1 14
!sus 9790 26506 9 1 17 attackers:9790;victims:26506;type:1;valid_origin:True;recurrent:True;local:False
9790 26506 1 2 15
9790 26506 2 13 4
9790 26506 3 16 1
9790 26506 4 16 1
9790 26506 5 16 1
9790 26506 6 17 0
9790 26506 7 17 0
9790 26506 8 17 0
9790 26506 9 17 0
9790 26506 10 17 0
!sus 4622 141896 0 10 40 attackers:141896;victims:4622;type:1;valid_origin:True;recurrent:False;local:False
4622 141896 1 8 32
4622 141896 2 9 31
4622 141896 3 14 26
4622 141896 4 13 27
4622 141896 5 12 28
4622 141896 6 19 21
4622 141896 7 19 21
4622 141896 8 20 20
4622 141896 9 19 21
4622 141896 10 19 21
!sus 50058 206016 0 10 7 attackers:50058;victims:206016;type:1;valid_origin:True;recurrent:True;local:False
50058 206016 1 0 7
50058 206016 2 0 7
50058 206016 3 0 7
50058 206016 4 0 7
50058 206016 5 0 7
50058 206016 6 0 7
50058 206016 7 0 7
50058 206016 8 0 7
50058 206016 9 0 7
50058 206016 10 0 7
!sus 204160 212508 0 10 18 attackers:212508;victims:204160;type:1;valid_origin:True;recurrent:True;local:False
204160 212508 1 0 18
204160 212508 2 0 18
204160 212508 3 0 18
204160 212508 4 0 18
204160 212508 5 0 18
204160 212508 6 0 18
204160 212508 7 0 18
204160 212508 8 0 18
204160 212508 9 0 18
204160 212508 10 0 18
!sus 49101 49244 0 10 13 attackers:49101;victims:49244;type:1;valid_origin:True;recurrent:True;local:False
49101 49244 1 0 13
49101 49244 2 0 13
49101 49244 3 0 13
49101 49244 4 0 13
49101 49244 5 0 13
49101 49244 6 0 13
49101 49244 7 0 13
49101 49244 8 0 13
49101 49244 9 0 13
49101 49244 10 0 13
!leg 16397 266145 10 0 1 attackers:16397;victims:266145;type:1;valid_origin:True;recurrent:False;local:False
16397 266145 1 1 0
16397 266145 2 1 0
16397 266145 3 1 0
16397 266145 4 1 0
16397 266145 5 1 0
16397 266145 6 1 0
16397 266145 7 1 0
16397 266145 8 1 0
16397 266145 9 1 0
16397 266145 10 1 0
!sus 18041 47158 0 10 43 attackers:18041;victims:147028;type:2;valid_origin:True;recurrent:True;local:False
18041 47158 1 0 43
18041 47158 2 0 43
18041 47158 3 0 43
18041 47158 4 0 43
18041 47158 5 0 43
18041 47158 6 0 43
18041 47158 7 0 43
18041 47158 8 0 43
18041 47158 9 0 43
18041 47158 10 0 43
!sus 7018 400393 5 5 22 attackers:7018;victims:400393;type:1;valid_origin:True;recurrent:True;local:False
7018 400393 1 1 21
7018 400393 2 17 5
7018 400393 3 1 21
7018 400393 4 15 7
7018 400393 5 11 11
7018 400393 6 12 10
7018 400393 7 3 19
7018 400393 8 2 20
7018 400393 9 12 10
7018 400393 10 12 10
!leg 16735 267562 10 0 8 attackers:267562;victims:267582;type:3;valid_origin:True;recurrent:False;local:False
16735 267562 1 8 0
16735 267562 2 8 0
16735 267562 3 8 0
16735 267562 4 8 0
16735 267562 5 8 0
16735 267562 6 8 0
16735 267562 7 8 0
16735 267562 8 8 0
16735 267562 9 8 0
16735 267562 10 8 0
!sus 37721 201776 2 8 1 attackers:37721;victims:201776;type:1;valid_origin:True;recurrent:True;local:True
37721 201776 1 0 1
37721 201776 2 0 1
37721 201776 3 0 1
37721 201776 4 0 1
37721 201776 5 0 1
37721 201776 6 0 1
37721 201776 7 0 1
37721 201776 8 0 1
37721 201776 9 1 0
37721 201776 10 1 0
!sus 39120 268713 7 3 1 attackers:39120;victims:268713;type:1;valid_origin:True;recurrent:True;local:True
39120 268713 1 0 1
39120 268713 2 0 1
39120 268713 3 0 1
39120 268713 4 1 0
39120 268713 5 1 0
39120 268713 6 1 0
39120 268713 7 1 0
39120 268713 8 1 0
39120 268713 9 1 0
39120 268713 10 1 0
!leg 14570 139742 10 0 1 attackers:14570;victims:139742;type:1;valid_origin:True;recurrent:False;local:False
14570 139742 1 1 0
14570 139742 2 1 0
14570 139742 3 1 0
14570 139742 4 1 0
14570 139742 5 1 0
14570 139742 6 1 0
14570 139742 7 1 0
14570 139742 8 1 0
14570 139742 9 1 0
14570 139742 10 1 0
!sus 1140 41230 8 2 2 attackers:1140;victims:30933,41230;type:1,2;valid_origin:True;recurrent:True;local:True
1140 41230 1 1 1
1140 41230 2 1 1
1140 41230 3 2 0
1140 41230 4 2 0
1140 41230 5 2 0
1140 41230 6 2 0
1140 41230 7 2 0
1140 41230 8 2 0
1140 41230 9 2 0
1140 41230 10 2 0
!leg 45117 141014 10 0 2 attackers:45117;victims:141014;type:1;valid_origin:True;recurrent:False;local:False
45117 141014 1 2 0
45117 141014 2 2 0
45117 141014 3 2 0
45117 141014 4 2 0
45117 141014 5 2 0
45117 141014 6 2 0
45117 141014 7 2 0
45117 141014 8 2 0
45117 141014 9 2 0
45117 141014 10 2 0
!sus 56662 327813 7 3 1 attackers:56662;victims:327813;type:1;valid_origin:True;recurrent:True;local:True
56662 327813 1 0 1
56662 327813 2 0 1
56662 327813 3 0 1
56662 327813 4 1 0
56662 327813 5 1 0
56662 327813 6 1 0
56662 327813 7 1 0
56662 327813 8 1 0
56662 327813 9 1 0
56662 327813 10 1 0
!sus 19453 40462 0 10 14 attackers:19453;victims:40462;type:1;valid_origin:True;recurrent:True;local:False
19453 40462 1 0 14
19453 40462 2 5 9
19453 40462 3 4 10
19453 40462 4 5 9
19453 40462 5 3 11
19453 40462 6 0 14
19453 40462 7 0 14
19453 40462 8 0 14
19453 40462 9 0 14
19453 40462 10 0 14
!sus 3 48584 0 10 1 attackers:48584;victims:3;type:1;valid_origin:False;recurrent:False;local:False
3 48584 1 0 1
3 48584 2 0 1
3 48584 3 0 1
3 48584 4 0 1
3 48584 5 0 1
3 48584 6 0 1
3 48584 7 0 1
3 48584 8 0 1
3 48584 9 0 1
3 48584 10 0 1
!sus 141803 204765 0 10 23 attackers:204765;victims:141803;type:1;valid_origin:False;recurrent:True;local:False
141803 204765 1 0 23
141803 204765 2 0 23
141803 204765 3 0 23
141803 204765 4 0 23
141803 204765 5 0 23
141803 204765 6 0 23
141803 204765 7 0 23
141803 204765 8 0 23
141803 204765 9 0 23
141803 204765 10 0 23
!sus 2914 28306 4 6 888 attackers:2914;victims:264028,264374,266071,271090,263110,52660,263305,52840,271497,268114,267167,269219,265378,268490,262401,268387,262779,263591,272588,267191,263567,271465,270543,270616,271102,268861,269561,267467,269267,53216,265960,266160,270641,269460,270613,264427,262278,264557,266118,262777,263847,265172,270819,270562,270306,267647,265328,269262,268243,52539,263053,271110,52528,53106,264346,270770,61636,61818,268795,266427,52918,262402,270269,264890,263855,266622,264189,263432,264867,61712,269517,53113,52800,267299,263994,52790,28306,263869,270430,269033,264894,53084,52916,271134,52862,264106,265292;type:1,2,3,4;valid_origin:True;recurrent:True;local:False
2914 28306 1 20 868
2914 28306 2 44 844
2914 28306 3 177 711
2914 28306 4 488 400
2914 28306 5 478 410
2914 28306 6 412 476
2914 28306 7 416 472
2914 28306 8 370 518
2914 28306 9 543 345
2914 28306 10 595 293
!sus 37100 328994 8 2 31 attackers:37100;victims:328994;type:1;valid_origin:True;recurrent:True;local:False
37100 328994 1 30 1
37100 328994 2 26 5
37100 328994 3 27 4
37100 328994 4 26 5
37100 328994 5 15 16
37100 328994 6 30 1
37100 328994 7 21 10
37100 328994 8 15 16
37100 328994 9 16 15
37100 328994 10 18 13
!leg 25091 57227 10 0 1 attackers:25091;victims:57227;type:1;valid_origin:True;recurrent:False;local:False
25091 57227 1 1 0
25091 57227 2 1 0
25091 57227 3 1 0
25091 57227 4 1 0
25091 57227 5 1 0
25091 57227 6 1 0
25091 57227 7 1 0
25091 57227 8 1 0
25091 57227 9 1 0
25091 57227 10 1 0
!sus 203141 203202 4 6 16 attackers:203202;victims:203141;type:1;valid_origin:True;recurrent:True;local:False
203141 203202 1 2 14
203141 203202 2 11 5
203141 203202 3 0 16
203141 203202 4 9 7
203141 203202 5 16 0
203141 203202 6 0 16
203141 203202 7 0 16
203141 203202 8 0 16
203141 203202 9 15 1
203141 203202 10 0 16
!sus 209 400663 1 9 11 attackers:209;victims:400663;type:1;valid_origin:True;recurrent:True;local:False
209 400663 1 1 10
209 400663 2 4 7
209 400663 3 0 11
209 400663 4 6 5
209 400663 5 4 7
209 400663 6 3 8
209 400663 7 3 8
209 400663 8 0 11
209 400663 9 4 7
209 400663 10 4 7
!sus 14537 17378 0 10 3 attackers:17378;victims:14537;type:1;valid_origin:True;recurrent:True;local:False
14537 17378 1 0 3
14537 17378 2 0 3
14537 17378 3 0 3
14537 17378 4 0 3
14537 17378 5 0 3
14537 17378 6 0 3
14537 17378 7 0 3
14537 17378 8 0 3
14537 17378 9 0 3
14537 17378 10 0 3
!sus 7018 31806 6 4 11 attackers:7018;victims:31806;type:1;valid_origin:True;recurrent:True;local:False
7018 31806 1 1 10
7018 31806 2 10 1
7018 31806 3 1 10
7018 31806 4 11 0
7018 31806 5 9 2
7018 31806 6 8 3
7018 31806 7 3 8
7018 31806 8 2 9
7018 31806 9 10 1
7018 31806 10 8 3
!sus 15802 46557 5 5 27 attackers:15802;victims:46557;type:1;valid_origin:True;recurrent:True;local:False
15802 46557 1 27 0
15802 46557 2 6 21
15802 46557 3 3 24
15802 46557 4 16 11
15802 46557 5 25 2
15802 46557 6 21 6
15802 46557 7 0 27
15802 46557 8 1 26
15802 46557 9 13 14
15802 46557 10 16 11
!sus 204466 398057 0 10 159 attackers:398057;victims:204466;type:1;valid_origin:True;recurrent:True;local:False
204466 398057 1 3 156
204466 398057 2 3 156
204466 398057 3 4 155
204466 398057 4 4 155
204466 398057 5 7 152
204466 398057 6 6 153
204466 398057 7 35 124
204466 398057 8 33 126
204466 398057 9 38 121
204466 398057 10 57 102
!leg 24554 55836 10 0 1 attackers:24554;victims:132220;type:3;valid_origin:True;recurrent:False;local:False
24554 55836 1 1 0
24554 55836 2 1 0
24554 55836 3 1 0
24554 55836 4 1 0
24554 55836 5 1 0
24554 55836 6 1 0
24554 55836 7 1 0
24554 55836 8 1 0
24554 55836 9 1 0
24554 55836 10 1 0
!sus 440 27064 3 7 12 attackers:27064;victims:440;type:1;valid_origin:True;recurrent:True;local:False
440 27064 1 7 5
440 27064 2 3 9
440 27064 3 0 12
440 27064 4 0 12
440 27064 5 11 1
440 27064 6 0 12
440 27064 7 0 12
440 27064 8 0 12
440 27064 9 11 1
440 27064 10 0 12
!sus 35619 213188 5 5 129 attackers:35619;victims:213188;type:1;valid_origin:True;recurrent:True;local:False
35619 213188 1 23 106
35619 213188 2 26 103
35619 213188 3 28 101
35619 213188 4 39 90
35619 213188 5 96 33
35619 213188 6 41 88
35619 213188 7 124 5
35619 213188 8 129 0
35619 213188 9 129 0
35619 213188 10 129 0
!sus 5713 328947 9 1 18 attackers:5713;victims:328947;type:1;valid_origin:True;recurrent:True;local:False
5713 328947 1 3 15
5713 328947 2 13 5
5713 328947 3 15 3
5713 328947 4 17 1
5713 328947 5 17 1
5713 328947 6 17 1
5713 328947 7 17 1
5713 328947 8 17 1
5713 328947 9 17 1
5713 328947 10 17 1
!sus 1 135227 0 10 8 attackers:135227;victims:1;type:1;valid_origin:True;recurrent:True;local:False
1 135227 1 0 8
1 135227 2 0 8
1 135227 3 0 8
1 135227 4 0 8
1 135227 5 0 8
1 135227 6 0 8
1 135227 7 0 8
1 135227 8 0 8
1 135227 9 0 8
1 135227 10 0 8
!sus 39122 213128 2 8 16 attackers:39122;victims:213128;type:1;valid_origin:True;recurrent:True;local:False
39122 213128 1 7 9
39122 213128 2 0 16
39122 213128 3 2 14
39122 213128 4 9 7
39122 213128 5 5 11
39122 213128 6 9 7
39122 213128 7 7 9
39122 213128 8 1 15
39122 213128 9 0 16
39122 213128 10 8 8
!leg 3549 395877 10 0 1 attackers:3549;victims:395877;type:1;valid_origin:True;recurrent:False;local:False
3549 395877 1 1 0
3549 395877 2 1 0
3549 395877 3 1 0
3549 395877 4 1 0
3549 395877 5 1 0
3549 395877 6 1 0
3549 395877 7 1 0
3549 395877 8 1 0
3549 395877 9 1 0
3549 395877 10 1 0
!sus 1002 147297 0 10 21 attackers:1002;victims:147297;type:1;valid_origin:True;recurrent:True;local:False
1002 147297 1 0 21
1002 147297 2 0 21
1002 147297 3 0 21
1002 147297 4 0 21
1002 147297 5 0 21
1002 147297 6 0 21
1002 147297 7 0 21
1002 147297 8 0 21
1002 147297 9 1 20
1002 147297 10 1 20
!sus 9157 42548 2 8 9 attackers:42548;victims:9157;type:1;valid_origin:True;recurrent:True;local:False
9157 42548 1 0 9
9157 42548 2 2 7
9157 42548 3 0 9
9157 42548 4 7 2
9157 42548 5 6 3
9157 42548 6 0 9
9157 42548 7 0 9
9157 42548 8 0 9
9157 42548 9 1 8
9157 42548 10 0 9
!leg 39582 56665 10 0 1 attackers:56665;victims:39582;type:1;valid_origin:True;recurrent:False;local:True
39582 56665 1 1 0
39582 56665 2 1 0
39582 56665 3 1 0
39582 56665 4 1 0
39582 56665 5 1 0
39582 56665 6 1 0
39582 56665 7 1 0
39582 56665 8 1 0
39582 56665 9 1 0
39582 56665 10 1 0
!sus 263421 267573 0 10 56 attackers:267573;victims:263421;type:1;valid_origin:True;recurrent:True;local:False
263421 267573 1 1 55
263421 267573 2 1 55
263421 267573 3 1 55
263421 267573 4 2 54
263421 267573 5 1 55
263421 267573 6 1 55
263421 267573 7 2 54
263421 267573 8 2 54
263421 267573 9 3 53
263421 267573 10 2 54
!sus 39120 268434 8 2 1 attackers:39120;victims:268434;type:1;valid_origin:True;recurrent:False;local:True
39120 268434 1 0 1
39120 268434 2 0 1
39120 268434 3 1 0
39120 268434 4 1 0
39120 268434 5 1 0
39120 268434 6 1 0
39120 268434 7 1 0
39120 268434 8 1 0
39120 268434 9 1 0
39120 268434 10 1 0
!sus 267484 267573 0 10 70 attackers:267573;victims:267484;type:1;valid_origin:True;recurrent:True;local:False
267484 267573 1 0 70
267484 267573 2 0 70
267484 267573 3 1 69
267484 267573 4 2 68
267484 267573 5 1 69
267484 267573 6 3 67
267484 267573 7 7 63
267484 267573 8 2 68
267484 267573 9 9 61
267484 267573 10 5 65
!sus 3 37020 0 10 68 attackers:3;victims:37020;type:1;valid_origin:True;recurrent:True;local:False
3 37020 1 0 68
3 37020 2 0 68
3 37020 3 0 68
3 37020 4 0 68
3 37020 5 0 68
3 37020 6 0 68
3 37020 7 0 68
3 37020 8 0 68
3 37020 9 0 68
3 37020 10 0 68
!sus 16509 45899 7 3 44 attackers:45899;victims:16509;type:1;valid_origin:True;recurrent:True;local:False
16509 45899 1 0 44
16509 45899 2 6 38
16509 45899 3 7 37
16509 45899 4 31 13
16509 45899 5 30 14
16509 45899 6 38 6
16509 45899 7 39 5
16509 45899 8 39 5
16509 45899 9 40 4
16509 45899 10 38 6
!sus 6793 20542 8 2 13 attackers:6793;victims:20542;type:1;valid_origin:False;recurrent:True;local:False
6793 20542 1 10 3
6793 20542 2 13 0
6793 20542 3 7 6
6793 20542 4 13 0
6793 20542 5 12 1
6793 20542 6 9 4
6793 20542 7 0 13
6793 20542 8 0 13
6793 20542 9 13 0
6793 20542 10 8 5
!leg 264556 265017 10 0 1 attackers:264556;victims:265017;type:1;valid_origin:True;recurrent:False;local:False
264556 265017 1 1 0
264556 265017 2 1 0
264556 265017 3 1 0
264556 265017 4 1 0
264556 265017 5 1 0
264556 265017 6 1 0
264556 265017 7 1 0
264556 265017 8 1 0
264556 265017 9 1 0
264556 265017 10 1 0
!leg 51185 265017 10 0 1 attackers:51185;victims:265017;type:1;valid_origin:True;recurrent:True;local:True
51185 265017 1 1 0
51185 265017 2 1 0
51185 265017 3 1 0
51185 265017 4 1 0
51185 265017 5 1 0
51185 265017 6 1 0
51185 265017 7 1 0
51185 265017 8 1 0
51185 265017 9 1 0
51185 265017 10 1 0
!sus 7018 400553 6 4 12 attackers:7018;victims:400553;type:1;valid_origin:True;recurrent:True;local:False
7018 400553 1 0 12
7018 400553 2 10 2
7018 400553 3 1 11
7018 400553 4 12 0
7018 400553 5 9 3
7018 400553 6 7 5
7018 400553 7 3 9
7018 400553 8 1 11
7018 400553 9 10 2
7018 400553 10 9 3
!sus 47158 142158 0 10 432 attackers:47158;victims:142158;type:1;valid_origin:True;recurrent:True;local:False
47158 142158 1 3 429
47158 142158 2 5 427
47158 142158 3 9 423
47158 142158 4 18 414
47158 142158 5 19 413
47158 142158 6 28 404
47158 142158 7 15 417
47158 142158 8 29 403
47158 142158 9 46 386
47158 142158 10 36 396
!sus 26415 396644 9 1 4 attackers:26415;victims:396644;type:1;valid_origin:True;recurrent:True;local:False
26415 396644 1 4 0
26415 396644 2 3 1
26415 396644 3 3 1
26415 396644 4 3 1
26415 396644 5 3 1
26415 396644 6 4 0
26415 396644 7 3 1
26415 396644 8 2 2
26415 396644 9 4 0
26415 396644 10 3 1
!sus 44570 203062 7 3 2 attackers:44570;victims:203062;type:1;valid_origin:True;recurrent:True;local:False
44570 203062 1 1 1
44570 203062 2 1 1
44570 203062 3 2 0
44570 203062 4 1 1
44570 203062 5 2 0
44570 203062 6 2 0
44570 203062 7 2 0
44570 203062 8 2 0
44570 203062 9 2 0
44570 203062 10 2 0
!sus 10089 139057 9 1 40 attackers:10089;victims:139057;type:1;valid_origin:True;recurrent:True;local:False
10089 139057 1 13 27
10089 139057 2 37 3
10089 139057 3 40 0
10089 139057 4 40 0
10089 139057 5 40 0
10089 139057 6 40 0
10089 139057 7 40 0
10089 139057 8 40 0
10089 139057 9 40 0
10089 139057 10 40 0
!leg 835 38136 10 0 25 attackers:835;victims:38136;type:1;valid_origin:True;recurrent:True;local:False
835 38136 1 14 11
835 38136 2 19 6
835 38136 3 25 0
835 38136 4 25 0
835 38136 5 25 0
835 38136 6 25 0
835 38136 7 25 0
835 38136 8 25 0
835 38136 9 25 0
835 38136 10 25 0
!sus 1 270986 0 10 5 attackers:270986;victims:2;type:2;valid_origin:True;recurrent:True;local:False
1 270986 1 0 5
1 270986 2 0 5
1 270986 3 0 5
1 270986 4 1 4
1 270986 5 1 4
1 270986 6 1 4
1 270986 7 1 4
1 270986 8 1 4
1 270986 9 1 4
1 270986 10 1 4
!sus 38281 47158 0 10 428 attackers:47158;victims:38281;type:1;valid_origin:True;recurrent:True;local:False
38281 47158 1 3 425
38281 47158 2 3 425
38281 47158 3 3 425
38281 47158 4 3 425
38281 47158 5 3 425
38281 47158 6 4 424
38281 47158 7 4 424
38281 47158 8 4 424
38281 47158 9 3 425
38281 47158 10 4 424
!leg 49544 60823 10 0 3 attackers:60823;victims:400554;type:2;valid_origin:True;recurrent:False;local:False
49544 60823 1 2 1
49544 60823 2 2 1
49544 60823 3 2 1
49544 60823 4 2 1
49544 60823 5 3 0
49544 60823 6 3 0
49544 60823 7 3 0
49544 60823 8 3 0
49544 60823 9 3 0
49544 60823 10 3 0
!sus 23352 396356 8 2 21 attackers:23352;victims:396356;type:1;valid_origin:True;recurrent:True;local:False
23352 396356 1 9 12
23352 396356 2 9 12
23352 396356 3 20 1
23352 396356 4 21 0
23352 396356 5 21 0
23352 396356 6 21 0
23352 396356 7 21 0
23352 396356 8 21 0
23352 396356 9 21 0
23352 396356 10 21 0
!sus 396930 398031 9 1 17 attackers:396930;victims:398031;type:1;valid_origin:True;recurrent:True;local:False
396930 398031 1 10 7
396930 398031 2 12 5
396930 398031 3 6 11
396930 398031 4 10 7
396930 398031 5 17 0
396930 398031 6 13 4
396930 398031 7 11 6
396930 398031 8 14 3
396930 398031 9 16 1
396930 398031 10 9 8
!leg 17451 149411 10 0 98 attackers:17451;victims:149411;type:1;valid_origin:True;recurrent:False;local:False
17451 149411 1 98 0
17451 149411 2 98 0
17451 149411 3 98 0
17451 149411 4 98 0
17451 149411 5 98 0
17451 149411 6 98 0
17451 149411 7 98 0
17451 149411 8 98 0
17451 149411 9 98 0
17451 149411 10 98 0
!sus 993 398296 0 10 11 attackers:398296;victims:993;type:1;valid_origin:True;recurrent:True;local:False
993 398296 1 0 11
993 398296 2 0 11
993 398296 3 0 11
993 398296 4 0 11
993 398296 5 0 11
993 398296 6 0 11
993 398296 7 0 11
993 398296 8 0 11
993 398296 9 0 11
993 398296 10 0 11
!leg 61568 272529 10 0 1 attackers:61568;victims:265359;type:2;valid_origin:True;recurrent:False;local:True
61568 272529 1 1 0
61568 272529 2 1 0
61568 272529 3 1 0
61568 272529 4 1 0
61568 272529 5 1 0
61568 272529 6 1 0
61568 272529 7 1 0
61568 272529 8 1 0
61568 272529 9 1 0
61568 272529 10 1 0
!sus 39120 206961 7 3 20 attackers:39120;victims:206961;type:1;valid_origin:True;recurrent:True;local:False
39120 206961 1 0 20
39120 206961 2 0 20
39120 206961 3 0 20
39120 206961 4 13 7
39120 206961 5 14 6
39120 206961 6 14 6
39120 206961 7 14 6
39120 206961 8 14 6
39120 206961 9 14 6
39120 206961 10 14 6
!leg 10214 58941 10 0 1 attackers:58941;victims:10214;type:1;valid_origin:True;recurrent:False;local:False
10214 58941 1 1 0
10214 58941 2 1 0
10214 58941 3 1 0
10214 58941 4 1 0
10214 58941 5 1 0
10214 58941 6 1 0
10214 58941 7 1 0
10214 58941 8 1 0
10214 58941 9 1 0
10214 58941 10 1 0
!sus 7018 393901 6 4 12 attackers:7018;victims:393901;type:1;valid_origin:True;recurrent:True;local:False
7018 393901 1 0 12
7018 393901 2 10 2
7018 393901 3 1 11
7018 393901 4 12 0
7018 393901 5 9 3
7018 393901 6 8 4
7018 393901 7 3 9
7018 393901 8 1 11
7018 393901 9 10 2
7018 393901 10 9 3
!sus 47158 134478 0 10 110 attackers:47158;victims:134478;type:1;valid_origin:True;recurrent:True;local:False
47158 134478 1 3 107
47158 134478 2 4 106
47158 134478 3 4 106
47158 134478 4 4 106
47158 134478 5 4 106
47158 134478 6 4 106
47158 134478 7 5 105
47158 134478 8 4 106
47158 134478 9 5 105
47158 134478 10 5 105
!sus 149085 149104 0 10 19 attackers:149085;victims:149104;type:1;valid_origin:True;recurrent:True;local:False
149085 149104 1 0 19
149085 149104 2 0 19
149085 149104 3 0 19
149085 149104 4 0 19
149085 149104 5 0 19
149085 149104 6 0 19
149085 149104 7 0 19
149085 149104 8 0 19
149085 149104 9 0 19
149085 149104 10 0 19
!sus 141590 149950 7 3 15 attackers:141590;victims:149950;type:1;valid_origin:True;recurrent:True;local:False
141590 149950 1 6 9
141590 149950 2 14 1
141590 149950 3 10 5
141590 149950 4 14 1
141590 149950 5 15 0
141590 149950 6 10 5
141590 149950 7 0 15
141590 149950 8 5 10
141590 149950 9 15 0
141590 149950 10 12 3
!leg 264556 269595 10 0 1 attackers:264556;victims:267035;type:2;valid_origin:True;recurrent:False;local:False
264556 269595 1 1 0
264556 269595 2 1 0
264556 269595 3 1 0
264556 269595 4 1 0
264556 269595 5 1 0
264556 269595 6 1 0
264556 269595 7 1 0
264556 269595 8 1 0
264556 269595 9 1 0
264556 269595 10 1 0
!leg 3214 205121 10 0 1 attackers:3214;victims:205121;type:1;valid_origin:True;recurrent:False;local:True
3214 205121 1 1 0
3214 205121 2 1 0
3214 205121 3 1 0
3214 205121 4 1 0
3214 205121 5 1 0
3214 205121 6 1 0
3214 205121 7 1 0
3214 205121 8 1 0
3214 205121 9 1 0
3214 205121 10 1 0
!sus 38553 149170 6 4 16 attackers:38553;victims:149170;type:1;valid_origin:True;recurrent:True;local:False
38553 149170 1 0 16
38553 149170 2 0 16
38553 149170 3 0 16
38553 149170 4 3 13
38553 149170 5 14 2
38553 149170 6 16 0
38553 149170 7 16 0
38553 149170 8 16 0
38553 149170 9 16 0
38553 149170 10 16 0
!sus 50058 54681 0 10 75 attackers:50058;victims:54681;type:1;valid_origin:True;recurrent:True;local:False
50058 54681 1 0 75
50058 54681 2 0 75
50058 54681 3 0 75
50058 54681 4 0 75
50058 54681 5 0 75
50058 54681 6 0 75
50058 54681 7 0 75
50058 54681 8 0 75
50058 54681 9 1 74
50058 54681 10 0 75
!sus 56893 210471 5 5 19 attackers:56893;victims:210471;type:1;valid_origin:True;recurrent:True;local:False
56893 210471 1 2 17
56893 210471 2 19 0
56893 210471 3 13 6
56893 210471 4 18 1
56893 210471 5 17 2
56893 210471 6 1 18
56893 210471 7 0 19
56893 210471 8 0 19
56893 210471 9 18 1
56893 210471 10 2 17
!sus 58453 329101 8 2 1 attackers:58453;victims:329101;type:1;valid_origin:True;recurrent:True;local:False
58453 329101 1 0 1
58453 329101 2 0 1
58453 329101 3 1 0
58453 329101 4 1 0
58453 329101 5 1 0
58453 329101 6 1 0
58453 329101 7 1 0
58453 329101 8 1 0
58453 329101 9 1 0
58453 329101 10 1 0
!sus 4 268196 0 10 112 attackers:268196;victims:4;type:1;valid_origin:True;recurrent:True;local:False
4 268196 1 1 111
4 268196 2 1 111
4 268196 3 1 111
4 268196 4 1 111
4 268196 5 1 111
4 268196 6 2 110
4 268196 7 1 111
4 268196 8 2 110
4 268196 9 1 111
4 268196 10 1 111
!sus 50058 203636 0 10 4 attackers:50058;victims:203636;type:1;valid_origin:True;recurrent:True;local:False
50058 203636 1 0 4
50058 203636 2 0 4
50058 203636 3 0 4
50058 203636 4 0 4
50058 203636 5 0 4
50058 203636 6 0 4
50058 203636 7 0 4
50058 203636 8 0 4
50058 203636 9 0 4
50058 203636 10 0 4
!sus 13559 203314 8 2 17 attackers:13559;victims:203314;type:1;valid_origin:True;recurrent:True;local:False
13559 203314 1 0 17
13559 203314 2 2 15
13559 203314 3 17 0
13559 203314 4 17 0
13559 203314 5 17 0
13559 203314 6 17 0
13559 203314 7 17 0
13559 203314 8 17 0
13559 203314 9 17 0
13559 203314 10 17 0
!sus 47158 142553 9 1 4 attackers:47158;victims:142553;type:1;valid_origin:True;recurrent:True;local:False
47158 142553 1 0 4
47158 142553 2 4 0
47158 142553 3 4 0
47158 142553 4 4 0
47158 142553 5 4 0
47158 142553 6 4 0
47158 142553 7 4 0
47158 142553 8 4 0
47158 142553 9 4 0
47158 142553 10 4 0
!leg 20495 50916 10 0 1 attackers:20495;victims:50916;type:1;valid_origin:True;recurrent:False;local:False
20495 50916 1 1 0
20495 50916 2 1 0
20495 50916 3 1 0
20495 50916 4 1 0
20495 50916 5 1 0
20495 50916 6 1 0
20495 50916 7 1 0
20495 50916 8 1 0
20495 50916 9 1 0
20495 50916 10 1 0
!sus 50058 212294 0 10 20 attackers:50058;victims:212294;type:1;valid_origin:True;recurrent:True;local:False
50058 212294 1 0 20
50058 212294 2 0 20
50058 212294 3 0 20
50058 212294 4 0 20
50058 212294 5 0 20
50058 212294 6 0 20
50058 212294 7 0 20
50058 212294 8 0 20
50058 212294 9 0 20
50058 212294 10 0 20
!sus 50058 204374 5 5 45 attackers:50058;victims:204374;type:1;valid_origin:True;recurrent:True;local:False
50058 204374 1 0 45
50058 204374 2 0 45
50058 204374 3 0 45
50058 204374 4 3 42
50058 204374 5 16 29
50058 204374 6 42 3
50058 204374 7 43 2
50058 204374 8 42 3
50058 204374 9 33 12
50058 204374 10 43 2
!leg 8309 50903 10 0 1 attackers:8309;victims:208506;type:3;valid_origin:True;recurrent:False;local:False
8309 50903 1 1 0
8309 50903 2 1 0
8309 50903 3 1 0
8309 50903 4 1 0
8309 50903 5 1 0
8309 50903 6 1 0
8309 50903 7 1 0
8309 50903 8 1 0
8309 50903 9 1 0
8309 50903 10 1 0
!sus 7600 36351 0 10 1 attackers:7600;victims:36351;type:1;valid_origin:True;recurrent:True;local:False
7600 36351 1 0 1
7600 36351 2 0 1
7600 36351 3 0 1
7600 36351 4 0 1
7600 36351 5 0 1
7600 36351 6 0 1
7600 36351 7 0 1
7600 36351 8 0 1
7600 36351 9 0 1
7600 36351 10 0 1
!leg 271253 398698 10 0 3 attackers:398698;victims:271416,267538;type:3,4;valid_origin:True;recurrent:False;local:False
271253 398698 1 3 0
271253 398698 2 3 0
271253 398698 3 3 0
271253 398698 4 3 0
271253 398698 5 3 0
271253 398698 6 3 0
271253 398698 7 3 0
271253 398698 8 3 0
271253 398698 9 3 0
271253 398698 10 3 0
!sus 50058 210445 9 1 3 attackers:50058;victims:210445;type:1;valid_origin:True;recurrent:True;local:False
50058 210445 1 0 3
50058 210445 2 3 0
50058 210445 3 3 0
50058 210445 4 3 0
50058 210445 5 3 0
50058 210445 6 3 0
50058 210445 7 3 0
50058 210445 8 3 0
50058 210445 9 3 0
50058 210445 10 3 0
!sus 50073 202388 0 10 15 attackers:50073;victims:202388;type:1;valid_origin:True;recurrent:True;local:False
50073 202388 1 7 8
50073 202388 2 7 8
50073 202388 3 7 8
50073 202388 4 7 8
50073 202388 5 7 8
50073 202388 6 7 8
50073 202388 7 7 8
50073 202388 8 7 8
50073 202388 9 7 8
50073 202388 10 7 8
!sus 134413 139317 0 10 20 attackers:139317;victims:134413;type:1;valid_origin:True;recurrent:True;local:False
134413 139317 1 2 18
134413 139317 2 2 18
134413 139317 3 2 18
134413 139317 4 2 18
134413 139317 5 2 18
134413 139317 6 2 18
134413 139317 7 2 18
134413 139317 8 2 18
134413 139317 9 2 18
134413 139317 10 2 18
!sus 201380 204743 0 10 17 attackers:204743;victims:201380;type:1;valid_origin:True;recurrent:True;local:False
201380 204743 1 0 17
201380 204743 2 0 17
201380 204743 3 0 17
201380 204743 4 0 17
201380 204743 5 0 17
201380 204743 6 0 17
201380 204743 7 0 17
201380 204743 8 0 17
201380 204743 9 0 17
201380 204743 10 0 17
!sus 60171 328760 8 2 9 attackers:60171;victims:328760;type:1;valid_origin:True;recurrent:True;local:False
60171 328760 1 0 9
60171 328760 2 0 9
60171 328760 3 9 0
60171 328760 4 9 0
60171 328760 5 9 0
60171 328760 6 9 0
60171 328760 7 9 0
60171 328760 8 9 0
60171 328760 9 9 0
60171 328760 10 9 0
!sus 8772 202572 8 2 29 attackers:8772;victims:202572;type:1;valid_origin:True;recurrent:False;local:False
8772 202572 1 1 28
8772 202572 2 18 11
8772 202572 3 11 18
8772 202572 4 19 10
8772 202572 5 29 0
8772 202572 6 29 0
8772 202572 7 29 0
8772 202572 8 29 0
8772 202572 9 29 0
8772 202572 10 29 0
!sus 50058 203199 0 10 125 attackers:50058;victims:203199;type:1;valid_origin:True;recurrent:True;local:False
50058 203199 1 0 125
50058 203199 2 0 125
50058 203199 3 0 125
50058 203199 4 0 125
50058 203199 5 0 125
50058 203199 6 0 125
50058 203199 7 0 125
50058 203199 8 0 125
50058 203199 9 0 125
50058 203199 10 0 125
!sus 54825 213163 7 3 29 attackers:54825;victims:213163;type:1;valid_origin:True;recurrent:True;local:False
54825 213163 1 6 23
54825 213163 2 7 22
54825 213163 3 13 16
54825 213163 4 16 13
54825 213163 5 16 13
54825 213163 6 29 0
54825 213163 7 29 0
54825 213163 8 29 0
54825 213163 9 29 0
54825 213163 10 29 0
!sus 1140 22381 0 10 1 attackers:1140;victims:22381;type:1;valid_origin:True;recurrent:True;local:True
1140 22381 1 0 1
1140 22381 2 0 1
1140 22381 3 0 1
1140 22381 4 0 1
1140 22381 5 0 1
1140 22381 6 0 1
1140 22381 7 0 1
1140 22381 8 0 1
1140 22381 9 0 1
1140 22381 10 0 1
!sus 27330 54825 0 10 2 attackers:27330;victims:54825;type:1;valid_origin:True;recurrent:True;local:False
27330 54825 1 0 2
27330 54825 2 0 2
27330 54825 3 0 2
27330 54825 4 0 2
27330 54825 5 0 2
27330 54825 6 0 2
27330 54825 7 0 2
27330 54825 8 0 2
27330 54825 9 0 2
27330 54825 10 0 2
!sus 45474 58715 0 10 62 attackers:45474;victims:58715;type:1;valid_origin:True;recurrent:False;local:False
45474 58715 1 0 62
45474 58715 2 1 61
45474 58715 3 4 58
45474 58715 4 5 57
45474 58715 5 6 56
45474 58715 6 6 56
45474 58715 7 6 56
45474 58715 8 6 56
45474 58715 9 6 56
45474 58715 10 7 55
!sus 14061 148968 6 4 1 attackers:148968;victims:14061;type:1;valid_origin:True;recurrent:True;local:True
14061 148968 1 0 1
14061 148968 2 0 1
14061 148968 3 0 1
14061 148968 4 0 1
14061 148968 5 1 0
14061 148968 6 1 0
14061 148968 7 1 0
14061 148968 8 1 0
14061 148968 9 1 0
14061 148968 10 1 0
!leg 26415 396666 10 0 1 attackers:26415;victims:396666;type:1;valid_origin:False;recurrent:True;local:False
26415 396666 1 1 0
26415 396666 2 1 0
26415 396666 3 1 0
26415 396666 4 1 0
26415 396666 5 1 0
26415 396666 6 1 0
26415 396666 7 1 0
26415 396666 8 1 0
26415 396666 9 1 0
26415 396666 10 1 0
!sus 13335 48728 9 1 31 attackers:48728;victims:13335;type:1;valid_origin:True;recurrent:True;local:False
13335 48728 1 16 15
13335 48728 2 15 16
13335 48728 3 17 14
13335 48728 4 27 4
13335 48728 5 29 2
13335 48728 6 30 1
13335 48728 7 28 3
13335 48728 8 31 0
13335 48728 9 31 0
13335 48728 10 31 0
!sus 1003 44103 7 3 22 attackers:44103;victims:1003;type:1;valid_origin:True;recurrent:True;local:False
1003 44103 1 6 16
1003 44103 2 7 15
1003 44103 3 10 12
1003 44103 4 21 1
1003 44103 5 22 0
1003 44103 6 22 0
1003 44103 7 22 0
1003 44103 8 14 8
1003 44103 9 22 0
1003 44103 10 22 0
!sus 910 7018 0 10 19 attackers:7018;victims:910;type:1;valid_origin:True;recurrent:True;local:False
910 7018 1 0 19
910 7018 2 7 12
910 7018 3 1 18
910 7018 4 0 19
910 7018 5 4 15
910 7018 6 0 19
910 7018 7 0 19
910 7018 8 0 19
910 7018 9 0 19
910 7018 10 0 19
!sus 38734 63744 5 5 12 attackers:38734;victims:63744;type:1;valid_origin:True;recurrent:True;local:False
38734 63744 1 4 8
38734 63744 2 11 1
38734 63744 3 8 4
38734 63744 4 11 1
38734 63744 5 12 0
38734 63744 6 6 6
38734 63744 7 0 12
38734 63744 8 5 7
38734 63744 9 12 0
38734 63744 10 4 8
!sus 266168 272689 1 9 44 attackers:266168;victims:272689;type:1;valid_origin:True;recurrent:True;local:False
266168 272689 1 38 6
266168 272689 2 5 39
266168 272689 3 0 44
266168 272689 4 0 44
266168 272689 5 1 43
266168 272689 6 0 44
266168 272689 7 0 44
266168 272689 8 0 44
266168 272689 9 0 44
266168 272689 10 0 44
!leg 57695 329098 10 0 1 attackers:57695;victims:329098;type:1;valid_origin:True;recurrent:False;local:True
57695 329098 1 1 0
57695 329098 2 1 0
57695 329098 3 1 0
57695 329098 4 1 0
57695 329098 5 1 0
57695 329098 6 1 0
57695 329098 7 1 0
57695 329098 8 1 0
57695 329098 9 1 0
57695 329098 10 1 0
!sus 48252 204902 1 9 13 attackers:204902,48252;victims:204902,393894;type:1,2;valid_origin:True;recurrent:True;local:False
48252 204902 1 0 13
48252 204902 2 0 13
48252 204902 3 0 13
48252 204902 4 0 13
48252 204902 5 2 11
48252 204902 6 0 13
48252 204902 7 0 13
48252 204902 8 0 13
48252 204902 9 12 1
48252 204902 10 0 13
!leg 56665 329098 10 0 1 attackers:56665;victims:329098;type:1;valid_origin:True;recurrent:False;local:True
56665 329098 1 1 0
56665 329098 2 1 0
56665 329098 3 1 0
56665 329098 4 1 0
56665 329098 5 1 0
56665 329098 6 1 0
56665 329098 7 1 0
56665 329098 8 1 0
56665 329098 9 1 0
56665 329098 10 1 0
!leg 262973 264197 10 0 30 attackers:262973;victims:264197;type:1;valid_origin:True;recurrent:False;local:False
262973 264197 1 30 0
262973 264197 2 30 0
262973 264197 3 30 0
262973 264197 4 30 0
262973 264197 5 30 0
262973 264197 6 30 0
262973 264197 7 30 0
262973 264197 8 30 0
262973 264197 9 30 0
262973 264197 10 30 0
!sus 5511 57050 5 5 4 attackers:5511;victims:57050,48878;type:1,2;valid_origin:True;recurrent:True;local:False
5511 57050 1 2 2
5511 57050 2 2 2
5511 57050 3 2 2
5511 57050 4 2 2
5511 57050 5 3 1
5511 57050 6 2 2
5511 57050 7 3 1
5511 57050 8 3 1
5511 57050 9 3 1
5511 57050 10 3 1
!sus 57695 203314 5 5 131 attackers:57695;victims:203314;type:1;valid_origin:True;recurrent:True;local:False
57695 203314 1 0 131
57695 203314 2 2 129
57695 203314 3 2 129
57695 203314 4 3 128
57695 203314 5 3 128
57695 203314 6 99 32
57695 203314 7 99 32
57695 203314 8 107 24
57695 203314 9 100 31
57695 203314 10 98 33
!sus 5617 34058 7 3 18 attackers:5617;victims:34058;type:1;valid_origin:True;recurrent:True;local:False
5617 34058 1 0 18
5617 34058 2 6 12
5617 34058 3 7 11
5617 34058 4 16 2
5617 34058 5 17 1
5617 34058 6 18 0
5617 34058 7 18 0
5617 34058 8 18 0
5617 34058 9 18 0
5617 34058 10 18 0
!sus 21326 60410 1 9 17 attackers:21326;victims:60410;type:1;valid_origin:True;recurrent:True;local:False
21326 60410 1 0 17
21326 60410 2 0 17
21326 60410 3 0 17
21326 60410 4 0 17
21326 60410 5 0 17
21326 60410 6 0 17
21326 60410 7 0 17
21326 60410 8 0 17
21326 60410 9 0 17
21326 60410 10 12 5
!sus 44570 212294 7 3 16 attackers:44570;victims:212294;type:1;valid_origin:True;recurrent:True;local:False
44570 212294 1 0 16
44570 212294 2 1 15
44570 212294 3 1 15
44570 212294 4 16 0
44570 212294 5 13 3
44570 212294 6 16 0
44570 212294 7 16 0
44570 212294 8 16 0
44570 212294 9 16 0
44570 212294 10 16 0
!sus 7303 199524 0 10 30 attackers:7303;victims:199524;type:1;valid_origin:True;recurrent:True;local:False
7303 199524 1 0 30
7303 199524 2 0 30
7303 199524 3 0 30
7303 199524 4 0 30
7303 199524 5 0 30
7303 199524 6 0 30
7303 199524 7 0 30
7303 199524 8 0 30
7303 199524 9 0 30
7303 199524 10 0 30
!sus 17676 49544 9 1 1 attackers:17676;victims:400554;type:2;valid_origin:True;recurrent:True;local:False
17676 49544 1 0 1
17676 49544 2 1 0
17676 49544 3 1 0
17676 49544 4 1 0
17676 49544 5 1 0
17676 49544 6 1 0
17676 49544 7 1 0
17676 49544 8 1 0
17676 49544 9 1 0
17676 49544 10 1 0
!leg 5606 60823 10 0 1 attackers:60823;victims:206654;type:4;valid_origin:True;recurrent:False;local:False
5606 60823 1 1 0
5606 60823 2 1 0
5606 60823 3 1 0
5606 60823 4 1 0
5606 60823 5 1 0
5606 60823 6 1 0
5606 60823 7 1 0
5606 60823 8 1 0
5606 60823 9 1 0
5606 60823 10 1 0
!sus 52871 267573 0 10 57 attackers:267573;victims:52871;type:1;valid_origin:True;recurrent:True;local:False
52871 267573 1 0 57
52871 267573 2 0 57
52871 267573 3 0 57
52871 267573 4 3 54
52871 267573 5 2 55
52871 267573 6 7 50
52871 267573 7 10 47
52871 267573 8 9 48
52871 267573 9 9 48
52871 267573 10 10 47
!sus 38732 140829 6 4 10 attackers:38732;victims:140829;type:1;valid_origin:True;recurrent:True;local:False
38732 140829 1 2 8
38732 140829 2 10 0
38732 140829 3 6 4
38732 140829 4 10 0
38732 140829 5 10 0
38732 140829 6 7 3
38732 140829 7 0 10
38732 140829 8 1 9
38732 140829 9 10 0
38732 140829 10 3 7
!sus 47158 212483 9 1 4 attackers:47158;victims:212483;type:1;valid_origin:True;recurrent:True;local:False
47158 212483 1 0 4
47158 212483 2 3 1
47158 212483 3 4 0
47158 212483 4 4 0
47158 212483 5 4 0
47158 212483 6 4 0
47158 212483 7 4 0
47158 212483 8 4 0
47158 212483 9 4 0
47158 212483 10 4 0
!sus 133799 141896 0 10 43 attackers:141896;victims:133799;type:1;valid_origin:True;recurrent:False;local:False
133799 141896 1 9 34
133799 141896 2 9 34
133799 141896 3 9 34
133799 141896 4 9 34
133799 141896 5 9 34
133799 141896 6 9 34
133799 141896 7 9 34
133799 141896 8 9 34
133799 141896 9 9 34
133799 141896 10 9 34
!sus 203442 203790 1 9 31 attackers:203790;victims:203442;type:1;valid_origin:True;recurrent:True;local:False
203442 203790 1 0 31
203442 203790 2 0 31
203442 203790 3 0 31
203442 203790 4 3 28
203442 203790 5 27 4
203442 203790 6 0 31
203442 203790 7 0 31
203442 203790 8 0 31
203442 203790 9 12 19
203442 203790 10 0 31
!sus 37282 45489 7 3 11 attackers:45489;victims:13335;type:2;valid_origin:True;recurrent:True;local:False
37282 45489 1 0 11
37282 45489 2 2 9
37282 45489 3 5 6
37282 45489 4 10 1
37282 45489 5 10 1
37282 45489 6 11 0
37282 45489 7 11 0
37282 45489 8 11 0
37282 45489 9 11 0
37282 45489 10 11 0
!sus 8732 25478 0 10 173 attackers:25478;victims:62459,203498,24832,15672,49342,44555,39191,47278,56954,212199,208357,205983,200489,25251,199809,197896,31514,44300,50228,199593,50126,48476,42819,58097,52099,49373,196963,58258,8901,51659,51410,199735,198372,48922,15850,2895,50687,209228,60827,58024,12695,50553,49381,20483,50636,203456,198643,35824,49925,39350,43410,207636,48128,31462,48209,49050,42861,197858,57573,61372,44362,205153,41802,15582,57139,209751,50045,62286,34687,21231,2587,9068,209476,43798,202674,56777,200524,20826,56705,43287,20549;type:2,3,4,5;valid_origin:True;recurrent:True;local:False
8732 25478 1 41 132
8732 25478 2 43 130
8732 25478 3 43 130
8732 25478 4 43 130
8732 25478 5 43 130
8732 25478 6 51 122
8732 25478 7 59 114
8732 25478 8 59 114
8732 25478 9 64 109
8732 25478 10 61 112
!sus 44570 203199 4 6 705 attackers:44570;victims:203199;type:1;valid_origin:True;recurrent:True;local:False
44570 203199 1 21 684
44570 203199 2 34 671
44570 203199 3 241 464
44570 203199 4 142 563
44570 203199 5 544 161
44570 203199 6 326 379
44570 203199 7 346 359
44570 203199 8 527 178
44570 203199 9 548 157
44570 203199 10 586 119
!sus 21859 35819 0 10 30 attackers:35819;victims:21859;type:1;valid_origin:True;recurrent:True;local:False
21859 35819 1 0 30
21859 35819 2 0 30
21859 35819 3 0 30
21859 35819 4 0 30
21859 35819 5 0 30
21859 35819 6 0 30
21859 35819 7 0 30
21859 35819 8 0 30
21859 35819 9 0 30
21859 35819 10 0 30
!sus 60326 213316 9 1 1 attackers:60326;victims:213316;type:1;valid_origin:True;recurrent:False;local:True
60326 213316 1 0 1
60326 213316 2 1 0
60326 213316 3 1 0
60326 213316 4 1 0
60326 213316 5 1 0
60326 213316 6 1 0
60326 213316 7 1 0
60326 213316 8 1 0
60326 213316 9 1 0
60326 213316 10 1 0
!sus 269909 272820 0 10 32 attackers:269909;victims:272820;type:1;valid_origin:True;recurrent:True;local:False
269909 272820 1 0 32
269909 272820 2 0 32
269909 272820 3 0 32
269909 272820 4 0 32
269909 272820 5 0 32
269909 272820 6 0 32
269909 272820 7 0 32
269909 272820 8 0 32
269909 272820 9 0 32
269909 272820 10 0 32
!leg 26415 396625 10 0 1 attackers:26415;victims:396625;type:1;valid_origin:False;recurrent:True;local:False
26415 396625 1 1 0
26415 396625 2 1 0
26415 396625 3 1 0
26415 396625 4 1 0
26415 396625 5 1 0
26415 396625 6 1 0
26415 396625 7 1 0
26415 396625 8 1 0
26415 396625 9 1 0
26415 396625 10 1 0
!sus 4842 142549 0 10 18 attackers:4842;victims:142549;type:1;valid_origin:True;recurrent:True;local:False
4842 142549 1 0 18
4842 142549 2 0 18
4842 142549 3 0 18
4842 142549 4 1 17
4842 142549 5 1 17
4842 142549 6 1 17
4842 142549 7 1 17
4842 142549 8 1 17
4842 142549 9 1 17
4842 142549 10 1 17
!leg 14995 400493 10 0 11 attackers:14995;victims:400493;type:1;valid_origin:True;recurrent:True;local:False
14995 400493 1 9 2
14995 400493 2 9 2
14995 400493 3 9 2
14995 400493 4 9 2
14995 400493 5 11 0
14995 400493 6 9 2
14995 400493 7 8 3
14995 400493 8 9 2
14995 400493 9 11 0
14995 400493 10 9 2
!sus 267474 267573 0 10 78 attackers:267573;victims:267474;type:1;valid_origin:True;recurrent:True;local:False
267474 267573 1 0 78
267474 267573 2 1 77
267474 267573 3 6 72
267474 267573 4 6 72
267474 267573 5 7 71
267474 267573 6 9 69
267474 267573 7 9 69
267474 267573 8 9 69
267474 267573 9 17 61
267474 267573 10 13 65
!sus 1299 200414 6 4 3 attackers:1299;victims:200414;type:1;valid_origin:True;recurrent:True;local:False
1299 200414 1 0 3
1299 200414 2 1 2
1299 200414 3 1 2
1299 200414 4 1 2
1299 200414 5 2 1
1299 200414 6 3 0
1299 200414 7 3 0
1299 200414 8 3 0
1299 200414 9 3 0
1299 200414 10 3 0
!sus 39120 204508 9 1 1 attackers:39120;victims:204508;type:1;valid_origin:True;recurrent:True;local:True
39120 204508 1 0 1
39120 204508 2 1 0
39120 204508 3 1 0
39120 204508 4 1 0
39120 204508 5 1 0
39120 204508 6 1 0
39120 204508 7 1 0
39120 204508 8 1 0
39120 204508 9 1 0
39120 204508 10 1 0
!sus 32787 148968 0 10 1 attackers:148968;victims:32787;type:1;valid_origin:True;recurrent:True;local:True
32787 148968 1 0 1
32787 148968 2 0 1
32787 148968 3 0 1
32787 148968 4 0 1
32787 148968 5 0 1
32787 148968 6 0 1
32787 148968 7 0 1
32787 148968 8 0 1
32787 148968 9 0 1
32787 148968 10 0 1
!sus 262828 267573 2 8 73 attackers:267573;victims:262828;type:1;valid_origin:True;recurrent:True;local:False
262828 267573 1 7 66
262828 267573 2 8 65
262828 267573 3 12 61
262828 267573 4 12 61
262828 267573 5 12 61
262828 267573 6 16 57
262828 267573 7 17 56
262828 267573 8 43 30
262828 267573 9 24 49
262828 267573 10 49 24
!sus 5511 205897 3 7 13 attackers:5511;victims:205897,328799;type:1,2;valid_origin:True;recurrent:True;local:False
5511 205897 1 1 12
5511 205897 2 3 10
5511 205897 3 3 10
5511 205897 4 5 8
5511 205897 5 6 7
5511 205897 6 6 7
5511 205897 7 7 6
5511 205897 8 6 7
5511 205897 9 8 5
5511 205897 10 7 6
!leg 51341 212895 10 0 1 attackers:212895;victims:51341;type:1;valid_origin:True;recurrent:False;local:False
51341 212895 1 1 0
51341 212895 2 1 0
51341 212895 3 1 0
51341 212895 4 1 0
51341 212895 5 1 0
51341 212895 6 1 0
51341 212895 7 1 0
51341 212895 8 1 0
51341 212895 9 1 0
51341 212895 10 1 0
!sus 9416 13335 9 1 24 attackers:9416;victims:13335;type:1;valid_origin:True;recurrent:True;local:False
9416 13335 1 5 19
9416 13335 2 15 9
9416 13335 3 20 4
9416 13335 4 20 4
9416 13335 5 24 0
9416 13335 6 24 0
9416 13335 7 24 0
9416 13335 8 24 0
9416 13335 9 24 0
9416 13335 10 24 0
!sus 917 60326 0 10 23 attackers:917;victims:60326;type:1;valid_origin:True;recurrent:True;local:False
917 60326 1 0 23
917 60326 2 0 23
917 60326 3 0 23
917 60326 4 0 23
917 60326 5 0 23
917 60326 6 0 23
917 60326 7 0 23
917 60326 8 0 23
917 60326 9 0 23
917 60326 10 0 23
!sus 17149 399642 0 10 41 attackers:17149;victims:399642,395916;type:1,2;valid_origin:True;recurrent:True;local:False
17149 399642 1 0 41
17149 399642 2 0 41
17149 399642 3 0 41
17149 399642 4 0 41
17149 399642 5 0 41
17149 399642 6 0 41
17149 399642 7 0 41
17149 399642 8 0 41
17149 399642 9 0 41
17149 399642 10 0 41
!sus 2116 62044 7 3 18 attackers:2116;victims:62044;type:1;valid_origin:True;recurrent:True;local:False
2116 62044 1 0 18
2116 62044 2 9 9
2116 62044 3 6 12
2116 62044 4 10 8
2116 62044 5 11 7
2116 62044 6 11 7
2116 62044 7 12 6
2116 62044 8 13 5
2116 62044 9 11 7
2116 62044 10 12 6
!sus 47869 56662 9 1 1 attackers:56662;victims:47869;type:1;valid_origin:True;recurrent:True;local:True
47869 56662 1 0 1
47869 56662 2 1 0
47869 56662 3 1 0
47869 56662 4 1 0
47869 56662 5 1 0
47869 56662 6 1 0
47869 56662 7 1 0
47869 56662 8 1 0
47869 56662 9 1 0
47869 56662 10 1 0
!sus 44570 212387 2 8 627 attackers:44570;victims:212387;type:1;valid_origin:True;recurrent:True;local:False
44570 212387 1 12 615
44570 212387 2 23 604
44570 212387 3 26 601
44570 212387 4 26 601
44570 212387 5 197 430
44570 212387 6 246 381
44570 212387 7 31 596
44570 212387 8 323 304
44570 212387 9 377 250
44570 212387 10 32 595
!sus 59788 208548 0 10 9 attackers:208548;victims:59788;type:1;valid_origin:True;recurrent:True;local:False
59788 208548 1 0 9
59788 208548 2 0 9
59788 208548 3 0 9
59788 208548 4 0 9
59788 208548 5 0 9
59788 208548 6 0 9
59788 208548 7 0 9
59788 208548 8 0 9
59788 208548 9 0 9
59788 208548 10 0 9
!sus 40264 398994 0 10 2 attackers:40264;victims:398994;type:1;valid_origin:True;recurrent:True;local:False
40264 398994 1 0 2
40264 398994 2 0 2
40264 398994 3 0 2
40264 398994 4 0 2
40264 398994 5 0 2
40264 398994 6 0 2
40264 398994 7 0 2
40264 398994 8 0 2
40264 398994 9 0 2
40264 398994 10 0 2
!sus 268976 270567 7 3 29 attackers:268976;victims:270567;type:1;valid_origin:True;recurrent:True;local:False
268976 270567 1 7 22
268976 270567 2 12 17
268976 270567 3 14 15
268976 270567 4 19 10
268976 270567 5 17 12
268976 270567 6 23 6
268976 270567 7 24 5
268976 270567 8 24 5
268976 270567 9 24 5
268976 270567 10 24 5
!leg 205121 208753 10 0 1 attackers:208753;victims:205121;type:1;valid_origin:True;recurrent:False;local:True
205121 208753 1 1 0
205121 208753 2 1 0
205121 208753 3 1 0
205121 208753 4 1 0
205121 208753 5 1 0
205121 208753 6 1 0
205121 208753 7 1 0
205121 208753 8 1 0
205121 208753 9 1 0
205121 208753 10 1 0
!leg 53139 265269 10 0 2 attackers:53139;victims:270711;type:2;valid_origin:True;recurrent:False;local:False
53139 265269 1 2 0
53139 265269 2 2 0
53139 265269 3 2 0
53139 265269 4 2 0
53139 265269 5 2 0
53139 265269 6 2 0
53139 265269 7 2 0
53139 265269 8 2 0
53139 265269 9 2 0
53139 265269 10 2 0
!sus 44966 48434 5 5 9 attackers:48434;victims:44966;type:1;valid_origin:True;recurrent:True;local:False
44966 48434 1 7 2
44966 48434 2 9 0
44966 48434 3 0 9
44966 48434 4 9 0
44966 48434 5 9 0
44966 48434 6 0 9
44966 48434 7 0 9
44966 48434 8 0 9
44966 48434 9 9 0
44966 48434 10 0 9
!sus 8882 54444 4 6 24 attackers:8882;victims:54444;type:1;valid_origin:True;recurrent:True;local:False
8882 54444 1 1 23
8882 54444 2 0 24
8882 54444 3 13 11
8882 54444 4 2 22
8882 54444 5 13 11
8882 54444 6 13 11
8882 54444 7 7 17
8882 54444 8 13 11
8882 54444 9 12 12
8882 54444 10 0 24
!sus 9829 31287 0 10 284 attackers:9829;victims:31287;type:1;valid_origin:True;recurrent:True;local:False
9829 31287 1 0 284
9829 31287 2 0 284
9829 31287 3 0 284
9829 31287 4 0 284
9829 31287 5 0 284
9829 31287 6 0 284
9829 31287 7 0 284
9829 31287 8 0 284
9829 31287 9 0 284
9829 31287 10 0 284
!sus 835 923 0 10 35 attackers:835;victims:923,212149;type:1,2;valid_origin:True;recurrent:True;local:False
835 923 1 17 18
835 923 2 17 18
835 923 3 17 18
835 923 4 17 18
835 923 5 17 18
835 923 6 17 18
835 923 7 17 18
835 923 8 17 18
835 923 9 17 18
835 923 10 17 18
!sus 10429 16839 0 10 3 attackers:10429;victims:16839;type:1;valid_origin:True;recurrent:True;local:False
10429 16839 1 0 3
10429 16839 2 0 3
10429 16839 3 0 3
10429 16839 4 0 3
10429 16839 5 0 3
10429 16839 6 0 3
10429 16839 7 0 3
10429 16839 8 0 3
10429 16839 9 0 3
10429 16839 10 0 3
!sus 5713 328868 0 10 14 attackers:5713;victims:328868;type:1;valid_origin:True;recurrent:True;local:False
5713 328868 1 2 12
5713 328868 2 4 10
5713 328868 3 5 9
5713 328868 4 6 8
5713 328868 5 5 9
5713 328868 6 6 8
5713 328868 7 6 8
5713 328868 8 6 8
5713 328868 9 7 7
5713 328868 10 6 8
!sus 7470 10089 0 10 17 attackers:10089;victims:7470;type:1;valid_origin:True;recurrent:True;local:False
7470 10089 1 0 17
7470 10089 2 0 17
7470 10089 3 0 17
7470 10089 4 0 17
7470 10089 5 0 17
7470 10089 6 0 17
7470 10089 7 0 17
7470 10089 8 0 17
7470 10089 9 0 17
7470 10089 10 0 17
!sus 1009 7046 1 9 12 attackers:7046;victims:1009;type:1;valid_origin:True;recurrent:True;local:False
1009 7046 1 3 9
1009 7046 2 0 12
1009 7046 3 0 12
1009 7046 4 0 12
1009 7046 5 12 0
1009 7046 6 0 12
1009 7046 7 0 12
1009 7046 8 0 12
1009 7046 9 2 10
1009 7046 10 0 12
!sus 35661 61228 6 4 12 attackers:35661;victims:61228;type:1;valid_origin:True;recurrent:True;local:False
35661 61228 1 4 8
35661 61228 2 6 6
35661 61228 3 6 6
35661 61228 4 6 6
35661 61228 5 7 5
35661 61228 6 10 2
35661 61228 7 9 3
35661 61228 8 7 5
35661 61228 9 10 2
35661 61228 10 10 2
!sus 17762 47583 8 2 23 attackers:17762;victims:47583;type:1;valid_origin:True;recurrent:True;local:False
17762 47583 1 0 23
17762 47583 2 15 8
17762 47583 3 2 21
17762 47583 4 17 6
17762 47583 5 20 3
17762 47583 6 22 1
17762 47583 7 23 0
17762 47583 8 19 4
17762 47583 9 23 0
17762 47583 10 23 0
!sus 263569 267573 0 10 67 attackers:267573;victims:263569;type:1;valid_origin:True;recurrent:True;local:False
263569 267573 1 3 64
263569 267573 2 3 64
263569 267573 3 7 60
263569 267573 4 8 59
263569 267573 5 8 59
263569 267573 6 10 57
263569 267573 7 12 55
263569 267573 8 12 55
263569 267573 9 16 51
263569 267573 10 17 50
!sus 47158 203472 5 5 3 attackers:47158;victims:203472;type:1;valid_origin:True;recurrent:True;local:False
47158 203472 1 0 3
47158 203472 2 0 3
47158 203472 3 0 3
47158 203472 4 1 2
47158 203472 5 0 3
47158 203472 6 2 1
47158 203472 7 3 0
47158 203472 8 3 0
47158 203472 9 3 0
47158 203472 10 3 0
!sus 203635 204857 0 10 17 attackers:204857;victims:203635;type:1;valid_origin:True;recurrent:True;local:False
203635 204857 1 1 16
203635 204857 2 1 16
203635 204857 3 1 16
203635 204857 4 1 16
203635 204857 5 1 16
203635 204857 6 1 16
203635 204857 7 1 16
203635 204857 8 1 16
203635 204857 9 2 15
203635 204857 10 1 16
!sus 47158 147028 0 10 476 attackers:47158;victims:147028;type:1;valid_origin:True;recurrent:True;local:False
47158 147028 1 0 476
47158 147028 2 2 474
47158 147028 3 84 392
47158 147028 4 90 386
47158 147028 5 103 373
47158 147028 6 112 364
47158 147028 7 106 370
47158 147028 8 133 343
47158 147028 9 103 373
47158 147028 10 92 384
!leg 48646 206315 10 0 1 attackers:48646;victims:206315;type:1;valid_origin:True;recurrent:False;local:False
48646 206315 1 1 0
48646 206315 2 1 0
48646 206315 3 1 0
48646 206315 4 1 0
48646 206315 5 1 0
48646 206315 6 1 0
48646 206315 7 1 0
48646 206315 8 1 0
48646 206315 9 1 0
48646 206315 10 1 0
!sus 10753 271780 0 10 69 attackers:271780;victims:10753;type:1;valid_origin:True;recurrent:True;local:False
10753 271780 1 0 69
10753 271780 2 0 69
10753 271780 3 0 69
10753 271780 4 0 69
10753 271780 5 0 69
10753 271780 6 0 69
10753 271780 7 0 69
10753 271780 8 0 69
10753 271780 9 0 69
10753 271780 10 0 69
!sus 44570 213036 9 1 24 attackers:44570;victims:213036;type:1;valid_origin:True;recurrent:True;local:False
44570 213036 1 24 0
44570 213036 2 23 1
44570 213036 3 3 21
44570 213036 4 16 8
44570 213036 5 22 2
44570 213036 6 24 0
44570 213036 7 22 2
44570 213036 8 22 2
44570 213036 9 24 0
44570 213036 10 22 2
