!sus 7018 400355 9 1 5 attackers:7018;victims:400355;type:1;valid_origin:True;recurrent:True;local:False
7018 400355 1 3 2
7018 400355 2 3 2
7018 400355 3 3 2
7018 400355 4 3 2
7018 400355 5 3 2
7018 400355 6 3 2
7018 400355 7 3 2
7018 400355 8 1 4
7018 400355 9 3 2
7018 400355 10 3 2
!sus 60068 328512 9 1 3 attackers:328512;victims:212238,136787,60068;type:1,2;valid_origin:True;recurrent:True;local:True
60068 328512 1 0 3
60068 328512 2 2 1
60068 328512 3 2 1
60068 328512 4 2 1
60068 328512 5 2 1
60068 328512 6 2 1
60068 328512 7 2 1
60068 328512 8 2 1
60068 328512 9 2 1
60068 328512 10 2 1
!sus 24429 263906 3 7 30 attackers:24429;victims:263906;type:1;valid_origin:True;recurrent:True;local:False
24429 263906 1 2 28
24429 263906 2 7 23
24429 263906 3 4 26
24429 263906 4 3 27
24429 263906 5 3 27
24429 263906 6 10 20
24429 263906 7 30 0
24429 263906 8 28 2
24429 263906 9 13 17
24429 263906 10 19 11
!sus 1012 47449 5 5 19 attackers:47449;victims:1012;type:1;valid_origin:True;recurrent:True;local:False
1012 47449 1 19 0
1012 47449 2 15 4
1012 47449 3 1 18
1012 47449 4 18 1
1012 47449 5 1 18
1012 47449 6 15 4
1012 47449 7 1 18
1012 47449 8 18 1
1012 47449 9 6 13
1012 47449 10 1 18
!leg 60326 205848 10 0 1 attackers:60326;victims:205848;type:1;valid_origin:True;recurrent:False;local:True
60326 205848 1 1 0
60326 205848 2 1 0
60326 205848 3 1 0
60326 205848 4 1 0
60326 205848 5 1 0
60326 205848 6 1 0
60326 205848 7 1 0
60326 205848 8 1 0
60326 205848 9 1 0
60326 205848 10 1 0
!sus 44684 53180 5 5 1 attackers:44684;victims:53180;type:1;valid_origin:True;recurrent:True;local:False
44684 53180 1 0 1
44684 53180 2 0 1
44684 53180 3 0 1
44684 53180 4 0 1
44684 53180 5 0 1
44684 53180 6 1 0
44684 53180 7 1 0
44684 53180 8 1 0
44684 53180 9 1 0
44684 53180 10 1 0
!leg 206016 213045 10 0 5 attackers:213045;victims:206016;type:1;valid_origin:True;recurrent:False;local:False
206016 213045 1 5 0
206016 213045 2 5 0
206016 213045 3 5 0
206016 213045 4 5 0
206016 213045 5 5 0
206016 213045 6 5 0
206016 213045 7 5 0
206016 213045 8 5 0
206016 213045 9 5 0
206016 213045 10 5 0
!leg 24961 58150 10 0 1 attackers:24961;victims:58150;type:1;valid_origin:True;recurrent:False;local:False
24961 58150 1 1 0
24961 58150 2 1 0
24961 58150 3 1 0
24961 58150 4 1 0
24961 58150 5 1 0
24961 58150 6 1 0
24961 58150 7 1 0
24961 58150 8 1 0
24961 58150 9 1 0
24961 58150 10 1 0
!sus 134876 138792 7 3 411 attackers:134876;victims:138792;type:1;valid_origin:True;recurrent:True;local:False
134876 138792 1 108 303
134876 138792 2 78 333
134876 138792 3 378 33
134876 138792 4 382 29
134876 138792 5 310 101
134876 138792 6 371 40
134876 138792 7 249 162
134876 138792 8 202 209
134876 138792 9 406 5
134876 138792 10 330 81
!leg 24961 212703 10 0 1 attackers:24961;victims:212703;type:1;valid_origin:True;recurrent:False;local:False
24961 212703 1 1 0
24961 212703 2 1 0
24961 212703 3 1 0
24961 212703 4 1 0
24961 212703 5 1 0
24961 212703 6 1 0
24961 212703 7 1 0
24961 212703 8 1 0
24961 212703 9 1 0
24961 212703 10 1 0
!leg 15547 51402 10 0 1 attackers:15547;victims:12331;type:2;valid_origin:True;recurrent:False;local:True
15547 51402 1 1 0
15547 51402 2 1 0
15547 51402 3 1 0
15547 51402 4 1 0
15547 51402 5 1 0
15547 51402 6 1 0
15547 51402 7 1 0
15547 51402 8 1 0
15547 51402 9 1 0
15547 51402 10 1 0
!leg 7575 60326 10 0 1 attackers:7575;victims:60326;type:1;valid_origin:True;recurrent:False;local:False
7575 60326 1 1 0
7575 60326 2 1 0
7575 60326 3 1 0
7575 60326 4 1 0
7575 60326 5 1 0
7575 60326 6 1 0
7575 60326 7 1 0
7575 60326 8 1 0
7575 60326 9 1 0
7575 60326 10 1 0
!leg 24961 211827 10 0 1 attackers:24961;victims:211827;type:1;valid_origin:True;recurrent:False;local:False
24961 211827 1 1 0
24961 211827 2 1 0
24961 211827 3 1 0
24961 211827 4 1 0
24961 211827 5 1 0
24961 211827 6 1 0
24961 211827 7 1 0
24961 211827 8 1 0
24961 211827 9 1 0
24961 211827 10 1 0
!leg 50629 51531 10 0 1 attackers:50629;victims:51531;type:1;valid_origin:True;recurrent:False;local:True
50629 51531 1 1 0
50629 51531 2 1 0
50629 51531 3 1 0
50629 51531 4 1 0
50629 51531 5 1 0
50629 51531 6 1 0
50629 51531 7 1 0
50629 51531 8 1 0
50629 51531 9 1 0
50629 51531 10 1 0
!sus 54527 60326 4 6 2 attackers:54527;victims:60326;type:1;valid_origin:True;recurrent:False;local:False
54527 60326 1 0 2
54527 60326 2 0 2
54527 60326 3 0 2
54527 60326 4 1 1
54527 60326 5 1 1
54527 60326 6 1 1
54527 60326 7 2 0
54527 60326 8 2 0
54527 60326 9 2 0
54527 60326 10 2 0
!sus 3 150156 0 10 1 attackers:150156;victims:3;type:1;valid_origin:False;recurrent:True;local:False
3 150156 1 0 1
3 150156 2 0 1
3 150156 3 0 1
3 150156 4 0 1
3 150156 5 0 1
3 150156 6 0 1
3 150156 7 0 1
3 150156 8 0 1
3 150156 9 0 1
3 150156 10 0 1
!sus 2 63998 0 10 64 attackers:63998;victims:2;type:1;valid_origin:False;recurrent:True;local:False
2 63998 1 0 64
2 63998 2 0 64
2 63998 3 0 64
2 63998 4 0 64
2 63998 5 0 64
2 63998 6 0 64
2 63998 7 0 64
2 63998 8 0 64
2 63998 9 0 64
2 63998 10 0 64
!sus 36011 399589 0 10 6 attackers:399589;victims:36011;type:1;valid_origin:True;recurrent:True;local:False
36011 399589 1 0 6
36011 399589 2 0 6
36011 399589 3 0 6
36011 399589 4 0 6
36011 399589 5 0 6
36011 399589 6 0 6
36011 399589 7 0 6
36011 399589 8 0 6
36011 399589 9 0 6
36011 399589 10 0 6
!sus 964 53667 5 5 36 attackers:964;victims:53667,399804;type:1,2;valid_origin:True;recurrent:True;local:False
964 53667 1 10 26
964 53667 2 13 23
964 53667 3 14 22
964 53667 4 13 23
964 53667 5 14 22
964 53667 6 19 17
964 53667 7 22 14
964 53667 8 22 14
964 53667 9 25 11
964 53667 10 23 13
!leg 28263 266460 10 0 1 attackers:28263;victims:270511;type:2;valid_origin:True;recurrent:False;local:False
28263 266460 1 1 0
28263 266460 2 1 0
28263 266460 3 1 0
28263 266460 4 1 0
28263 266460 5 1 0
28263 266460 6 1 0
28263 266460 7 1 0
28263 266460 8 1 0
28263 266460 9 1 0
28263 266460 10 1 0
!leg 8798 49715 10 0 1 attackers:49715;victims:15787;type:2;valid_origin:True;recurrent:False;local:False
8798 49715 1 1 0
8798 49715 2 1 0
8798 49715 3 1 0
8798 49715 4 1 0
8798 49715 5 1 0
8798 49715 6 1 0
8798 49715 7 1 0
8798 49715 8 1 0
8798 49715 9 1 0
8798 49715 10 1 0
!leg 24961 211786 10 0 1 attackers:24961;victims:211786;type:1;valid_origin:True;recurrent:False;local:False
24961 211786 1 1 0
24961 211786 2 1 0
24961 211786 3 1 0
24961 211786 4 1 0
24961 211786 5 1 0
24961 211786 6 1 0
24961 211786 7 1 0
24961 211786 8 1 0
24961 211786 9 1 0
24961 211786 10 1 0
!sus 198961 203879 0 10 117 attackers:198961;victims:203879;type:1;valid_origin:True;recurrent:False;local:False
198961 203879 1 15 102
198961 203879 2 42 75
198961 203879 3 42 75
198961 203879 4 49 68
198961 203879 5 49 68
198961 203879 6 48 69
198961 203879 7 44 73
198961 203879 8 49 68
198961 203879 9 51 66
198961 203879 10 52 65
!sus 139317 150323 3 7 14 attackers:139317;victims:150323;type:1;valid_origin:True;recurrent:True;local:False
139317 150323 1 2 12
139317 150323 2 2 12
139317 150323 3 2 12
139317 150323 4 2 12
139317 150323 5 3 11
139317 150323 6 4 10
139317 150323 7 5 9
139317 150323 8 9 5
139317 150323 9 14 0
139317 150323 10 14 0
!sus 23106 29396 7 3 66 attackers:29396;victims:264228,269688,264233,61700,268191,268355,264318,268801,264455,271295,262606,52932,264053,53170,266242,53095,52928,61833,266293,28133,266383,267430,263874,267521,270364,268050,262453,270884,271443,53052,263530,263994,61746,268540,262385,266604,271285,266555,53185,269193,52991,268186,264869,262470,267227,265111,272244,264415,263453,263891,263475,263159,262504,264557,264290,269651,268970,269237,262514,272628,271156,264163,61713,52967,61749,267549;type:2,3;valid_origin:True;recurrent:True;local:False
23106 29396 1 14 52
23106 29396 2 14 52
23106 29396 3 14 52
23106 29396 4 65 1
23106 29396 5 65 1
23106 29396 6 65 1
23106 29396 7 65 1
23106 29396 8 65 1
23106 29396 9 65 1
23106 29396 10 66 0
!sus 108 301 0 10 166 attackers:108;victims:301;type:1;valid_origin:False;recurrent:True;local:False
108 301 1 0 166
108 301 2 0 166
108 301 3 0 166
108 301 4 0 166
108 301 5 0 166
108 301 6 0 166
108 301 7 0 166
108 301 8 0 166
108 301 9 0 166
108 301 10 0 166
!sus 209261 212895 9 1 218 attackers:212895;victims:209261;type:1;valid_origin:True;recurrent:True;local:False
209261 212895 1 92 126
209261 212895 2 115 103
209261 212895 3 192 26
209261 212895 4 208 10
209261 212895 5 215 3
209261 212895 6 216 2
209261 212895 7 218 0
209261 212895 8 218 0
209261 212895 9 218 0
209261 212895 10 218 0
!leg 6453 8849 10 0 14 attackers:6453;victims:208393,44493,49287,8849,62005;type:1,2;valid_origin:True;recurrent:False;local:False
6453 8849 1 14 0
6453 8849 2 14 0
6453 8849 3 14 0
6453 8849 4 14 0
6453 8849 5 14 0
6453 8849 6 14 0
6453 8849 7 14 0
6453 8849 8 14 0
6453 8849 9 14 0
6453 8849 10 14 0
!sus 135810 150058 2 8 11 attackers:135810;victims:150058;type:1;valid_origin:True;recurrent:True;local:False
135810 150058 1 6 5
135810 150058 2 7 4
135810 150058 3 3 8
135810 150058 4 3 8
135810 150058 5 1 10
135810 150058 6 3 8
135810 150058 7 3 8
135810 150058 8 5 6
135810 150058 9 4 7
135810 150058 10 4 7
!leg 13335 53410 10 0 158 attackers:13335;victims:53410;type:1;valid_origin:True;recurrent:False;local:False
13335 53410 1 158 0
13335 53410 2 158 0
13335 53410 3 158 0
13335 53410 4 158 0
13335 53410 5 158 0
13335 53410 6 158 0
13335 53410 7 158 0
13335 53410 8 158 0
13335 53410 9 158 0
13335 53410 10 158 0
!sus 668 1321 7 3 10 attackers:1321;victims:668;type:1;valid_origin:False;recurrent:True;local:False
668 1321 1 0 10
668 1321 2 2 8
668 1321 3 6 4
668 1321 4 3 7
668 1321 5 10 0
668 1321 6 7 3
668 1321 7 10 0
668 1321 8 10 0
668 1321 9 10 0
668 1321 10 10 0
!sus 26506 272037 0 10 61 attackers:272037;victims:26506;type:1;valid_origin:True;recurrent:True;local:False
26506 272037 1 0 61
26506 272037 2 0 61
26506 272037 3 0 61
26506 272037 4 0 61
26506 272037 5 0 61
26506 272037 6 0 61
26506 272037 7 0 61
26506 272037 8 0 61
26506 272037 9 0 61
26506 272037 10 0 61
!sus 54681 60379 2 8 20 attackers:54681;victims:60379;type:1;valid_origin:True;recurrent:True;local:False
54681 60379 1 2 18
54681 60379 2 2 18
54681 60379 3 2 18
54681 60379 4 2 18
54681 60379 5 2 18
54681 60379 6 2 18
54681 60379 7 2 18
54681 60379 8 3 17
54681 60379 9 13 7
54681 60379 10 12 8
!leg 29226 197379 10 0 57 attackers:29226;victims:197379;type:1;valid_origin:True;recurrent:False;local:False
29226 197379 1 57 0
29226 197379 2 57 0
29226 197379 3 57 0
29226 197379 4 57 0
29226 197379 5 57 0
29226 197379 6 57 0
29226 197379 7 57 0
29226 197379 8 57 0
29226 197379 9 57 0
29226 197379 10 57 0
!sus 31554 61745 8 2 1 attackers:31554;victims:61745;type:1;valid_origin:True;recurrent:True;local:True
31554 61745 1 0 1
31554 61745 2 0 1
31554 61745 3 1 0
31554 61745 4 1 0
31554 61745 5 1 0
31554 61745 6 1 0
31554 61745 7 1 0
31554 61745 8 1 0
31554 61745 9 1 0
31554 61745 10 1 0
!sus 212271 212483 0 10 191 attackers:212271;victims:212483;type:1;valid_origin:True;recurrent:True;local:False
212271 212483 1 0 191
212271 212483 2 1 190
212271 212483 3 3 188
212271 212483 4 4 187
212271 212483 5 4 187
212271 212483 6 4 187
212271 212483 7 4 187
212271 212483 8 4 187
212271 212483 9 5 186
212271 212483 10 5 186
!sus 50058 203145 9 1 12 attackers:50058;victims:203145;type:1;valid_origin:True;recurrent:True;local:False
50058 203145 1 6 6
50058 203145 2 11 1
50058 203145 3 11 1
50058 203145 4 12 0
50058 203145 5 12 0
50058 203145 6 12 0
50058 203145 7 12 0
50058 203145 8 12 0
50058 203145 9 12 0
50058 203145 10 12 0
!sus 13335 44217 0 10 43 attackers:44217;victims:13335;type:1;valid_origin:True;recurrent:True;local:False
13335 44217 1 0 43
13335 44217 2 5 38
13335 44217 3 5 38
13335 44217 4 6 37
13335 44217 5 6 37
13335 44217 6 6 37
13335 44217 7 6 37
13335 44217 8 8 35
13335 44217 9 6 37
13335 44217 10 7 36
!sus 3 141794 0 10 23 attackers:141794;victims:3;type:1;valid_origin:False;recurrent:True;local:False
3 141794 1 0 23
3 141794 2 0 23
3 141794 3 0 23
3 141794 4 0 23
3 141794 5 0 23
3 141794 6 0 23
3 141794 7 0 23
3 141794 8 0 23
3 141794 9 0 23
3 141794 10 0 23
!sus 10241 141444 3 7 10 attackers:10241;victims:141444;type:1;valid_origin:True;recurrent:True;local:False
10241 141444 1 0 10
10241 141444 2 0 10
10241 141444 3 0 10
10241 141444 4 10 0
10241 141444 5 0 10
10241 141444 6 10 0
10241 141444 7 0 10
10241 141444 8 0 10
10241 141444 9 10 0
10241 141444 10 0 10
!sus 17149 393894 0 10 11 attackers:17149;victims:393894;type:1;valid_origin:True;recurrent:True;local:False
17149 393894 1 0 11
17149 393894 2 0 11
17149 393894 3 0 11
17149 393894 4 0 11
17149 393894 5 0 11
17149 393894 6 0 11
17149 393894 7 0 11
17149 393894 8 0 11
17149 393894 9 0 11
17149 393894 10 0 11
!leg 58299 61745 10 0 1 attackers:58299;victims:263373;type:2;valid_origin:True;recurrent:True;local:False
58299 61745 1 1 0
58299 61745 2 1 0
58299 61745 3 1 0
58299 61745 4 1 0
58299 61745 5 1 0
58299 61745 6 1 0
58299 61745 7 1 0
58299 61745 8 1 0
58299 61745 9 1 0
58299 61745 10 1 0
!leg 6830 207073 10 0 2 attackers:6830;victims:207073;type:1;valid_origin:True;recurrent:False;local:False
6830 207073 1 2 0
6830 207073 2 2 0
6830 207073 3 2 0
6830 207073 4 2 0
6830 207073 5 2 0
6830 207073 6 2 0
6830 207073 7 2 0
6830 207073 8 2 0
6830 207073 9 2 0
6830 207073 10 2 0
!sus 37721 213045 0 10 1 attackers:213045;victims:37721;type:1;valid_origin:True;recurrent:True;local:True
37721 213045 1 0 1
37721 213045 2 0 1
37721 213045 3 0 1
37721 213045 4 0 1
37721 213045 5 0 1
37721 213045 6 0 1
37721 213045 7 0 1
37721 213045 8 0 1
37721 213045 9 0 1
37721 213045 10 0 1
!sus 64496 267910 0 10 4 attackers:64496;victims:267910;type:1;valid_origin:True;recurrent:True;local:False
64496 267910 1 0 4
64496 267910 2 0 4
64496 267910 3 0 4
64496 267910 4 0 4
64496 267910 5 0 4
64496 267910 6 0 4
64496 267910 7 0 4
64496 267910 8 0 4
64496 267910 9 0 4
64496 267910 10 0 4
!sus 31638 63293 0 10 36 attackers:31638;victims:63293;type:1;valid_origin:True;recurrent:True;local:False
31638 63293 1 0 36
31638 63293 2 0 36
31638 63293 3 0 36
31638 63293 4 1 35
31638 63293 5 4 32
31638 63293 6 8 28
31638 63293 7 8 28
31638 63293 8 8 28
31638 63293 9 10 26
31638 63293 10 11 25
!leg 41960 203172 10 0 32 attackers:41960;victims:203172;type:1;valid_origin:True;recurrent:False;local:False
41960 203172 1 32 0
41960 203172 2 32 0
41960 203172 3 32 0
41960 203172 4 32 0
41960 203172 5 32 0
41960 203172 6 32 0
41960 203172 7 32 0
41960 203172 8 32 0
41960 203172 9 32 0
41960 203172 10 32 0
!leg 24961 39022 10 0 1 attackers:24961;victims:39022;type:1;valid_origin:True;recurrent:False;local:False
24961 39022 1 1 0
24961 39022 2 1 0
24961 39022 3 1 0
24961 39022 4 1 0
24961 39022 5 1 0
24961 39022 6 1 0
24961 39022 7 1 0
24961 39022 8 1 0
24961 39022 9 1 0
24961 39022 10 1 0
!sus 1221 396998 1 9 20 attackers:1221;victims:53667,400529,36231,396998,212582;type:1,2;valid_origin:True;recurrent:True;local:False
1221 396998 1 5 15
1221 396998 2 5 15
1221 396998 3 5 15
1221 396998 4 5 15
1221 396998 5 5 15
1221 396998 6 6 14
1221 396998 7 6 14
1221 396998 8 9 11
1221 396998 9 8 12
1221 396998 10 12 8
!leg 33763 263903 10 0 5 attackers:263903;victims:33763;type:1;valid_origin:True;recurrent:False;local:False
33763 263903 1 4 1
33763 263903 2 5 0
33763 263903 3 5 0
33763 263903 4 5 0
33763 263903 5 5 0
33763 263903 6 5 0
33763 263903 7 5 0
33763 263903 8 5 0
33763 263903 9 5 0
33763 263903 10 5 0
!leg 52635 53087 10 0 9 attackers:53087;victims:52635;type:1;valid_origin:True;recurrent:False;local:False
52635 53087 1 9 0
52635 53087 2 9 0
52635 53087 3 9 0
52635 53087 4 9 0
52635 53087 5 9 0
52635 53087 6 9 0
52635 53087 7 9 0
52635 53087 8 9 0
52635 53087 9 9 0
52635 53087 10 9 0
!leg 46887 395474 10 0 41 attackers:46887;victims:395474;type:1;valid_origin:True;recurrent:False;local:False
46887 395474 1 41 0
46887 395474 2 41 0
46887 395474 3 41 0
46887 395474 4 41 0
46887 395474 5 41 0
46887 395474 6 41 0
46887 395474 7 41 0
46887 395474 8 41 0
46887 395474 9 41 0
46887 395474 10 41 0
!leg 41047 262607 10 0 1 attackers:41047;victims:262607;type:1;valid_origin:True;recurrent:True;local:False
41047 262607 1 1 0
41047 262607 2 1 0
41047 262607 3 1 0
41047 262607 4 1 0
41047 262607 5 1 0
41047 262607 6 1 0
41047 262607 7 1 0
41047 262607 8 1 0
41047 262607 9 1 0
41047 262607 10 1 0
!leg 16265 51402 10 0 1 attackers:16265;victims:12331;type:2;valid_origin:True;recurrent:False;local:False
16265 51402 1 1 0
16265 51402 2 1 0
16265 51402 3 1 0
16265 51402 4 1 0
16265 51402 5 1 0
16265 51402 6 1 0
16265 51402 7 1 0
16265 51402 8 1 0
16265 51402 9 1 0
16265 51402 10 1 0
!sus 24835 25818 2 8 5 attackers:24835;victims:25818;type:1;valid_origin:True;recurrent:True;local:False
24835 25818 1 0 5
24835 25818 2 0 5
24835 25818 3 0 5
24835 25818 4 0 5
24835 25818 5 1 4
24835 25818 6 2 3
24835 25818 7 5 0
24835 25818 8 1 4
24835 25818 9 1 4
24835 25818 10 4 1
!leg 4258 54527 10 0 2 attackers:54527;victims:396906,4258;type:1,2;valid_origin:True;recurrent:False;local:False
4258 54527 1 2 0
4258 54527 2 2 0
4258 54527 3 2 0
4258 54527 4 2 0
4258 54527 5 2 0
4258 54527 6 2 0
4258 54527 7 2 0
4258 54527 8 2 0
4258 54527 9 2 0
4258 54527 10 2 0
!leg 24961 211623 10 0 1 attackers:24961;victims:211623;type:1;valid_origin:True;recurrent:False;local:False
24961 211623 1 1 0
24961 211623 2 1 0
24961 211623 3 1 0
24961 211623 4 1 0
24961 211623 5 1 0
24961 211623 6 1 0
24961 211623 7 1 0
24961 211623 8 1 0
24961 211623 9 1 0
24961 211623 10 1 0
!sus 60068 328474 9 1 3 attackers:328474;victims:60068,212238,136787;type:1,2;valid_origin:True;recurrent:True;local:True
60068 328474 1 0 3
60068 328474 2 2 1
60068 328474 3 2 1
60068 328474 4 2 1
60068 328474 5 2 1
60068 328474 6 2 1
60068 328474 7 2 1
60068 328474 8 2 1
60068 328474 9 2 1
60068 328474 10 2 1
!sus 266671 394625 0 10 185 attackers:394625;victims:266671;type:1;valid_origin:True;recurrent:True;local:False
266671 394625 1 52 133
266671 394625 2 55 130
266671 394625 3 54 131
266671 394625 4 59 126
266671 394625 5 59 126
266671 394625 6 59 126
266671 394625 7 59 126
266671 394625 8 61 124
266671 394625 9 60 125
266671 394625 10 60 125
!leg 24961 205881 10 0 1 attackers:24961;victims:205881;type:1;valid_origin:True;recurrent:False;local:False
24961 205881 1 1 0
24961 205881 2 1 0
24961 205881 3 1 0
24961 205881 4 1 0
24961 205881 5 1 0
24961 205881 6 1 0
24961 205881 7 1 0
24961 205881 8 1 0
24961 205881 9 1 0
24961 205881 10 1 0
!sus 132591 139341 0 10 12 attackers:132591;victims:139341;type:1;valid_origin:True;recurrent:True;local:False
132591 139341 1 0 12
132591 139341 2 0 12
132591 139341 3 0 12
132591 139341 4 0 12
132591 139341 5 0 12
132591 139341 6 0 12
132591 139341 7 0 12
132591 139341 8 0 12
132591 139341 9 0 12
132591 139341 10 0 12
!sus 6453 58778 8 2 1392 attackers:6453;victims:139901,150178,139335,137967,55492;type:2,3;valid_origin:True;recurrent:True;local:False
6453 58778 1 567 825
6453 58778 2 569 823
6453 58778 3 715 677
6453 58778 4 820 572
6453 58778 5 826 566
6453 58778 6 866 526
6453 58778 7 859 533
6453 58778 8 871 521
6453 58778 9 870 522
6453 58778 10 865 527
!sus 138947 138948 1 9 8 attackers:138947;victims:138948;type:1;valid_origin:False;recurrent:True;local:False
138947 138948 1 8 0
138947 138948 2 4 4
138947 138948 3 0 8
138947 138948 4 0 8
138947 138948 5 2 6
138947 138948 6 1 7
138947 138948 7 0 8
138947 138948 8 0 8
138947 138948 9 0 8
138947 138948 10 1 7
!sus 267700 269965 7 3 22 attackers:267700;victims:269965;type:1;valid_origin:True;recurrent:True;local:False
267700 269965 1 5 17
267700 269965 2 18 4
267700 269965 3 21 1
267700 269965 4 7 15
267700 269965 5 11 11
267700 269965 6 22 0
267700 269965 7 19 3
267700 269965 8 14 8
267700 269965 9 13 9
267700 269965 10 19 3
!sus 203423 212934 0 10 309 attackers:212934;victims:203423;type:1;valid_origin:True;recurrent:False;local:False
203423 212934 1 0 309
203423 212934 2 1 308
203423 212934 3 1 308
203423 212934 4 1 308
203423 212934 5 1 308
203423 212934 6 1 308
203423 212934 7 1 308
203423 212934 8 10 299
203423 212934 9 3 306
203423 212934 10 8 301
!sus 21859 138195 0 10 6 attackers:138195;victims:21859;type:1;valid_origin:True;recurrent:True;local:False
21859 138195 1 0 6
21859 138195 2 0 6
21859 138195 3 0 6
21859 138195 4 0 6
21859 138195 5 1 5
21859 138195 6 1 5
21859 138195 7 1 5
21859 138195 8 1 5
21859 138195 9 1 5
21859 138195 10 1 5
!sus 260 19905 0 10 8 attackers:260;victims:19905;type:1;valid_origin:True;recurrent:True;local:False
260 19905 1 0 8
260 19905 2 0 8
260 19905 3 0 8
260 19905 4 0 8
260 19905 5 0 8
260 19905 6 1 7
260 19905 7 1 7
260 19905 8 2 6
260 19905 9 1 7
260 19905 10 2 6
!sus 262767 268732 8 2 266 attackers:268732;victims:262767;type:1;valid_origin:True;recurrent:True;local:False
262767 268732 1 25 241
262767 268732 2 49 217
262767 268732 3 154 112
262767 268732 4 258 8
262767 268732 5 164 102
262767 268732 6 150 116
262767 268732 7 260 6
262767 268732 8 258 8
262767 268732 9 266 0
262767 268732 10 259 7
!sus 262767 272753 1 9 9 attackers:262767;victims:272753;type:1;valid_origin:True;recurrent:True;local:False
262767 272753 1 1 8
262767 272753 2 1 8
262767 272753 3 1 8
262767 272753 4 1 8
262767 272753 5 1 8
262767 272753 6 1 8
262767 272753 7 1 8
262767 272753 8 1 8
262767 272753 9 9 0
262767 272753 10 1 8
!leg 13335 30620 10 0 145 attackers:13335;victims:30620;type:1;valid_origin:True;recurrent:False;local:False
13335 30620 1 144 1
13335 30620 2 145 0
13335 30620 3 145 0
13335 30620 4 145 0
13335 30620 5 145 0
13335 30620 6 145 0
13335 30620 7 145 0
13335 30620 8 145 0
13335 30620 9 145 0
13335 30620 10 145 0
!sus 44570 213105 5 5 412 attackers:44570;victims:213105;type:1;valid_origin:False;recurrent:True;local:False
44570 213105 1 69 343
44570 213105 2 83 329
44570 213105 3 100 312
44570 213105 4 103 309
44570 213105 5 272 140
44570 213105 6 256 156
44570 213105 7 167 245
44570 213105 8 326 86
44570 213105 9 289 123
44570 213105 10 326 86
!sus 140731 212271 0 10 7 attackers:212271;victims:140731;type:1;valid_origin:True;recurrent:True;local:False
140731 212271 1 0 7
140731 212271 2 0 7
140731 212271 3 0 7
140731 212271 4 0 7
140731 212271 5 0 7
140731 212271 6 0 7
140731 212271 7 0 7
140731 212271 8 0 7
140731 212271 9 0 7
140731 212271 10 0 7
!sus 8849 26383 0 10 87 attackers:8849;victims:26383;type:1;valid_origin:True;recurrent:True;local:False
8849 26383 1 2 85
8849 26383 2 1 86
8849 26383 3 0 87
8849 26383 4 0 87
8849 26383 5 0 87
8849 26383 6 0 87
8849 26383 7 1 86
8849 26383 8 0 87
8849 26383 9 0 87
8849 26383 10 0 87
!sus 47787 210000 1 9 1 attackers:47787;victims:210000;type:1;valid_origin:True;recurrent:True;local:False
47787 210000 1 0 1
47787 210000 2 0 1
47787 210000 3 0 1
47787 210000 4 0 1
47787 210000 5 0 1
47787 210000 6 0 1
47787 210000 7 0 1
47787 210000 8 0 1
47787 210000 9 0 1
47787 210000 10 1 0
!sus 26383 56630 1 9 30 attackers:56630;victims:26383;type:1;valid_origin:True;recurrent:True;local:False
26383 56630 1 2 28
26383 56630 2 2 28
26383 56630 3 2 28
26383 56630 4 8 22
26383 56630 5 4 26
26383 56630 6 9 21
26383 56630 7 5 25
26383 56630 8 8 22
26383 56630 9 16 14
26383 56630 10 1 29
!leg 141065 141626 10 0 72 attackers:141626;victims:141065;type:1;valid_origin:True;recurrent:False;local:False
141065 141626 1 72 0
141065 141626 2 72 0
141065 141626 3 72 0
141065 141626 4 72 0
141065 141626 5 72 0
141065 141626 6 72 0
141065 141626 7 72 0
141065 141626 8 72 0
141065 141626 9 72 0
141065 141626 10 72 0
!leg 266389 266444 10 0 2 attackers:266389;victims:266444;type:1;valid_origin:True;recurrent:False;local:False
266389 266444 1 2 0
266389 266444 2 2 0
266389 266444 3 2 0
266389 266444 4 2 0
266389 266444 5 2 0
266389 266444 6 2 0
266389 266444 7 2 0
266389 266444 8 2 0
266389 266444 9 2 0
266389 266444 10 2 0
!sus 142594 399244 0 10 33 attackers:399244;victims:142594;type:1;valid_origin:False;recurrent:True;local:False
142594 399244 1 0 33
142594 399244 2 0 33
142594 399244 3 0 33
142594 399244 4 0 33
142594 399244 5 0 33
142594 399244 6 0 33
142594 399244 7 0 33
142594 399244 8 0 33
142594 399244 9 0 33
142594 399244 10 0 33
!sus 3573 16629 0 10 13 attackers:16629;victims:3573;type:1;valid_origin:True;recurrent:True;local:False
3573 16629 1 0 13
3573 16629 2 0 13
3573 16629 3 0 13
3573 16629 4 0 13
3573 16629 5 0 13
3573 16629 6 0 13
3573 16629 7 0 13
3573 16629 8 0 13
3573 16629 9 0 13
3573 16629 10 0 13
!sus 202317 204049 0 10 443 attackers:204049;victims:202317;type:1;valid_origin:True;recurrent:True;local:False
202317 204049 1 0 443
202317 204049 2 0 443
202317 204049 3 0 443
202317 204049 4 0 443
202317 204049 5 0 443
202317 204049 6 0 443
202317 204049 7 0 443
202317 204049 8 0 443
202317 204049 9 0 443
202317 204049 10 0 443
!leg 51402 267613 10 0 1 attackers:267613;victims:12331;type:2;valid_origin:True;recurrent:False;local:True
51402 267613 1 1 0
51402 267613 2 1 0
51402 267613 3 1 0
51402 267613 4 1 0
51402 267613 5 1 0
51402 267613 6 1 0
51402 267613 7 1 0
51402 267613 8 1 0
51402 267613 9 1 0
51402 267613 10 1 0
!sus 51999 57957 0 10 13 attackers:51999;victims:57957;type:1;valid_origin:True;recurrent:True;local:False
51999 57957 1 0 13
51999 57957 2 3 10
51999 57957 3 3 10
51999 57957 4 3 10
51999 57957 5 3 10
51999 57957 6 3 10
51999 57957 7 3 10
51999 57957 8 3 10
51999 57957 9 3 10
51999 57957 10 3 10
!sus 394209 399898 0 10 11 attackers:394209;victims:399898;type:1;valid_origin:True;recurrent:True;local:False
394209 399898 1 1 10
394209 399898 2 1 10
394209 399898 3 1 10
394209 399898 4 1 10
394209 399898 5 1 10
394209 399898 6 1 10
394209 399898 7 1 10
394209 399898 8 1 10
394209 399898 9 1 10
394209 399898 10 1 10
!sus 30990 329140 1 9 40 attackers:30990;victims:329140;type:1;valid_origin:True;recurrent:True;local:False
30990 329140 1 31 9
30990 329140 2 0 40
30990 329140 3 0 40
30990 329140 4 0 40
30990 329140 5 0 40
30990 329140 6 0 40
30990 329140 7 0 40
30990 329140 8 0 40
30990 329140 9 0 40
30990 329140 10 0 40
!sus 133372 140570 0 10 10 attackers:140570;victims:133372;type:1;valid_origin:True;recurrent:True;local:False
133372 140570 1 1 9
133372 140570 2 1 9
133372 140570 3 1 9
133372 140570 4 1 9
133372 140570 5 1 9
133372 140570 6 1 9
133372 140570 7 1 9
133372 140570 8 1 9
133372 140570 9 1 9
133372 140570 10 1 9
!leg 4862 15412 10 0 2 attackers:15412;victims:51964,19197;type:2,3;valid_origin:True;recurrent:False;local:False
4862 15412 1 2 0
4862 15412 2 2 0
4862 15412 3 2 0
4862 15412 4 2 0
4862 15412 5 2 0
4862 15412 6 2 0
4862 15412 7 2 0
4862 15412 8 2 0
4862 15412 9 2 0
4862 15412 10 2 0
!sus 131279 204363 0 10 106 attackers:131279;victims:204363;type:1;valid_origin:True;recurrent:False;local:False
131279 204363 1 0 106
131279 204363 2 0 106
131279 204363 3 0 106
131279 204363 4 0 106
131279 204363 5 0 106
131279 204363 6 0 106
131279 204363 7 0 106
131279 204363 8 0 106
131279 204363 9 6 100
131279 204363 10 4 102
!sus 268087 272588 0 10 104 attackers:272588;victims:268087;type:1;valid_origin:True;recurrent:True;local:False
268087 272588 1 30 74
268087 272588 2 30 74
268087 272588 3 30 74
268087 272588 4 31 73
268087 272588 5 31 73
268087 272588 6 31 73
268087 272588 7 31 73
268087 272588 8 32 72
268087 272588 9 31 73
268087 272588 10 33 71
!sus 41047 262403 8 2 1 attackers:41047;victims:262403;type:1;valid_origin:True;recurrent:True;local:False
41047 262403 1 0 1
41047 262403 2 0 1
41047 262403 3 1 0
41047 262403 4 1 0
41047 262403 5 1 0
41047 262403 6 1 0
41047 262403 7 1 0
41047 262403 8 1 0
41047 262403 9 1 0
41047 262403 10 1 0
!leg 11432 262317 10 0 69 attackers:11432;victims:263075;type:2;valid_origin:True;recurrent:False;local:False
11432 262317 1 69 0
11432 262317 2 69 0
11432 262317 3 69 0
11432 262317 4 69 0
11432 262317 5 69 0
11432 262317 6 69 0
11432 262317 7 69 0
11432 262317 8 69 0
11432 262317 9 69 0
11432 262317 10 69 0
!sus 260 36236 0 10 5 attackers:260;victims:36236,398748;type:1,2;valid_origin:True;recurrent:True;local:False
260 36236 1 1 4
260 36236 2 1 4
260 36236 3 1 4
260 36236 4 1 4
260 36236 5 1 4
260 36236 6 1 4
260 36236 7 1 4
260 36236 8 1 4
260 36236 9 1 4
260 36236 10 1 4
!leg 24961 212911 10 0 1 attackers:24961;victims:212911;type:1;valid_origin:True;recurrent:False;local:False
24961 212911 1 1 0
24961 212911 2 1 0
24961 212911 3 1 0
24961 212911 4 1 0
24961 212911 5 1 0
24961 212911 6 1 0
24961 212911 7 1 0
24961 212911 8 1 0
24961 212911 9 1 0
24961 212911 10 1 0
!leg 36351 265684 10 0 1 attackers:36351;victims:265684;type:1;valid_origin:True;recurrent:False;local:True
36351 265684 1 1 0
36351 265684 2 1 0
36351 265684 3 1 0
36351 265684 4 1 0
36351 265684 5 1 0
36351 265684 6 1 0
36351 265684 7 1 0
36351 265684 8 1 0
36351 265684 9 1 0
36351 265684 10 1 0
!sus 50058 212789 0 10 7 attackers:50058;victims:212789;type:1;valid_origin:True;recurrent:True;local:False
50058 212789 1 0 7
50058 212789 2 0 7
50058 212789 3 0 7
50058 212789 4 0 7
50058 212789 5 0 7
50058 212789 6 0 7
50058 212789 7 0 7
50058 212789 8 0 7
50058 212789 9 0 7
50058 212789 10 0 7
!leg 21478 24961 10 0 1 attackers:24961;victims:21478;type:1;valid_origin:True;recurrent:False;local:False
21478 24961 1 1 0
21478 24961 2 1 0
21478 24961 3 1 0
21478 24961 4 1 0
21478 24961 5 1 0
21478 24961 6 1 0
21478 24961 7 1 0
21478 24961 8 1 0
21478 24961 9 1 0
21478 24961 10 1 0
!leg 28263 270586 10 0 1 attackers:28263;victims:270586;type:1;valid_origin:True;recurrent:False;local:False
28263 270586 1 1 0
28263 270586 2 1 0
28263 270586 3 1 0
28263 270586 4 1 0
28263 270586 5 1 0
28263 270586 6 1 0
28263 270586 7 1 0
28263 270586 8 1 0
28263 270586 9 1 0
28263 270586 10 1 0
!sus 51185 60840 6 4 1 attackers:51185;victims:60840;type:1;valid_origin:True;recurrent:True;local:True
51185 60840 1 0 1
51185 60840 2 0 1
51185 60840 3 0 1
51185 60840 4 0 1
51185 60840 5 1 0
51185 60840 6 1 0
51185 60840 7 1 0
51185 60840 8 1 0
51185 60840 9 1 0
51185 60840 10 1 0
!sus 265436 266166 7 3 1 attackers:266166;victims:265436;type:1;valid_origin:True;recurrent:True;local:False
265436 266166 1 0 1
265436 266166 2 0 1
265436 266166 3 1 0
265436 266166 4 1 0
265436 266166 5 0 1
265436 266166 6 1 0
265436 266166 7 1 0
265436 266166 8 1 0
265436 266166 9 1 0
265436 266166 10 1 0
!leg 50629 204333 10 0 1 attackers:50629;victims:202278;type:2;valid_origin:True;recurrent:False;local:True
50629 204333 1 1 0
50629 204333 2 1 0
50629 204333 3 1 0
50629 204333 4 1 0
50629 204333 5 1 0
50629 204333 6 1 0
50629 204333 7 1 0
50629 204333 8 1 0
50629 204333 9 1 0
50629 204333 10 1 0
!sus 141483 147224 0 10 21 attackers:147224;victims:141483;type:1;valid_origin:True;recurrent:True;local:False
141483 147224 1 1 20
141483 147224 2 1 20
141483 147224 3 1 20
141483 147224 4 1 20
141483 147224 5 1 20
141483 147224 6 1 20
141483 147224 7 1 20
141483 147224 8 1 20
141483 147224 9 1 20
141483 147224 10 1 20
!sus 34425 47787 1 9 14 attackers:47787;victims:34425;type:1;valid_origin:True;recurrent:True;local:False
34425 47787 1 5 9
34425 47787 2 1 13
34425 47787 3 5 9
34425 47787 4 4 10
34425 47787 5 5 9
34425 47787 6 2 12
34425 47787 7 9 5
34425 47787 8 2 12
34425 47787 9 1 13
34425 47787 10 5 9
!sus 13586 47449 1 9 18 attackers:47449;victims:13586;type:1;valid_origin:True;recurrent:True;local:False
13586 47449 1 18 0
13586 47449 2 1 17
13586 47449 3 1 17
13586 47449 4 5 13
13586 47449 5 1 17
13586 47449 6 1 17
13586 47449 7 1 17
13586 47449 8 1 17
13586 47449 9 1 17
13586 47449 10 1 17
!leg 24961 51402 10 0 3 attackers:24961;victims:12331,51402,212181;type:1,2;valid_origin:True;recurrent:False;local:False
24961 51402 1 3 0
24961 51402 2 3 0
24961 51402 3 3 0
24961 51402 4 3 0
24961 51402 5 3 0
24961 51402 6 3 0
24961 51402 7 3 0
24961 51402 8 3 0
24961 51402 9 3 0
24961 51402 10 3 0
!sus 45903 133210 6 4 1 attackers:133210;victims:45903;type:1;valid_origin:True;recurrent:True;local:False
45903 133210 1 0 1
45903 133210 2 0 1
45903 133210 3 0 1
45903 133210 4 0 1
45903 133210 5 1 0
45903 133210 6 1 0
45903 133210 7 1 0
45903 133210 8 1 0
45903 133210 9 1 0
45903 133210 10 1 0
!sus 17451 55518 0 10 1 attackers:55518;victims:17451;type:1;valid_origin:True;recurrent:True;local:False
17451 55518 1 0 1
17451 55518 2 0 1
17451 55518 3 0 1
17451 55518 4 0 1
17451 55518 5 0 1
17451 55518 6 0 1
17451 55518 7 0 1
17451 55518 8 0 1
17451 55518 9 0 1
17451 55518 10 0 1
!sus 29465 327814 3 7 265 attackers:29465;victims:327814;type:1;valid_origin:True;recurrent:True;local:False
29465 327814 1 15 250
29465 327814 2 47 218
29465 327814 3 141 124
29465 327814 4 97 168
29465 327814 5 72 193
29465 327814 6 59 206
29465 327814 7 162 103
29465 327814 8 85 180
29465 327814 9 114 151
29465 327814 10 147 118
!leg 60326 202348 10 0 1 attackers:60326;victims:202348;type:1;valid_origin:True;recurrent:False;local:True
60326 202348 1 1 0
60326 202348 2 1 0
60326 202348 3 1 0
60326 202348 4 1 0
60326 202348 5 1 0
60326 202348 6 1 0
60326 202348 7 1 0
60326 202348 8 1 0
60326 202348 9 1 0
60326 202348 10 1 0
!leg 50509 56634 10 0 1 attackers:50509;victims:56634;type:1;valid_origin:True;recurrent:False;local:False
50509 56634 1 1 0
50509 56634 2 1 0
50509 56634 3 1 0
50509 56634 4 1 0
50509 56634 5 1 0
50509 56634 6 1 0
50509 56634 7 1 0
50509 56634 8 1 0
50509 56634 9 1 0
50509 56634 10 1 0
!leg 28329 265952 10 0 175 attackers:28329;victims:265952;type:1;valid_origin:True;recurrent:False;local:False
28329 265952 1 175 0
28329 265952 2 175 0
28329 265952 3 175 0
28329 265952 4 175 0
28329 265952 5 175 0
28329 265952 6 175 0
28329 265952 7 175 0
28329 265952 8 175 0
28329 265952 9 175 0
28329 265952 10 175 0
!sus 4107 41007 4 6 127 attackers:41007;victims:41007;type:2;valid_origin:True;recurrent:False;local:False
4107 41007 1 127 0
4107 41007 2 126 1
4107 41007 3 59 68
4107 41007 4 111 16
4107 41007 5 26 101
4107 41007 6 96 31
4107 41007 7 27 100
4107 41007 8 28 99
4107 41007 9 36 91
4107 41007 10 63 64
!leg 8752 24961 10 0 1 attackers:24961;victims:8752;type:1;valid_origin:True;recurrent:False;local:False
8752 24961 1 1 0
8752 24961 2 1 0
8752 24961 3 1 0
8752 24961 4 1 0
8752 24961 5 1 0
8752 24961 6 1 0
8752 24961 7 1 0
8752 24961 8 1 0
8752 24961 9 1 0
8752 24961 10 1 0
!leg 19186 54527 10 0 1 attackers:54527;victims:19186;type:1;valid_origin:True;recurrent:False;local:False
19186 54527 1 1 0
19186 54527 2 1 0
19186 54527 3 1 0
19186 54527 4 1 0
19186 54527 5 1 0
19186 54527 6 1 0
19186 54527 7 1 0
19186 54527 8 1 0
19186 54527 9 1 0
19186 54527 10 1 0
!sus 3701 60326 1 9 2 attackers:3701;victims:60326,208884;type:1,2;valid_origin:True;recurrent:False;local:False
3701 60326 1 1 1
3701 60326 2 1 1
3701 60326 3 1 1
3701 60326 4 1 1
3701 60326 5 1 1
3701 60326 6 1 1
3701 60326 7 1 1
3701 60326 8 2 0
3701 60326 9 1 1
3701 60326 10 1 1
!sus 49981 399668 9 1 8 attackers:49981;victims:399668;type:1;valid_origin:True;recurrent:True;local:False
49981 399668 1 4 4
49981 399668 2 5 3
49981 399668 3 5 3
49981 399668 4 5 3
49981 399668 5 5 3
49981 399668 6 6 2
49981 399668 7 5 3
49981 399668 8 6 2
49981 399668 9 6 2
49981 399668 10 6 2
!sus 50058 202827 8 2 2 attackers:50058;victims:202827;type:1;valid_origin:True;recurrent:True;local:False
50058 202827 1 1 1
50058 202827 2 1 1
50058 202827 3 2 0
50058 202827 4 2 0
50058 202827 5 2 0
50058 202827 6 2 0
50058 202827 7 2 0
50058 202827 8 2 0
50058 202827 9 2 0
50058 202827 10 2 0
!leg 50629 212033 10 0 1 attackers:50629;victims:212033;type:1;valid_origin:True;recurrent:False;local:True
50629 212033 1 1 0
50629 212033 2 1 0
50629 212033 3 1 0
50629 212033 4 1 0
50629 212033 5 1 0
50629 212033 6 1 0
50629 212033 7 1 0
50629 212033 8 1 0
50629 212033 9 1 0
50629 212033 10 1 0
!sus 40583 64034 0 10 136 attackers:40583;victims:64034;type:1;valid_origin:False;recurrent:True;local:False
40583 64034 1 0 136
40583 64034 2 0 136
40583 64034 3 0 136
40583 64034 4 0 136
40583 64034 5 0 136
40583 64034 6 0 136
40583 64034 7 0 136
40583 64034 8 0 136
40583 64034 9 0 136
40583 64034 10 0 136
!leg 263443 266460 10 0 167 attackers:266460;victims:263443;type:1;valid_origin:True;recurrent:False;local:False
263443 266460 1 167 0
263443 266460 2 167 0
263443 266460 3 167 0
263443 266460 4 167 0
263443 266460 5 167 0
263443 266460 6 167 0
263443 266460 7 167 0
263443 266460 8 167 0
263443 266460 9 167 0
263443 266460 10 167 0
!sus 7018 399492 8 2 6 attackers:7018;victims:399492;type:1;valid_origin:True;recurrent:True;local:False
7018 399492 1 4 2
7018 399492 2 4 2
7018 399492 3 4 2
7018 399492 4 4 2
7018 399492 5 4 2
7018 399492 6 4 2
7018 399492 7 3 3
7018 399492 8 2 4
7018 399492 9 4 2
7018 399492 10 4 2
!sus 138208 149295 0 10 556 attackers:149295;victims:138208;type:1;valid_origin:True;recurrent:True;local:False
138208 149295 1 16 540
138208 149295 2 16 540
138208 149295 3 16 540
138208 149295 4 19 537
138208 149295 5 21 535
138208 149295 6 20 536
138208 149295 7 20 536
138208 149295 8 25 531
138208 149295 9 21 535
138208 149295 10 36 520
!sus 4787 139341 0 10 56 attackers:4787;victims:139341;type:1;valid_origin:True;recurrent:True;local:False
4787 139341 1 0 56
4787 139341 2 0 56
4787 139341 3 0 56
4787 139341 4 0 56
4787 139341 5 0 56
4787 139341 6 0 56
4787 139341 7 0 56
4787 139341 8 0 56
4787 139341 9 0 56
4787 139341 10 0 56
!sus 2914 268551 9 1 5 attackers:2914;victims:268551;type:1;valid_origin:True;recurrent:True;local:False
2914 268551 1 2 3
2914 268551 2 3 2
2914 268551 3 4 1
2914 268551 4 4 1
2914 268551 5 4 1
2914 268551 6 4 1
2914 268551 7 4 1
2914 268551 8 4 1
2914 268551 9 4 1
2914 268551 10 4 1
!sus 132372 149440 8 2 5 attackers:132372;victims:149440;type:1;valid_origin:True;recurrent:True;local:False
132372 149440 1 2 3
132372 149440 2 2 3
132372 149440 3 3 2
132372 149440 4 3 2
132372 149440 5 3 2
132372 149440 6 3 2
132372 149440 7 5 0
132372 149440 8 3 2
132372 149440 9 5 0
132372 149440 10 5 0
!leg 136558 149876 10 0 126 attackers:149876;victims:136558;type:1;valid_origin:True;recurrent:False;local:False
136558 149876 1 126 0
136558 149876 2 126 0
136558 149876 3 126 0
136558 149876 4 126 0
136558 149876 5 126 0
136558 149876 6 126 0
136558 149876 7 126 0
136558 149876 8 126 0
136558 149876 9 126 0
136558 149876 10 126 0
!sus 34309 43100 8 2 2 attackers:34309;victims:199422,199813;type:2,3;valid_origin:True;recurrent:False;local:False
34309 43100 1 0 2
34309 43100 2 1 1
34309 43100 3 2 0
34309 43100 4 2 0
34309 43100 5 2 0
34309 43100 6 2 0
34309 43100 7 2 0
34309 43100 8 2 0
34309 43100 9 2 0
34309 43100 10 2 0
!leg 264032 265130 10 0 96 attackers:265130;victims:264032;type:1;valid_origin:True;recurrent:False;local:False
264032 265130 1 96 0
264032 265130 2 96 0
264032 265130 3 96 0
264032 265130 4 96 0
264032 265130 5 96 0
264032 265130 6 96 0
264032 265130 7 96 0
264032 265130 8 96 0
264032 265130 9 96 0
264032 265130 10 96 0
!sus 263582 266916 0 10 23 attackers:263582;victims:266916;type:1;valid_origin:True;recurrent:True;local:False
263582 266916 1 0 23
263582 266916 2 0 23
263582 266916 3 0 23
263582 266916 4 0 23
263582 266916 5 0 23
263582 266916 6 0 23
263582 266916 7 0 23
263582 266916 8 0 23
263582 266916 9 0 23
263582 266916 10 1 22
!leg 45489 50597 10 0 1 attackers:45489;victims:48407;type:2;valid_origin:True;recurrent:False;local:True
45489 50597 1 1 0
45489 50597 2 1 0
45489 50597 3 1 0
45489 50597 4 1 0
45489 50597 5 1 0
45489 50597 6 1 0
45489 50597 7 1 0
45489 50597 8 1 0
45489 50597 9 1 0
45489 50597 10 1 0
!leg 44103 205329 10 0 1 attackers:44103;victims:205329;type:1;valid_origin:True;recurrent:False;local:False
44103 205329 1 1 0
44103 205329 2 1 0
44103 205329 3 1 0
44103 205329 4 1 0
44103 205329 5 1 0
44103 205329 6 1 0
44103 205329 7 1 0
44103 205329 8 1 0
44103 205329 9 1 0
44103 205329 10 1 0
!sus 271799 272070 0 10 80 attackers:272070;victims:271799;type:1;valid_origin:True;recurrent:True;local:False
271799 272070 1 0 80
271799 272070 2 0 80
271799 272070 3 0 80
271799 272070 4 0 80
271799 272070 5 0 80
271799 272070 6 0 80
271799 272070 7 0 80
271799 272070 8 0 80
271799 272070 9 0 80
271799 272070 10 0 80
!leg 24961 39180 10 0 1 attackers:24961;victims:39180;type:1;valid_origin:True;recurrent:False;local:False
24961 39180 1 1 0
24961 39180 2 1 0
24961 39180 3 1 0
24961 39180 4 1 0
24961 39180 5 1 0
24961 39180 6 1 0
24961 39180 7 1 0
24961 39180 8 1 0
24961 39180 9 1 0
24961 39180 10 1 0
!sus 24203 139057 4 6 20 attackers:24203;victims:139057;type:1;valid_origin:True;recurrent:True;local:False
24203 139057 1 0 20
24203 139057 2 4 16
24203 139057 3 4 16
24203 139057 4 7 13
24203 139057 5 19 1
24203 139057 6 8 12
24203 139057 7 8 12
24203 139057 8 18 2
24203 139057 9 11 9
24203 139057 10 20 0
!leg 50629 209148 10 0 1 attackers:50629;victims:209148;type:1;valid_origin:True;recurrent:False;local:True
50629 209148 1 1 0
50629 209148 2 1 0
50629 209148 3 1 0
50629 209148 4 1 0
50629 209148 5 1 0
50629 209148 6 1 0
50629 209148 7 1 0
50629 209148 8 1 0
50629 209148 9 1 0
50629 209148 10 1 0
!leg 15606 24961 10 0 1 attackers:24961;victims:15606;type:1;valid_origin:True;recurrent:False;local:False
15606 24961 1 1 0
15606 24961 2 1 0
15606 24961 3 1 0
15606 24961 4 1 0
15606 24961 5 1 0
15606 24961 6 1 0
15606 24961 7 1 0
15606 24961 8 1 0
15606 24961 9 1 0
15606 24961 10 1 0
!leg 34872 394625 10 0 1 attackers:34872;victims:266671;type:2;valid_origin:True;recurrent:False;local:False
34872 394625 1 1 0
34872 394625 2 1 0
34872 394625 3 1 0
34872 394625 4 1 0
34872 394625 5 1 0
34872 394625 6 1 0
34872 394625 7 1 0
34872 394625 8 1 0
34872 394625 9 1 0
34872 394625 10 1 0
!sus 47158 57416 5 5 548 attackers:47158;victims:57416;type:1;valid_origin:False;recurrent:True;local:False
47158 57416 1 80 468
47158 57416 2 146 402
47158 57416 3 205 343
47158 57416 4 234 314
47158 57416 5 240 308
47158 57416 6 336 212
47158 57416 7 301 247
47158 57416 8 282 266
47158 57416 9 378 170
47158 57416 10 449 99
!sus 3491 36955 9 1 896 attackers:3491;victims:36955,328866;type:1,2;valid_origin:True;recurrent:True;local:False
3491 36955 1 246 650
3491 36955 2 748 148
3491 36955 3 798 98
3491 36955 4 803 93
3491 36955 5 798 98
3491 36955 6 800 96
3491 36955 7 841 55
3491 36955 8 841 55
3491 36955 9 835 61
3491 36955 10 871 25
!leg 328112 328562 10 0 1 attackers:328112;victims:328704;type:2;valid_origin:True;recurrent:False;local:False
328112 328562 1 1 0
328112 328562 2 1 0
328112 328562 3 1 0
328112 328562 4 1 0
328112 328562 5 1 0
328112 328562 6 1 0
328112 328562 7 1 0
328112 328562 8 1 0
328112 328562 9 1 0
328112 328562 10 1 0
!sus 13335 37105 2 8 115 attackers:37105;victims:13335;type:1;valid_origin:True;recurrent:True;local:False
13335 37105 1 0 115
13335 37105 2 0 115
13335 37105 3 2 113
13335 37105 4 8 107
13335 37105 5 9 106
13335 37105 6 27 88
13335 37105 7 37 78
13335 37105 8 72 43
13335 37105 9 56 59
13335 37105 10 83 32
!leg 6663 21019 10 0 1 attackers:6663;victims:21019;type:1;valid_origin:True;recurrent:False;local:False
6663 21019 1 1 0
6663 21019 2 1 0
6663 21019 3 1 0
6663 21019 4 1 0
6663 21019 5 1 0
6663 21019 6 1 0
6663 21019 7 1 0
6663 21019 8 1 0
6663 21019 9 1 0
6663 21019 10 1 0
!sus 55492 150178 1 9 499 attackers:150178;victims:55492;type:1;valid_origin:True;recurrent:True;local:False
55492 150178 1 1 498
55492 150178 2 2 497
55492 150178 3 10 489
55492 150178 4 21 478
55492 150178 5 23 476
55492 150178 6 15 484
55492 150178 7 112 387
55492 150178 8 24 475
55492 150178 9 86 413
55492 150178 10 294 205
!sus 47449 202736 2 8 16 attackers:47449;victims:202736;type:1;valid_origin:True;recurrent:True;local:False
47449 202736 1 16 0
47449 202736 2 1 15
47449 202736 3 16 0
47449 202736 4 6 10
47449 202736 5 1 15
47449 202736 6 1 15
47449 202736 7 1 15
47449 202736 8 1 15
47449 202736 9 1 15
47449 202736 10 1 15
!leg 34927 203619 10 0 277 attackers:34927;victims:203619;type:1,3,4,5;valid_origin:True;recurrent:False;local:False
34927 203619 1 253 24
34927 203619 2 254 23
34927 203619 3 256 21
34927 203619 4 273 4
34927 203619 5 277 0
34927 203619 6 277 0
34927 203619 7 277 0
34927 203619 8 277 0
34927 203619 9 277 0
34927 203619 10 277 0
!sus 2871 47692 1 9 9 attackers:47692;victims:47692;type:2;valid_origin:True;recurrent:True;local:False
2871 47692 1 9 0
2871 47692 2 1 8
2871 47692 3 1 8
2871 47692 4 1 8
2871 47692 5 1 8
2871 47692 6 1 8
2871 47692 7 1 8
2871 47692 8 1 8
2871 47692 9 1 8
2871 47692 10 1 8
!sus 46449 395963 0 10 7 attackers:46449;victims:395963;type:1;valid_origin:True;recurrent:True;local:False
46449 395963 1 0 7
46449 395963 2 0 7
46449 395963 3 0 7
46449 395963 4 0 7
46449 395963 5 0 7
46449 395963 6 0 7
46449 395963 7 0 7
46449 395963 8 0 7
46449 395963 9 0 7
46449 395963 10 0 7
!sus 57695 209584 9 1 12 attackers:57695;victims:209584;type:1;valid_origin:True;recurrent:True;local:False
57695 209584 1 4 8
57695 209584 2 11 1
57695 209584 3 12 0
57695 209584 4 12 0
57695 209584 5 12 0
57695 209584 6 12 0
57695 209584 7 12 0
57695 209584 8 12 0
57695 209584 9 12 0
57695 209584 10 12 0
!leg 7018 46196 10 0 298 attackers:7018;victims:46196;type:1;valid_origin:True;recurrent:False;local:False
7018 46196 1 279 19
7018 46196 2 286 12
7018 46196 3 280 18
7018 46196 4 285 13
7018 46196 5 295 3
7018 46196 6 286 12
7018 46196 7 284 14
7018 46196 8 289 9
7018 46196 9 284 14
7018 46196 10 291 7
!leg 61745 137409 10 0 4 attackers:137409;victims:52540,61745,263373;type:1,2;valid_origin:True;recurrent:False;local:False
61745 137409 1 4 0
61745 137409 2 4 0
61745 137409 3 4 0
61745 137409 4 4 0
61745 137409 5 4 0
61745 137409 6 4 0
61745 137409 7 4 0
61745 137409 8 4 0
61745 137409 9 4 0
61745 137409 10 4 0
!leg 53828 62538 10 0 1 attackers:53828;victims:62538;type:1;valid_origin:True;recurrent:False;local:True
53828 62538 1 1 0
53828 62538 2 1 0
53828 62538 3 1 0
53828 62538 4 1 0
53828 62538 5 1 0
53828 62538 6 1 0
53828 62538 7 1 0
53828 62538 8 1 0
53828 62538 9 1 0
53828 62538 10 1 0
!leg 15101 21949 10 0 115 attackers:21949;victims:15101;type:1;valid_origin:False;recurrent:False;local:False
15101 21949 1 115 0
15101 21949 2 115 0
15101 21949 3 115 0
15101 21949 4 115 0
15101 21949 5 115 0
15101 21949 6 115 0
15101 21949 7 115 0
15101 21949 8 115 0
15101 21949 9 115 0
15101 21949 10 115 0
!leg 32934 34309 10 0 1 attackers:34309;victims:32934;type:1;valid_origin:True;recurrent:False;local:False
32934 34309 1 1 0
32934 34309 2 1 0
32934 34309 3 1 0
32934 34309 4 1 0
32934 34309 5 1 0
32934 34309 6 1 0
32934 34309 7 1 0
32934 34309 8 1 0
32934 34309 9 1 0
32934 34309 10 1 0
!sus 139317 149163 0 10 14 attackers:139317;victims:149163;type:1;valid_origin:True;recurrent:True;local:False
139317 149163 1 2 12
139317 149163 2 2 12
139317 149163 3 2 12
139317 149163 4 2 12
139317 149163 5 2 12
139317 149163 6 2 12
139317 149163 7 2 12
139317 149163 8 2 12
139317 149163 9 7 7
139317 149163 10 2 12
!leg 2495 14570 10 0 1 attackers:14570;victims:15116;type:2;valid_origin:True;recurrent:False;local:False
2495 14570 1 1 0
2495 14570 2 1 0
2495 14570 3 1 0
2495 14570 4 1 0
2495 14570 5 1 0
2495 14570 6 1 0
2495 14570 7 1 0
2495 14570 8 1 0
2495 14570 9 1 0
2495 14570 10 1 0
!sus 43440 204615 5 5 11 attackers:43440;victims:204615;type:1;valid_origin:True;recurrent:True;local:False
43440 204615 1 0 11
43440 204615 2 0 11
43440 204615 3 4 7
43440 204615 4 0 11
43440 204615 5 2 9
43440 204615 6 11 0
43440 204615 7 11 0
43440 204615 8 10 1
43440 204615 9 11 0
43440 204615 10 11 0
!sus 40264 46810 0 10 6 attackers:40264;victims:46810;type:1;valid_origin:True;recurrent:True;local:False
40264 46810 1 0 6
40264 46810 2 0 6
40264 46810 3 0 6
40264 46810 4 0 6
40264 46810 5 0 6
40264 46810 6 0 6
40264 46810 7 0 6
40264 46810 8 0 6
40264 46810 9 0 6
40264 46810 10 0 6
!leg 52320 52729 10 0 10 attackers:52729;victims:270845;type:3;valid_origin:True;recurrent:False;local:False
52320 52729 1 10 0
52320 52729 2 10 0
52320 52729 3 10 0
52320 52729 4 10 0
52320 52729 5 10 0
52320 52729 6 10 0
52320 52729 7 10 0
52320 52729 8 10 0
52320 52729 9 10 0
52320 52729 10 10 0
!leg 7552 54994 10 0 18 attackers:7552;victims:54994;type:1;valid_origin:True;recurrent:True;local:False
7552 54994 1 11 7
7552 54994 2 13 5
7552 54994 3 14 4
7552 54994 4 13 5
7552 54994 5 18 0
7552 54994 6 18 0
7552 54994 7 18 0
7552 54994 8 18 0
7552 54994 9 18 0
7552 54994 10 18 0
!sus 6718 58057 0 10 24 attackers:6718;victims:58057;type:1;valid_origin:False;recurrent:True;local:False
6718 58057 1 0 24
6718 58057 2 0 24
6718 58057 3 0 24
6718 58057 4 0 24
6718 58057 5 0 24
6718 58057 6 0 24
6718 58057 7 0 24
6718 58057 8 0 24
6718 58057 9 0 24
6718 58057 10 0 24
!leg 50629 213092 10 0 1 attackers:50629;victims:213092;type:1;valid_origin:True;recurrent:False;local:True
50629 213092 1 1 0
50629 213092 2 1 0
50629 213092 3 1 0
50629 213092 4 1 0
50629 213092 5 1 0
50629 213092 6 1 0
50629 213092 7 1 0
50629 213092 8 1 0
50629 213092 9 1 0
50629 213092 10 1 0
!sus 13559 205663 0 10 10 attackers:13559;victims:205663;type:1;valid_origin:True;recurrent:True;local:False
13559 205663 1 0 10
13559 205663 2 0 10
13559 205663 3 0 10
13559 205663 4 0 10
13559 205663 5 0 10
13559 205663 6 0 10
13559 205663 7 0 10
13559 205663 8 0 10
13559 205663 9 0 10
13559 205663 10 2 8
!leg 139317 202939 10 0 1 attackers:139317;victims:202939;type:1;valid_origin:True;recurrent:False;local:True
139317 202939 1 1 0
139317 202939 2 1 0
139317 202939 3 1 0
139317 202939 4 1 0
139317 202939 5 1 0
139317 202939 6 1 0
139317 202939 7 1 0
139317 202939 8 1 0
139317 202939 9 1 0
139317 202939 10 1 0
!leg 4637 54092 10 0 66 attackers:4637;victims:54092;type:1;valid_origin:True;recurrent:False;local:False
4637 54092 1 66 0
4637 54092 2 66 0
4637 54092 3 66 0
4637 54092 4 66 0
4637 54092 5 66 0
4637 54092 6 66 0
4637 54092 7 66 0
4637 54092 8 66 0
4637 54092 9 66 0
4637 54092 10 66 0
!leg 12611 50629 10 0 13 attackers:50629;victims:57684,41307,208819,29008,35388,20902,64396,212989,12611,204796,204897,13012,31671;type:1,2,3,4;valid_origin:True;recurrent:False;local:True
12611 50629 1 13 0
12611 50629 2 13 0
12611 50629 3 13 0
12611 50629 4 13 0
12611 50629 5 13 0
12611 50629 6 13 0
12611 50629 7 13 0
12611 50629 8 13 0
12611 50629 9 13 0
12611 50629 10 13 0
!leg 132159 137532 10 0 535 attackers:137532;victims:132159;type:1;valid_origin:True;recurrent:False;local:False
132159 137532 1 531 4
132159 137532 2 534 1
132159 137532 3 513 22
132159 137532 4 535 0
132159 137532 5 425 110
132159 137532 6 535 0
132159 137532 7 535 0
132159 137532 8 535 0
132159 137532 9 534 1
132159 137532 10 534 1
!sus 29182 43114 0 10 25 attackers:29182;victims:43114;type:1;valid_origin:True;recurrent:True;local:False
29182 43114 1 6 19
29182 43114 2 6 19
29182 43114 3 9 16
29182 43114 4 7 18
29182 43114 5 10 15
29182 43114 6 8 17
29182 43114 7 7 18
29182 43114 8 9 16
29182 43114 9 10 15
29182 43114 10 8 17
!leg 34872 51402 10 0 1 attackers:34872;victims:12331;type:2;valid_origin:True;recurrent:False;local:False
34872 51402 1 1 0
34872 51402 2 1 0
34872 51402 3 1 0
34872 51402 4 1 0
34872 51402 5 1 0
34872 51402 6 1 0
34872 51402 7 1 0
34872 51402 8 1 0
34872 51402 9 1 0
34872 51402 10 1 0
!sus 26 267242 5 5 295 attackers:267242;victims:267242;type:2;valid_origin:True;recurrent:True;local:False
26 267242 1 295 0
26 267242 2 295 0
26 267242 3 175 120
26 267242 4 292 3
26 267242 5 6 289
26 267242 6 31 264
26 267242 7 7 288
26 267242 8 98 197
26 267242 9 68 227
26 267242 10 148 147
!sus 60326 212154 1 9 15 attackers:60326;victims:212154;type:1;valid_origin:True;recurrent:True;local:False
60326 212154 1 0 15
60326 212154 2 0 15
60326 212154 3 0 15
60326 212154 4 1 14
60326 212154 5 0 15
60326 212154 6 4 11
60326 212154 7 8 7
60326 212154 8 0 15
60326 212154 9 7 8
60326 212154 10 6 9
!sus 394548 400559 0 10 8 attackers:394548;victims:400559;type:1;valid_origin:True;recurrent:True;local:False
394548 400559 1 0 8
394548 400559 2 0 8
394548 400559 3 0 8
394548 400559 4 0 8
394548 400559 5 0 8
394548 400559 6 0 8
394548 400559 7 0 8
394548 400559 8 0 8
394548 400559 9 0 8
394548 400559 10 0 8
!sus 33182 262603 9 1 10 attackers:33182;victims:262603;type:1;valid_origin:True;recurrent:True;local:False
33182 262603 1 1 9
33182 262603 2 6 4
33182 262603 3 7 3
33182 262603 4 9 1
33182 262603 5 9 1
33182 262603 6 9 1
33182 262603 7 10 0
33182 262603 8 10 0
33182 262603 9 10 0
33182 262603 10 10 0
!leg 6939 37491 10 0 10 attackers:6939;victims:37491;type:1;valid_origin:True;recurrent:False;local:False
6939 37491 1 10 0
6939 37491 2 10 0
6939 37491 3 10 0
6939 37491 4 10 0
6939 37491 5 10 0
6939 37491 6 10 0
6939 37491 7 10 0
6939 37491 8 10 0
6939 37491 9 10 0
6939 37491 10 10 0
!sus 24429 269506 5 5 18 attackers:24429;victims:269506;type:1;valid_origin:True;recurrent:True;local:False
24429 269506 1 3 15
24429 269506 2 6 12
24429 269506 3 5 13
24429 269506 4 1 17
24429 269506 5 17 1
24429 269506 6 16 2
24429 269506 7 14 4
24429 269506 8 14 4
24429 269506 9 9 9
24429 269506 10 13 5
!sus 2 136319 0 10 9 attackers:136319;victims:2;type:1;valid_origin:True;recurrent:True;local:False
2 136319 1 0 9
2 136319 2 0 9
2 136319 3 0 9
2 136319 4 0 9
2 136319 5 0 9
2 136319 6 0 9
2 136319 7 0 9
2 136319 8 0 9
2 136319 9 0 9
2 136319 10 0 9
!sus 138257 141268 0 10 24 attackers:138257;victims:141268;type:1;valid_origin:True;recurrent:True;local:False
138257 141268 1 0 24
138257 141268 2 0 24
138257 141268 3 0 24
138257 141268 4 0 24
138257 141268 5 0 24
138257 141268 6 0 24
138257 141268 7 0 24
138257 141268 8 0 24
138257 141268 9 0 24
138257 141268 10 0 24
!sus 204363 205719 0 10 497 attackers:205719;victims:204363;type:1;valid_origin:True;recurrent:False;local:False
204363 205719 1 5 492
204363 205719 2 8 489
204363 205719 3 16 481
204363 205719 4 14 483
204363 205719 5 32 465
204363 205719 6 33 464
204363 205719 7 31 466
204363 205719 8 35 462
204363 205719 9 31 466
204363 205719 10 34 463
!sus 262607 267467 0 10 52 attackers:267467;victims:262607;type:1;valid_origin:True;recurrent:True;local:False
262607 267467 1 1 51
262607 267467 2 2 50
262607 267467 3 3 49
262607 267467 4 4 48
262607 267467 5 5 47
262607 267467 6 7 45
262607 267467 7 5 47
262607 267467 8 15 37
262607 267467 9 12 40
262607 267467 10 10 42
!sus 13335 57344 0 10 31 attackers:57344;victims:13335;type:1;valid_origin:True;recurrent:True;local:False
13335 57344 1 7 24
13335 57344 2 7 24
13335 57344 3 7 24
13335 57344 4 9 22
13335 57344 5 7 24
13335 57344 6 9 22
13335 57344 7 9 22
13335 57344 8 9 22
13335 57344 9 10 21
13335 57344 10 9 22
!sus 44570 400304 0 10 22 attackers:400304;victims:44570;type:1;valid_origin:True;recurrent:True;local:False
44570 400304 1 0 22
44570 400304 2 0 22
44570 400304 3 0 22
44570 400304 4 0 22
44570 400304 5 0 22
44570 400304 6 0 22
44570 400304 7 0 22
44570 400304 8 0 22
44570 400304 9 0 22
44570 400304 10 0 22
!sus 136238 150125 0 10 11 attackers:136238;victims:150125;type:1;valid_origin:True;recurrent:True;local:False
136238 150125 1 0 11
136238 150125 2 0 11
136238 150125 3 1 10
136238 150125 4 0 11
136238 150125 5 0 11
136238 150125 6 0 11
136238 150125 7 0 11
136238 150125 8 0 11
136238 150125 9 2 9
136238 150125 10 2 9
!leg 20764 61745 10 0 1 attackers:20764;victims:263373;type:2;valid_origin:True;recurrent:False;local:False
20764 61745 1 1 0
20764 61745 2 1 0
20764 61745 3 1 0
20764 61745 4 1 0
20764 61745 5 1 0
20764 61745 6 1 0
20764 61745 7 1 0
20764 61745 8 1 0
20764 61745 9 1 0
20764 61745 10 1 0
!sus 17408 58779 0 10 9 attackers:58779;victims:17408;type:1;valid_origin:True;recurrent:True;local:False
17408 58779 1 1 8
17408 58779 2 1 8
17408 58779 3 1 8
17408 58779 4 1 8
17408 58779 5 1 8
17408 58779 6 1 8
17408 58779 7 1 8
17408 58779 8 1 8
17408 58779 9 1 8
17408 58779 10 1 8
!sus 52104 61960 7 3 7 attackers:61960;victims:52104;type:1;valid_origin:True;recurrent:True;local:False
52104 61960 1 6 1
52104 61960 2 5 2
52104 61960 3 0 7
52104 61960 4 6 1
52104 61960 5 0 7
52104 61960 6 6 1
52104 61960 7 6 1
52104 61960 8 5 2
52104 61960 9 3 4
52104 61960 10 5 2
!leg 22356 52704 10 0 2 attackers:22356;victims:52704;type:1;valid_origin:True;recurrent:False;local:False
22356 52704 1 2 0
22356 52704 2 2 0
22356 52704 3 2 0
22356 52704 4 2 0
22356 52704 5 2 0
22356 52704 6 2 0
22356 52704 7 2 0
22356 52704 8 2 0
22356 52704 9 2 0
22356 52704 10 2 0
!leg 7721 202939 10 0 1 attackers:7721;victims:202939;type:1;valid_origin:True;recurrent:False;local:True
7721 202939 1 1 0
7721 202939 2 1 0
7721 202939 3 1 0
7721 202939 4 1 0
7721 202939 5 1 0
7721 202939 6 1 0
7721 202939 7 1 0
7721 202939 8 1 0
7721 202939 9 1 0
7721 202939 10 1 0
!sus 3249 196785 0 10 112 attackers:3249;victims:196785;type:1;valid_origin:True;recurrent:True;local:False
3249 196785 1 0 112
3249 196785 2 0 112
3249 196785 3 0 112
3249 196785 4 0 112
3249 196785 5 7 105
3249 196785 6 0 112
3249 196785 7 0 112
3249 196785 8 3 109
3249 196785 9 46 66
3249 196785 10 43 69
!leg 53828 60326 10 0 1 attackers:53828;victims:60326;type:1;valid_origin:True;recurrent:False;local:True
53828 60326 1 1 0
53828 60326 2 1 0
53828 60326 3 1 0
53828 60326 4 1 0
53828 60326 5 1 0
53828 60326 6 1 0
53828 60326 7 1 0
53828 60326 8 1 0
53828 60326 9 1 0
53828 60326 10 1 0
!sus 13559 202256 3 7 281 attackers:13559;victims:202256;type:1;valid_origin:True;recurrent:False;local:False
13559 202256 1 12 269
13559 202256 2 20 261
13559 202256 3 26 255
13559 202256 4 32 249
13559 202256 5 57 224
13559 202256 6 57 224
13559 202256 7 99 182
13559 202256 8 159 122
13559 202256 9 242 39
13559 202256 10 258 23
!sus 44570 203040 0 10 13 attackers:44570;victims:203040;type:1;valid_origin:False;recurrent:True;local:False
44570 203040 1 0 13
44570 203040 2 0 13
44570 203040 3 0 13
44570 203040 4 0 13
44570 203040 5 0 13
44570 203040 6 0 13
44570 203040 7 0 13
44570 203040 8 0 13
44570 203040 9 0 13
44570 203040 10 0 13
!sus 11814 20473 8 2 3 attackers:11814;victims:395938;type:2;valid_origin:True;recurrent:True;local:False
11814 20473 1 1 2
11814 20473 2 1 2
11814 20473 3 2 1
11814 20473 4 3 0
11814 20473 5 3 0
11814 20473 6 3 0
11814 20473 7 3 0
11814 20473 8 3 0
11814 20473 9 3 0
11814 20473 10 3 0
!leg 2018 263903 10 0 7 attackers:263903;victims:2018;type:1;valid_origin:True;recurrent:False;local:False
2018 263903 1 7 0
2018 263903 2 7 0
2018 263903 3 7 0
2018 263903 4 7 0
2018 263903 5 7 0
2018 263903 6 7 0
2018 263903 7 7 0
2018 263903 8 7 0
2018 263903 9 7 0
2018 263903 10 7 0
!sus 268072 270393 0 10 4 attackers:270393;victims:268072;type:1;valid_origin:True;recurrent:True;local:False
268072 270393 1 0 4
268072 270393 2 0 4
268072 270393 3 0 4
268072 270393 4 0 4
268072 270393 5 0 4
268072 270393 6 0 4
268072 270393 7 0 4
268072 270393 8 0 4
268072 270393 9 0 4
268072 270393 10 0 4
!leg 30844 327787 10 0 102 attackers:30844;victims:327787;type:1;valid_origin:True;recurrent:False;local:False
30844 327787 1 102 0
30844 327787 2 102 0
30844 327787 3 102 0
30844 327787 4 102 0
30844 327787 5 102 0
30844 327787 6 102 0
30844 327787 7 102 0
30844 327787 8 102 0
30844 327787 9 102 0
30844 327787 10 102 0
!leg 44306 60823 10 0 6 attackers:60823;victims:43608;type:2;valid_origin:True;recurrent:False;local:False
44306 60823 1 6 0
44306 60823 2 6 0
44306 60823 3 6 0
44306 60823 4 6 0
44306 60823 5 6 0
44306 60823 6 6 0
44306 60823 7 6 0
44306 60823 8 6 0
44306 60823 9 6 0
44306 60823 10 6 0
!sus 6830 52468 8 2 1 attackers:6830;victims:267478;type:2;valid_origin:True;recurrent:True;local:False
6830 52468 1 0 1
6830 52468 2 0 1
6830 52468 3 1 0
6830 52468 4 1 0
6830 52468 5 1 0
6830 52468 6 1 0
6830 52468 7 1 0
6830 52468 8 1 0
6830 52468 9 1 0
6830 52468 10 1 0
!sus 5377 37101 0 10 9 attackers:5377;victims:37101;type:1;valid_origin:True;recurrent:True;local:False
5377 37101 1 0 9
5377 37101 2 0 9
5377 37101 3 0 9
5377 37101 4 0 9
5377 37101 5 0 9
5377 37101 6 0 9
5377 37101 7 0 9
5377 37101 8 0 9
5377 37101 9 0 9
5377 37101 10 0 9
!sus 400317 4000317 6 4 9 attackers:400317;victims:400317;type:2;valid_origin:True;recurrent:True;local:False
400317 4000317 1 9 0
400317 4000317 2 9 0
400317 4000317 3 1 8
400317 4000317 4 9 0
400317 4000317 5 9 0
400317 4000317 6 7 2
400317 4000317 7 0 9
400317 4000317 8 0 9
400317 4000317 9 8 1
400317 4000317 10 1 8
!sus 262589 396356 9 1 23 attackers:262589;victims:396356;type:1;valid_origin:True;recurrent:True;local:False
262589 396356 1 7 16
262589 396356 2 12 11
262589 396356 3 15 8
262589 396356 4 21 2
262589 396356 5 21 2
262589 396356 6 21 2
262589 396356 7 21 2
262589 396356 8 22 1
262589 396356 9 22 1
262589 396356 10 22 1
!sus 6939 30130 0 10 1 attackers:6939;victims:3557;type:2;valid_origin:True;recurrent:True;local:False
6939 30130 1 0 1
6939 30130 2 0 1
6939 30130 3 0 1
6939 30130 4 0 1
6939 30130 5 0 1
6939 30130 6 0 1
6939 30130 7 0 1
6939 30130 8 0 1
6939 30130 9 0 1
6939 30130 10 0 1
!leg 22442 400782 10 0 112 attackers:22442;victims:400782;type:1;valid_origin:False;recurrent:False;local:False
22442 400782 1 112 0
22442 400782 2 112 0
22442 400782 3 112 0
22442 400782 4 112 0
22442 400782 5 112 0
22442 400782 6 112 0
22442 400782 7 112 0
22442 400782 8 112 0
22442 400782 9 112 0
22442 400782 10 112 0
!sus 22356 204035 5 5 2 attackers:22356;victims:213105;type:3;valid_origin:True;recurrent:True;local:False
22356 204035 1 0 2
22356 204035 2 0 2
22356 204035 3 0 2
22356 204035 4 0 2
22356 204035 5 1 1
22356 204035 6 2 0
22356 204035 7 2 0
22356 204035 8 2 0
22356 204035 9 2 0
22356 204035 10 2 0
!leg 24961 32590 10 0 1 attackers:24961;victims:32590;type:1;valid_origin:True;recurrent:False;local:False
24961 32590 1 1 0
24961 32590 2 1 0
24961 32590 3 1 0
24961 32590 4 1 0
24961 32590 5 1 0
24961 32590 6 1 0
24961 32590 7 1 0
24961 32590 8 1 0
24961 32590 9 1 0
24961 32590 10 1 0
!sus 149522 150314 0 10 121 attackers:149522;victims:150314;type:1;valid_origin:True;recurrent:True;local:False
149522 150314 1 0 121
149522 150314 2 0 121
149522 150314 3 0 121
149522 150314 4 0 121
149522 150314 5 0 121
149522 150314 6 0 121
149522 150314 7 0 121
149522 150314 8 0 121
149522 150314 9 0 121
149522 150314 10 0 121
!sus 63293 141864 0 10 151 attackers:141864;victims:63293;type:1;valid_origin:True;recurrent:True;local:False
63293 141864 1 0 151
63293 141864 2 0 151
63293 141864 3 0 151
63293 141864 4 0 151
63293 141864 5 0 151
63293 141864 6 0 151
63293 141864 7 0 151
63293 141864 8 0 151
63293 141864 9 0 151
63293 141864 10 0 151
!sus 131279 205719 7 3 173 attackers:131279,205719;victims:204363;type:2;valid_origin:True;recurrent:False;local:False
131279 205719 1 173 0
131279 205719 2 173 0
131279 205719 3 26 147
131279 205719 4 173 0
131279 205719 5 31 142
131279 205719 6 173 0
131279 205719 7 79 94
131279 205719 8 107 66
131279 205719 9 106 67
131279 205719 10 121 52
!leg 4546 33659 10 0 1 attackers:33659;victims:4546;type:1;valid_origin:True;recurrent:False;local:False
4546 33659 1 1 0
4546 33659 2 1 0
4546 33659 3 1 0
4546 33659 4 1 0
4546 33659 5 1 0
4546 33659 6 1 0
4546 33659 7 1 0
4546 33659 8 1 0
4546 33659 9 1 0
4546 33659 10 1 0
!leg 46997 209218 10 0 1 attackers:46997;victims:209218;type:1;valid_origin:True;recurrent:False;local:True
46997 209218 1 1 0
46997 209218 2 1 0
46997 209218 3 1 0
46997 209218 4 1 0
46997 209218 5 1 0
46997 209218 6 1 0
46997 209218 7 1 0
46997 209218 8 1 0
46997 209218 9 1 0
46997 209218 10 1 0
!sus 37662 329014 6 4 9 attackers:37662;victims:329014;type:1;valid_origin:True;recurrent:True;local:False
37662 329014 1 1 8
37662 329014 2 0 9
37662 329014 3 2 7
37662 329014 4 8 1
37662 329014 5 3 6
37662 329014 6 9 0
37662 329014 7 5 4
37662 329014 8 9 0
37662 329014 9 9 0
37662 329014 10 9 0
!sus 3557 30130 0 10 1 attackers:30130;victims:3557;type:1;valid_origin:True;recurrent:True;local:False
3557 30130 1 0 1
3557 30130 2 0 1
3557 30130 3 0 1
3557 30130 4 0 1
3557 30130 5 0 1
3557 30130 6 0 1
3557 30130 7 0 1
3557 30130 8 0 1
3557 30130 9 0 1
3557 30130 10 0 1
!leg 262503 265484 10 0 37 attackers:265484;victims:271084;type:2;valid_origin:True;recurrent:False;local:False
262503 265484 1 37 0
262503 265484 2 37 0
262503 265484 3 37 0
262503 265484 4 37 0
262503 265484 5 37 0
262503 265484 6 37 0
262503 265484 7 37 0
262503 265484 8 37 0
262503 265484 9 37 0
262503 265484 10 37 0
!sus 52468 58057 4 6 2 attackers:58057;victims:52468,267478;type:1,2;valid_origin:True;recurrent:True;local:False
52468 58057 1 0 2
52468 58057 2 0 2
52468 58057 3 0 2
52468 58057 4 1 1
52468 58057 5 1 1
52468 58057 6 2 0
52468 58057 7 2 0
52468 58057 8 2 0
52468 58057 9 1 1
52468 58057 10 2 0
!leg 39501 44400 10 0 105 attackers:44400;victims:39501;type:1;valid_origin:True;recurrent:False;local:False
39501 44400 1 105 0
39501 44400 2 105 0
39501 44400 3 105 0
39501 44400 4 105 0
39501 44400 5 105 0
39501 44400 6 105 0
39501 44400 7 105 0
39501 44400 8 105 0
39501 44400 9 105 0
39501 44400 10 105 0
!sus 26383 207713 1 9 316 attackers:207713;victims:26383;type:1;valid_origin:False;recurrent:True;local:False
26383 207713 1 8 308
26383 207713 2 225 91
26383 207713 3 5 311
26383 207713 4 8 308
26383 207713 5 8 308
26383 207713 6 5 311
26383 207713 7 4 312
26383 207713 8 8 308
26383 207713 9 12 304
26383 207713 10 47 269
!sus 23154 40264 6 4 6 attackers:40264;victims:23154;type:1;valid_origin:True;recurrent:True;local:False
23154 40264 1 0 6
23154 40264 2 0 6
23154 40264 3 0 6
23154 40264 4 2 4
23154 40264 5 4 2
23154 40264 6 5 1
23154 40264 7 6 0
23154 40264 8 4 2
23154 40264 9 6 0
23154 40264 10 6 0
!sus 1299 56488 9 1 1 attackers:1299;victims:56488;type:1;valid_origin:True;recurrent:True;local:False
1299 56488 1 0 1
1299 56488 2 1 0
1299 56488 3 1 0
1299 56488 4 1 0
1299 56488 5 1 0
1299 56488 6 1 0
1299 56488 7 1 0
1299 56488 8 1 0
1299 56488 9 1 0
1299 56488 10 1 0
!leg 264997 268854 10 0 1074 attackers:264997;victims:268854;type:1;valid_origin:True;recurrent:False;local:False
264997 268854 1 1074 0
264997 268854 2 1074 0
264997 268854 3 1074 0
264997 268854 4 1074 0
264997 268854 5 1074 0
264997 268854 6 1074 0
264997 268854 7 1074 0
264997 268854 8 1074 0
264997 268854 9 1074 0
264997 268854 10 1074 0
!sus 24545 58932 0 10 12 attackers:24545;victims:58932;type:1;valid_origin:True;recurrent:True;local:False
24545 58932 1 1 11
24545 58932 2 1 11
24545 58932 3 1 11
24545 58932 4 1 11
24545 58932 5 1 11
24545 58932 6 1 11
24545 58932 7 1 11
24545 58932 8 1 11
24545 58932 9 1 11
24545 58932 10 3 9
!sus 50058 213327 8 2 636 attackers:50058;victims:213327;type:1;valid_origin:True;recurrent:True;local:False
50058 213327 1 147 489
50058 213327 2 90 546
50058 213327 3 380 256
50058 213327 4 393 243
50058 213327 5 431 205
50058 213327 6 537 99
50058 213327 7 575 61
50058 213327 8 449 187
50058 213327 9 577 59
50058 213327 10 607 29
!leg 24961 199332 10 0 1 attackers:24961;victims:199332;type:1;valid_origin:True;recurrent:False;local:False
24961 199332 1 1 0
24961 199332 2 1 0
24961 199332 3 1 0
24961 199332 4 1 0
24961 199332 5 1 0
24961 199332 6 1 0
24961 199332 7 1 0
24961 199332 8 1 0
24961 199332 9 1 0
24961 199332 10 1 0
!leg 5390 24961 10 0 1 attackers:24961;victims:5390;type:1;valid_origin:True;recurrent:False;local:False
5390 24961 1 1 0
5390 24961 2 1 0
5390 24961 3 1 0
5390 24961 4 1 0
5390 24961 5 1 0
5390 24961 6 1 0
5390 24961 7 1 0
5390 24961 8 1 0
5390 24961 9 1 0
5390 24961 10 1 0
!leg 24961 28676 10 0 3 attackers:24961;victims:206149,29515,28676;type:1,2;valid_origin:True;recurrent:False;local:False
24961 28676 1 3 0
24961 28676 2 3 0
24961 28676 3 3 0
24961 28676 4 3 0
24961 28676 5 3 0
24961 28676 6 3 0
24961 28676 7 3 0
24961 28676 8 3 0
24961 28676 9 3 0
24961 28676 10 3 0
!sus 141794 149781 5 5 298 attackers:149781;victims:141794;type:1;valid_origin:True;recurrent:True;local:False
141794 149781 1 26 272
141794 149781 2 68 230
141794 149781 3 198 100
141794 149781 4 82 216
141794 149781 5 159 139
141794 149781 6 234 64
141794 149781 7 105 193
141794 149781 8 224 74
141794 149781 9 181 117
141794 149781 10 100 198
!sus 260 40934 0 10 6 attackers:260;victims:40934;type:1;valid_origin:True;recurrent:True;local:False
260 40934 1 0 6
260 40934 2 1 5
260 40934 3 1 5
260 40934 4 1 5
260 40934 5 1 5
260 40934 6 2 4
260 40934 7 2 4
260 40934 8 2 4
260 40934 9 2 4
260 40934 10 2 4
!sus 135673 150156 0 10 2 attackers:135673;victims:150156;type:1;valid_origin:True;recurrent:True;local:False
135673 150156 1 0 2
135673 150156 2 0 2
135673 150156 3 0 2
135673 150156 4 0 2
135673 150156 5 0 2
135673 150156 6 0 2
135673 150156 7 0 2
135673 150156 8 0 2
135673 150156 9 0 2
135673 150156 10 0 2
!leg 34927 202348 10 0 138 attackers:34927;victims:202348;type:1,4;valid_origin:True;recurrent:False;local:False
34927 202348 1 137 1
34927 202348 2 138 0
34927 202348 3 138 0
34927 202348 4 138 0
34927 202348 5 138 0
34927 202348 6 138 0
34927 202348 7 138 0
34927 202348 8 138 0
34927 202348 9 138 0
34927 202348 10 138 0
!sus 44570 213327 0 10 15 attackers:44570;victims:213327;type:1;valid_origin:True;recurrent:True;local:False
44570 213327 1 4 11
44570 213327 2 4 11
44570 213327 3 5 10
44570 213327 4 7 8
44570 213327 5 7 8
44570 213327 6 7 8
44570 213327 7 7 8
44570 213327 8 7 8
44570 213327 9 7 8
44570 213327 10 7 8
!sus 13335 45916 6 4 26 attackers:45916;victims:13335;type:1;valid_origin:True;recurrent:True;local:False
13335 45916 1 0 26
13335 45916 2 0 26
13335 45916 3 1 25
13335 45916 4 1 25
13335 45916 5 17 9
13335 45916 6 18 8
13335 45916 7 21 5
13335 45916 8 14 12
13335 45916 9 24 2
13335 45916 10 24 2
!sus 50058 59730 2 8 640 attackers:50058;victims:59730;type:1;valid_origin:True;recurrent:True;local:False
50058 59730 1 586 54
50058 59730 2 245 395
50058 59730 3 35 605
50058 59730 4 432 208
50058 59730 5 15 625
50058 59730 6 12 628
50058 59730 7 185 455
50058 59730 8 10 630
50058 59730 9 249 391
50058 59730 10 12 628
!sus 19905 39216 7 3 8 attackers:19905;victims:212460;type:3;valid_origin:True;recurrent:True;local:False
19905 39216 1 0 8
19905 39216 2 1 7
19905 39216 3 1 7
19905 39216 4 6 2
19905 39216 5 7 1
19905 39216 6 7 1
19905 39216 7 8 0
19905 39216 8 8 0
19905 39216 9 8 0
19905 39216 10 8 0
!sus 207137 209854 0 10 7 attackers:207137;victims:209854;type:1;valid_origin:True;recurrent:True;local:False
207137 209854 1 0 7
207137 209854 2 0 7
207137 209854 3 0 7
207137 209854 4 0 7
207137 209854 5 0 7
207137 209854 6 0 7
207137 209854 7 0 7
207137 209854 8 0 7
207137 209854 9 0 7
207137 209854 10 0 7
!sus 42473 45668 0 10 2 attackers:45668;victims:42473;type:1;valid_origin:True;recurrent:True;local:False
42473 45668 1 0 2
42473 45668 2 0 2
42473 45668 3 0 2
42473 45668 4 0 2
42473 45668 5 0 2
42473 45668 6 0 2
42473 45668 7 0 2
42473 45668 8 0 2
42473 45668 9 0 2
42473 45668 10 0 2
!leg 7713 263903 10 0 11 attackers:263903;victims:23756;type:2;valid_origin:True;recurrent:False;local:False
7713 263903 1 10 1
7713 263903 2 10 1
7713 263903 3 10 1
7713 263903 4 10 1
7713 263903 5 10 1
7713 263903 6 10 1
7713 263903 7 11 0
7713 263903 8 11 0
7713 263903 9 11 0
7713 263903 10 11 0
!sus 62853 398296 0 10 11 attackers:398296;victims:62853;type:1;valid_origin:True;recurrent:True;local:False
62853 398296 1 1 10
62853 398296 2 0 11
62853 398296 3 0 11
62853 398296 4 0 11
62853 398296 5 0 11
62853 398296 6 0 11
62853 398296 7 0 11
62853 398296 8 0 11
62853 398296 9 4 7
62853 398296 10 0 11
!sus 208981 212670 0 10 6 attackers:212670;victims:208981;type:1;valid_origin:True;recurrent:True;local:False
208981 212670 1 1 5
208981 212670 2 1 5
208981 212670 3 1 5
208981 212670 4 1 5
208981 212670 5 1 5
208981 212670 6 1 5
208981 212670 7 1 5
208981 212670 8 1 5
208981 212670 9 1 5
208981 212670 10 1 5
!leg 24961 204543 10 0 1 attackers:24961;victims:204543;type:1;valid_origin:True;recurrent:False;local:False
24961 204543 1 1 0
24961 204543 2 1 0
24961 204543 3 1 0
24961 204543 4 1 0
24961 204543 5 1 0
24961 204543 6 1 0
24961 204543 7 1 0
24961 204543 8 1 0
24961 204543 9 1 0
24961 204543 10 1 0
!leg 52583 263073 10 0 32 attackers:52583;victims:52583;type:3;valid_origin:True;recurrent:False;local:False
52583 263073 1 32 0
52583 263073 2 32 0
52583 263073 3 32 0
52583 263073 4 32 0
52583 263073 5 32 0
52583 263073 6 32 0
52583 263073 7 32 0
52583 263073 8 32 0
52583 263073 9 32 0
52583 263073 10 32 0
!sus 10241 141152 1 9 15 attackers:10241;victims:141152;type:1;valid_origin:True;recurrent:True;local:False
10241 141152 1 0 15
10241 141152 2 0 15
10241 141152 3 0 15
10241 141152 4 0 15
10241 141152 5 0 15
10241 141152 6 0 15
10241 141152 7 0 15
10241 141152 8 0 15
10241 141152 9 14 1
10241 141152 10 0 15
!sus 1798 60326 3 7 2 attackers:1798;victims:60326,208884;type:1,2;valid_origin:True;recurrent:True;local:True
1798 60326 1 0 2
1798 60326 2 0 2
1798 60326 3 0 2
1798 60326 4 1 1
1798 60326 5 1 1
1798 60326 6 1 1
1798 60326 7 1 1
1798 60326 8 2 0
1798 60326 9 2 0
1798 60326 10 2 0
!sus 2 263687 7 3 6 attackers:263687;victims:271832;type:3;valid_origin:True;recurrent:True;local:False
2 263687 1 6 0
2 263687 2 4 2
2 263687 3 6 0
2 263687 4 6 0
2 263687 5 0 6
2 263687 6 6 0
2 263687 7 5 1
2 263687 8 6 0
2 263687 9 2 4
2 263687 10 0 6
!sus 44570 204035 9 1 449 attackers:204035;victims:44570,203857,23428,204406,213105;type:1,2;valid_origin:False;recurrent:True;local:False
44570 204035 1 78 371
44570 204035 2 270 179
44570 204035 3 255 194
44570 204035 4 230 219
44570 204035 5 371 78
44570 204035 6 356 93
44570 204035 7 396 53
44570 204035 8 390 59
44570 204035 9 399 50
44570 204035 10 415 34
!leg 48732 58057 10 0 2 attackers:58057;victims:48732;type:1;valid_origin:True;recurrent:False;local:False
48732 58057 1 2 0
48732 58057 2 2 0
48732 58057 3 2 0
48732 58057 4 2 0
48732 58057 5 2 0
48732 58057 6 2 0
48732 58057 7 2 0
48732 58057 8 2 0
48732 58057 9 2 0
48732 58057 10 2 0
!sus 142120 150308 0 10 10 attackers:142120;victims:150308;type:1;valid_origin:True;recurrent:True;local:False
142120 150308 1 0 10
142120 150308 2 0 10
142120 150308 3 0 10
142120 150308 4 0 10
142120 150308 5 0 10
142120 150308 6 0 10
142120 150308 7 1 9
142120 150308 8 0 10
142120 150308 9 0 10
142120 150308 10 3 7
!sus 262663 271484 0 10 674 attackers:271484;victims:262663;type:1;valid_origin:True;recurrent:True;local:False
262663 271484 1 16 658
262663 271484 2 27 647
262663 271484 3 32 642
262663 271484 4 56 618
262663 271484 5 98 576
262663 271484 6 52 622
262663 271484 7 109 565
262663 271484 8 134 540
262663 271484 9 127 547
262663 271484 10 139 535
!sus 49904 142616 1 9 15 attackers:142616;victims:49904;type:1;valid_origin:True;recurrent:True;local:False
49904 142616 1 0 15
49904 142616 2 0 15
49904 142616 3 0 15
49904 142616 4 0 15
49904 142616 5 0 15
49904 142616 6 7 8
49904 142616 7 9 6
49904 142616 8 0 15
49904 142616 9 0 15
49904 142616 10 4 11
!leg 19186 62240 10 0 1 attackers:62240;victims:19186;type:1;valid_origin:True;recurrent:False;local:False
19186 62240 1 1 0
19186 62240 2 1 0
19186 62240 3 1 0
19186 62240 4 1 0
19186 62240 5 1 0
19186 62240 6 1 0
19186 62240 7 1 0
19186 62240 8 1 0
19186 62240 9 1 0
19186 62240 10 1 0
!leg 61138 202256 10 0 5 attackers:61138;victims:202256;type:1;valid_origin:True;recurrent:False;local:False
61138 202256 1 5 0
61138 202256 2 5 0
61138 202256 3 5 0
61138 202256 4 5 0
61138 202256 5 5 0
61138 202256 6 5 0
61138 202256 7 5 0
61138 202256 8 5 0
61138 202256 9 5 0
61138 202256 10 5 0
!sus 11114 397131 8 2 24 attackers:11114;victims:397131;type:1;valid_origin:True;recurrent:True;local:False
11114 397131 1 13 11
11114 397131 2 12 12
11114 397131 3 10 14
11114 397131 4 20 4
11114 397131 5 22 2
11114 397131 6 21 3
11114 397131 7 22 2
11114 397131 8 23 1
11114 397131 9 22 2
11114 397131 10 22 2
!sus 25472 42473 1 9 8 attackers:25472;victims:42473;type:1;valid_origin:True;recurrent:True;local:False
25472 42473 1 0 8
25472 42473 2 0 8
25472 42473 3 0 8
25472 42473 4 0 8
25472 42473 5 3 5
25472 42473 6 0 8
25472 42473 7 2 6
25472 42473 8 0 8
25472 42473 9 3 5
25472 42473 10 7 1
!leg 25512 39904 10 0 87 attackers:39904;victims:47767;type:2;valid_origin:True;recurrent:False;local:False
25512 39904 1 87 0
25512 39904 2 87 0
25512 39904 3 87 0
25512 39904 4 87 0
25512 39904 5 87 0
25512 39904 6 87 0
25512 39904 7 87 0
25512 39904 8 87 0
25512 39904 9 87 0
25512 39904 10 87 0
!sus 13335 28343 0 10 23 attackers:28343;victims:13335;type:1;valid_origin:True;recurrent:True;local:False
13335 28343 1 0 23
13335 28343 2 0 23
13335 28343 3 0 23
13335 28343 4 0 23
13335 28343 5 0 23
13335 28343 6 0 23
13335 28343 7 0 23
13335 28343 8 0 23
13335 28343 9 0 23
13335 28343 10 0 23
!leg 17639 44749 10 0 1 attackers:17639;victims:44749;type:1;valid_origin:True;recurrent:False;local:True
17639 44749 1 1 0
17639 44749 2 1 0
17639 44749 3 1 0
17639 44749 4 1 0
17639 44749 5 1 0
17639 44749 6 1 0
17639 44749 7 1 0
17639 44749 8 1 0
17639 44749 9 1 0
17639 44749 10 1 0
!leg 20326 206216 10 0 192 attackers:20326;victims:206216;type:1;valid_origin:True;recurrent:False;local:False
20326 206216 1 192 0
20326 206216 2 192 0
20326 206216 3 192 0
20326 206216 4 192 0
20326 206216 5 192 0
20326 206216 6 192 0
20326 206216 7 192 0
20326 206216 8 192 0
20326 206216 9 192 0
20326 206216 10 192 0
!sus 1828 60326 8 2 2 attackers:1828;victims:60326,208884;type:1,2;valid_origin:True;recurrent:True;local:True
1828 60326 1 1 1
1828 60326 2 1 1
1828 60326 3 2 0
1828 60326 4 2 0
1828 60326 5 2 0
1828 60326 6 2 0
1828 60326 7 2 0
1828 60326 8 2 0
1828 60326 9 2 0
1828 60326 10 2 0
!leg 24961 29263 10 0 1 attackers:24961;victims:29263;type:1;valid_origin:True;recurrent:False;local:False
24961 29263 1 1 0
24961 29263 2 1 0
24961 29263 3 1 0
24961 29263 4 1 0
24961 29263 5 1 0
24961 29263 6 1 0
24961 29263 7 1 0
24961 29263 8 1 0
24961 29263 9 1 0
24961 29263 10 1 0
!sus 204363 207616 0 10 294 attackers:207616;victims:204363;type:1;valid_origin:True;recurrent:False;local:False
204363 207616 1 24 270
204363 207616 2 32 262
204363 207616 3 33 261
204363 207616 4 36 258
204363 207616 5 36 258
204363 207616 6 49 245
204363 207616 7 37 257
204363 207616 8 39 255
204363 207616 9 38 256
204363 207616 10 49 245
!sus 202905 212294 0 10 18 attackers:212294;victims:202905;type:1;valid_origin:True;recurrent:True;local:False
202905 212294 1 2 16
202905 212294 2 2 16
202905 212294 3 4 14
202905 212294 4 4 14
202905 212294 5 4 14
202905 212294 6 4 14
202905 212294 7 4 14
202905 212294 8 4 14
202905 212294 9 5 13
202905 212294 10 4 14
!sus 399898 400136 0 10 7 attackers:399898;victims:400136;type:1;valid_origin:False;recurrent:True;local:False
399898 400136 1 0 7
399898 400136 2 0 7
399898 400136 3 0 7
399898 400136 4 0 7
399898 400136 5 0 7
399898 400136 6 0 7
399898 400136 7 0 7
399898 400136 8 0 7
399898 400136 9 0 7
399898 400136 10 0 7
!leg 64315 136065 10 0 34 attackers:136065;victims:136844;type:4;valid_origin:True;recurrent:False;local:False
64315 136065 1 34 0
64315 136065 2 34 0
64315 136065 3 34 0
64315 136065 4 34 0
64315 136065 5 34 0
64315 136065 6 34 0
64315 136065 7 34 0
64315 136065 8 34 0
64315 136065 9 34 0
64315 136065 10 34 0
!leg 293 60326 10 0 1 attackers:293;victims:60326;type:1;valid_origin:True;recurrent:True;local:True
293 60326 1 1 0
293 60326 2 1 0
293 60326 3 1 0
293 60326 4 1 0
293 60326 5 1 0
293 60326 6 1 0
293 60326 7 1 0
293 60326 8 1 0
293 60326 9 1 0
293 60326 10 1 0
!sus 24429 268235 0 10 49 attackers:24429;victims:270619,268235;type:1,2;valid_origin:True;recurrent:True;local:False
24429 268235 1 16 33
24429 268235 2 16 33
24429 268235 3 16 33
24429 268235 4 16 33
24429 268235 5 16 33
24429 268235 6 16 33
24429 268235 7 17 32
24429 268235 8 17 32
24429 268235 9 17 32
24429 268235 10 17 32
!sus 9534 139341 6 4 39 attackers:9534;victims:139341;type:1;valid_origin:True;recurrent:True;local:False
9534 139341 1 6 33
9534 139341 2 9 30
9534 139341 3 9 30
9534 139341 4 15 24
9534 139341 5 29 10
9534 139341 6 34 5
9534 139341 7 35 4
9534 139341 8 36 3
9534 139341 9 39 0
9534 139341 10 39 0
!sus 60171 328167 8 2 12 attackers:60171;victims:328167;type:1;valid_origin:True;recurrent:True;local:False
60171 328167 1 1 11
60171 328167 2 1 11
60171 328167 3 11 1
60171 328167 4 11 1
60171 328167 5 12 0
60171 328167 6 12 0
60171 328167 7 12 0
60171 328167 8 12 0
60171 328167 9 12 0
60171 328167 10 12 0
!sus 852 60326 0 10 2 attackers:852;victims:60326,208884;type:1,2;valid_origin:True;recurrent:True;local:True
852 60326 1 1 1
852 60326 2 1 1
852 60326 3 1 1
852 60326 4 1 1
852 60326 5 1 1
852 60326 6 1 1
852 60326 7 1 1
852 60326 8 1 1
852 60326 9 1 1
852 60326 10 1 1
!leg 29838 60326 10 0 1 attackers:29838;victims:60326;type:1;valid_origin:True;recurrent:False;local:False
29838 60326 1 1 0
29838 60326 2 1 0
29838 60326 3 1 0
29838 60326 4 1 0
29838 60326 5 1 0
29838 60326 6 1 0
29838 60326 7 1 0
29838 60326 8 1 0
29838 60326 9 1 0
29838 60326 10 1 0
!sus 24429 263252 0 10 33 attackers:24429;victims:263252;type:1;valid_origin:True;recurrent:True;local:False
24429 263252 1 0 33
24429 263252 2 5 28
24429 263252 3 3 30
24429 263252 4 4 29
24429 263252 5 5 28
24429 263252 6 8 25
24429 263252 7 6 27
24429 263252 8 9 24
24429 263252 9 6 27
24429 263252 10 6 27
!sus 2854 205080 8 2 25 attackers:2854;victims:205080;type:1;valid_origin:True;recurrent:True;local:False
2854 205080 1 5 20
2854 205080 2 10 15
2854 205080 3 18 7
2854 205080 4 17 8
2854 205080 5 24 1
2854 205080 6 24 1
2854 205080 7 24 1
2854 205080 8 25 0
2854 205080 9 25 0
2854 205080 10 25 0
!leg 24961 61423 10 0 5 attackers:24961;victims:213044,211447,212014,61423,208650;type:1,2;valid_origin:True;recurrent:False;local:False
24961 61423 1 5 0
24961 61423 2 5 0
24961 61423 3 5 0
24961 61423 4 5 0
24961 61423 5 5 0
24961 61423 6 5 0
24961 61423 7 5 0
24961 61423 8 5 0
24961 61423 9 5 0
24961 61423 10 5 0
!sus 6453 56630 8 2 114 attackers:6453;victims:203199,202492,208393,397444,211367,207320,38173,44493,208223,140936,49287,213119,9516,207301;type:2,3,4;valid_origin:True;recurrent:True;local:False
6453 56630 1 33 81
6453 56630 2 54 60
6453 56630 3 58 56
6453 56630 4 66 48
6453 56630 5 68 46
6453 56630 6 69 45
6453 56630 7 68 46
6453 56630 8 75 39
6453 56630 9 89 25
6453 56630 10 92 22
!sus 924 59788 0 10 121 attackers:924;victims:59788;type:1;valid_origin:False;recurrent:True;local:False
924 59788 1 7 114
924 59788 2 8 113
924 59788 3 7 114
924 59788 4 15 106
924 59788 5 8 113
924 59788 6 11 110
924 59788 7 11 110
924 59788 8 19 102
924 59788 9 18 103
924 59788 10 19 102
!leg 2906 34309 10 0 1 attackers:34309;victims:2906;type:1;valid_origin:True;recurrent:False;local:False
2906 34309 1 1 0
2906 34309 2 1 0
2906 34309 3 1 0
2906 34309 4 1 0
2906 34309 5 1 0
2906 34309 6 1 0
2906 34309 7 1 0
2906 34309 8 1 0
2906 34309 9 1 0
2906 34309 10 1 0
!leg 202348 213045 10 0 1 attackers:213045;victims:202348;type:1;valid_origin:True;recurrent:False;local:True
202348 213045 1 1 0
202348 213045 2 1 0
202348 213045 3 1 0
202348 213045 4 1 0
202348 213045 5 1 0
202348 213045 6 1 0
202348 213045 7 1 0
202348 213045 8 1 0
202348 213045 9 1 0
202348 213045 10 1 0
!sus 202412 205329 0 10 209 attackers:205329;victims:202412;type:1;valid_origin:True;recurrent:True;local:False
202412 205329 1 22 187
202412 205329 2 0 209
202412 205329 3 2 207
202412 205329 4 21 188
202412 205329 5 0 209
202412 205329 6 23 186
202412 205329 7 23 186
202412 205329 8 22 187
202412 205329 9 0 209
202412 205329 10 23 186
!leg 1251 52729 10 0 1 attackers:1251;victims:270845;type:3;valid_origin:True;recurrent:False;local:False
1251 52729 1 1 0
1251 52729 2 1 0
1251 52729 3 1 0
1251 52729 4 1 0
1251 52729 5 1 0
1251 52729 6 1 0
1251 52729 7 1 0
1251 52729 8 1 0
1251 52729 9 1 0
1251 52729 10 1 0
!leg 24961 28979 10 0 1 attackers:24961;victims:28979;type:1;valid_origin:True;recurrent:False;local:False
24961 28979 1 1 0
24961 28979 2 1 0
24961 28979 3 1 0
24961 28979 4 1 0
24961 28979 5 1 0
24961 28979 6 1 0
24961 28979 7 1 0
24961 28979 8 1 0
24961 28979 9 1 0
24961 28979 10 1 0
!sus 17732 56307 3 7 15 attackers:17732;victims:56307;type:1;valid_origin:False;recurrent:True;local:False
17732 56307 1 2 13
17732 56307 2 4 11
17732 56307 3 5 10
17732 56307 4 6 9
17732 56307 5 9 6
17732 56307 6 7 8
17732 56307 7 3 12
17732 56307 8 8 7
17732 56307 9 2 13
17732 56307 10 15 0
!sus 13335 45204 0 10 22 attackers:45204;victims:13335;type:1;valid_origin:True;recurrent:True;local:False
13335 45204 1 0 22
13335 45204 2 0 22
13335 45204 3 0 22
13335 45204 4 0 22
13335 45204 5 0 22
13335 45204 6 0 22
13335 45204 7 0 22
13335 45204 8 5 17
13335 45204 9 0 22
13335 45204 10 5 17
!leg 268330 271138 10 0 74 attackers:268330;victims:271138;type:1;valid_origin:True;recurrent:False;local:False
268330 271138 1 72 2
268330 271138 2 74 0
268330 271138 3 74 0
268330 271138 4 74 0
268330 271138 5 74 0
268330 271138 6 74 0
268330 271138 7 74 0
268330 271138 8 74 0
268330 271138 9 74 0
268330 271138 10 74 0
!sus 268276 268287 0 10 4 attackers:268276;victims:268287;type:1;valid_origin:True;recurrent:True;local:False
268276 268287 1 0 4
268276 268287 2 0 4
268276 268287 3 0 4
268276 268287 4 0 4
268276 268287 5 0 4
268276 268287 6 0 4
268276 268287 7 0 4
268276 268287 8 0 4
268276 268287 9 0 4
268276 268287 10 0 4
!sus 30432 394752 0 10 5 attackers:30432;victims:394752;type:1;valid_origin:True;recurrent:True;local:False
30432 394752 1 0 5
30432 394752 2 1 4
30432 394752 3 1 4
30432 394752 4 1 4
30432 394752 5 0 5
30432 394752 6 0 5
30432 394752 7 1 4
30432 394752 8 1 4
30432 394752 9 1 4
30432 394752 10 1 4
!sus 32768 395276 0 10 26 attackers:395276;victims:32768;type:1;valid_origin:False;recurrent:True;local:False
32768 395276 1 0 26
32768 395276 2 0 26
32768 395276 3 0 26
32768 395276 4 0 26
32768 395276 5 0 26
32768 395276 6 0 26
32768 395276 7 0 26
32768 395276 8 0 26
32768 395276 9 0 26
32768 395276 10 0 26
!leg 24961 205943 10 0 1 attackers:24961;victims:205943;type:1;valid_origin:True;recurrent:False;local:False
24961 205943 1 1 0
24961 205943 2 1 0
24961 205943 3 1 0
24961 205943 4 1 0
24961 205943 5 1 0
24961 205943 6 1 0
24961 205943 7 1 0
24961 205943 8 1 0
24961 205943 9 1 0
24961 205943 10 1 0
!sus 139287 141995 0 10 29 attackers:139287;victims:141995;type:1;valid_origin:True;recurrent:True;local:False
139287 141995 1 0 29
139287 141995 2 0 29
139287 141995 3 7 22
139287 141995 4 9 20
139287 141995 5 8 21
139287 141995 6 9 20
139287 141995 7 10 19
139287 141995 8 8 21
139287 141995 9 11 18
139287 141995 10 11 18
!sus 63023 210352 0 10 6 attackers:63023;victims:210352;type:1;valid_origin:True;recurrent:True;local:False
63023 210352 1 0 6
63023 210352 2 0 6
63023 210352 3 0 6
63023 210352 4 0 6
63023 210352 5 0 6
63023 210352 6 0 6
63023 210352 7 0 6
63023 210352 8 0 6
63023 210352 9 0 6
63023 210352 10 0 6
!leg 62240 197529 10 0 1 attackers:62240;victims:197529;type:1;valid_origin:True;recurrent:False;local:False
62240 197529 1 1 0
62240 197529 2 1 0
62240 197529 3 1 0
62240 197529 4 1 0
62240 197529 5 1 0
62240 197529 6 1 0
62240 197529 7 1 0
62240 197529 8 1 0
62240 197529 9 1 0
62240 197529 10 1 0
!sus 147224 203868 0 10 5 attackers:147224;victims:203868;type:1;valid_origin:True;recurrent:True;local:False
147224 203868 1 1 4
147224 203868 2 1 4
147224 203868 3 1 4
147224 203868 4 1 4
147224 203868 5 1 4
147224 203868 6 1 4
147224 203868 7 1 4
147224 203868 8 1 4
147224 203868 9 1 4
147224 203868 10 1 4
!leg 53087 263346 10 0 10 attackers:53087;victims:263346;type:1;valid_origin:True;recurrent:False;local:False
53087 263346 1 10 0
53087 263346 2 10 0
53087 263346 3 10 0
53087 263346 4 10 0
53087 263346 5 10 0
53087 263346 6 10 0
53087 263346 7 10 0
53087 263346 8 10 0
53087 263346 9 10 0
53087 263346 10 10 0
!sus 19969 139742 7 3 19 attackers:19969;victims:139742;type:1;valid_origin:True;recurrent:True;local:False
19969 139742 1 1 18
19969 139742 2 3 16
19969 139742 3 7 12
19969 139742 4 10 9
19969 139742 5 11 8
19969 139742 6 11 8
19969 139742 7 14 5
19969 139742 8 18 1
19969 139742 9 18 1
19969 139742 10 19 0
!leg 24961 198089 10 0 1 attackers:24961;victims:198089;type:1;valid_origin:True;recurrent:False;local:False
24961 198089 1 1 0
24961 198089 2 1 0
24961 198089 3 1 0
24961 198089 4 1 0
24961 198089 5 1 0
24961 198089 6 1 0
24961 198089 7 1 0
24961 198089 8 1 0
24961 198089 9 1 0
24961 198089 10 1 0
!sus 131279 207616 1 9 67 attackers:207616;victims:204363;type:3;valid_origin:True;recurrent:False;local:False
131279 207616 1 7 60
131279 207616 2 7 60
131279 207616 3 10 57
131279 207616 4 13 54
131279 207616 5 13 54
131279 207616 6 13 54
131279 207616 7 13 54
131279 207616 8 14 53
131279 207616 9 13 54
131279 207616 10 50 17
!sus 48715 57027 0 10 13 attackers:48715;victims:57027;type:1;valid_origin:True;recurrent:True;local:False
48715 57027 1 2 11
48715 57027 2 2 11
48715 57027 3 2 11
48715 57027 4 2 11
48715 57027 5 2 11
48715 57027 6 2 11
48715 57027 7 2 11
48715 57027 8 2 11
48715 57027 9 2 11
48715 57027 10 2 11
!leg 56030 58941 10 0 1 attackers:58941;victims:38292;type:3;valid_origin:True;recurrent:False;local:False
56030 58941 1 1 0
56030 58941 2 1 0
56030 58941 3 1 0
56030 58941 4 1 0
56030 58941 5 1 0
56030 58941 6 1 0
56030 58941 7 1 0
56030 58941 8 1 0
56030 58941 9 1 0
56030 58941 10 1 0
!sus 51519 58057 0 10 12 attackers:51519;victims:58057;type:1;valid_origin:True;recurrent:True;local:False
51519 58057 1 0 12
51519 58057 2 0 12
51519 58057 3 0 12
51519 58057 4 0 12
51519 58057 5 0 12
51519 58057 6 0 12
51519 58057 7 0 12
51519 58057 8 0 12
51519 58057 9 0 12
51519 58057 10 0 12
!sus 7162 268941 0 10 10 attackers:268941;victims:7162;type:1;valid_origin:True;recurrent:True;local:False
7162 268941 1 0 10
7162 268941 2 1 9
7162 268941 3 0 10
7162 268941 4 2 8
7162 268941 5 4 6
7162 268941 6 4 6
7162 268941 7 4 6
7162 268941 8 3 7
7162 268941 9 1 9
7162 268941 10 3 7
!leg 41051 202348 10 0 147 attackers:41051;victims:202348;type:1;valid_origin:True;recurrent:False;local:False
41051 202348 1 146 1
41051 202348 2 147 0
41051 202348 3 147 0
41051 202348 4 147 0
41051 202348 5 147 0
41051 202348 6 147 0
41051 202348 7 147 0
41051 202348 8 147 0
41051 202348 9 147 0
41051 202348 10 147 0
!sus 23764 263903 8 2 6 attackers:263903;victims:38047;type:2;valid_origin:True;recurrent:True;local:False
23764 263903 1 0 6
23764 263903 2 3 3
23764 263903 3 5 1
23764 263903 4 6 0
23764 263903 5 6 0
23764 263903 6 6 0
23764 263903 7 6 0
23764 263903 8 6 0
23764 263903 9 6 0
23764 263903 10 6 0
!sus 265492 273583 0 10 53 attackers:265492;victims:273583;type:1;valid_origin:True;recurrent:True;local:False
265492 273583 1 1 52
265492 273583 2 0 53
265492 273583 3 0 53
265492 273583 4 1 52
265492 273583 5 0 53
265492 273583 6 1 52
265492 273583 7 1 52
265492 273583 8 1 52
265492 273583 9 1 52
265492 273583 10 1 52
!leg 133296 135259 10 0 1 attackers:135259;victims:132926;type:6;valid_origin:True;recurrent:False;local:False
133296 135259 1 1 0
133296 135259 2 1 0
133296 135259 3 1 0
133296 135259 4 1 0
133296 135259 5 1 0
133296 135259 6 1 0
133296 135259 7 1 0
133296 135259 8 1 0
133296 135259 9 1 0
133296 135259 10 1 0
!sus 271597 272445 0 10 92 attackers:272445;victims:271597;type:1;valid_origin:True;recurrent:True;local:False
271597 272445 1 0 92
271597 272445 2 1 91
271597 272445 3 0 92
271597 272445 4 1 91
271597 272445 5 1 91
271597 272445 6 1 91
271597 272445 7 28 64
271597 272445 8 1 91
271597 272445 9 1 91
271597 272445 10 28 64
!sus 134944 135702 2 8 1 attackers:134944;victims:135702;type:1;valid_origin:True;recurrent:True;local:False
134944 135702 1 0 1
134944 135702 2 0 1
134944 135702 3 0 1
134944 135702 4 0 1
134944 135702 5 0 1
134944 135702 6 0 1
134944 135702 7 0 1
134944 135702 8 1 0
134944 135702 9 0 1
134944 135702 10 1 0
!leg 60326 399976 10 0 1 attackers:60326;victims:399976;type:1;valid_origin:True;recurrent:False;local:True
60326 399976 1 1 0
60326 399976 2 1 0
60326 399976 3 1 0
60326 399976 4 1 0
60326 399976 5 1 0
60326 399976 6 1 0
60326 399976 7 1 0
60326 399976 8 1 0
60326 399976 9 1 0
60326 399976 10 1 0
!leg 46887 53463 10 0 23 attackers:46887;victims:53463;type:1;valid_origin:True;recurrent:True;local:False
46887 53463 1 15 8
46887 53463 2 16 7
46887 53463 3 22 1
46887 53463 4 18 5
46887 53463 5 23 0
46887 53463 6 19 4
46887 53463 7 22 1
46887 53463 8 22 1
46887 53463 9 23 0
46887 53463 10 22 1
!leg 24961 45040 10 0 1 attackers:24961;victims:45040;type:1;valid_origin:True;recurrent:False;local:False
24961 45040 1 1 0
24961 45040 2 1 0
24961 45040 3 1 0
24961 45040 4 1 0
24961 45040 5 1 0
24961 45040 6 1 0
24961 45040 7 1 0
24961 45040 8 1 0
24961 45040 9 1 0
24961 45040 10 1 0
!leg 8359 204048 10 0 51 attackers:8359;victims:204048;type:1;valid_origin:True;recurrent:False;local:False
8359 204048 1 51 0
8359 204048 2 51 0
8359 204048 3 51 0
8359 204048 4 51 0
8359 204048 5 51 0
8359 204048 6 51 0
8359 204048 7 51 0
8359 204048 8 51 0
8359 204048 9 51 0
8359 204048 10 51 0
!sus 262663 266355 0 10 3 attackers:266355;victims:262663;type:1;valid_origin:True;recurrent:True;local:False
262663 266355 1 0 3
262663 266355 2 0 3
262663 266355 3 0 3
262663 266355 4 1 2
262663 266355 5 1 2
262663 266355 6 1 2
262663 266355 7 1 2
262663 266355 8 0 3
262663 266355 9 1 2
262663 266355 10 1 2
!leg 212708 263903 10 0 6 attackers:263903;victims:208226;type:3;valid_origin:True;recurrent:False;local:False
212708 263903 1 6 0
212708 263903 2 6 0
212708 263903 3 6 0
212708 263903 4 6 0
212708 263903 5 6 0
212708 263903 6 6 0
212708 263903 7 6 0
212708 263903 8 6 0
212708 263903 9 6 0
212708 263903 10 6 0
!leg 34872 209148 10 0 1 attackers:34872;victims:209148;type:1;valid_origin:True;recurrent:False;local:False
34872 209148 1 1 0
34872 209148 2 1 0
34872 209148 3 1 0
34872 209148 4 1 0
34872 209148 5 1 0
34872 209148 6 1 0
34872 209148 7 1 0
34872 209148 8 1 0
34872 209148 9 1 0
34872 209148 10 1 0
!sus 13170 131706 5 5 12 attackers:131706;victims:55680;type:3;valid_origin:True;recurrent:True;local:False
13170 131706 1 0 12
13170 131706 2 0 12
13170 131706 3 11 1
13170 131706 4 0 12
13170 131706 5 0 12
13170 131706 6 0 12
13170 131706 7 12 0
13170 131706 8 12 0
13170 131706 9 12 0
13170 131706 10 12 0
!sus 42473 64315 0 10 18 attackers:64315;victims:42473;type:1;valid_origin:True;recurrent:True;local:False
42473 64315 1 0 18
42473 64315 2 0 18
42473 64315 3 0 18
42473 64315 4 0 18
42473 64315 5 0 18
42473 64315 6 0 18
42473 64315 7 0 18
42473 64315 8 0 18
42473 64315 9 0 18
42473 64315 10 0 18
