!leg 36974 327746 10 0 8 attackers:36974;victims:327746;type:1;valid_origin:True;recurrent:False;local:False
36974 327746 1 8 0
36974 327746 2 8 0
36974 327746 3 8 0
36974 327746 4 8 0
36974 327746 5 8 0
36974 327746 6 8 0
36974 327746 7 8 0
36974 327746 8 8 0
36974 327746 9 8 0
36974 327746 10 8 0
!leg 61568 268811 10 0 1 attackers:61568;victims:268811;type:1;valid_origin:True;recurrent:False;local:True
61568 268811 1 1 0
61568 268811 2 1 0
61568 268811 3 1 0
61568 268811 4 1 0
61568 268811 5 1 0
61568 268811 6 1 0
61568 268811 7 1 0
61568 268811 8 1 0
61568 268811 9 1 0
61568 268811 10 1 0
!leg 16397 271049 10 0 1 attackers:16397;victims:269377;type:2;valid_origin:True;recurrent:False;local:False
16397 271049 1 1 0
16397 271049 2 1 0
16397 271049 3 1 0
16397 271049 4 1 0
16397 271049 5 1 0
16397 271049 6 1 0
16397 271049 7 1 0
16397 271049 8 1 0
16397 271049 9 1 0
16397 271049 10 1 0
!leg 29838 212424 10 0 1 attackers:29838;victims:212424;type:1;valid_origin:True;recurrent:False;local:False
29838 212424 1 1 0
29838 212424 2 1 0
29838 212424 3 1 0
29838 212424 4 1 0
29838 212424 5 1 0
29838 212424 6 1 0
29838 212424 7 1 0
29838 212424 8 1 0
29838 212424 9 1 0
29838 212424 10 1 0
!sus 393417 398176 0 10 124 attackers:393417;victims:398176;type:1;valid_origin:True;recurrent:False;local:False
393417 398176 1 7 117
393417 398176 2 0 124
393417 398176 3 2 122
393417 398176 4 2 122
393417 398176 5 6 118
393417 398176 6 1 123
393417 398176 7 4 120
393417 398176 8 0 124
393417 398176 9 2 122
393417 398176 10 2 122
!leg 44684 53180 10 0 1 attackers:44684;victims:262784;type:2;valid_origin:True;recurrent:True;local:False
44684 53180 1 1 0
44684 53180 2 1 0
44684 53180 3 1 0
44684 53180 4 1 0
44684 53180 5 1 0
44684 53180 6 1 0
44684 53180 7 1 0
44684 53180 8 1 0
44684 53180 9 1 0
44684 53180 10 1 0
!sus 32787 53184 8 2 1 attackers:53184;victims:2516;type:2;valid_origin:True;recurrent:True;local:False
32787 53184 1 0 1
32787 53184 2 1 0
32787 53184 3 0 1
32787 53184 4 1 0
32787 53184 5 1 0
32787 53184 6 1 0
32787 53184 7 1 0
32787 53184 8 1 0
32787 53184 9 1 0
32787 53184 10 1 0
!leg 54825 400725 10 0 12 attackers:54825;victims:400725;type:1;valid_origin:True;recurrent:False;local:False
54825 400725 1 12 0
54825 400725 2 12 0
54825 400725 3 12 0
54825 400725 4 12 0
54825 400725 5 12 0
54825 400725 6 12 0
54825 400725 7 12 0
54825 400725 8 12 0
54825 400725 9 12 0
54825 400725 10 12 0
!leg 42044 137409 10 0 1 attackers:137409;victims:42044;type:1;valid_origin:True;recurrent:False;local:False
42044 137409 1 1 0
42044 137409 2 1 0
42044 137409 3 1 0
42044 137409 4 1 0
42044 137409 5 1 0
42044 137409 6 1 0
42044 137409 7 1 0
42044 137409 8 1 0
42044 137409 9 1 0
42044 137409 10 1 0
!leg 42093 212477 10 0 253 attackers:212477;victims:211588;type:2;valid_origin:True;recurrent:False;local:False
42093 212477 1 253 0
42093 212477 2 253 0
42093 212477 3 253 0
42093 212477 4 253 0
42093 212477 5 253 0
42093 212477 6 253 0
42093 212477 7 253 0
42093 212477 8 253 0
42093 212477 9 253 0
42093 212477 10 253 0
!leg 1221 140694 10 0 583 attackers:1221;victims:140694;type:1;valid_origin:False;recurrent:False;local:False
1221 140694 1 582 1
1221 140694 2 582 1
1221 140694 3 582 1
1221 140694 4 558 25
1221 140694 5 582 1
1221 140694 6 582 1
1221 140694 7 582 1
1221 140694 8 582 1
1221 140694 9 582 1
1221 140694 10 583 0
!leg 55685 140407 10 0 1 attackers:55685;victims:149319;type:4;valid_origin:True;recurrent:False;local:False
55685 140407 1 1 0
55685 140407 2 1 0
55685 140407 3 1 0
55685 140407 4 1 0
55685 140407 5 1 0
55685 140407 6 1 0
55685 140407 7 1 0
55685 140407 8 1 0
55685 140407 9 1 0
55685 140407 10 1 0
!leg 140399 140407 10 0 1 attackers:140399;victims:149319;type:2;valid_origin:True;recurrent:False;local:False
140399 140407 1 1 0
140399 140407 2 1 0
140399 140407 3 1 0
140399 140407 4 1 0
140399 140407 5 1 0
140399 140407 6 1 0
140399 140407 7 1 0
140399 140407 8 1 0
140399 140407 9 1 0
140399 140407 10 1 0
!leg 53184 262967 10 0 2 attackers:53184;victims:262967;type:1;valid_origin:True;recurrent:False;local:False
53184 262967 1 2 0
53184 262967 2 2 0
53184 262967 3 2 0
53184 262967 4 2 0
53184 262967 5 2 0
53184 262967 6 2 0
53184 262967 7 2 0
53184 262967 8 2 0
53184 262967 9 2 0
53184 262967 10 2 0
!leg 14315 64272 10 0 1 attackers:14315;victims:64272;type:1;valid_origin:True;recurrent:False;local:True
14315 64272 1 1 0
14315 64272 2 1 0
14315 64272 3 1 0
14315 64272 4 1 0
14315 64272 5 1 0
14315 64272 6 1 0
14315 64272 7 1 0
14315 64272 8 1 0
14315 64272 9 1 0
14315 64272 10 1 0
!sus 17819 134594 3 7 9 attackers:17819;victims:134594;type:1;valid_origin:True;recurrent:True;local:False
17819 134594 1 0 9
17819 134594 2 1 8
17819 134594 3 1 8
17819 134594 4 1 8
17819 134594 5 1 8
17819 134594 6 5 4
17819 134594 7 1 8
17819 134594 8 5 4
17819 134594 9 4 5
17819 134594 10 6 3
!sus 263761 272853 0 10 241 attackers:263761;victims:272853;type:1;valid_origin:True;recurrent:True;local:False
263761 272853 1 0 241
263761 272853 2 0 241
263761 272853 3 0 241
263761 272853 4 0 241
263761 272853 5 0 241
263761 272853 6 0 241
263761 272853 7 1 240
263761 272853 8 2 239
263761 272853 9 0 241
263761 272853 10 1 240
!leg 23246 270049 10 0 115 attackers:23246;victims:270049;type:1;valid_origin:True;recurrent:True;local:False
23246 270049 1 115 0
23246 270049 2 115 0
23246 270049 3 115 0
23246 270049 4 115 0
23246 270049 5 115 0
23246 270049 6 115 0
23246 270049 7 115 0
23246 270049 8 115 0
23246 270049 9 115 0
23246 270049 10 115 0
!leg 57463 268811 10 0 2 attackers:57463;victims:268811;type:1;valid_origin:True;recurrent:False;local:False
57463 268811 1 2 0
57463 268811 2 2 0
57463 268811 3 2 0
57463 268811 4 2 0
57463 268811 5 2 0
57463 268811 6 2 0
57463 268811 7 2 0
57463 268811 8 2 0
57463 268811 9 2 0
57463 268811 10 2 0
!leg 9498 10098 10 0 1 attackers:9498;victims:10132;type:2;valid_origin:True;recurrent:False;local:False
9498 10098 1 1 0
9498 10098 2 1 0
9498 10098 3 1 0
9498 10098 4 1 0
9498 10098 5 1 0
9498 10098 6 1 0
9498 10098 7 1 0
9498 10098 8 1 0
9498 10098 9 1 0
9498 10098 10 1 0
!leg 2027 5398 10 0 12 attackers:2027;victims:211702,5398,49772,200726,203462,210638,6898,64445,204366,203639,60706,56786;type:1,2,3,4,5;valid_origin:False;recurrent:False;local:True
2027 5398 1 12 0
2027 5398 2 12 0
2027 5398 3 12 0
2027 5398 4 12 0
2027 5398 5 12 0
2027 5398 6 12 0
2027 5398 7 12 0
2027 5398 8 12 0
2027 5398 9 12 0
2027 5398 10 12 0
!sus 263009 271407 9 1 2 attackers:271407;victims:264459;type:2;valid_origin:True;recurrent:True;local:False
263009 271407 1 0 2
263009 271407 2 2 0
263009 271407 3 2 0
263009 271407 4 2 0
263009 271407 5 2 0
263009 271407 6 2 0
263009 271407 7 2 0
263009 271407 8 2 0
263009 271407 9 2 0
263009 271407 10 2 0
!leg 3204 137409 10 0 1 attackers:137409;victims:212793;type:2;valid_origin:True;recurrent:False;local:True
3204 137409 1 1 0
3204 137409 2 1 0
3204 137409 3 1 0
3204 137409 4 1 0
3204 137409 5 1 0
3204 137409 6 1 0
3204 137409 7 1 0
3204 137409 8 1 0
3204 137409 9 1 0
3204 137409 10 1 0
!sus 212271 212483 9 1 5 attackers:212271;victims:212483;type:1;valid_origin:True;recurrent:True;local:False
212271 212483 1 1 4
212271 212483 2 5 0
212271 212483 3 5 0
212271 212483 4 5 0
212271 212483 5 5 0
212271 212483 6 5 0
212271 212483 7 5 0
212271 212483 8 5 0
212271 212483 9 5 0
212271 212483 10 5 0
!leg 5511 208374 10 0 3 attackers:5511;victims:6661,210834;type:2;valid_origin:True;recurrent:True;local:False
5511 208374 1 2 1
5511 208374 2 2 1
5511 208374 3 2 1
5511 208374 4 2 1
5511 208374 5 2 1
5511 208374 6 2 1
5511 208374 7 2 1
5511 208374 8 2 1
5511 208374 9 2 1
5511 208374 10 2 1
!sus 35661 59956 5 5 210 attackers:35661;victims:59956;type:1;valid_origin:True;recurrent:False;local:False
35661 59956 1 35 175
35661 59956 2 41 169
35661 59956 3 77 133
35661 59956 4 77 133
35661 59956 5 99 111
35661 59956 6 129 81
35661 59956 7 116 94
35661 59956 8 131 79
35661 59956 9 137 73
35661 59956 10 118 92
!sus 56655 202990 1 9 77 attackers:56655;victims:202990;type:1;valid_origin:True;recurrent:True;local:False
56655 202990 1 33 44
56655 202990 2 1 76
56655 202990 3 32 45
56655 202990 4 27 50
56655 202990 5 29 48
56655 202990 6 0 77
56655 202990 7 33 44
56655 202990 8 25 52
56655 202990 9 40 37
56655 202990 10 36 41
!leg 17451 138106 10 0 2 attackers:138106;victims:136102;type:2;valid_origin:True;recurrent:False;local:False
17451 138106 1 2 0
17451 138106 2 2 0
17451 138106 3 2 0
17451 138106 4 2 0
17451 138106 5 2 0
17451 138106 6 2 0
17451 138106 7 2 0
17451 138106 8 2 0
17451 138106 9 2 0
17451 138106 10 2 0
!sus 31638 63293 0 10 23 attackers:31638;victims:63293;type:1;valid_origin:True;recurrent:True;local:False
31638 63293 1 0 23
31638 63293 2 0 23
31638 63293 3 0 23
31638 63293 4 1 22
31638 63293 5 2 21
31638 63293 6 2 21
31638 63293 7 4 19
31638 63293 8 7 16
31638 63293 9 7 16
31638 63293 10 4 19
!sus 174 51259 0 10 105 attackers:174;victims:30721;type:2;valid_origin:True;recurrent:True;local:False
174 51259 1 0 105
174 51259 2 4 101
174 51259 3 6 99
174 51259 4 2 103
174 51259 5 5 100
174 51259 6 8 97
174 51259 7 2 103
174 51259 8 13 92
174 51259 9 12 93
174 51259 10 52 53
!leg 701 8012 10 0 36 attackers:701;victims:8012;type:1;valid_origin:True;recurrent:False;local:False
701 8012 1 36 0
701 8012 2 36 0
701 8012 3 36 0
701 8012 4 36 0
701 8012 5 36 0
701 8012 6 36 0
701 8012 7 36 0
701 8012 8 36 0
701 8012 9 36 0
701 8012 10 36 0
!leg 54825 212091 10 0 59 attackers:54825;victims:212091;type:1;valid_origin:True;recurrent:False;local:False
54825 212091 1 59 0
54825 212091 2 59 0
54825 212091 3 59 0
54825 212091 4 59 0
54825 212091 5 59 0
54825 212091 6 59 0
54825 212091 7 59 0
54825 212091 8 59 0
54825 212091 9 59 0
54825 212091 10 59 0
!leg 61568 267578 10 0 1 attackers:61568;victims:272695;type:2;valid_origin:True;recurrent:False;local:False
61568 267578 1 1 0
61568 267578 2 1 0
61568 267578 3 1 0
61568 267578 4 1 0
61568 267578 5 1 0
61568 267578 6 1 0
61568 267578 7 1 0
61568 267578 8 1 0
61568 267578 9 1 0
61568 267578 10 1 0
!leg 20857 200020 10 0 417 attackers:200020;victims:20857;type:1;valid_origin:True;recurrent:False;local:False
20857 200020 1 343 74
20857 200020 2 402 15
20857 200020 3 417 0
20857 200020 4 417 0
20857 200020 5 417 0
20857 200020 6 417 0
20857 200020 7 417 0
20857 200020 8 417 0
20857 200020 9 417 0
20857 200020 10 417 0
!leg 24130 38559 10 0 11 attackers:24130;victims:38559;type:1;valid_origin:True;recurrent:False;local:False
24130 38559 1 11 0
24130 38559 2 11 0
24130 38559 3 11 0
24130 38559 4 11 0
24130 38559 5 11 0
24130 38559 6 11 0
24130 38559 7 11 0
24130 38559 8 11 0
24130 38559 9 11 0
24130 38559 10 11 0
!leg 12186 61138 10 0 94 attackers:12186;victims:61138;type:1;valid_origin:False;recurrent:True;local:False
12186 61138 1 63 31
12186 61138 2 94 0
12186 61138 3 94 0
12186 61138 4 94 0
12186 61138 5 94 0
12186 61138 6 94 0
12186 61138 7 94 0
12186 61138 8 94 0
12186 61138 9 94 0
12186 61138 10 94 0
!sus 263327 264221 2 8 451 attackers:264221;victims:263327;type:1;valid_origin:True;recurrent:True;local:False
263327 264221 1 16 435
263327 264221 2 120 331
263327 264221 3 124 327
263327 264221 4 117 334
263327 264221 5 144 307
263327 264221 6 129 322
263327 264221 7 197 254
263327 264221 8 235 216
263327 264221 9 228 223
263327 264221 10 198 253
!sus 266671 394625 9 1 21 attackers:394625;victims:266671;type:1;valid_origin:True;recurrent:True;local:False
266671 394625 1 6 15
266671 394625 2 16 5
266671 394625 3 20 1
266671 394625 4 21 0
266671 394625 5 21 0
266671 394625 6 21 0
266671 394625 7 21 0
266671 394625 8 21 0
266671 394625 9 21 0
266671 394625 10 21 0
!sus 132591 139341 0 10 5 attackers:132591;victims:139341;type:1;valid_origin:True;recurrent:True;local:False
132591 139341 1 0 5
132591 139341 2 0 5
132591 139341 3 0 5
132591 139341 4 0 5
132591 139341 5 0 5
132591 139341 6 0 5
132591 139341 7 0 5
132591 139341 8 0 5
132591 139341 9 0 5
132591 139341 10 0 5
!sus 12491 35710 8 2 2 attackers:35710;victims:12491;type:1;valid_origin:True;recurrent:True;local:False
12491 35710 1 0 2
12491 35710 2 0 2
12491 35710 3 2 0
12491 35710 4 2 0
12491 35710 5 2 0
12491 35710 6 2 0
12491 35710 7 2 0
12491 35710 8 2 0
12491 35710 9 2 0
12491 35710 10 2 0
!sus 52468 272823 0 10 37 attackers:52468;victims:272823;type:1;valid_origin:True;recurrent:True;local:False
52468 272823 1 0 37
52468 272823 2 0 37
52468 272823 3 0 37
52468 272823 4 0 37
52468 272823 5 7 30
52468 272823 6 7 30
52468 272823 7 0 37
52468 272823 8 7 30
52468 272823 9 1 36
52468 272823 10 7 30
!sus 44570 212948 0 10 35 attackers:44570;victims:212948;type:1;valid_origin:True;recurrent:True;local:False
44570 212948 1 4 31
44570 212948 2 5 30
44570 212948 3 5 30
44570 212948 4 7 28
44570 212948 5 9 26
44570 212948 6 12 23
44570 212948 7 6 29
44570 212948 8 9 26
44570 212948 9 9 26
44570 212948 10 9 26
!leg 6660 64086 10 0 151 attackers:6660;victims:64086;type:1;valid_origin:True;recurrent:False;local:False
6660 64086 1 151 0
6660 64086 2 151 0
6660 64086 3 151 0
6660 64086 4 151 0
6660 64086 5 151 0
6660 64086 6 151 0
6660 64086 7 151 0
6660 64086 8 151 0
6660 64086 9 151 0
6660 64086 10 151 0
!leg 55794 58392 10 0 132 attackers:55794;victims:137315,58392,149407,138829;type:1,2;valid_origin:True;recurrent:False;local:False
55794 58392 1 132 0
55794 58392 2 132 0
55794 58392 3 132 0
55794 58392 4 132 0
55794 58392 5 132 0
55794 58392 6 132 0
55794 58392 7 132 0
55794 58392 8 132 0
55794 58392 9 132 0
55794 58392 10 132 0
!sus 10396 395471 8 2 165 attackers:10396;victims:18895;type:2;valid_origin:True;recurrent:False;local:False
10396 395471 1 165 0
10396 395471 2 119 46
10396 395471 3 147 18
10396 395471 4 164 1
10396 395471 5 128 37
10396 395471 6 104 61
10396 395471 7 143 22
10396 395471 8 79 86
10396 395471 9 89 76
10396 395471 10 26 139
!sus 50520 212699 2 8 8 attackers:50520;victims:212699;type:1;valid_origin:True;recurrent:True;local:False
50520 212699 1 8 0
50520 212699 2 0 8
50520 212699 3 7 1
50520 212699 4 0 8
50520 212699 5 0 8
50520 212699 6 0 8
50520 212699 7 0 8
50520 212699 8 0 8
50520 212699 9 0 8
50520 212699 10 0 8
!sus 36236 267294 6 4 1 attackers:267294;victims:1508;type:2;valid_origin:True;recurrent:True;local:False
36236 267294 1 0 1
36236 267294 2 0 1
36236 267294 3 0 1
36236 267294 4 0 1
36236 267294 5 1 0
36236 267294 6 1 0
36236 267294 7 1 0
36236 267294 8 1 0
36236 267294 9 1 0
36236 267294 10 1 0
!sus 51999 57050 0 10 1979 attackers:57050;victims:49780,212577,57957,212528,59417,48413,51999,210902;type:1,2;valid_origin:True;recurrent:True;local:False
51999 57050 1 0 1979
51999 57050 2 0 1979
51999 57050 3 0 1979
51999 57050 4 0 1979
51999 57050 5 0 1979
51999 57050 6 0 1979
51999 57050 7 0 1979
51999 57050 8 0 1979
51999 57050 9 0 1979
51999 57050 10 0 1979
!sus 23673 59796 0 10 1 attackers:23673;victims:59796;type:1;valid_origin:True;recurrent:True;local:True
23673 59796 1 0 1
23673 59796 2 0 1
23673 59796 3 0 1
23673 59796 4 0 1
23673 59796 5 0 1
23673 59796 6 0 1
23673 59796 7 0 1
23673 59796 8 0 1
23673 59796 9 0 1
23673 59796 10 0 1
!sus 264645 272844 0 10 5 attackers:264645;victims:272844;type:1;valid_origin:True;recurrent:True;local:False
264645 272844 1 0 5
264645 272844 2 0 5
264645 272844 3 0 5
264645 272844 4 0 5
264645 272844 5 0 5
264645 272844 6 0 5
264645 272844 7 0 5
264645 272844 8 0 5
264645 272844 9 0 5
264645 272844 10 0 5
!sus 17819 30598 5 5 5 attackers:17819;victims:30598;type:1;valid_origin:True;recurrent:True;local:False
17819 30598 1 1 4
17819 30598 2 1 4
17819 30598 3 1 4
17819 30598 4 1 4
17819 30598 5 1 4
17819 30598 6 3 2
17819 30598 7 3 2
17819 30598 8 5 0
17819 30598 9 5 0
17819 30598 10 5 0
!sus 48732 50058 1 9 5 attackers:50058;victims:48732;type:1;valid_origin:True;recurrent:True;local:False
48732 50058 1 0 5
48732 50058 2 0 5
48732 50058 3 0 5
48732 50058 4 0 5
48732 50058 5 1 4
48732 50058 6 0 5
48732 50058 7 0 5
48732 50058 8 0 5
48732 50058 9 2 3
48732 50058 10 4 1
!sus 140731 212271 0 10 2 attackers:212271;victims:140731;type:1;valid_origin:True;recurrent:True;local:False
140731 212271 1 0 2
140731 212271 2 0 2
140731 212271 3 0 2
140731 212271 4 0 2
140731 212271 5 0 2
140731 212271 6 0 2
140731 212271 7 0 2
140731 212271 8 0 2
140731 212271 9 0 2
140731 212271 10 0 2
!sus 8849 26383 0 10 25 attackers:8849;victims:26383;type:1;valid_origin:True;recurrent:True;local:False
8849 26383 1 0 25
8849 26383 2 0 25
8849 26383 3 0 25
8849 26383 4 0 25
8849 26383 5 0 25
8849 26383 6 0 25
8849 26383 7 0 25
8849 26383 8 0 25
8849 26383 9 0 25
8849 26383 10 0 25
!sus 139341 203214 4 6 6 attackers:203214;victims:139341;type:3;valid_origin:True;recurrent:True;local:False
139341 203214 1 0 6
139341 203214 2 0 6
139341 203214 3 0 6
139341 203214 4 0 6
139341 203214 5 1 5
139341 203214 6 6 0
139341 203214 7 6 0
139341 203214 8 1 5
139341 203214 9 6 0
139341 203214 10 6 0
!leg 44103 202905 10 0 1 attackers:44103;victims:202905;type:1;valid_origin:True;recurrent:False;local:False
44103 202905 1 1 0
44103 202905 2 1 0
44103 202905 3 1 0
44103 202905 4 1 0
44103 202905 5 1 0
44103 202905 6 1 0
44103 202905 7 1 0
44103 202905 8 1 0
44103 202905 9 1 0
44103 202905 10 1 0
!sus 394209 399898 0 10 6 attackers:394209;victims:399898;type:1;valid_origin:True;recurrent:True;local:False
394209 399898 1 0 6
394209 399898 2 0 6
394209 399898 3 0 6
394209 399898 4 0 6
394209 399898 5 0 6
394209 399898 6 0 6
394209 399898 7 0 6
394209 399898 8 0 6
394209 399898 9 0 6
394209 399898 10 0 6
!sus 30990 329140 0 10 9 attackers:30990;victims:329140;type:1;valid_origin:True;recurrent:True;local:False
30990 329140 1 0 9
30990 329140 2 0 9
30990 329140 3 0 9
30990 329140 4 0 9
30990 329140 5 0 9
30990 329140 6 0 9
30990 329140 7 0 9
30990 329140 8 0 9
30990 329140 9 0 9
30990 329140 10 0 9
!sus 4609 139341 8 2 13 attackers:4609;victims:139341;type:1;valid_origin:True;recurrent:True;local:False
4609 139341 1 2 11
4609 139341 2 2 11
4609 139341 3 9 4
4609 139341 4 10 3
4609 139341 5 13 0
4609 139341 6 11 2
4609 139341 7 13 0
4609 139341 8 13 0
4609 139341 9 13 0
4609 139341 10 13 0
!sus 133372 140570 0 10 5 attackers:140570;victims:133372;type:1;valid_origin:True;recurrent:True;local:False
133372 140570 1 0 5
133372 140570 2 0 5
133372 140570 3 0 5
133372 140570 4 0 5
133372 140570 5 0 5
133372 140570 6 0 5
133372 140570 7 0 5
133372 140570 8 0 5
133372 140570 9 0 5
133372 140570 10 0 5
!sus 58952 59796 5 5 1 attackers:58952;victims:59796;type:1;valid_origin:True;recurrent:True;local:True
58952 59796 1 0 1
58952 59796 2 0 1
58952 59796 3 0 1
58952 59796 4 1 0
58952 59796 5 0 1
58952 59796 6 1 0
58952 59796 7 0 1
58952 59796 8 1 0
58952 59796 9 1 0
58952 59796 10 1 0
!sus 26383 63023 3 7 22 attackers:63023;victims:26383;type:1;valid_origin:True;recurrent:True;local:False
26383 63023 1 0 22
26383 63023 2 0 22
26383 63023 3 1 21
26383 63023 4 9 13
26383 63023 5 6 16
26383 63023 6 15 7
26383 63023 7 10 12
26383 63023 8 4 18
26383 63023 9 16 6
26383 63023 10 18 4
!sus 203868 213045 6 4 66 attackers:213045;victims:203868;type:1;valid_origin:True;recurrent:True;local:False
203868 213045 1 10 56
203868 213045 2 12 54
203868 213045 3 32 34
203868 213045 4 15 51
203868 213045 5 61 5
203868 213045 6 59 7
203868 213045 7 40 26
203868 213045 8 59 7
203868 213045 9 59 7
203868 213045 10 61 5
!sus 13786 28277 4 6 12 attackers:13786;victims:28277;type:1;valid_origin:True;recurrent:True;local:False
13786 28277 1 5 7
13786 28277 2 5 7
13786 28277 3 5 7
13786 28277 4 5 7
13786 28277 5 5 7
13786 28277 6 5 7
13786 28277 7 7 5
13786 28277 8 7 5
13786 28277 9 7 5
13786 28277 10 7 5
!sus 396356 400792 8 2 6 attackers:396356;victims:400792;type:1;valid_origin:True;recurrent:True;local:False
396356 400792 1 3 3
396356 400792 2 3 3
396356 400792 3 6 0
396356 400792 4 6 0
396356 400792 5 6 0
396356 400792 6 6 0
396356 400792 7 6 0
396356 400792 8 6 0
396356 400792 9 6 0
396356 400792 10 6 0
!leg 5398 58057 10 0 1 attackers:58057;victims:5398;type:1;valid_origin:False;recurrent:False;local:False
5398 58057 1 1 0
5398 58057 2 1 0
5398 58057 3 1 0
5398 58057 4 1 0
5398 58057 5 1 0
5398 58057 6 1 0
5398 58057 7 1 0
5398 58057 8 1 0
5398 58057 9 1 0
5398 58057 10 1 0
!sus 9 150021 0 10 48 attackers:150021;victims:9;type:1;valid_origin:True;recurrent:False;local:False
9 150021 1 0 48
9 150021 2 0 48
9 150021 3 0 48
9 150021 4 0 48
9 150021 5 0 48
9 150021 6 0 48
9 150021 7 0 48
9 150021 8 0 48
9 150021 9 0 48
9 150021 10 0 48
!leg 24429 263008 10 0 28 attackers:24429;victims:263008;type:1;valid_origin:True;recurrent:False;local:False
24429 263008 1 16 12
24429 263008 2 28 0
24429 263008 3 28 0
24429 263008 4 28 0
24429 263008 5 28 0
24429 263008 6 28 0
24429 263008 7 28 0
24429 263008 8 28 0
24429 263008 9 28 0
24429 263008 10 28 0
!leg 12491 200780 10 0 1 attackers:200780;victims:12491;type:1;valid_origin:True;recurrent:False;local:False
12491 200780 1 1 0
12491 200780 2 1 0
12491 200780 3 1 0
12491 200780 4 1 0
12491 200780 5 1 0
12491 200780 6 1 0
12491 200780 7 1 0
12491 200780 8 1 0
12491 200780 9 1 0
12491 200780 10 1 0
!leg 15802 43641 10 0 1 attackers:15802;victims:397702;type:2;valid_origin:True;recurrent:False;local:False
15802 43641 1 1 0
15802 43641 2 1 0
15802 43641 3 1 0
15802 43641 4 1 0
15802 43641 5 1 0
15802 43641 6 1 0
15802 43641 7 1 0
15802 43641 8 1 0
15802 43641 9 1 0
15802 43641 10 1 0
!sus 51185 60840 8 2 1 attackers:51185;victims:60840;type:1;valid_origin:True;recurrent:True;local:True
51185 60840 1 0 1
51185 60840 2 0 1
51185 60840 3 1 0
51185 60840 4 1 0
51185 60840 5 1 0
51185 60840 6 1 0
51185 60840 7 1 0
51185 60840 8 1 0
51185 60840 9 1 0
51185 60840 10 1 0
!leg 3 37613 10 0 1 attackers:37613;victims:37249;type:2;valid_origin:True;recurrent:False;local:False
3 37613 1 1 0
3 37613 2 1 0
3 37613 3 1 0
3 37613 4 1 0
3 37613 5 1 0
3 37613 6 1 0
3 37613 7 1 0
3 37613 8 1 0
3 37613 9 1 0
3 37613 10 1 0
!leg 8012 20214 10 0 7 attackers:20214;victims:8012;type:1;valid_origin:True;recurrent:False;local:False
8012 20214 1 7 0
8012 20214 2 7 0
8012 20214 3 7 0
8012 20214 4 7 0
8012 20214 5 7 0
8012 20214 6 7 0
8012 20214 7 7 0
8012 20214 8 7 0
8012 20214 9 7 0
8012 20214 10 7 0
!leg 37468 328718 10 0 97 attackers:37468;victims:328718;type:1;valid_origin:True;recurrent:False;local:False
37468 328718 1 96 1
37468 328718 2 97 0
37468 328718 3 97 0
37468 328718 4 83 14
37468 328718 5 95 2
37468 328718 6 93 4
37468 328718 7 90 7
37468 328718 8 86 11
37468 328718 9 87 10
37468 328718 10 96 1
!leg 3 37249 10 0 1 attackers:3;victims:37249;type:1;valid_origin:True;recurrent:False;local:False
3 37249 1 1 0
3 37249 2 1 0
3 37249 3 1 0
3 37249 4 1 0
3 37249 5 1 0
3 37249 6 1 0
3 37249 7 1 0
3 37249 8 1 0
3 37249 9 1 0
3 37249 10 1 0
!sus 137409 207841 0 10 1 attackers:207841;victims:137409;type:1;valid_origin:True;recurrent:True;local:True
137409 207841 1 0 1
137409 207841 2 0 1
137409 207841 3 0 1
137409 207841 4 0 1
137409 207841 5 0 1
137409 207841 6 0 1
137409 207841 7 0 1
137409 207841 8 0 1
137409 207841 9 0 1
137409 207841 10 0 1
!leg 5398 58299 10 0 1 attackers:58299;victims:6898;type:2;valid_origin:True;recurrent:False;local:True
5398 58299 1 1 0
5398 58299 2 1 0
5398 58299 3 1 0
5398 58299 4 1 0
5398 58299 5 1 0
5398 58299 6 1 0
5398 58299 7 1 0
5398 58299 8 1 0
5398 58299 9 1 0
5398 58299 10 1 0
!sus 16437 398947 3 7 1 attackers:398947;victims:16437;type:1;valid_origin:True;recurrent:True;local:False
16437 398947 1 0 1
16437 398947 2 0 1
16437 398947 3 0 1
16437 398947 4 0 1
16437 398947 5 0 1
16437 398947 6 1 0
16437 398947 7 0 1
16437 398947 8 1 0
16437 398947 9 0 1
16437 398947 10 1 0
!sus 13586 47449 2 8 11 attackers:47449;victims:13586;type:1;valid_origin:True;recurrent:True;local:False
13586 47449 1 11 0
13586 47449 2 10 1
13586 47449 3 0 11
13586 47449 4 0 11
13586 47449 5 1 10
13586 47449 6 1 10
13586 47449 7 1 10
13586 47449 8 0 11
13586 47449 9 0 11
13586 47449 10 1 10
!leg 1916 268811 10 0 2 attackers:1916;victims:268811;type:1;valid_origin:True;recurrent:False;local:False
1916 268811 1 2 0
1916 268811 2 2 0
1916 268811 3 2 0
1916 268811 4 2 0
1916 268811 5 2 0
1916 268811 6 2 0
1916 268811 7 2 0
1916 268811 8 2 0
1916 268811 9 2 0
1916 268811 10 2 0
!sus 24429 58470 0 10 15 attackers:58470;victims:24429;type:1;valid_origin:True;recurrent:True;local:False
24429 58470 1 0 15
24429 58470 2 0 15
24429 58470 3 0 15
24429 58470 4 0 15
24429 58470 5 0 15
24429 58470 6 3 12
24429 58470 7 3 12
24429 58470 8 4 11
24429 58470 9 3 12
24429 58470 10 5 10
!leg 16247 137409 10 0 1 attackers:137409;victims:15622;type:3;valid_origin:True;recurrent:False;local:False
16247 137409 1 1 0
16247 137409 2 1 0
16247 137409 3 1 0
16247 137409 4 1 0
16247 137409 5 1 0
16247 137409 6 1 0
16247 137409 7 1 0
16247 137409 8 1 0
16247 137409 9 1 0
16247 137409 10 1 0
!sus 39421 204186 0 10 134 attackers:39421;victims:204186;type:1;valid_origin:True;recurrent:False;local:False
39421 204186 1 3 131
39421 204186 2 13 121
39421 204186 3 14 120
39421 204186 4 14 120
39421 204186 5 14 120
39421 204186 6 16 118
39421 204186 7 18 116
39421 204186 8 18 116
39421 204186 9 16 118
39421 204186 10 19 115
!leg 14114 202926 10 0 777 attackers:14114;victims:35039,203078,60181,202926;type:1,2;valid_origin:True;recurrent:False;local:False
14114 202926 1 677 100
14114 202926 2 701 76
14114 202926 3 735 42
14114 202926 4 742 35
14114 202926 5 758 19
14114 202926 6 745 32
14114 202926 7 762 15
14114 202926 8 756 21
14114 202926 9 749 28
14114 202926 10 746 31
!sus 132296 132956 6 4 16 attackers:132956;victims:132296;type:1;valid_origin:True;recurrent:False;local:False
132296 132956 1 0 16
132296 132956 2 2 14
132296 132956 3 8 8
132296 132956 4 11 5
132296 132956 5 5 11
132296 132956 6 13 3
132296 132956 7 15 1
132296 132956 8 12 4
132296 132956 9 11 5
132296 132956 10 9 7
!leg 58656 140539 10 0 189 attackers:58656;victims:140539;type:1;valid_origin:True;recurrent:False;local:False
58656 140539 1 189 0
58656 140539 2 189 0
58656 140539 3 189 0
58656 140539 4 189 0
58656 140539 5 189 0
58656 140539 6 189 0
58656 140539 7 189 0
58656 140539 8 189 0
58656 140539 9 189 0
58656 140539 10 189 0
!leg 32787 63949 10 0 194 attackers:32787;victims:63949;type:1;valid_origin:True;recurrent:False;local:False
32787 63949 1 179 15
32787 63949 2 185 9
32787 63949 3 194 0
32787 63949 4 194 0
32787 63949 5 194 0
32787 63949 6 194 0
32787 63949 7 194 0
32787 63949 8 194 0
32787 63949 9 194 0
32787 63949 10 194 0
!leg 23520 264764 10 0 654 attackers:23520;victims:27929,264764,52451,36224;type:1,2;valid_origin:True;recurrent:False;local:False
23520 264764 1 650 4
23520 264764 2 654 0
23520 264764 3 654 0
23520 264764 4 654 0
23520 264764 5 654 0
23520 264764 6 654 0
23520 264764 7 654 0
23520 264764 8 654 0
23520 264764 9 654 0
23520 264764 10 654 0
!sus 100 54389 0 10 8 attackers:54389;victims:54389;type:2;valid_origin:True;recurrent:False;local:False
100 54389 1 0 8
100 54389 2 0 8
100 54389 3 0 8
100 54389 4 0 8
100 54389 5 0 8
100 54389 6 0 8
100 54389 7 1 7
100 54389 8 0 8
100 54389 9 0 8
100 54389 10 0 8
!sus 9268 59796 0 10 1 attackers:9268;victims:59796;type:1;valid_origin:True;recurrent:True;local:True
9268 59796 1 0 1
9268 59796 2 0 1
9268 59796 3 0 1
9268 59796 4 0 1
9268 59796 5 0 1
9268 59796 6 0 1
9268 59796 7 0 1
9268 59796 8 0 1
9268 59796 9 0 1
9268 59796 10 0 1
!leg 15557 210156 10 0 375 attackers:15557;victims:210156;type:1;valid_origin:True;recurrent:False;local:False
15557 210156 1 375 0
15557 210156 2 375 0
15557 210156 3 375 0
15557 210156 4 375 0
15557 210156 5 375 0
15557 210156 6 375 0
15557 210156 7 375 0
15557 210156 8 375 0
15557 210156 9 375 0
15557 210156 10 375 0
!leg 20495 34971 10 0 1 attackers:20495;victims:34971;type:1;valid_origin:True;recurrent:False;local:False
20495 34971 1 1 0
20495 34971 2 1 0
20495 34971 3 1 0
20495 34971 4 1 0
20495 34971 5 1 0
20495 34971 6 1 0
20495 34971 7 1 0
20495 34971 8 1 0
20495 34971 9 1 0
20495 34971 10 1 0
!sus 135341 150178 8 2 8 attackers:150178;victims:135341;type:1;valid_origin:True;recurrent:True;local:False
135341 150178 1 0 8
135341 150178 2 1 7
135341 150178 3 5 3
135341 150178 4 6 2
135341 150178 5 6 2
135341 150178 6 6 2
135341 150178 7 6 2
135341 150178 8 6 2
135341 150178 9 6 2
135341 150178 10 8 0
!leg 142390 147137 10 0 293 attackers:147137;victims:142390;type:1;valid_origin:True;recurrent:False;local:False
142390 147137 1 293 0
142390 147137 2 293 0
142390 147137 3 293 0
142390 147137 4 293 0
142390 147137 5 293 0
142390 147137 6 293 0
142390 147137 7 293 0
142390 147137 8 293 0
142390 147137 9 293 0
142390 147137 10 293 0
!sus 203458 203597 2 8 17 attackers:203458;victims:203597;type:1;valid_origin:True;recurrent:True;local:False
203458 203597 1 0 17
203458 203597 2 0 17
203458 203597 3 0 17
203458 203597 4 0 17
203458 203597 5 0 17
203458 203597 6 3 14
203458 203597 7 6 11
203458 203597 8 3 14
203458 203597 9 9 8
203458 203597 10 9 8
!sus 50058 62309 0 10 600 attackers:50058;victims:62309;type:1;valid_origin:True;recurrent:False;local:False
50058 62309 1 0 600
50058 62309 2 0 600
50058 62309 3 0 600
50058 62309 4 0 600
50058 62309 5 0 600
50058 62309 6 0 600
50058 62309 7 0 600
50058 62309 8 0 600
50058 62309 9 0 600
50058 62309 10 0 600
!sus 201996 205254 0 10 1 attackers:201996;victims:205254;type:1;valid_origin:True;recurrent:True;local:False
201996 205254 1 0 1
201996 205254 2 0 1
201996 205254 3 0 1
201996 205254 4 0 1
201996 205254 5 0 1
201996 205254 6 0 1
201996 205254 7 0 1
201996 205254 8 0 1
201996 205254 9 0 1
201996 205254 10 0 1
!leg 5398 51873 10 0 13 attackers:51873;victims:211702,5398,49772,200726,203462,210638,6898,64445,204366,203639,60706,200984,56786;type:1,2,3,4,5;valid_origin:False;recurrent:False;local:True
5398 51873 1 13 0
5398 51873 2 13 0
5398 51873 3 13 0
5398 51873 4 13 0
5398 51873 5 13 0
5398 51873 6 13 0
5398 51873 7 13 0
5398 51873 8 13 0
5398 51873 9 13 0
5398 51873 10 13 0
!leg 53181 268330 10 0 42 attackers:268330;victims:263081;type:2;valid_origin:True;recurrent:True;local:False
53181 268330 1 42 0
53181 268330 2 42 0
53181 268330 3 42 0
53181 268330 4 42 0
53181 268330 5 42 0
53181 268330 6 42 0
53181 268330 7 42 0
53181 268330 8 42 0
53181 268330 9 42 0
53181 268330 10 42 0
!sus 24203 139057 0 10 23 attackers:24203;victims:139057;type:1;valid_origin:True;recurrent:True;local:False
24203 139057 1 0 23
24203 139057 2 0 23
24203 139057 3 0 23
24203 139057 4 0 23
24203 139057 5 0 23
24203 139057 6 0 23
24203 139057 7 1 22
24203 139057 8 2 21
24203 139057 9 2 21
24203 139057 10 2 21
!sus 4809 53046 0 10 1 attackers:53046;victims:4809;type:1;valid_origin:True;recurrent:True;local:True
4809 53046 1 0 1
4809 53046 2 0 1
4809 53046 3 0 1
4809 53046 4 0 1
4809 53046 5 0 1
4809 53046 6 0 1
4809 53046 7 0 1
4809 53046 8 0 1
4809 53046 9 0 1
4809 53046 10 0 1
!leg 50673 202838 10 0 1 attackers:50673;victims:202838;type:1;valid_origin:True;recurrent:False;local:True
50673 202838 1 1 0
50673 202838 2 1 0
50673 202838 3 1 0
50673 202838 4 1 0
50673 202838 5 1 0
50673 202838 6 1 0
50673 202838 7 1 0
50673 202838 8 1 0
50673 202838 9 1 0
50673 202838 10 1 0
!sus 49304 142553 0 10 17 attackers:49304;victims:142553;type:1;valid_origin:True;recurrent:True;local:False
49304 142553 1 4 13
49304 142553 2 4 13
49304 142553 3 4 13
49304 142553 4 4 13
49304 142553 5 4 13
49304 142553 6 6 11
49304 142553 7 6 11
49304 142553 8 5 12
49304 142553 9 6 11
49304 142553 10 7 10
!sus 13335 37105 6 4 101 attackers:37105;victims:13335;type:1;valid_origin:True;recurrent:True;local:False
13335 37105 1 2 99
13335 37105 2 13 88
13335 37105 3 27 74
13335 37105 4 79 22
13335 37105 5 48 53
13335 37105 6 99 2
13335 37105 7 96 5
13335 37105 8 84 17
13335 37105 9 101 0
13335 37105 10 101 0
!sus 44570 209391 9 1 118 attackers:44570;victims:209391;type:1;valid_origin:True;recurrent:True;local:False
44570 209391 1 13 105
44570 209391 2 72 46
44570 209391 3 108 10
44570 209391 4 108 10
44570 209391 5 111 7
44570 209391 6 113 5
44570 209391 7 112 6
44570 209391 8 112 6
44570 209391 9 114 4
44570 209391 10 116 2
!leg 5398 8803 10 0 1 attackers:8803;victims:6898;type:2;valid_origin:True;recurrent:False;local:True
5398 8803 1 1 0
5398 8803 2 1 0
5398 8803 3 1 0
5398 8803 4 1 0
5398 8803 5 1 0
5398 8803 6 1 0
5398 8803 7 1 0
5398 8803 8 1 0
5398 8803 9 1 0
5398 8803 10 1 0
!sus 48732 207740 0 10 3 attackers:48732;victims:207740;type:1;valid_origin:True;recurrent:True;local:False
48732 207740 1 0 3
48732 207740 2 0 3
48732 207740 3 0 3
48732 207740 4 0 3
48732 207740 5 0 3
48732 207740 6 0 3
48732 207740 7 0 3
48732 207740 8 0 3
48732 207740 9 0 3
48732 207740 10 0 3
!leg 29632 44654 10 0 1 attackers:29632;victims:44654;type:1;valid_origin:True;recurrent:False;local:False
29632 44654 1 1 0
29632 44654 2 1 0
29632 44654 3 1 0
29632 44654 4 1 0
29632 44654 5 1 0
29632 44654 6 1 0
29632 44654 7 1 0
29632 44654 8 1 0
29632 44654 9 1 0
29632 44654 10 1 0
!leg 45430 135158 10 0 2 attackers:45430;victims:131380,135158;type:1,2;valid_origin:True;recurrent:False;local:False
45430 135158 1 2 0
45430 135158 2 2 0
45430 135158 3 2 0
45430 135158 4 2 0
45430 135158 5 2 0
45430 135158 6 2 0
45430 135158 7 2 0
45430 135158 8 2 0
45430 135158 9 2 0
45430 135158 10 2 0
!sus 47449 202736 0 10 13 attackers:47449;victims:202736;type:1;valid_origin:True;recurrent:True;local:False
47449 202736 1 2 11
47449 202736 2 3 10
47449 202736 3 1 12
47449 202736 4 2 11
47449 202736 5 2 11
47449 202736 6 1 12
47449 202736 7 2 11
47449 202736 8 3 10
47449 202736 9 1 12
47449 202736 10 2 11
!sus 47720 205967 1 9 11 attackers:47720;victims:205967;type:1;valid_origin:True;recurrent:True;local:False
47720 205967 1 6 5
47720 205967 2 5 6
47720 205967 3 5 6
47720 205967 4 5 6
47720 205967 5 2 9
47720 205967 6 0 11
47720 205967 7 2 9
47720 205967 8 3 8
47720 205967 9 2 9
47720 205967 10 5 6
!leg 1251 262381 10 0 1 attackers:1251;victims:262381;type:1;valid_origin:True;recurrent:False;local:False
1251 262381 1 1 0
1251 262381 2 1 0
1251 262381 3 1 0
1251 262381 4 1 0
1251 262381 5 1 0
1251 262381 6 1 0
1251 262381 7 1 0
1251 262381 8 1 0
1251 262381 9 1 0
1251 262381 10 1 0
!leg 43754 201634 10 0 443 attackers:43754;victims:201634;type:1;valid_origin:True;recurrent:False;local:False
43754 201634 1 443 0
43754 201634 2 443 0
43754 201634 3 443 0
43754 201634 4 443 0
43754 201634 5 443 0
43754 201634 6 443 0
43754 201634 7 443 0
43754 201634 8 443 0
43754 201634 9 443 0
43754 201634 10 443 0
!sus 23748 43959 0 10 23 attackers:23748;victims:43959;type:1;valid_origin:True;recurrent:True;local:False
23748 43959 1 0 23
23748 43959 2 0 23
23748 43959 3 0 23
23748 43959 4 0 23
23748 43959 5 0 23
23748 43959 6 0 23
23748 43959 7 0 23
23748 43959 8 0 23
23748 43959 9 0 23
23748 43959 10 0 23
!sus 7721 49304 0 10 51 attackers:49304;victims:7721;type:1;valid_origin:True;recurrent:True;local:False
7721 49304 1 6 45
7721 49304 2 4 47
7721 49304 3 15 36
7721 49304 4 15 36
7721 49304 5 7 44
7721 49304 6 16 35
7721 49304 7 14 37
7721 49304 8 14 37
7721 49304 9 19 32
7721 49304 10 20 31
!sus 132956 134053 6 4 290 attackers:132956;victims:134053;type:1;valid_origin:True;recurrent:False;local:False
132956 134053 1 1 289
132956 134053 2 56 234
132956 134053 3 116 174
132956 134053 4 121 169
132956 134053 5 151 139
132956 134053 6 148 142
132956 134053 7 185 105
132956 134053 8 186 104
132956 134053 9 159 131
132956 134053 10 172 118
!sus 14499 64254 7 3 73 attackers:14499;victims:14499;type:2;valid_origin:True;recurrent:True;local:False
14499 64254 1 72 1
14499 64254 2 48 25
14499 64254 3 16 57
14499 64254 4 19 54
14499 64254 5 7 66
14499 64254 6 58 15
14499 64254 7 49 24
14499 64254 8 51 22
14499 64254 9 48 25
14499 64254 10 62 11
!leg 20495 211786 10 0 1 attackers:20495;victims:211786;type:1;valid_origin:True;recurrent:False;local:False
20495 211786 1 1 0
20495 211786 2 1 0
20495 211786 3 1 0
20495 211786 4 1 0
20495 211786 5 1 0
20495 211786 6 1 0
20495 211786 7 1 0
20495 211786 8 1 0
20495 211786 9 1 0
20495 211786 10 1 0
!leg 264223 269518 10 0 47 attackers:264223;victims:269518;type:1;valid_origin:True;recurrent:False;local:False
264223 269518 1 47 0
264223 269518 2 47 0
264223 269518 3 47 0
264223 269518 4 47 0
264223 269518 5 47 0
264223 269518 6 47 0
264223 269518 7 47 0
264223 269518 8 47 0
264223 269518 9 47 0
264223 269518 10 47 0
!leg 20857 36351 10 0 3 attackers:36351;victims:206861,20857,203096;type:1,2;valid_origin:True;recurrent:False;local:True
20857 36351 1 3 0
20857 36351 2 3 0
20857 36351 3 3 0
20857 36351 4 3 0
20857 36351 5 3 0
20857 36351 6 3 0
20857 36351 7 3 0
20857 36351 8 3 0
20857 36351 9 3 0
20857 36351 10 3 0
!sus 57187 60051 8 2 1 attackers:57187;victims:201272;type:6;valid_origin:True;recurrent:False;local:False
57187 60051 1 0 1
57187 60051 2 0 1
57187 60051 3 1 0
57187 60051 4 1 0
57187 60051 5 1 0
57187 60051 6 1 0
57187 60051 7 1 0
57187 60051 8 1 0
57187 60051 9 1 0
57187 60051 10 1 0
!sus 58588 59588 4 6 37 attackers:59588;victims:59588;type:2;valid_origin:True;recurrent:True;local:False
58588 59588 1 37 0
58588 59588 2 37 0
58588 59588 3 0 37
58588 59588 4 21 16
58588 59588 5 0 37
58588 59588 6 10 27
58588 59588 7 0 37
58588 59588 8 5 32
58588 59588 9 0 37
58588 59588 10 20 17
!leg 6939 15256 10 0 28 attackers:6939;victims:15256;type:1;valid_origin:True;recurrent:False;local:False
6939 15256 1 28 0
6939 15256 2 28 0
6939 15256 3 28 0
6939 15256 4 28 0
6939 15256 5 28 0
6939 15256 6 28 0
6939 15256 7 28 0
6939 15256 8 28 0
6939 15256 9 28 0
6939 15256 10 28 0
!sus 6718 58057 0 10 61 attackers:6718;victims:58057;type:1;valid_origin:True;recurrent:True;local:False
6718 58057 1 0 61
6718 58057 2 0 61
6718 58057 3 0 61
6718 58057 4 0 61
6718 58057 5 0 61
6718 58057 6 0 61
6718 58057 7 0 61
6718 58057 8 0 61
6718 58057 9 0 61
6718 58057 10 0 61
!leg 42831 137409 10 0 1 attackers:137409;victims:201801;type:3;valid_origin:True;recurrent:False;local:False
42831 137409 1 1 0
42831 137409 2 1 0
42831 137409 3 1 0
42831 137409 4 1 0
42831 137409 5 1 0
42831 137409 6 1 0
42831 137409 7 1 0
42831 137409 8 1 0
42831 137409 9 1 0
42831 137409 10 1 0
!sus 29231 61181 9 1 68 attackers:29231;victims:61181;type:1;valid_origin:True;recurrent:True;local:False
29231 61181 1 8 60
29231 61181 2 49 19
29231 61181 3 57 11
29231 61181 4 56 12
29231 61181 5 67 1
29231 61181 6 64 4
29231 61181 7 67 1
29231 61181 8 67 1
29231 61181 9 67 1
29231 61181 10 68 0
!leg 262861 266602 10 0 1 attackers:266602;victims:262861;type:1;valid_origin:True;recurrent:False;local:False
262861 266602 1 1 0
262861 266602 2 1 0
262861 266602 3 1 0
262861 266602 4 1 0
262861 266602 5 1 0
262861 266602 6 1 0
262861 266602 7 1 0
262861 266602 8 1 0
262861 266602 9 1 0
262861 266602 10 1 0
!leg 5398 6057 10 0 1 attackers:6057;victims:6898;type:2;valid_origin:True;recurrent:False;local:True
5398 6057 1 1 0
5398 6057 2 1 0
5398 6057 3 1 0
5398 6057 4 1 0
5398 6057 5 1 0
5398 6057 6 1 0
5398 6057 7 1 0
5398 6057 8 1 0
5398 6057 9 1 0
5398 6057 10 1 0
!leg 8928 23316 10 0 1 attackers:8928;victims:6551;type:2;valid_origin:True;recurrent:False;local:False
8928 23316 1 1 0
8928 23316 2 1 0
8928 23316 3 1 0
8928 23316 4 1 0
8928 23316 5 1 0
8928 23316 6 1 0
8928 23316 7 1 0
8928 23316 8 1 0
8928 23316 9 1 0
8928 23316 10 1 0
!sus 52468 272859 7 3 1 attackers:52468;victims:272859;type:1;valid_origin:True;recurrent:True;local:False
52468 272859 1 0 1
52468 272859 2 0 1
52468 272859 3 0 1
52468 272859 4 1 0
52468 272859 5 1 0
52468 272859 6 1 0
52468 272859 7 1 0
52468 272859 8 1 0
52468 272859 9 1 0
52468 272859 10 1 0
!leg 24961 60345 10 0 2 attackers:24961;victims:60345;type:1;valid_origin:True;recurrent:False;local:False
24961 60345 1 2 0
24961 60345 2 2 0
24961 60345 3 2 0
24961 60345 4 2 0
24961 60345 5 2 0
24961 60345 6 2 0
24961 60345 7 2 0
24961 60345 8 2 0
24961 60345 9 2 0
24961 60345 10 2 0
!leg 174 16910 10 0 173 attackers:174;victims:16910;type:1;valid_origin:True;recurrent:False;local:False
174 16910 1 173 0
174 16910 2 173 0
174 16910 3 173 0
174 16910 4 173 0
174 16910 5 173 0
174 16910 6 173 0
174 16910 7 173 0
174 16910 8 173 0
174 16910 9 173 0
174 16910 10 173 0
!leg 9145 21453 10 0 1 attackers:9145;victims:50626;type:2;valid_origin:True;recurrent:False;local:False
9145 21453 1 1 0
9145 21453 2 1 0
9145 21453 3 1 0
9145 21453 4 1 0
9145 21453 5 1 0
9145 21453 6 1 0
9145 21453 7 1 0
9145 21453 8 1 0
9145 21453 9 1 0
9145 21453 10 1 0
!sus 133676 141265 6 4 7 attackers:141265;victims:133676;type:1;valid_origin:True;recurrent:True;local:False
133676 141265 1 0 7
133676 141265 2 2 5
133676 141265 3 3 4
133676 141265 4 3 4
133676 141265 5 5 2
133676 141265 6 6 1
133676 141265 7 6 1
133676 141265 8 7 0
133676 141265 9 7 0
133676 141265 10 7 0
!sus 41241 204922 0 10 2 attackers:204922;victims:41241;type:1;valid_origin:True;recurrent:True;local:False
41241 204922 1 1 1
41241 204922 2 1 1
41241 204922 3 1 1
41241 204922 4 0 2
41241 204922 5 1 1
41241 204922 6 1 1
41241 204922 7 1 1
41241 204922 8 1 1
41241 204922 9 1 1
41241 204922 10 1 1
!sus 44103 201760 9 1 250 attackers:44103;victims:201760;type:1;valid_origin:True;recurrent:False;local:False
44103 201760 1 107 143
44103 201760 2 167 83
44103 201760 3 150 100
44103 201760 4 162 88
44103 201760 5 165 85
44103 201760 6 165 85
44103 201760 7 227 23
44103 201760 8 163 87
44103 201760 9 166 84
44103 201760 10 153 97
!sus 8452 24429 0 10 5 attackers:8452;victims:24429;type:1;valid_origin:True;recurrent:True;local:False
8452 24429 1 0 5
8452 24429 2 0 5
8452 24429 3 0 5
8452 24429 4 0 5
8452 24429 5 0 5
8452 24429 6 0 5
8452 24429 7 0 5
8452 24429 8 0 5
8452 24429 9 0 5
8452 24429 10 0 5
!leg 5398 196621 10 0 13 attackers:196621;victims:211702,5398,49772,200726,203462,210638,6898,64445,204366,203639,60706,200984,56786;type:1,2,3,4,5;valid_origin:False;recurrent:False;local:True
5398 196621 1 13 0
5398 196621 2 13 0
5398 196621 3 13 0
5398 196621 4 13 0
5398 196621 5 13 0
5398 196621 6 13 0
5398 196621 7 13 0
5398 196621 8 13 0
5398 196621 9 13 0
5398 196621 10 13 0
!leg 132956 138311 10 0 5 attackers:132956;victims:135744;type:2;valid_origin:True;recurrent:False;local:False
132956 138311 1 5 0
132956 138311 2 5 0
132956 138311 3 5 0
132956 138311 4 5 0
132956 138311 5 5 0
132956 138311 6 5 0
132956 138311 7 5 0
132956 138311 8 5 0
132956 138311 9 5 0
132956 138311 10 5 0
!sus 207598 208548 0 10 13 attackers:208548;victims:207598;type:1;valid_origin:True;recurrent:True;local:False
207598 208548 1 0 13
207598 208548 2 0 13
207598 208548 3 0 13
207598 208548 4 0 13
207598 208548 5 0 13
207598 208548 6 0 13
207598 208548 7 0 13
207598 208548 8 0 13
207598 208548 9 0 13
207598 208548 10 0 13
!sus 6979 14114 6 4 339 attackers:14114;victims:6979;type:1;valid_origin:True;recurrent:True;local:False
6979 14114 1 35 304
6979 14114 2 54 285
6979 14114 3 116 223
6979 14114 4 111 228
6979 14114 5 264 75
6979 14114 6 272 67
6979 14114 7 258 81
6979 14114 8 219 120
6979 14114 9 240 99
6979 14114 10 206 133
!sus 2 136319 0 10 68 attackers:136319;victims:2;type:1;valid_origin:True;recurrent:True;local:False
2 136319 1 0 68
2 136319 2 0 68
2 136319 3 0 68
2 136319 4 0 68
2 136319 5 0 68
2 136319 6 0 68
2 136319 7 0 68
2 136319 8 0 68
2 136319 9 0 68
2 136319 10 0 68
!sus 269918 400317 0 10 897 attackers:400317;victims:269918;type:1;valid_origin:True;recurrent:True;local:False
269918 400317 1 0 897
269918 400317 2 0 897
269918 400317 3 0 897
269918 400317 4 4 893
269918 400317 5 0 897
269918 400317 6 4 893
269918 400317 7 299 598
269918 400317 8 217 680
269918 400317 9 302 595
269918 400317 10 5 892
!leg 714 263541 10 0 2 attackers:263541;victims:714,6185;type:1,2;valid_origin:True;recurrent:False;local:True
714 263541 1 2 0
714 263541 2 2 0
714 263541 3 2 0
714 263541 4 2 0
714 263541 5 2 0
714 263541 6 2 0
714 263541 7 2 0
714 263541 8 2 0
714 263541 9 2 0
714 263541 10 2 0
!sus 6019 60139 1 9 3 attackers:60139;victims:60139;type:2;valid_origin:True;recurrent:True;local:False
6019 60139 1 3 0
6019 60139 2 0 3
6019 60139 3 0 3
6019 60139 4 0 3
6019 60139 5 0 3
6019 60139 6 0 3
6019 60139 7 0 3
6019 60139 8 0 3
6019 60139 9 0 3
6019 60139 10 0 3
!sus 53667 209606 7 3 12 attackers:53667;victims:209606;type:1;valid_origin:True;recurrent:True;local:False
53667 209606 1 0 12
53667 209606 2 0 12
53667 209606 3 0 12
53667 209606 4 12 0
53667 209606 5 11 1
53667 209606 6 12 0
53667 209606 7 12 0
53667 209606 8 12 0
53667 209606 9 12 0
53667 209606 10 12 0
!leg 22773 40695 10 0 4 attackers:22773;victims:40695;type:1;valid_origin:True;recurrent:False;local:False
22773 40695 1 4 0
22773 40695 2 4 0
22773 40695 3 4 0
22773 40695 4 4 0
22773 40695 5 4 0
22773 40695 6 4 0
22773 40695 7 4 0
22773 40695 8 4 0
22773 40695 9 4 0
22773 40695 10 4 0
!leg 893 1828 10 0 1 attackers:1828;victims:893;type:1;valid_origin:True;recurrent:False;local:True
893 1828 1 1 0
893 1828 2 1 0
893 1828 3 1 0
893 1828 4 1 0
893 1828 5 1 0
893 1828 6 1 0
893 1828 7 1 0
893 1828 8 1 0
893 1828 9 1 0
893 1828 10 1 0
!leg 44570 204375 10 0 242 attackers:44570;victims:204375;type:1;valid_origin:False;recurrent:False;local:False
44570 204375 1 142 100
44570 204375 2 176 66
44570 204375 3 239 3
44570 204375 4 242 0
44570 204375 5 239 3
44570 204375 6 242 0
44570 204375 7 242 0
44570 204375 8 242 0
44570 204375 9 242 0
44570 204375 10 242 0
!sus 44570 400304 0 10 9 attackers:400304;victims:44570;type:1;valid_origin:True;recurrent:True;local:False
44570 400304 1 0 9
44570 400304 2 0 9
44570 400304 3 0 9
44570 400304 4 0 9
44570 400304 5 0 9
44570 400304 6 0 9
44570 400304 7 0 9
44570 400304 8 0 9
44570 400304 9 0 9
44570 400304 10 0 9
!sus 17408 58779 0 10 8 attackers:58779;victims:17408;type:1;valid_origin:True;recurrent:True;local:False
17408 58779 1 0 8
17408 58779 2 0 8
17408 58779 3 0 8
17408 58779 4 0 8
17408 58779 5 0 8
17408 58779 6 0 8
17408 58779 7 0 8
17408 58779 8 0 8
17408 58779 9 1 7
17408 58779 10 0 8
!leg 1251 265996 10 0 1 attackers:1251;victims:265996;type:1;valid_origin:True;recurrent:False;local:False
1251 265996 1 1 0
1251 265996 2 1 0
1251 265996 3 1 0
1251 265996 4 1 0
1251 265996 5 1 0
1251 265996 6 1 0
1251 265996 7 1 0
1251 265996 8 1 0
1251 265996 9 1 0
1251 265996 10 1 0
!leg 18101 150021 10 0 178 attackers:18101;victims:9,150021;type:1,2;valid_origin:False;recurrent:False;local:False
18101 150021 1 130 48
18101 150021 2 130 48
18101 150021 3 130 48
18101 150021 4 130 48
18101 150021 5 130 48
18101 150021 6 130 48
18101 150021 7 130 48
18101 150021 8 130 48
18101 150021 9 130 48
18101 150021 10 130 48
!sus 272112 272882 0 10 16 attackers:272112;victims:272882;type:1;valid_origin:True;recurrent:True;local:False
272112 272882 1 0 16
272112 272882 2 0 16
272112 272882 3 0 16
272112 272882 4 0 16
272112 272882 5 0 16
272112 272882 6 0 16
272112 272882 7 0 16
272112 272882 8 0 16
272112 272882 9 0 16
272112 272882 10 0 16
!sus 50058 202222 0 10 29 attackers:50058;victims:202222;type:1;valid_origin:True;recurrent:True;local:False
50058 202222 1 0 29
50058 202222 2 0 29
50058 202222 3 0 29
50058 202222 4 0 29
50058 202222 5 0 29
50058 202222 6 0 29
50058 202222 7 0 29
50058 202222 8 1 28
50058 202222 9 0 29
50058 202222 10 1 28
!sus 394144 395231 0 10 341 attackers:394144;victims:395231;type:1;valid_origin:True;recurrent:True;local:False
394144 395231 1 48 293
394144 395231 2 56 285
394144 395231 3 43 298
394144 395231 4 19 322
394144 395231 5 11 330
394144 395231 6 132 209
394144 395231 7 22 319
394144 395231 8 47 294
394144 395231 9 50 291
394144 395231 10 75 266
!leg 28661 52759 10 0 164 attackers:28661;victims:52759;type:1;valid_origin:True;recurrent:False;local:False
28661 52759 1 164 0
28661 52759 2 164 0
28661 52759 3 164 0
28661 52759 4 164 0
28661 52759 5 164 0
28661 52759 6 164 0
28661 52759 7 164 0
28661 52759 8 164 0
28661 52759 9 164 0
28661 52759 10 164 0
!sus 10 38614 7 3 1 attackers:38614;victims:10;type:1;valid_origin:True;recurrent:True;local:False
10 38614 1 0 1
10 38614 2 0 1
10 38614 3 0 1
10 38614 4 1 0
10 38614 5 1 0
10 38614 6 1 0
10 38614 7 1 0
10 38614 8 1 0
10 38614 9 1 0
10 38614 10 1 0
!sus 44570 203040 0 10 187 attackers:44570;victims:203040;type:1;valid_origin:True;recurrent:True;local:False
44570 203040 1 2 185
44570 203040 2 3 184
44570 203040 3 3 184
44570 203040 4 3 184
44570 203040 5 5 182
44570 203040 6 16 171
44570 203040 7 20 167
44570 203040 8 11 176
44570 203040 9 20 167
44570 203040 10 24 163
!sus 44570 213239 0 10 9 attackers:44570;victims:213239;type:1;valid_origin:True;recurrent:True;local:False
44570 213239 1 0 9
44570 213239 2 0 9
44570 213239 3 0 9
44570 213239 4 0 9
44570 213239 5 1 8
44570 213239 6 0 9
44570 213239 7 0 9
44570 213239 8 0 9
44570 213239 9 0 9
44570 213239 10 1 8
!leg 268764 268976 10 0 3 attackers:268976;victims:271416,268764;type:1,2,3;valid_origin:True;recurrent:False;local:True
268764 268976 1 3 0
268764 268976 2 3 0
268764 268976 3 3 0
268764 268976 4 3 0
268764 268976 5 3 0
268764 268976 6 3 0
268764 268976 7 3 0
268764 268976 8 3 0
268764 268976 9 3 0
268764 268976 10 3 0
!leg 139967 141946 10 0 5 attackers:139967;victims:141946;type:1;valid_origin:False;recurrent:False;local:False
139967 141946 1 5 0
139967 141946 2 5 0
139967 141946 3 5 0
139967 141946 4 5 0
139967 141946 5 5 0
139967 141946 6 5 0
139967 141946 7 5 0
139967 141946 8 5 0
139967 141946 9 5 0
139967 141946 10 5 0
!sus 48237 48327 1 9 1 attackers:48327;victims:48327;type:2;valid_origin:True;recurrent:True;local:False
48237 48327 1 1 0
48237 48327 2 0 1
48237 48327 3 0 1
48237 48327 4 0 1
48237 48327 5 0 1
48237 48327 6 0 1
48237 48327 7 0 1
48237 48327 8 0 1
48237 48327 9 0 1
48237 48327 10 0 1
!sus 150184 206016 0 10 77 attackers:206016;victims:150184;type:1;valid_origin:True;recurrent:True;local:False
150184 206016 1 0 77
150184 206016 2 0 77
150184 206016 3 0 77
150184 206016 4 0 77
150184 206016 5 8 69
150184 206016 6 0 77
150184 206016 7 1 76
150184 206016 8 8 69
150184 206016 9 3 74
150184 206016 10 12 65
!sus 41494 197000 2 8 2 attackers:41494;victims:197000;type:1;valid_origin:True;recurrent:True;local:False
41494 197000 1 0 2
41494 197000 2 1 1
41494 197000 3 1 1
41494 197000 4 1 1
41494 197000 5 2 0
41494 197000 6 1 1
41494 197000 7 1 1
41494 197000 8 1 1
41494 197000 9 1 1
41494 197000 10 2 0
!leg 3356 394138 10 0 457 attackers:3356;victims:394138;type:1;valid_origin:True;recurrent:False;local:False
3356 394138 1 311 146
3356 394138 2 298 159
3356 394138 3 331 126
3356 394138 4 345 112
3356 394138 5 298 159
3356 394138 6 311 146
3356 394138 7 446 11
3356 394138 8 372 85
3356 394138 9 411 46
3356 394138 10 317 140
!leg 5398 15576 10 0 2 attackers:15576;victims:203639,6898;type:2,3;valid_origin:True;recurrent:False;local:False
5398 15576 1 2 0
5398 15576 2 2 0
5398 15576 3 2 0
5398 15576 4 2 0
5398 15576 5 2 0
5398 15576 6 2 0
5398 15576 7 2 0
5398 15576 8 2 0
5398 15576 9 2 0
5398 15576 10 2 0
!leg 133968 146872 10 0 73 attackers:133968;victims:146872;type:1;valid_origin:True;recurrent:False;local:False
133968 146872 1 73 0
133968 146872 2 73 0
133968 146872 3 73 0
133968 146872 4 73 0
133968 146872 5 73 0
133968 146872 6 73 0
133968 146872 7 73 0
133968 146872 8 73 0
133968 146872 9 73 0
133968 146872 10 73 0
!sus 5377 37101 4 6 13 attackers:5377;victims:37101;type:1;valid_origin:True;recurrent:True;local:False
5377 37101 1 0 13
5377 37101 2 0 13
5377 37101 3 0 13
5377 37101 4 0 13
5377 37101 5 6 7
5377 37101 6 5 8
5377 37101 7 7 6
5377 37101 8 11 2
5377 37101 9 13 0
5377 37101 10 13 0
!sus 4862 17676 0 10 2 attackers:17676;victims:51964;type:2;valid_origin:True;recurrent:False;local:False
4862 17676 1 0 2
4862 17676 2 1 1
4862 17676 3 1 1
4862 17676 4 1 1
4862 17676 5 1 1
4862 17676 6 1 1
4862 17676 7 1 1
4862 17676 8 1 1
4862 17676 9 1 1
4862 17676 10 1 1
!leg 28283 263290 10 0 407 attackers:28283;victims:263290;type:1;valid_origin:True;recurrent:False;local:False
28283 263290 1 391 16
28283 263290 2 406 1
28283 263290 3 407 0
28283 263290 4 407 0
28283 263290 5 407 0
28283 263290 6 407 0
28283 263290 7 407 0
28283 263290 8 407 0
28283 263290 9 407 0
28283 263290 10 407 0
!leg 5398 34927 10 0 17 attackers:34927;victims:211702,5398,49772,203462,210638,6898,56786,64445,204366,203639,60706,200984,200726;type:1,2,3,4,5;valid_origin:False;recurrent:False;local:False
5398 34927 1 17 0
5398 34927 2 17 0
5398 34927 3 17 0
5398 34927 4 17 0
5398 34927 5 17 0
5398 34927 6 17 0
5398 34927 7 17 0
5398 34927 8 17 0
5398 34927 9 17 0
5398 34927 10 17 0
!sus 10 328032 0 10 3 attackers:328032;victims:10;type:1;valid_origin:False;recurrent:True;local:False
10 328032 1 0 3
10 328032 2 0 3
10 328032 3 0 3
10 328032 4 0 3
10 328032 5 0 3
10 328032 6 0 3
10 328032 7 0 3
10 328032 8 0 3
10 328032 9 0 3
10 328032 10 0 3
!leg 7597 138838 10 0 12 attackers:7597;victims:138838,59288;type:1,2;valid_origin:True;recurrent:False;local:False
7597 138838 1 12 0
7597 138838 2 12 0
7597 138838 3 12 0
7597 138838 4 12 0
7597 138838 5 12 0
7597 138838 6 12 0
7597 138838 7 12 0
7597 138838 8 12 0
7597 138838 9 12 0
7597 138838 10 12 0
!leg 31564 263903 10 0 10 attackers:263903;victims:212424;type:2;valid_origin:True;recurrent:False;local:False
31564 263903 1 10 0
31564 263903 2 10 0
31564 263903 3 10 0
31564 263903 4 10 0
31564 263903 5 10 0
31564 263903 6 10 0
31564 263903 7 10 0
31564 263903 8 10 0
31564 263903 9 10 0
31564 263903 10 10 0
!leg 5398 200780 10 0 1 attackers:200780;victims:5398;type:1;valid_origin:False;recurrent:False;local:False
5398 200780 1 1 0
5398 200780 2 1 0
5398 200780 3 1 0
5398 200780 4 1 0
5398 200780 5 1 0
5398 200780 6 1 0
5398 200780 7 1 0
5398 200780 8 1 0
5398 200780 9 1 0
5398 200780 10 1 0
!leg 53062 262821 10 0 588 attackers:53062;victims:262821,264975;type:1,2;valid_origin:True;recurrent:False;local:False
53062 262821 1 588 0
53062 262821 2 588 0
53062 262821 3 588 0
53062 262821 4 588 0
53062 262821 5 588 0
53062 262821 6 588 0
53062 262821 7 588 0
53062 262821 8 588 0
53062 262821 9 588 0
53062 262821 10 588 0
!leg 13559 202983 10 0 157 attackers:13559;victims:202983;type:1;valid_origin:True;recurrent:False;local:False
13559 202983 1 157 0
13559 202983 2 157 0
13559 202983 3 157 0
13559 202983 4 157 0
13559 202983 5 157 0
13559 202983 6 157 0
13559 202983 7 157 0
13559 202983 8 157 0
13559 202983 9 157 0
13559 202983 10 157 0
!sus 63023 201801 0 10 4 attackers:63023;victims:201801;type:1;valid_origin:True;recurrent:True;local:False
63023 201801 1 0 4
63023 201801 2 0 4
63023 201801 3 0 4
63023 201801 4 0 4
63023 201801 5 0 4
63023 201801 6 0 4
63023 201801 7 0 4
63023 201801 8 0 4
63023 201801 9 0 4
63023 201801 10 0 4
!sus 3573 44381 2 8 12 attackers:44381;victims:3573;type:1;valid_origin:True;recurrent:True;local:False
3573 44381 1 0 12
3573 44381 2 1 11
3573 44381 3 1 11
3573 44381 4 3 9
3573 44381 5 3 9
3573 44381 6 5 7
3573 44381 7 5 7
3573 44381 8 6 6
3573 44381 9 9 3
3573 44381 10 9 3
!sus 208548 213239 0 10 20 attackers:208548;victims:213239;type:1;valid_origin:True;recurrent:True;local:False
208548 213239 1 0 20
208548 213239 2 0 20
208548 213239 3 0 20
208548 213239 4 0 20
208548 213239 5 0 20
208548 213239 6 0 20
208548 213239 7 0 20
208548 213239 8 0 20
208548 213239 9 0 20
208548 213239 10 0 20
!sus 58419 584195 4 6 6 attackers:58419;victims:58419;type:2;valid_origin:True;recurrent:True;local:False
58419 584195 1 6 0
58419 584195 2 6 0
58419 584195 3 3 3
58419 584195 4 6 0
58419 584195 5 0 6
58419 584195 6 3 3
58419 584195 7 6 0
58419 584195 8 0 6
58419 584195 9 0 6
58419 584195 10 2 4
!sus 149522 150314 0 10 26 attackers:149522;victims:150314;type:1;valid_origin:True;recurrent:True;local:False
149522 150314 1 9 17
149522 150314 2 0 26
149522 150314 3 0 26
149522 150314 4 0 26
149522 150314 5 0 26
149522 150314 6 0 26
149522 150314 7 0 26
149522 150314 8 0 26
149522 150314 9 0 26
149522 150314 10 0 26
!sus 44570 150184 4 6 27 attackers:44570;victims:150184;type:1;valid_origin:True;recurrent:True;local:False
44570 150184 1 2 25
44570 150184 2 2 25
44570 150184 3 2 25
44570 150184 4 2 25
44570 150184 5 4 23
44570 150184 6 14 13
44570 150184 7 5 22
44570 150184 8 26 1
44570 150184 9 26 1
44570 150184 10 26 1
!sus 63293 141864 0 10 13 attackers:141864;victims:63293;type:1;valid_origin:True;recurrent:True;local:False
63293 141864 1 0 13
63293 141864 2 0 13
63293 141864 3 0 13
63293 141864 4 0 13
63293 141864 5 0 13
63293 141864 6 0 13
63293 141864 7 0 13
63293 141864 8 0 13
63293 141864 9 0 13
63293 141864 10 0 13
!leg 20495 212911 10 0 1 attackers:20495;victims:212911;type:1;valid_origin:True;recurrent:False;local:False
20495 212911 1 1 0
20495 212911 2 1 0
20495 212911 3 1 0
20495 212911 4 1 0
20495 212911 5 1 0
20495 212911 6 1 0
20495 212911 7 1 0
20495 212911 8 1 0
20495 212911 9 1 0
20495 212911 10 1 0
!sus 3 269436 0 10 1 attackers:269436;victims:3;type:1;valid_origin:True;recurrent:True;local:False
3 269436 1 0 1
3 269436 2 0 1
3 269436 3 0 1
3 269436 4 0 1
3 269436 5 0 1
3 269436 6 0 1
3 269436 7 0 1
3 269436 8 0 1
3 269436 9 0 1
3 269436 10 0 1
!sus 132203 265410 9 1 7 attackers:132203;victims:59504,53991,2906,205414,45899,6871,38215;type:4,5,6;valid_origin:True;recurrent:False;local:False
132203 265410 1 2 5
132203 265410 2 5 2
132203 265410 3 5 2
132203 265410 4 6 1
132203 265410 5 7 0
132203 265410 6 7 0
132203 265410 7 7 0
132203 265410 8 7 0
132203 265410 9 7 0
132203 265410 10 7 0
!leg 28263 271300 10 0 1 attackers:28263;victims:271300;type:1;valid_origin:True;recurrent:False;local:False
28263 271300 1 1 0
28263 271300 2 1 0
28263 271300 3 1 0
28263 271300 4 1 0
28263 271300 5 1 0
28263 271300 6 1 0
28263 271300 7 1 0
28263 271300 8 1 0
28263 271300 9 1 0
28263 271300 10 1 0
!sus 37662 329014 0 10 8 attackers:37662;victims:329014;type:1;valid_origin:True;recurrent:True;local:False
37662 329014 1 1 7
37662 329014 2 1 7
37662 329014 3 1 7
37662 329014 4 2 6
37662 329014 5 4 4
37662 329014 6 4 4
37662 329014 7 4 4
37662 329014 8 4 4
37662 329014 9 1 7
37662 329014 10 4 4
!leg 5398 34549 10 0 1 attackers:34549;victims:5398;type:1;valid_origin:False;recurrent:False;local:False
5398 34549 1 1 0
5398 34549 2 1 0
5398 34549 3 1 0
5398 34549 4 1 0
5398 34549 5 1 0
5398 34549 6 1 0
5398 34549 7 1 0
5398 34549 8 1 0
5398 34549 9 1 0
5398 34549 10 1 0
!leg 53184 265969 10 0 1 attackers:53184;victims:265969;type:1;valid_origin:True;recurrent:False;local:False
53184 265969 1 1 0
53184 265969 2 1 0
53184 265969 3 1 0
53184 265969 4 1 0
53184 265969 5 1 0
53184 265969 6 1 0
53184 265969 7 1 0
53184 265969 8 1 0
53184 265969 9 1 0
53184 265969 10 1 0
!leg 3356 8012 10 0 143 attackers:3356;victims:8012;type:1;valid_origin:True;recurrent:False;local:False
3356 8012 1 143 0
3356 8012 2 143 0
3356 8012 3 143 0
3356 8012 4 143 0
3356 8012 5 143 0
3356 8012 6 143 0
3356 8012 7 143 0
3356 8012 8 143 0
3356 8012 9 143 0
3356 8012 10 143 0
!sus 3356 43484 3 7 8 attackers:3356;victims:43484;type:1;valid_origin:True;recurrent:True;local:False
3356 43484 1 0 8
3356 43484 2 0 8
3356 43484 3 0 8
3356 43484 4 0 8
3356 43484 5 5 3
3356 43484 6 6 2
3356 43484 7 5 3
3356 43484 8 2 6
3356 43484 9 0 8
3356 43484 10 0 8
!leg 22356 267439 10 0 1 attackers:22356;victims:267439;type:1;valid_origin:True;recurrent:False;local:False
22356 267439 1 1 0
22356 267439 2 1 0
22356 267439 3 1 0
22356 267439 4 1 0
22356 267439 5 1 0
22356 267439 6 1 0
22356 267439 7 1 0
22356 267439 8 1 0
22356 267439 9 1 0
22356 267439 10 1 0
!leg 5398 25091 10 0 14 attackers:25091;victims:211702,5398,49772,200726,203462,210638,6898,64445,204366,203639,60706,200984,56786;type:1,2,3,4,5;valid_origin:False;recurrent:False;local:False
5398 25091 1 14 0
5398 25091 2 14 0
5398 25091 3 14 0
5398 25091 4 14 0
5398 25091 5 14 0
5398 25091 6 14 0
5398 25091 7 14 0
5398 25091 8 14 0
5398 25091 9 14 0
5398 25091 10 14 0
!sus 202485 211619 0 10 5 attackers:211619;victims:202485;type:1;valid_origin:True;recurrent:True;local:False
202485 211619 1 0 5
202485 211619 2 0 5
202485 211619 3 0 5
202485 211619 4 0 5
202485 211619 5 0 5
202485 211619 6 0 5
202485 211619 7 0 5
202485 211619 8 0 5
202485 211619 9 0 5
202485 211619 10 0 5
!leg 52772 53184 10 0 2 attackers:53184;victims:271566;type:2;valid_origin:True;recurrent:False;local:False
52772 53184 1 2 0
52772 53184 2 2 0
52772 53184 3 2 0
52772 53184 4 2 0
52772 53184 5 2 0
52772 53184 6 2 0
52772 53184 7 2 0
52772 53184 8 2 0
52772 53184 9 2 0
52772 53184 10 2 0
!sus 3356 55089 0 10 260 attackers:3356;victims:16399;type:2;valid_origin:False;recurrent:False;local:False
3356 55089 1 0 260
3356 55089 2 0 260
3356 55089 3 0 260
3356 55089 4 0 260
3356 55089 5 0 260
3356 55089 6 0 260
3356 55089 7 0 260
3356 55089 8 0 260
3356 55089 9 0 260
3356 55089 10 0 260
!sus 1299 56488 8 2 3 attackers:1299;victims:56488;type:1;valid_origin:True;recurrent:True;local:False
1299 56488 1 0 3
1299 56488 2 0 3
1299 56488 3 3 0
1299 56488 4 3 0
1299 56488 5 3 0
1299 56488 6 3 0
1299 56488 7 3 0
1299 56488 8 3 0
1299 56488 9 3 0
1299 56488 10 3 0
!sus 38001 59796 0 10 1 attackers:38001;victims:59796;type:1;valid_origin:True;recurrent:True;local:True
38001 59796 1 0 1
38001 59796 2 0 1
38001 59796 3 0 1
38001 59796 4 0 1
38001 59796 5 0 1
38001 59796 6 0 1
38001 59796 7 0 1
38001 59796 8 0 1
38001 59796 9 0 1
38001 59796 10 0 1
!leg 6461 30118 10 0 125 attackers:6461;victims:30118;type:1;valid_origin:True;recurrent:False;local:False
6461 30118 1 125 0
6461 30118 2 125 0
6461 30118 3 125 0
6461 30118 4 125 0
6461 30118 5 125 0
6461 30118 6 125 0
6461 30118 7 125 0
6461 30118 8 125 0
6461 30118 9 125 0
6461 30118 10 125 0
!leg 20495 25455 10 0 1 attackers:20495;victims:25455;type:1;valid_origin:True;recurrent:False;local:False
20495 25455 1 1 0
20495 25455 2 1 0
20495 25455 3 1 0
20495 25455 4 1 0
20495 25455 5 1 0
20495 25455 6 1 0
20495 25455 7 1 0
20495 25455 8 1 0
20495 25455 9 1 0
20495 25455 10 1 0
!leg 38753 45296 10 0 21 attackers:38753;victims:135483;type:3;valid_origin:True;recurrent:False;local:False
38753 45296 1 21 0
38753 45296 2 21 0
38753 45296 3 21 0
38753 45296 4 21 0
38753 45296 5 21 0
38753 45296 6 21 0
38753 45296 7 21 0
38753 45296 8 21 0
38753 45296 9 21 0
38753 45296 10 21 0
!leg 1251 268811 10 0 1 attackers:1251;victims:268811;type:1;valid_origin:True;recurrent:False;local:False
1251 268811 1 1 0
1251 268811 2 1 0
1251 268811 3 1 0
1251 268811 4 1 0
1251 268811 5 1 0
1251 268811 6 1 0
1251 268811 7 1 0
1251 268811 8 1 0
1251 268811 9 1 0
1251 268811 10 1 0
!leg 1828 64272 10 0 1 attackers:1828;victims:64272;type:1;valid_origin:True;recurrent:False;local:True
1828 64272 1 1 0
1828 64272 2 1 0
1828 64272 3 1 0
1828 64272 4 1 0
1828 64272 5 1 0
1828 64272 6 1 0
1828 64272 7 1 0
1828 64272 8 1 0
1828 64272 9 1 0
1828 64272 10 1 0
!sus 260 40934 0 10 6 attackers:260;victims:40934;type:1;valid_origin:True;recurrent:True;local:False
260 40934 1 0 6
260 40934 2 0 6
260 40934 3 0 6
260 40934 4 0 6
260 40934 5 0 6
260 40934 6 0 6
260 40934 7 0 6
260 40934 8 1 5
260 40934 9 0 6
260 40934 10 0 6
!sus 13335 138754 7 3 19 attackers:138754;victims:13335;type:1;valid_origin:True;recurrent:True;local:False
13335 138754 1 0 19
13335 138754 2 0 19
13335 138754 3 2 17
13335 138754 4 15 4
13335 138754 5 15 4
13335 138754 6 17 2
13335 138754 7 19 0
13335 138754 8 18 1
13335 138754 9 19 0
13335 138754 10 19 0
!sus 16397 64233 0 10 9 attackers:16397;victims:64233;type:1;valid_origin:True;recurrent:True;local:False
16397 64233 1 0 9
16397 64233 2 0 9
16397 64233 3 0 9
16397 64233 4 0 9
16397 64233 5 0 9
16397 64233 6 0 9
16397 64233 7 0 9
16397 64233 8 0 9
16397 64233 9 0 9
16397 64233 10 0 9
!sus 6057 264665 5 5 30 attackers:6057;victims:264665;type:1;valid_origin:True;recurrent:True;local:False
6057 264665 1 23 7
6057 264665 2 30 0
6057 264665 3 19 11
6057 264665 4 0 30
6057 264665 5 27 3
6057 264665 6 4 26
6057 264665 7 28 2
6057 264665 8 10 20
6057 264665 9 0 30
6057 264665 10 0 30
!sus 61218 132335 4 6 17 attackers:132335;victims:61218;type:1;valid_origin:True;recurrent:True;local:False
61218 132335 1 0 17
61218 132335 2 1 16
61218 132335 3 1 16
61218 132335 4 3 14
61218 132335 5 7 10
61218 132335 6 3 14
61218 132335 7 17 0
61218 132335 8 17 0
61218 132335 9 17 0
61218 132335 10 17 0
!leg 18229 150025 10 0 172 attackers:18229;victims:150025;type:1;valid_origin:True;recurrent:False;local:False
18229 150025 1 172 0
18229 150025 2 172 0
18229 150025 3 172 0
18229 150025 4 172 0
18229 150025 5 172 0
18229 150025 6 172 0
18229 150025 7 172 0
18229 150025 8 172 0
18229 150025 9 172 0
18229 150025 10 172 0
!sus 13335 45916 7 3 17 attackers:45916;victims:13335;type:1;valid_origin:True;recurrent:True;local:False
13335 45916 1 0 17
13335 45916 2 0 17
13335 45916 3 0 17
13335 45916 4 12 5
13335 45916 5 15 2
13335 45916 6 11 6
13335 45916 7 17 0
13335 45916 8 15 2
13335 45916 9 17 0
13335 45916 10 17 0
!leg 8055 268330 10 0 1 attackers:8055;victims:265053;type:6;valid_origin:True;recurrent:False;local:False
8055 268330 1 1 0
8055 268330 2 1 0
8055 268330 3 1 0
8055 268330 4 1 0
8055 268330 5 1 0
8055 268330 6 1 0
8055 268330 7 1 0
8055 268330 8 1 0
8055 268330 9 1 0
8055 268330 10 1 0
!sus 141606 142374 0 10 239 attackers:142374;victims:141606;type:1;valid_origin:True;recurrent:False;local:False
141606 142374 1 14 225
141606 142374 2 15 224
141606 142374 3 15 224
141606 142374 4 18 221
141606 142374 5 23 216
141606 142374 6 26 213
141606 142374 7 32 207
141606 142374 8 32 207
141606 142374 9 41 198
141606 142374 10 36 203
!leg 2614 34723 10 0 169 attackers:2614;victims:49507;type:2;valid_origin:True;recurrent:False;local:False
2614 34723 1 169 0
2614 34723 2 169 0
2614 34723 3 169 0
2614 34723 4 169 0
2614 34723 5 169 0
2614 34723 6 169 0
2614 34723 7 169 0
2614 34723 8 169 0
2614 34723 9 169 0
2614 34723 10 169 0
!sus 207137 209854 0 10 7 attackers:207137;victims:209854;type:1;valid_origin:True;recurrent:True;local:False
207137 209854 1 0 7
207137 209854 2 0 7
207137 209854 3 0 7
207137 209854 4 0 7
207137 209854 5 0 7
207137 209854 6 0 7
207137 209854 7 0 7
207137 209854 8 0 7
207137 209854 9 0 7
207137 209854 10 0 7
!sus 2 141627 6 4 1 attackers:141627;victims:2;type:1;valid_origin:True;recurrent:True;local:False
2 141627 1 0 1
2 141627 2 0 1
2 141627 3 0 1
2 141627 4 0 1
2 141627 5 1 0
2 141627 6 1 0
2 141627 7 1 0
2 141627 8 1 0
2 141627 9 1 0
2 141627 10 1 0
!sus 8772 29390 4 6 6 attackers:8772;victims:29390;type:1;valid_origin:True;recurrent:True;local:False
8772 29390 1 6 0
8772 29390 2 1 5
8772 29390 3 6 0
8772 29390 4 6 0
8772 29390 5 2 4
8772 29390 6 0 6
8772 29390 7 0 6
8772 29390 8 6 0
8772 29390 9 0 6
8772 29390 10 0 6
!leg 49628 202065 10 0 4 attackers:49628;victims:202065;type:1;valid_origin:False;recurrent:False;local:False
49628 202065 1 4 0
49628 202065 2 4 0
49628 202065 3 4 0
49628 202065 4 4 0
49628 202065 5 4 0
49628 202065 6 4 0
49628 202065 7 4 0
49628 202065 8 4 0
49628 202065 9 4 0
49628 202065 10 4 0
!leg 132956 133968 10 0 159 attackers:132956;victims:146872,135811;type:2;valid_origin:True;recurrent:False;local:False
132956 133968 1 159 0
132956 133968 2 159 0
132956 133968 3 159 0
132956 133968 4 159 0
132956 133968 5 159 0
132956 133968 6 159 0
132956 133968 7 159 0
132956 133968 8 159 0
132956 133968 9 159 0
132956 133968 10 159 0
!sus 131273 136173 9 1 10 attackers:136173;victims:137443;type:2;valid_origin:True;recurrent:True;local:False
131273 136173 1 2 8
131273 136173 2 8 2
131273 136173 3 10 0
131273 136173 4 10 0
131273 136173 5 10 0
131273 136173 6 10 0
131273 136173 7 10 0
131273 136173 8 10 0
131273 136173 9 10 0
131273 136173 10 10 0
!leg 4637 10098 10 0 1 attackers:4637;victims:10132;type:2;valid_origin:True;recurrent:False;local:False
4637 10098 1 1 0
4637 10098 2 1 0
4637 10098 3 1 0
4637 10098 4 1 0
4637 10098 5 1 0
4637 10098 6 1 0
4637 10098 7 1 0
4637 10098 8 1 0
4637 10098 9 1 0
4637 10098 10 1 0
!sus 60503 204914 0 10 11 attackers:60503;victims:204914;type:1;valid_origin:True;recurrent:True;local:False
60503 204914 1 0 11
60503 204914 2 0 11
60503 204914 3 0 11
60503 204914 4 0 11
60503 204914 5 0 11
60503 204914 6 0 11
60503 204914 7 0 11
60503 204914 8 0 11
60503 204914 9 0 11
60503 204914 10 0 11
!sus 34918 202029 0 10 172 attackers:34918;victims:202029;type:1;valid_origin:True;recurrent:True;local:False
34918 202029 1 0 172
34918 202029 2 0 172
34918 202029 3 0 172
34918 202029 4 0 172
34918 202029 5 0 172
34918 202029 6 0 172
34918 202029 7 68 104
34918 202029 8 0 172
34918 202029 9 65 107
34918 202029 10 0 172
!leg 29838 60345 10 0 1 attackers:29838;victims:60345;type:1;valid_origin:True;recurrent:False;local:False
29838 60345 1 1 0
29838 60345 2 1 0
29838 60345 3 1 0
29838 60345 4 1 0
29838 60345 5 1 0
29838 60345 6 1 0
29838 60345 7 1 0
29838 60345 8 1 0
29838 60345 9 1 0
29838 60345 10 1 0
!leg 23764 196610 10 0 1 attackers:196610;victims:36914;type:2;valid_origin:True;recurrent:False;local:False
23764 196610 1 1 0
23764 196610 2 1 0
23764 196610 3 1 0
23764 196610 4 1 0
23764 196610 5 1 0
23764 196610 6 1 0
23764 196610 7 1 0
23764 196610 8 1 0
23764 196610 9 1 0
23764 196610 10 1 0
!sus 8772 210384 7 3 4 attackers:8772;victims:210384;type:1;valid_origin:True;recurrent:True;local:False
8772 210384 1 0 4
8772 210384 2 0 4
8772 210384 3 0 4
8772 210384 4 4 0
8772 210384 5 4 0
8772 210384 6 4 0
8772 210384 7 4 0
8772 210384 8 4 0
8772 210384 9 4 0
8772 210384 10 4 0
!leg 61591 268330 10 0 9 attackers:268330;victims:263499;type:2;valid_origin:True;recurrent:False;local:False
61591 268330 1 9 0
61591 268330 2 9 0
61591 268330 3 9 0
61591 268330 4 9 0
61591 268330 5 9 0
61591 268330 6 9 0
61591 268330 7 9 0
61591 268330 8 9 0
61591 268330 9 9 0
61591 268330 10 9 0
!sus 3257 34312 8 2 12 attackers:34312;victims:20971;type:5;valid_origin:True;recurrent:False;local:False
3257 34312 1 0 12
3257 34312 2 0 12
3257 34312 3 12 0
3257 34312 4 12 0
3257 34312 5 12 0
3257 34312 6 12 0
3257 34312 7 12 0
3257 34312 8 12 0
3257 34312 9 12 0
3257 34312 10 12 0
!leg 38753 138106 10 0 28 attackers:38753;victims:135483;type:2;valid_origin:True;recurrent:False;local:False
38753 138106 1 28 0
38753 138106 2 28 0
38753 138106 3 28 0
38753 138106 4 28 0
38753 138106 5 28 0
38753 138106 6 28 0
38753 138106 7 28 0
38753 138106 8 28 0
38753 138106 9 28 0
38753 138106 10 28 0
!sus 10241 141152 2 8 16 attackers:10241;victims:141152;type:1;valid_origin:True;recurrent:True;local:False
10241 141152 1 0 16
10241 141152 2 0 16
10241 141152 3 0 16
10241 141152 4 0 16
10241 141152 5 7 9
10241 141152 6 0 16
10241 141152 7 0 16
10241 141152 8 2 14
10241 141152 9 9 7
10241 141152 10 11 5
!sus 19257 139341 0 10 4 attackers:139341;victims:19257;type:1;valid_origin:True;recurrent:True;local:False
19257 139341 1 0 4
19257 139341 2 0 4
19257 139341 3 2 2
19257 139341 4 0 4
19257 139341 5 2 2
19257 139341 6 1 3
19257 139341 7 2 2
19257 139341 8 2 2
19257 139341 9 2 2
19257 139341 10 2 2
!sus 16397 52555 8 2 35 attackers:16397;victims:52555;type:1;valid_origin:True;recurrent:False;local:False
16397 52555 1 16 19
16397 52555 2 15 20
16397 52555 3 30 5
16397 52555 4 32 3
16397 52555 5 33 2
16397 52555 6 35 0
16397 52555 7 34 1
16397 52555 8 35 0
16397 52555 9 35 0
16397 52555 10 35 0
!sus 42473 50902 8 2 18 attackers:42473;victims:50902;type:1;valid_origin:True;recurrent:True;local:False
42473 50902 1 8 10
42473 50902 2 16 2
42473 50902 3 18 0
42473 50902 4 7 11
42473 50902 5 18 0
42473 50902 6 18 0
42473 50902 7 18 0
42473 50902 8 18 0
42473 50902 9 18 0
42473 50902 10 18 0
!sus 59796 135097 0 10 9 attackers:59796;victims:135097;type:1;valid_origin:True;recurrent:True;local:False
59796 135097 1 0 9
59796 135097 2 0 9
59796 135097 3 0 9
59796 135097 4 0 9
59796 135097 5 0 9
59796 135097 6 0 9
59796 135097 7 0 9
59796 135097 8 0 9
59796 135097 9 0 9
59796 135097 10 1 8
!sus 49904 142616 8 2 14 attackers:142616;victims:49904;type:1;valid_origin:True;recurrent:True;local:False
49904 142616 1 14 0
49904 142616 2 13 1
49904 142616 3 0 14
49904 142616 4 9 5
49904 142616 5 10 4
49904 142616 6 13 1
49904 142616 7 0 14
49904 142616 8 14 0
49904 142616 9 14 0
49904 142616 10 14 0
!leg 893 137409 10 0 1 attackers:137409;victims:893;type:1;valid_origin:True;recurrent:False;local:False
893 137409 1 1 0
893 137409 2 1 0
893 137409 3 1 0
893 137409 4 1 0
893 137409 5 1 0
893 137409 6 1 0
893 137409 7 1 0
893 137409 8 1 0
893 137409 9 1 0
893 137409 10 1 0
!leg 20495 62296 10 0 1 attackers:20495;victims:62296;type:1;valid_origin:True;recurrent:False;local:False
20495 62296 1 1 0
20495 62296 2 1 0
20495 62296 3 1 0
20495 62296 4 1 0
20495 62296 5 1 0
20495 62296 6 1 0
20495 62296 7 1 0
20495 62296 8 1 0
20495 62296 9 1 0
20495 62296 10 1 0
!leg 19551 38166 10 0 184 attackers:19551;victims:38166;type:1;valid_origin:True;recurrent:False;local:False
19551 38166 1 172 12
19551 38166 2 184 0
19551 38166 3 184 0
19551 38166 4 184 0
19551 38166 5 184 0
19551 38166 6 184 0
19551 38166 7 184 0
19551 38166 8 184 0
19551 38166 9 184 0
19551 38166 10 184 0
!sus 44570 202197 5 5 18 attackers:44570;victims:202197;type:1;valid_origin:True;recurrent:True;local:False
44570 202197 1 6 12
44570 202197 2 8 10
44570 202197 3 8 10
44570 202197 4 8 10
44570 202197 5 8 10
44570 202197 6 18 0
44570 202197 7 15 3
44570 202197 8 18 0
44570 202197 9 18 0
44570 202197 10 18 0
!sus 10325 24482 4 6 429 attackers:24482;victims:10325;type:1;valid_origin:False;recurrent:False;local:False
10325 24482 1 59 370
10325 24482 2 147 282
10325 24482 3 155 274
10325 24482 4 216 213
10325 24482 5 209 220
10325 24482 6 205 224
10325 24482 7 210 219
10325 24482 8 225 204
10325 24482 9 230 199
10325 24482 10 254 175
!leg 138211 141011 10 0 5 attackers:141011;victims:138211;type:1;valid_origin:True;recurrent:False;local:False
138211 141011 1 5 0
138211 141011 2 5 0
138211 141011 3 5 0
138211 141011 4 5 0
138211 141011 5 5 0
138211 141011 6 5 0
138211 141011 7 5 0
138211 141011 8 5 0
138211 141011 9 5 0
138211 141011 10 5 0
!leg 893 14315 10 0 1 attackers:14315;victims:893;type:1;valid_origin:True;recurrent:False;local:True
893 14315 1 1 0
893 14315 2 1 0
893 14315 3 1 0
893 14315 4 1 0
893 14315 5 1 0
893 14315 6 1 0
893 14315 7 1 0
893 14315 8 1 0
893 14315 9 1 0
893 14315 10 1 0
!leg 20495 203815 10 0 1 attackers:20495;victims:203815;type:1;valid_origin:True;recurrent:False;local:False
20495 203815 1 1 0
20495 203815 2 1 0
20495 203815 3 1 0
20495 203815 4 1 0
20495 203815 5 1 0
20495 203815 6 1 0
20495 203815 7 1 0
20495 203815 8 1 0
20495 203815 9 1 0
20495 203815 10 1 0
!leg 20857 50629 10 0 2 attackers:50629;victims:20857;type:1;valid_origin:True;recurrent:False;local:False
20857 50629 1 2 0
20857 50629 2 2 0
20857 50629 3 2 0
20857 50629 4 2 0
20857 50629 5 2 0
20857 50629 6 2 0
20857 50629 7 2 0
20857 50629 8 2 0
20857 50629 9 2 0
20857 50629 10 2 0
!sus 50058 211685 0 10 4 attackers:50058;victims:211685;type:1;valid_origin:True;recurrent:True;local:False
50058 211685 1 0 4
50058 211685 2 0 4
50058 211685 3 0 4
50058 211685 4 0 4
50058 211685 5 0 4
50058 211685 6 0 4
50058 211685 7 0 4
50058 211685 8 0 4
50058 211685 9 1 3
50058 211685 10 0 4
!leg 61568 197838 10 0 1 attackers:61568;victims:197838;type:1;valid_origin:True;recurrent:False;local:False
61568 197838 1 1 0
61568 197838 2 1 0
61568 197838 3 1 0
61568 197838 4 1 0
61568 197838 5 1 0
61568 197838 6 1 0
61568 197838 7 1 0
61568 197838 8 1 0
61568 197838 9 1 0
61568 197838 10 1 0
!sus 131171 209988 0 10 68 attackers:131171;victims:209988;type:1;valid_origin:True;recurrent:True;local:False
131171 209988 1 0 68
131171 209988 2 0 68
131171 209988 3 0 68
131171 209988 4 0 68
131171 209988 5 0 68
131171 209988 6 0 68
131171 209988 7 0 68
131171 209988 8 0 68
131171 209988 9 0 68
131171 209988 10 0 68
!sus 35661 141381 3 7 354 attackers:35661;victims:141381;type:1;valid_origin:True;recurrent:False;local:False
35661 141381 1 120 234
35661 141381 2 124 230
35661 141381 3 133 221
35661 141381 4 170 184
35661 141381 5 205 149
35661 141381 6 144 210
35661 141381 7 204 150
35661 141381 8 188 166
35661 141381 9 176 178
35661 141381 10 143 211
!sus 24429 271492 0 10 35 attackers:24429;victims:270595;type:2;valid_origin:True;recurrent:True;local:False
24429 271492 1 0 35
24429 271492 2 0 35
24429 271492 3 0 35
24429 271492 4 1 34
24429 271492 5 2 33
24429 271492 6 0 35
24429 271492 7 1 34
24429 271492 8 0 35
24429 271492 9 2 33
24429 271492 10 3 32
!sus 44477 200590 9 1 24 attackers:200590;victims:44477;type:1;valid_origin:False;recurrent:True;local:False
44477 200590 1 0 24
44477 200590 2 24 0
44477 200590 3 22 2
44477 200590 4 24 0
44477 200590 5 24 0
44477 200590 6 24 0
44477 200590 7 24 0
44477 200590 8 24 0
44477 200590 9 24 0
44477 200590 10 24 0
!leg 11845 263903 10 0 4 attackers:263903;victims:11845;type:1;valid_origin:True;recurrent:False;local:False
11845 263903 1 4 0
11845 263903 2 4 0
11845 263903 3 4 0
11845 263903 4 4 0
11845 263903 5 4 0
11845 263903 6 4 0
11845 263903 7 4 0
11845 263903 8 4 0
11845 263903 9 4 0
11845 263903 10 4 0
!sus 35619 132335 9 1 19 attackers:132335;victims:35619;type:1;valid_origin:True;recurrent:True;local:False
35619 132335 1 0 19
35619 132335 2 17 2
35619 132335 3 11 8
35619 132335 4 18 1
35619 132335 5 19 0
35619 132335 6 19 0
35619 132335 7 19 0
35619 132335 8 19 0
35619 132335 9 19 0
35619 132335 10 19 0
!sus 16509 139464 7 3 1 attackers:139464;victims:16509;type:1;valid_origin:True;recurrent:True;local:False
16509 139464 1 0 1
16509 139464 2 0 1
16509 139464 3 0 1
16509 139464 4 1 0
16509 139464 5 1 0
16509 139464 6 1 0
16509 139464 7 1 0
16509 139464 8 1 0
16509 139464 9 1 0
16509 139464 10 1 0
!sus 10029 206614 9 1 93 attackers:10029;victims:206614;type:1;valid_origin:True;recurrent:False;local:False
10029 206614 1 0 93
10029 206614 2 89 4
10029 206614 3 91 2
10029 206614 4 93 0
10029 206614 5 93 0
10029 206614 6 93 0
10029 206614 7 93 0
10029 206614 8 93 0
10029 206614 9 93 0
10029 206614 10 93 0
!leg 6057 269183 10 0 1 attackers:6057;victims:269183;type:1;valid_origin:True;recurrent:False;local:True
6057 269183 1 1 0
6057 269183 2 1 0
6057 269183 3 1 0
6057 269183 4 1 0
6057 269183 5 1 0
6057 269183 6 1 0
6057 269183 7 1 0
6057 269183 8 1 0
6057 269183 9 1 0
6057 269183 10 1 0
!sus 714 58941 9 1 1 attackers:58941;victims:714;type:1;valid_origin:True;recurrent:True;local:False
714 58941 1 0 1
714 58941 2 1 0
714 58941 3 1 0
714 58941 4 1 0
714 58941 5 1 0
714 58941 6 1 0
714 58941 7 1 0
714 58941 8 1 0
714 58941 9 1 0
714 58941 10 1 0
!sus 202412 205329 0 10 469 attackers:205329;victims:202412;type:1;valid_origin:True;recurrent:True;local:False
202412 205329 1 9 460
202412 205329 2 0 469
202412 205329 3 4 465
202412 205329 4 8 461
202412 205329 5 8 461
202412 205329 6 10 459
202412 205329 7 0 469
202412 205329 8 10 459
202412 205329 9 9 460
202412 205329 10 2 467
!leg 61568 270938 10 0 1 attackers:61568;victims:270938;type:1;valid_origin:True;recurrent:False;local:False
61568 270938 1 1 0
61568 270938 2 1 0
61568 270938 3 1 0
61568 270938 4 1 0
61568 270938 5 1 0
61568 270938 6 1 0
61568 270938 7 1 0
61568 270938 8 1 0
61568 270938 9 1 0
61568 270938 10 1 0
!leg 263237 268811 10 0 1 attackers:263237;victims:268811;type:1;valid_origin:True;recurrent:False;local:True
263237 268811 1 1 0
263237 268811 2 1 0
263237 268811 3 1 0
263237 268811 4 1 0
263237 268811 5 1 0
263237 268811 6 1 0
263237 268811 7 1 0
263237 268811 8 1 0
263237 268811 9 1 0
263237 268811 10 1 0
!leg 58768 133854 10 0 4 attackers:58768;victims:133854;type:1;valid_origin:True;recurrent:False;local:False
58768 133854 1 4 0
58768 133854 2 4 0
58768 133854 3 4 0
58768 133854 4 4 0
58768 133854 5 4 0
58768 133854 6 4 0
58768 133854 7 4 0
58768 133854 8 4 0
58768 133854 9 4 0
58768 133854 10 4 0
!sus 13335 55821 0 10 34 attackers:55821;victims:13335;type:1;valid_origin:True;recurrent:True;local:False
13335 55821 1 1 33
13335 55821 2 1 33
13335 55821 3 3 31
13335 55821 4 4 30
13335 55821 5 4 30
13335 55821 6 6 28
13335 55821 7 6 28
13335 55821 8 11 23
13335 55821 9 8 26
13335 55821 10 7 27
!sus 28263 263641 0 10 1 attackers:28263;victims:23106;type:2;valid_origin:True;recurrent:True;local:False
28263 263641 1 0 1
28263 263641 2 0 1
28263 263641 3 0 1
28263 263641 4 0 1
28263 263641 5 0 1
28263 263641 6 0 1
28263 263641 7 0 1
28263 263641 8 0 1
28263 263641 9 0 1
28263 263641 10 0 1
!sus 14937 149373 1 9 3 attackers:149373;victims:149373;type:2;valid_origin:True;recurrent:True;local:False
14937 149373 1 3 0
14937 149373 2 0 3
14937 149373 3 0 3
14937 149373 4 0 3
14937 149373 5 0 3
14937 149373 6 0 3
14937 149373 7 0 3
14937 149373 8 0 3
14937 149373 9 0 3
14937 149373 10 0 3
!sus 13335 45204 3 7 115 attackers:45204;victims:13335;type:1;valid_origin:True;recurrent:True;local:False
13335 45204 1 0 115
13335 45204 2 0 115
13335 45204 3 3 112
13335 45204 4 2 113
13335 45204 5 6 109
13335 45204 6 71 44
13335 45204 7 12 103
13335 45204 8 60 55
13335 45204 9 13 102
13335 45204 10 66 49
!leg 7922 208393 10 0 1 attackers:7922;victims:208393;type:1;valid_origin:True;recurrent:False;local:False
7922 208393 1 1 0
7922 208393 2 1 0
7922 208393 3 1 0
7922 208393 4 1 0
7922 208393 5 1 0
7922 208393 6 1 0
7922 208393 7 1 0
7922 208393 8 1 0
7922 208393 9 1 0
7922 208393 10 1 0
!leg 31927 46887 10 0 161 attackers:46887;victims:31927;type:1;valid_origin:True;recurrent:False;local:False
31927 46887 1 155 6
31927 46887 2 156 5
31927 46887 3 156 5
31927 46887 4 152 9
31927 46887 5 160 1
31927 46887 6 161 0
31927 46887 7 159 2
31927 46887 8 160 1
31927 46887 9 153 8
31927 46887 10 160 1
!sus 203458 204992 8 2 6 attackers:203458;victims:204992;type:1;valid_origin:True;recurrent:False;local:False
203458 204992 1 0 6
203458 204992 2 0 6
203458 204992 3 4 2
203458 204992 4 4 2
203458 204992 5 5 1
203458 204992 6 4 2
203458 204992 7 6 0
203458 204992 8 6 0
203458 204992 9 6 0
203458 204992 10 6 0
!leg 37468 269183 10 0 3 attackers:37468;victims:269183;type:1;valid_origin:True;recurrent:False;local:False
37468 269183 1 3 0
37468 269183 2 3 0
37468 269183 3 3 0
37468 269183 4 3 0
37468 269183 5 3 0
37468 269183 6 3 0
37468 269183 7 3 0
37468 269183 8 3 0
37468 269183 9 3 0
37468 269183 10 3 0
!sus 142553 202888 0 10 32 attackers:202888;victims:142553;type:1;valid_origin:True;recurrent:True;local:False
142553 202888 1 1 31
142553 202888 2 1 31
142553 202888 3 1 31
142553 202888 4 2 30
142553 202888 5 4 28
142553 202888 6 2 30
142553 202888 7 5 27
142553 202888 8 6 26
142553 202888 9 6 26
142553 202888 10 12 20
!sus 30432 394752 3 7 2 attackers:30432;victims:394752;type:1;valid_origin:True;recurrent:True;local:False
30432 394752 1 0 2
30432 394752 2 1 1
30432 394752 3 1 1
30432 394752 4 1 1
30432 394752 5 2 0
30432 394752 6 1 1
30432 394752 7 1 1
30432 394752 8 2 0
30432 394752 9 2 0
30432 394752 10 1 1
!leg 3356 54417 10 0 182 attackers:3356;victims:54417;type:1;valid_origin:True;recurrent:False;local:False
3356 54417 1 182 0
3356 54417 2 182 0
3356 54417 3 182 0
3356 54417 4 182 0
3356 54417 5 182 0
3356 54417 6 182 0
3356 54417 7 182 0
3356 54417 8 182 0
3356 54417 9 182 0
3356 54417 10 182 0
!sus 44570 208059 5 5 2617 attackers:44570;victims:208059;type:1;valid_origin:True;recurrent:True;local:False
44570 208059 1 496 2121
44570 208059 2 589 2028
44570 208059 3 758 1859
44570 208059 4 1091 1526
44570 208059 5 1135 1482
44570 208059 6 1545 1072
44570 208059 7 1953 664
44570 208059 8 1852 765
44570 208059 9 2474 143
44570 208059 10 2392 225
!sus 6 139520 0 10 1 attackers:139520;victims:6;type:1;valid_origin:False;recurrent:True;local:False
6 139520 1 0 1
6 139520 2 0 1
6 139520 3 0 1
6 139520 4 0 1
6 139520 5 0 1
6 139520 6 0 1
6 139520 7 0 1
6 139520 8 0 1
6 139520 9 0 1
6 139520 10 0 1
!leg 48646 202905 10 0 1 attackers:48646;victims:202905;type:1;valid_origin:True;recurrent:False;local:False
48646 202905 1 1 0
48646 202905 2 1 0
48646 202905 3 1 0
48646 202905 4 1 0
48646 202905 5 1 0
48646 202905 6 1 0
48646 202905 7 1 0
48646 202905 8 1 0
48646 202905 9 1 0
48646 202905 10 1 0
!sus 19969 139742 8 2 9 attackers:19969;victims:139742;type:1;valid_origin:True;recurrent:True;local:False
19969 139742 1 1 8
19969 139742 2 6 3
19969 139742 3 7 2
19969 139742 4 9 0
19969 139742 5 4 5
19969 139742 6 9 0
19969 139742 7 9 0
19969 139742 8 9 0
19969 139742 9 9 0
19969 139742 10 9 0
!sus 11751 273573 0 10 30 attackers:273573;victims:11751;type:1;valid_origin:True;recurrent:True;local:False
11751 273573 1 1 29
11751 273573 2 1 29
11751 273573 3 1 29
11751 273573 4 1 29
11751 273573 5 1 29
11751 273573 6 2 28
11751 273573 7 3 27
11751 273573 8 2 28
11751 273573 9 3 27
11751 273573 10 3 27
!sus 28232 273609 0 10 9 attackers:28232;victims:273609;type:1;valid_origin:True;recurrent:True;local:False
28232 273609 1 3 6
28232 273609 2 3 6
28232 273609 3 3 6
28232 273609 4 3 6
28232 273609 5 3 6
28232 273609 6 3 6
28232 273609 7 3 6
28232 273609 8 3 6
28232 273609 9 3 6
28232 273609 10 3 6
!leg 38158 138843 10 0 128 attackers:38158;victims:138843;type:1;valid_origin:True;recurrent:False;local:False
38158 138843 1 128 0
38158 138843 2 128 0
38158 138843 3 128 0
38158 138843 4 128 0
38158 138843 5 128 0
38158 138843 6 128 0
38158 138843 7 128 0
38158 138843 8 128 0
38158 138843 9 128 0
38158 138843 10 128 0
!sus 267524 270331 4 6 13 attackers:270331;victims:267524;type:1;valid_origin:True;recurrent:True;local:False
267524 270331 1 2 11
267524 270331 2 4 9
267524 270331 3 3 10
267524 270331 4 4 9
267524 270331 5 4 9
267524 270331 6 5 8
267524 270331 7 7 6
267524 270331 8 12 1
267524 270331 9 12 1
267524 270331 10 12 1
!leg 17222 40375 10 0 18 attackers:17222;victims:40375;type:1;valid_origin:True;recurrent:False;local:False
17222 40375 1 18 0
17222 40375 2 18 0
17222 40375 3 18 0
17222 40375 4 18 0
17222 40375 5 18 0
17222 40375 6 18 0
17222 40375 7 18 0
17222 40375 8 18 0
17222 40375 9 18 0
17222 40375 10 18 0
!leg 28368 52965 10 0 5 attackers:52965;victims:266991,262327;type:2;valid_origin:True;recurrent:False;local:False
28368 52965 1 5 0
28368 52965 2 5 0
28368 52965 3 5 0
28368 52965 4 5 0
28368 52965 5 5 0
28368 52965 6 5 0
28368 52965 7 5 0
28368 52965 8 5 0
28368 52965 9 5 0
28368 52965 10 5 0
!leg 64272 137409 10 0 1 attackers:137409;victims:64272;type:1;valid_origin:True;recurrent:False;local:False
64272 137409 1 1 0
64272 137409 2 1 0
64272 137409 3 1 0
64272 137409 4 1 0
64272 137409 5 1 0
64272 137409 6 1 0
64272 137409 7 1 0
64272 137409 8 1 0
64272 137409 9 1 0
64272 137409 10 1 0
!sus 203458 203967 1 9 8 attackers:203458;victims:203967;type:1;valid_origin:True;recurrent:True;local:False
203458 203967 1 1 7
203458 203967 2 1 7
203458 203967 3 1 7
203458 203967 4 1 7
203458 203967 5 1 7
203458 203967 6 1 7
203458 203967 7 1 7
203458 203967 8 1 7
203458 203967 9 5 3
203458 203967 10 1 7
!leg 61568 270901 10 0 2 attackers:61568;victims:270879,270901;type:1,2;valid_origin:True;recurrent:False;local:False
61568 270901 1 2 0
61568 270901 2 2 0
61568 270901 3 2 0
61568 270901 4 2 0
61568 270901 5 2 0
61568 270901 6 2 0
61568 270901 7 2 0
61568 270901 8 2 0
61568 270901 9 2 0
61568 270901 10 2 0
!leg 29396 50917 10 0 1 attackers:29396;victims:50917;type:1;valid_origin:True;recurrent:False;local:False
29396 50917 1 1 0
29396 50917 2 1 0
29396 50917 3 1 0
29396 50917 4 1 0
29396 50917 5 1 0
29396 50917 6 1 0
29396 50917 7 1 0
29396 50917 8 1 0
29396 50917 9 1 0
29396 50917 10 1 0
!sus 51519 58057 0 10 13 attackers:51519;victims:58057;type:1;valid_origin:True;recurrent:True;local:False
51519 58057 1 0 13
51519 58057 2 0 13
51519 58057 3 0 13
51519 58057 4 0 13
51519 58057 5 0 13
51519 58057 6 0 13
51519 58057 7 0 13
51519 58057 8 0 13
51519 58057 9 0 13
51519 58057 10 0 13
!leg 7600 133120 10 0 1 attackers:7600;victims:133120;type:1;valid_origin:True;recurrent:False;local:False
7600 133120 1 1 0
7600 133120 2 1 0
7600 133120 3 1 0
7600 133120 4 1 0
7600 133120 5 1 0
7600 133120 6 1 0
7600 133120 7 1 0
7600 133120 8 1 0
7600 133120 9 1 0
7600 133120 10 1 0
!sus 49304 142164 0 10 34 attackers:49304;victims:142164;type:1;valid_origin:True;recurrent:True;local:False
49304 142164 1 3 31
49304 142164 2 3 31
49304 142164 3 3 31
49304 142164 4 3 31
49304 142164 5 7 27
49304 142164 6 7 27
49304 142164 7 11 23
49304 142164 8 9 25
49304 142164 9 9 25
49304 142164 10 8 26
!sus 7162 268941 0 10 13 attackers:268941;victims:7162;type:1;valid_origin:True;recurrent:True;local:False
7162 268941 1 1 12
7162 268941 2 2 11
7162 268941 3 3 10
7162 268941 4 2 11
7162 268941 5 4 9
7162 268941 6 1 12
7162 268941 7 4 9
7162 268941 8 4 9
7162 268941 9 4 9
7162 268941 10 4 9
!sus 267475 270331 7 3 12 attackers:270331;victims:267475;type:1;valid_origin:True;recurrent:True;local:False
267475 270331 1 1 11
267475 270331 2 2 10
267475 270331 3 9 3
267475 270331 4 5 7
267475 270331 5 9 3
267475 270331 6 8 4
267475 270331 7 11 1
267475 270331 8 10 2
267475 270331 9 12 0
267475 270331 10 12 0
!leg 262901 268330 10 0 53 attackers:268330;victims:262901;type:1;valid_origin:True;recurrent:False;local:False
262901 268330 1 53 0
262901 268330 2 53 0
262901 268330 3 53 0
262901 268330 4 53 0
262901 268330 5 53 0
262901 268330 6 53 0
262901 268330 7 53 0
262901 268330 8 53 0
262901 268330 9 53 0
262901 268330 10 53 0
!sus 265492 273583 0 10 108 attackers:265492;victims:273583;type:1;valid_origin:True;recurrent:True;local:False
265492 273583 1 1 107
265492 273583 2 1 107
265492 273583 3 1 107
265492 273583 4 1 107
265492 273583 5 1 107
265492 273583 6 1 107
265492 273583 7 1 107
265492 273583 8 1 107
265492 273583 9 1 107
265492 273583 10 1 107
!sus 47288 212193 0 10 26 attackers:47288;victims:212193;type:1;valid_origin:True;recurrent:True;local:False
47288 212193 1 6 20
47288 212193 2 4 22
47288 212193 3 8 18
47288 212193 4 9 17
47288 212193 5 9 17
47288 212193 6 9 17
47288 212193 7 8 18
47288 212193 8 10 16
47288 212193 9 12 14
47288 212193 10 11 15
!sus 271597 272445 0 10 169 attackers:272445;victims:271597;type:1;valid_origin:True;recurrent:True;local:False
271597 272445 1 2 167
271597 272445 2 2 167
271597 272445 3 3 166
271597 272445 4 3 166
271597 272445 5 3 166
271597 272445 6 3 166
271597 272445 7 3 166
271597 272445 8 5 164
271597 272445 9 6 163
271597 272445 10 6 163
!sus 57916 209963 0 10 15 attackers:57916;victims:209963;type:1;valid_origin:False;recurrent:True;local:False
57916 209963 1 0 15
57916 209963 2 0 15
57916 209963 3 0 15
57916 209963 4 0 15
57916 209963 5 0 15
57916 209963 6 0 15
57916 209963 7 0 15
57916 209963 8 0 15
57916 209963 9 0 15
57916 209963 10 0 15
!sus 56910 138915 8 2 3 attackers:56910;victims:138915;type:1;valid_origin:True;recurrent:True;local:False
56910 138915 1 0 3
56910 138915 2 0 3
56910 138915 3 2 1
56910 138915 4 3 0
56910 138915 5 3 0
56910 138915 6 3 0
56910 138915 7 3 0
56910 138915 8 3 0
56910 138915 9 3 0
56910 138915 10 3 0
!leg 9268 58943 10 0 1 attackers:58943;victims:58530;type:2;valid_origin:True;recurrent:False;local:False
9268 58943 1 1 0
9268 58943 2 1 0
9268 58943 3 1 0
9268 58943 4 1 0
9268 58943 5 1 0
9268 58943 6 1 0
9268 58943 7 1 0
9268 58943 8 1 0
9268 58943 9 1 0
9268 58943 10 1 0
!sus 7642 13335 0 10 27 attackers:7642;victims:13335;type:1;valid_origin:True;recurrent:True;local:False
7642 13335 1 0 27
7642 13335 2 0 27
7642 13335 3 0 27
7642 13335 4 4 23
7642 13335 5 5 22
7642 13335 6 8 19
7642 13335 7 6 21
7642 13335 8 5 22
7642 13335 9 8 19
7642 13335 10 8 19
!leg 44547 49805 10 0 476 attackers:44547;victims:49805;type:1;valid_origin:True;recurrent:False;local:False
44547 49805 1 476 0
44547 49805 2 476 0
44547 49805 3 476 0
44547 49805 4 476 0
44547 49805 5 476 0
44547 49805 6 476 0
44547 49805 7 476 0
44547 49805 8 476 0
44547 49805 9 476 0
44547 49805 10 476 0
!leg 61218 202224 10 0 1 attackers:61218;victims:202224;type:1;valid_origin:True;recurrent:True;local:False
61218 202224 1 1 0
61218 202224 2 1 0
61218 202224 3 1 0
61218 202224 4 1 0
61218 202224 5 1 0
61218 202224 6 1 0
61218 202224 7 1 0
61218 202224 8 1 0
61218 202224 9 1 0
61218 202224 10 1 0
!sus 208830 394144 0 10 14 attackers:394144;victims:208830;type:1;valid_origin:True;recurrent:True;local:False
208830 394144 1 2 12
208830 394144 2 2 12
208830 394144 3 0 14
208830 394144 4 2 12
208830 394144 5 0 14
208830 394144 6 2 12
208830 394144 7 2 12
208830 394144 8 2 12
208830 394144 9 2 12
208830 394144 10 2 12
!sus 29467 55002 9 1 1 attackers:55002;victims:29467;type:1;valid_origin:True;recurrent:True;local:False
29467 55002 1 0 1
29467 55002 2 1 0
29467 55002 3 1 0
29467 55002 4 1 0
29467 55002 5 1 0
29467 55002 6 1 0
29467 55002 7 1 0
29467 55002 8 1 0
29467 55002 9 1 0
29467 55002 10 1 0
!leg 8447 44472 10 0 656 attackers:8447;victims:44472;type:1;valid_origin:True;recurrent:False;local:False
8447 44472 1 567 89
8447 44472 2 637 19
8447 44472 3 634 22
8447 44472 4 575 81
8447 44472 5 604 52
8447 44472 6 636 20
8447 44472 7 637 19
8447 44472 8 633 23
8447 44472 9 637 19
8447 44472 10 634 22
!sus 8772 203664 4 6 4 attackers:8772;victims:203664;type:1;valid_origin:True;recurrent:True;local:False
8772 203664 1 0 4
8772 203664 2 0 4
8772 203664 3 0 4
8772 203664 4 0 4
8772 203664 5 0 4
8772 203664 6 2 2
8772 203664 7 3 1
8772 203664 8 3 1
8772 203664 9 4 0
8772 203664 10 4 0
!leg 42093 211588 10 0 274 attackers:42093;victims:211588;type:1;valid_origin:True;recurrent:False;local:False
42093 211588 1 274 0
42093 211588 2 274 0
42093 211588 3 274 0
42093 211588 4 274 0
42093 211588 5 274 0
42093 211588 6 274 0
42093 211588 7 274 0
42093 211588 8 274 0
42093 211588 9 274 0
42093 211588 10 274 0
