!sus 7018 400355 0 10 4 attackers:7018;victims:400355;type:1;valid_origin:True;recurrent:True;local:False
7018 400355 1 2 2
7018 400355 2 0 4
7018 400355 3 0 4
7018 400355 4 1 3
7018 400355 5 0 4
7018 400355 6 1 3
7018 400355 7 2 2
7018 400355 8 0 4
7018 400355 9 0 4
7018 400355 10 1 3
!sus 42473 45668 0 10 4 attackers:45668;victims:42473;type:1;valid_origin:True;recurrent:True;local:False
42473 45668 1 0 4
42473 45668 2 0 4
42473 45668 3 0 4
42473 45668 4 0 4
42473 45668 5 0 4
42473 45668 6 0 4
42473 45668 7 0 4
42473 45668 8 0 4
42473 45668 9 0 4
42473 45668 10 0 4
!sus 263150 265575 0 10 15 attackers:263150;victims:265575;type:1;valid_origin:True;recurrent:True;local:False
263150 265575 1 0 15
263150 265575 2 0 15
263150 265575 3 0 15
263150 265575 4 0 15
263150 265575 5 0 15
263150 265575 6 0 15
263150 265575 7 0 15
263150 265575 8 0 15
263150 265575 9 0 15
263150 265575 10 0 15
!sus 53181 265451 0 10 15 attackers:53181;victims:268331;type:2;valid_origin:True;recurrent:True;local:False
53181 265451 1 0 15
53181 265451 2 0 15
53181 265451 3 0 15
53181 265451 4 0 15
53181 265451 5 0 15
53181 265451 6 0 15
53181 265451 7 0 15
53181 265451 8 1 14
53181 265451 9 1 14
53181 265451 10 1 14
!sus 206791 210394 6 4 27 attackers:206791;victims:210394;type:1;valid_origin:True;recurrent:True;local:False
206791 210394 1 27 0
206791 210394 2 25 2
206791 210394 3 9 18
206791 210394 4 4 23
206791 210394 5 21 6
206791 210394 6 21 6
206791 210394 7 27 0
206791 210394 8 4 23
206791 210394 9 10 17
206791 210394 10 21 6
!leg 55518 55818 10 0 1 attackers:55518;victims:141983;type:2;valid_origin:True;recurrent:True;local:False
55518 55818 1 1 0
55518 55818 2 1 0
55518 55818 3 1 0
55518 55818 4 1 0
55518 55818 5 1 0
55518 55818 6 1 0
55518 55818 7 1 0
55518 55818 8 1 0
55518 55818 9 1 0
55518 55818 10 1 0
!sus 2830 43453 1 9 4 attackers:2830;victims:43453;type:1;valid_origin:True;recurrent:True;local:False
2830 43453 1 0 4
2830 43453 2 0 4
2830 43453 3 1 3
2830 43453 4 1 3
2830 43453 5 0 4
2830 43453 6 1 3
2830 43453 7 2 2
2830 43453 8 0 4
2830 43453 9 0 4
2830 43453 10 4 0
!sus 21013 60823 8 2 1 attackers:60823;victims:21013;type:1;valid_origin:True;recurrent:False;local:False
21013 60823 1 0 1
21013 60823 2 0 1
21013 60823 3 1 0
21013 60823 4 1 0
21013 60823 5 1 0
21013 60823 6 1 0
21013 60823 7 1 0
21013 60823 8 1 0
21013 60823 9 1 0
21013 60823 10 1 0
!leg 36351 196879 10 0 1 attackers:36351;victims:196879;type:1;valid_origin:True;recurrent:False;local:True
36351 196879 1 1 0
36351 196879 2 1 0
36351 196879 3 1 0
36351 196879 4 1 0
36351 196879 5 1 0
36351 196879 6 1 0
36351 196879 7 1 0
36351 196879 8 1 0
36351 196879 9 1 0
36351 196879 10 1 0
!sus 62853 398296 0 10 21 attackers:398296;victims:62853;type:1;valid_origin:True;recurrent:True;local:False
62853 398296 1 0 21
62853 398296 2 0 21
62853 398296 3 0 21
62853 398296 4 0 21
62853 398296 5 0 21
62853 398296 6 0 21
62853 398296 7 0 21
62853 398296 8 0 21
62853 398296 9 0 21
62853 398296 10 2 19
!sus 15830 29731 5 5 2 attackers:15830;victims:29731;type:1;valid_origin:True;recurrent:True;local:False
15830 29731 1 0 2
15830 29731 2 0 2
15830 29731 3 0 2
15830 29731 4 1 1
15830 29731 5 1 1
15830 29731 6 2 0
15830 29731 7 2 0
15830 29731 8 2 0
15830 29731 9 2 0
15830 29731 10 2 0
!sus 26 267242 5 5 8 attackers:267242;victims:267242;type:2;valid_origin:True;recurrent:True;local:False
26 267242 1 8 0
26 267242 2 8 0
26 267242 3 7 1
26 267242 4 8 0
26 267242 5 1 7
26 267242 6 6 2
26 267242 7 0 8
26 267242 8 1 7
26 267242 9 1 7
26 267242 10 3 5
!sus 24429 268537 2 8 17 attackers:24429;victims:268537;type:1;valid_origin:True;recurrent:True;local:False
24429 268537 1 0 17
24429 268537 2 0 17
24429 268537 3 0 17
24429 268537 4 0 17
24429 268537 5 3 14
24429 268537 6 1 16
24429 268537 7 1 16
24429 268537 8 15 2
24429 268537 9 2 15
24429 268537 10 13 4
!sus 262187 272038 5 5 4 attackers:262187;victims:272038;type:1;valid_origin:True;recurrent:True;local:False
262187 272038 1 4 0
262187 272038 2 0 4
262187 272038 3 0 4
262187 272038 4 2 2
262187 272038 5 3 1
262187 272038 6 4 0
262187 272038 7 3 1
262187 272038 8 0 4
262187 272038 9 4 0
262187 272038 10 1 3
!sus 270560 272589 0 10 34 attackers:270560;victims:272589;type:1;valid_origin:True;recurrent:True;local:False
270560 272589 1 1 33
270560 272589 2 1 33
270560 272589 3 1 33
270560 272589 4 1 33
270560 272589 5 1 33
270560 272589 6 1 33
270560 272589 7 1 33
270560 272589 8 1 33
270560 272589 9 1 33
270560 272589 10 2 32
!sus 42199 42402 5 5 4 attackers:42402;victims:42199;type:1;valid_origin:True;recurrent:True;local:False
42199 42402 1 4 0
42199 42402 2 4 0
42199 42402 3 2 2
42199 42402 4 0 4
42199 42402 5 3 1
42199 42402 6 2 2
42199 42402 7 2 2
42199 42402 8 3 1
42199 42402 9 2 2
42199 42402 10 3 1
!sus 203071 208164 5 5 20 attackers:208164;victims:203071;type:1;valid_origin:True;recurrent:True;local:False
203071 208164 1 3 17
203071 208164 2 18 2
203071 208164 3 7 13
203071 208164 4 0 20
203071 208164 5 15 5
203071 208164 6 15 5
203071 208164 7 8 12
203071 208164 8 5 15
203071 208164 9 18 2
203071 208164 10 18 2
!sus 24429 61826 2 8 29 attackers:24429;victims:61826;type:1;valid_origin:True;recurrent:True;local:False
24429 61826 1 2 27
24429 61826 2 2 27
24429 61826 3 2 27
24429 61826 4 2 27
24429 61826 5 5 24
24429 61826 6 3 26
24429 61826 7 4 25
24429 61826 8 29 0
24429 61826 9 7 22
24429 61826 10 18 11
!sus 60326 212154 0 10 17 attackers:60326;victims:212154;type:1;valid_origin:True;recurrent:True;local:False
60326 212154 1 1 16
60326 212154 2 1 16
60326 212154 3 1 16
60326 212154 4 1 16
60326 212154 5 1 16
60326 212154 6 2 15
60326 212154 7 1 16
60326 212154 8 4 13
60326 212154 9 3 14
60326 212154 10 1 16
!sus 7195 396253 6 4 158 attackers:7195;victims:396253;type:1;valid_origin:True;recurrent:True;local:False
7195 396253 1 0 158
7195 396253 2 8 150
7195 396253 3 45 113
7195 396253 4 73 85
7195 396253 5 116 42
7195 396253 6 116 42
7195 396253 7 105 53
7195 396253 8 123 35
7195 396253 9 122 36
7195 396253 10 123 35
!leg 58941 133159 10 0 1 attackers:58941;victims:133159;type:1;valid_origin:True;recurrent:False;local:False
58941 133159 1 1 0
58941 133159 2 1 0
58941 133159 3 1 0
58941 133159 4 1 0
58941 133159 5 1 0
58941 133159 6 1 0
58941 133159 7 1 0
58941 133159 8 1 0
58941 133159 9 1 0
58941 133159 10 1 0
!sus 260 36236 9 1 8 attackers:260;victims:54613,36236;type:1,2;valid_origin:True;recurrent:True;local:False
260 36236 1 2 6
260 36236 2 5 3
260 36236 3 5 3
260 36236 4 6 2
260 36236 5 6 2
260 36236 6 6 2
260 36236 7 6 2
260 36236 8 6 2
260 36236 9 6 2
260 36236 10 6 2
!leg 1251 53155 10 0 1 attackers:1251;victims:53155;type:1;valid_origin:True;recurrent:False;local:False
1251 53155 1 1 0
1251 53155 2 1 0
1251 53155 3 1 0
1251 53155 4 1 0
1251 53155 5 1 0
1251 53155 6 1 0
1251 53155 7 1 0
1251 53155 8 1 0
1251 53155 9 1 0
1251 53155 10 1 0
!sus 44570 204035 2 8 164 attackers:204035;victims:203857,204406,212294,44570;type:1,2;valid_origin:True;recurrent:True;local:False
44570 204035 1 27 137
44570 204035 2 31 133
44570 204035 3 33 131
44570 204035 4 34 130
44570 204035 5 36 128
44570 204035 6 96 68
44570 204035 7 41 123
44570 204035 8 156 8
44570 204035 9 50 114
44570 204035 10 52 112
!sus 46844 270735 0 10 308 attackers:46844;victims:268397,264289,268085;type:2;valid_origin:True;recurrent:True;local:False
46844 270735 1 0 308
46844 270735 2 0 308
46844 270735 3 0 308
46844 270735 4 1 307
46844 270735 5 0 308
46844 270735 6 0 308
46844 270735 7 0 308
46844 270735 8 70 238
46844 270735 9 103 205
46844 270735 10 21 287
!sus 2 263687 2 8 5 attackers:263687;victims:271832;type:3;valid_origin:True;recurrent:True;local:False
2 263687 1 5 0
2 263687 2 0 5
2 263687 3 5 0
2 263687 4 0 5
2 263687 5 0 5
2 263687 6 0 5
2 263687 7 0 5
2 263687 8 0 5
2 263687 9 0 5
2 263687 10 0 5
!leg 262462 266445 10 0 23 attackers:266445;victims:265385;type:3;valid_origin:True;recurrent:False;local:False
262462 266445 1 23 0
262462 266445 2 23 0
262462 266445 3 23 0
262462 266445 4 23 0
262462 266445 5 23 0
262462 266445 6 23 0
262462 266445 7 23 0
262462 266445 8 23 0
262462 266445 9 23 0
262462 266445 10 23 0
!leg 22381 29396 10 0 1 attackers:29396;victims:22381;type:1;valid_origin:True;recurrent:False;local:False
22381 29396 1 1 0
22381 29396 2 1 0
22381 29396 3 1 0
22381 29396 4 1 0
22381 29396 5 1 0
22381 29396 6 1 0
22381 29396 7 1 0
22381 29396 8 1 0
22381 29396 9 1 0
22381 29396 10 1 0
!sus 50058 212789 0 10 5 attackers:50058;victims:212789;type:1;valid_origin:True;recurrent:True;local:False
50058 212789 1 0 5
50058 212789 2 0 5
50058 212789 3 0 5
50058 212789 4 0 5
50058 212789 5 0 5
50058 212789 6 0 5
50058 212789 7 0 5
50058 212789 8 0 5
50058 212789 9 0 5
50058 212789 10 0 5
!sus 203458 212618 0 10 727 attackers:203458;victims:212618;type:1;valid_origin:True;recurrent:True;local:False
203458 212618 1 0 727
203458 212618 2 0 727
203458 212618 3 0 727
203458 212618 4 0 727
203458 212618 5 0 727
203458 212618 6 0 727
203458 212618 7 0 727
203458 212618 8 0 727
203458 212618 9 0 727
203458 212618 10 0 727
!sus 24429 269488 2 8 19 attackers:24429;victims:269488;type:1;valid_origin:True;recurrent:True;local:False
24429 269488 1 1 18
24429 269488 2 1 18
24429 269488 3 1 18
24429 269488 4 1 18
24429 269488 5 6 13
24429 269488 6 5 14
24429 269488 7 3 16
24429 269488 8 15 4
24429 269488 9 4 15
24429 269488 10 15 4
!leg 33210 33218 10 0 2 attackers:33218;victims:33210;type:1;valid_origin:True;recurrent:True;local:False
33210 33218 1 2 0
33210 33218 2 2 0
33210 33218 3 2 0
33210 33218 4 2 0
33210 33218 5 2 0
33210 33218 6 2 0
33210 33218 7 2 0
33210 33218 8 2 0
33210 33218 9 2 0
33210 33218 10 2 0
!sus 44570 202988 3 7 299 attackers:44570;victims:202988;type:1;valid_origin:True;recurrent:True;local:False
44570 202988 1 299 0
44570 202988 2 32 267
44570 202988 3 151 148
44570 202988 4 26 273
44570 202988 5 99 200
44570 202988 6 54 245
44570 202988 7 258 41
44570 202988 8 49 250
44570 202988 9 137 162
44570 202988 10 54 245
!sus 3491 328779 7 3 121 attackers:3491;victims:328779;type:1;valid_origin:True;recurrent:True;local:False
3491 328779 1 21 100
3491 328779 2 36 85
3491 328779 3 54 67
3491 328779 4 102 19
3491 328779 5 103 18
3491 328779 6 116 5
3491 328779 7 116 5
3491 328779 8 117 4
3491 328779 9 116 5
3491 328779 10 118 3
!sus 24429 269506 1 9 21 attackers:24429;victims:269506;type:1;valid_origin:True;recurrent:False;local:False
24429 269506 1 1 20
24429 269506 2 3 18
24429 269506 3 1 20
24429 269506 4 1 20
24429 269506 5 3 18
24429 269506 6 3 18
24429 269506 7 2 19
24429 269506 8 3 18
24429 269506 9 7 14
24429 269506 10 20 1
!leg 7600 10105 10 0 1 attackers:7600;victims:10105;type:1;valid_origin:True;recurrent:False;local:False
7600 10105 1 1 0
7600 10105 2 1 0
7600 10105 3 1 0
7600 10105 4 1 0
7600 10105 5 1 0
7600 10105 6 1 0
7600 10105 7 1 0
7600 10105 8 1 0
7600 10105 9 1 0
7600 10105 10 1 0
!leg 53155 266602 10 0 1 attackers:266602;victims:53155;type:1;valid_origin:True;recurrent:False;local:False
53155 266602 1 1 0
53155 266602 2 1 0
53155 266602 3 1 0
53155 266602 4 1 0
53155 266602 5 1 0
53155 266602 6 1 0
53155 266602 7 1 0
53155 266602 8 1 0
53155 266602 9 1 0
53155 266602 10 1 0
!leg 4657 39875 10 0 1 attackers:4657;victims:39875;type:1;valid_origin:True;recurrent:False;local:False
4657 39875 1 1 0
4657 39875 2 1 0
4657 39875 3 1 0
4657 39875 4 1 0
4657 39875 5 1 0
4657 39875 6 1 0
4657 39875 7 1 0
4657 39875 8 1 0
4657 39875 9 1 0
4657 39875 10 1 0
!leg 262342 269244 10 0 75 attackers:262342;victims:269244;type:1;valid_origin:True;recurrent:False;local:False
262342 269244 1 75 0
262342 269244 2 75 0
262342 269244 3 75 0
262342 269244 4 75 0
262342 269244 5 75 0
262342 269244 6 75 0
262342 269244 7 75 0
262342 269244 8 75 0
262342 269244 9 75 0
262342 269244 10 75 0
!sus 24429 28125 1 9 37 attackers:24429;victims:28125;type:1;valid_origin:True;recurrent:True;local:False
24429 28125 1 1 36
24429 28125 2 2 35
24429 28125 3 4 33
24429 28125 4 8 29
24429 28125 5 7 30
24429 28125 6 10 27
24429 28125 7 10 27
24429 28125 8 14 23
24429 28125 9 18 19
24429 28125 10 31 6
!leg 34854 205121 10 0 1 attackers:34854;victims:205121;type:1;valid_origin:True;recurrent:False;local:False
34854 205121 1 1 0
34854 205121 2 1 0
34854 205121 3 1 0
34854 205121 4 1 0
34854 205121 5 1 0
34854 205121 6 1 0
34854 205121 7 1 0
34854 205121 8 1 0
34854 205121 9 1 0
34854 205121 10 1 0
!sus 11114 397131 9 1 18 attackers:11114;victims:397131;type:1;valid_origin:True;recurrent:True;local:False
11114 397131 1 4 14
11114 397131 2 16 2
11114 397131 3 15 3
11114 397131 4 15 3
11114 397131 5 16 2
11114 397131 6 18 0
11114 397131 7 17 1
11114 397131 8 18 0
11114 397131 9 17 1
11114 397131 10 18 0
!sus 9199 12687 0 10 4 attackers:12687;victims:9199;type:1;valid_origin:True;recurrent:True;local:False
9199 12687 1 0 4
9199 12687 2 0 4
9199 12687 3 0 4
9199 12687 4 0 4
9199 12687 5 0 4
9199 12687 6 0 4
9199 12687 7 0 4
9199 12687 8 0 4
9199 12687 9 0 4
9199 12687 10 0 4
!sus 50058 204844 9 1 696 attackers:50058;victims:204844;type:1;valid_origin:True;recurrent:True;local:False
50058 204844 1 250 446
50058 204844 2 595 101
50058 204844 3 598 98
50058 204844 4 695 1
50058 204844 5 696 0
50058 204844 6 696 0
50058 204844 7 696 0
50058 204844 8 696 0
50058 204844 9 696 0
50058 204844 10 696 0
!sus 25472 42473 0 10 6 attackers:25472;victims:42473;type:1;valid_origin:True;recurrent:True;local:False
25472 42473 1 0 6
25472 42473 2 0 6
25472 42473 3 0 6
25472 42473 4 0 6
25472 42473 5 0 6
25472 42473 6 0 6
25472 42473 7 0 6
25472 42473 8 0 6
25472 42473 9 0 6
25472 42473 10 0 6
!sus 24429 265451 0 10 28 attackers:24429;victims:268331;type:2;valid_origin:True;recurrent:True;local:False
24429 265451 1 0 28
24429 265451 2 0 28
24429 265451 3 0 28
24429 265451 4 0 28
24429 265451 5 0 28
24429 265451 6 0 28
24429 265451 7 0 28
24429 265451 8 0 28
24429 265451 9 0 28
24429 265451 10 0 28
!sus 13335 28343 0 10 23 attackers:28343;victims:13335;type:1;valid_origin:True;recurrent:True;local:False
13335 28343 1 0 23
13335 28343 2 0 23
13335 28343 3 0 23
13335 28343 4 1 22
13335 28343 5 0 23
13335 28343 6 1 22
13335 28343 7 1 22
13335 28343 8 1 22
13335 28343 9 1 22
13335 28343 10 1 22
!leg 20473 20804 10 0 1 attackers:20473;victims:198743;type:2;valid_origin:True;recurrent:False;local:False
20473 20804 1 1 0
20473 20804 2 1 0
20473 20804 3 1 0
20473 20804 4 1 0
20473 20804 5 1 0
20473 20804 6 1 0
20473 20804 7 1 0
20473 20804 8 1 0
20473 20804 9 1 0
20473 20804 10 1 0
!sus 35415 208700 0 10 2 attackers:35415;victims:208700;type:1;valid_origin:True;recurrent:True;local:False
35415 208700 1 0 2
35415 208700 2 0 2
35415 208700 3 0 2
35415 208700 4 0 2
35415 208700 5 0 2
35415 208700 6 0 2
35415 208700 7 0 2
35415 208700 8 0 2
35415 208700 9 0 2
35415 208700 10 0 2
!sus 268157 272770 1 9 174 attackers:268157;victims:272770;type:1;valid_origin:True;recurrent:True;local:False
268157 272770 1 166 8
268157 272770 2 40 134
268157 272770 3 28 146
268157 272770 4 41 133
268157 272770 5 27 147
268157 272770 6 26 148
268157 272770 7 27 147
268157 272770 8 31 143
268157 272770 9 29 145
268157 272770 10 27 147
!sus 22381 31122 1 9 1 attackers:31122;victims:22381;type:1;valid_origin:True;recurrent:True;local:True
22381 31122 1 0 1
22381 31122 2 0 1
22381 31122 3 0 1
22381 31122 4 0 1
22381 31122 5 0 1
22381 31122 6 0 1
22381 31122 7 0 1
22381 31122 8 0 1
22381 31122 9 1 0
22381 31122 10 0 1
!sus 24482 141918 6 4 15 attackers:24482;victims:141918;type:1;valid_origin:True;recurrent:True;local:False
24482 141918 1 0 15
24482 141918 2 11 4
24482 141918 3 5 10
24482 141918 4 12 3
24482 141918 5 13 2
24482 141918 6 7 8
24482 141918 7 7 8
24482 141918 8 13 2
24482 141918 9 12 3
24482 141918 10 13 2
!sus 10122 17494 8 2 65 attackers:17494;victims:10122;type:1;valid_origin:True;recurrent:True;local:False
10122 17494 1 23 42
10122 17494 2 32 33
10122 17494 3 45 20
10122 17494 4 50 15
10122 17494 5 63 2
10122 17494 6 63 2
10122 17494 7 63 2
10122 17494 8 64 1
10122 17494 9 65 0
10122 17494 10 65 0
!leg 20473 57344 10 0 1 attackers:20473;victims:198127;type:3;valid_origin:True;recurrent:False;local:False
20473 57344 1 1 0
20473 57344 2 1 0
20473 57344 3 1 0
20473 57344 4 1 0
20473 57344 5 1 0
20473 57344 6 1 0
20473 57344 7 1 0
20473 57344 8 1 0
20473 57344 9 1 0
20473 57344 10 1 0
!sus 202976 203074 0 10 12 attackers:203074;victims:202976;type:1;valid_origin:True;recurrent:True;local:False
202976 203074 1 0 12
202976 203074 2 0 12
202976 203074 3 0 12
202976 203074 4 0 12
202976 203074 5 0 12
202976 203074 6 0 12
202976 203074 7 0 12
202976 203074 8 0 12
202976 203074 9 0 12
202976 203074 10 0 12
!sus 141483 147224 0 10 10 attackers:147224;victims:141483;type:1;valid_origin:True;recurrent:True;local:False
141483 147224 1 0 10
141483 147224 2 0 10
141483 147224 3 0 10
141483 147224 4 0 10
141483 147224 5 0 10
141483 147224 6 0 10
141483 147224 7 0 10
141483 147224 8 0 10
141483 147224 9 0 10
141483 147224 10 0 10
!leg 34854 134478 10 0 1 attackers:34854;victims:134478;type:1;valid_origin:True;recurrent:False;local:False
34854 134478 1 1 0
34854 134478 2 1 0
34854 134478 3 1 0
34854 134478 4 1 0
34854 134478 5 1 0
34854 134478 6 1 0
34854 134478 7 1 0
34854 134478 8 1 0
34854 134478 9 1 0
34854 134478 10 1 0
!sus 13335 57344 0 10 16 attackers:57344;victims:13335;type:1;valid_origin:True;recurrent:True;local:False
13335 57344 1 3 13
13335 57344 2 3 13
13335 57344 3 3 13
13335 57344 4 4 12
13335 57344 5 4 12
13335 57344 6 4 12
13335 57344 7 4 12
13335 57344 8 4 12
13335 57344 9 5 11
13335 57344 10 5 11
!sus 203967 210667 0 10 42 attackers:210667;victims:203967;type:1;valid_origin:True;recurrent:True;local:False
203967 210667 1 10 32
203967 210667 2 10 32
203967 210667 3 12 30
203967 210667 4 13 29
203967 210667 5 15 27
203967 210667 6 16 26
203967 210667 7 15 27
203967 210667 8 16 26
203967 210667 9 15 27
203967 210667 10 16 26
!sus 62610 139341 0 10 5 attackers:139341;victims:62610;type:1;valid_origin:True;recurrent:True;local:False
62610 139341 1 0 5
62610 139341 2 0 5
62610 139341 3 0 5
62610 139341 4 0 5
62610 139341 5 0 5
62610 139341 6 0 5
62610 139341 7 0 5
62610 139341 8 0 5
62610 139341 9 0 5
62610 139341 10 0 5
!sus 24429 52699 0 10 45 attackers:24429;victims:52699;type:1;valid_origin:True;recurrent:True;local:False
24429 52699 1 1 44
24429 52699 2 2 43
24429 52699 3 4 41
24429 52699 4 6 39
24429 52699 5 5 40
24429 52699 6 7 38
24429 52699 7 9 36
24429 52699 8 11 34
24429 52699 9 12 33
24429 52699 10 14 31
!leg 1251 263025 10 0 1 attackers:1251;victims:266215;type:2;valid_origin:True;recurrent:False;local:False
1251 263025 1 1 0
1251 263025 2 1 0
1251 263025 3 1 0
1251 263025 4 1 0
1251 263025 5 1 0
1251 263025 6 1 0
1251 263025 7 1 0
1251 263025 8 1 0
1251 263025 9 1 0
1251 263025 10 1 0
!sus 2602 211018 2 8 18 attackers:2602;victims:211018;type:1;valid_origin:True;recurrent:True;local:False
2602 211018 1 10 8
2602 211018 2 2 16
2602 211018 3 0 18
2602 211018 4 0 18
2602 211018 5 0 18
2602 211018 6 0 18
2602 211018 7 0 18
2602 211018 8 0 18
2602 211018 9 0 18
2602 211018 10 10 8
!sus 136238 150125 0 10 7 attackers:136238;victims:150125;type:1;valid_origin:True;recurrent:True;local:False
136238 150125 1 0 7
136238 150125 2 0 7
136238 150125 3 0 7
136238 150125 4 0 7
136238 150125 5 0 7
136238 150125 6 0 7
136238 150125 7 0 7
136238 150125 8 0 7
136238 150125 9 0 7
136238 150125 10 0 7
!leg 29838 47645 10 0 1 attackers:29838;victims:47645;type:1;valid_origin:True;recurrent:False;local:False
29838 47645 1 1 0
29838 47645 2 1 0
29838 47645 3 1 0
29838 47645 4 1 0
29838 47645 5 1 0
29838 47645 6 1 0
29838 47645 7 1 0
29838 47645 8 1 0
29838 47645 9 1 0
29838 47645 10 1 0
!leg 29838 62283 10 0 1 attackers:29838;victims:62283;type:1;valid_origin:True;recurrent:False;local:False
29838 62283 1 1 0
29838 62283 2 1 0
29838 62283 3 1 0
29838 62283 4 1 0
29838 62283 5 1 0
29838 62283 6 1 0
29838 62283 7 1 0
29838 62283 8 1 0
29838 62283 9 1 0
29838 62283 10 1 0
!leg 803 1043 10 0 402 attackers:803;victims:1043;type:1;valid_origin:False;recurrent:False;local:False
803 1043 1 402 0
803 1043 2 402 0
803 1043 3 402 0
803 1043 4 402 0
803 1043 5 402 0
803 1043 6 402 0
803 1043 7 402 0
803 1043 8 402 0
803 1043 9 402 0
803 1043 10 402 0
!sus 13335 37577 8 2 7 attackers:37577;victims:13335;type:1;valid_origin:True;recurrent:True;local:False
13335 37577 1 1 6
13335 37577 2 2 5
13335 37577 3 6 1
13335 37577 4 6 1
13335 37577 5 7 0
13335 37577 6 7 0
13335 37577 7 7 0
13335 37577 8 6 1
13335 37577 9 7 0
13335 37577 10 7 0
!leg 924 50058 10 0 152 attackers:50058;victims:64264,208385,924,17138,203857,44570,212294,203867;type:1,2,3;valid_origin:True;recurrent:True;local:False
924 50058 1 133 19
924 50058 2 138 14
924 50058 3 138 14
924 50058 4 139 13
924 50058 5 139 13
924 50058 6 142 10
924 50058 7 145 7
924 50058 8 140 12
924 50058 9 143 9
924 50058 10 148 4
!sus 52104 61960 1 9 9 attackers:61960;victims:52104;type:1;valid_origin:True;recurrent:True;local:False
52104 61960 1 0 9
52104 61960 2 0 9
52104 61960 3 0 9
52104 61960 4 0 9
52104 61960 5 7 2
52104 61960 6 1 8
52104 61960 7 4 5
52104 61960 8 1 8
52104 61960 9 1 8
52104 61960 10 0 9
!sus 34425 47787 0 10 7 attackers:47787;victims:34425;type:1;valid_origin:True;recurrent:True;local:False
34425 47787 1 1 6
34425 47787 2 0 7
34425 47787 3 1 6
34425 47787 4 0 7
34425 47787 5 0 7
34425 47787 6 0 7
34425 47787 7 0 7
34425 47787 8 2 5
34425 47787 9 1 6
34425 47787 10 1 6
!leg 138482 147295 10 0 1 attackers:138482;victims:147295;type:1;valid_origin:True;recurrent:False;local:False
138482 147295 1 1 0
138482 147295 2 1 0
138482 147295 3 1 0
138482 147295 4 1 0
138482 147295 5 1 0
138482 147295 6 1 0
138482 147295 7 1 0
138482 147295 8 1 0
138482 147295 9 1 0
138482 147295 10 1 0
!leg 36351 59624 10 0 1 attackers:36351;victims:2148;type:2;valid_origin:True;recurrent:False;local:True
36351 59624 1 1 0
36351 59624 2 1 0
36351 59624 3 1 0
36351 59624 4 1 0
36351 59624 5 1 0
36351 59624 6 1 0
36351 59624 7 1 0
36351 59624 8 1 0
36351 59624 9 1 0
36351 59624 10 1 0
!sus 139317 150323 0 10 11 attackers:139317;victims:150323;type:1;valid_origin:True;recurrent:True;local:False
139317 150323 1 1 10
139317 150323 2 1 10
139317 150323 3 1 10
139317 150323 4 2 9
139317 150323 5 2 9
139317 150323 6 2 9
139317 150323 7 2 9
139317 150323 8 5 6
139317 150323 9 2 9
139317 150323 10 4 7
!leg 24029 132453 10 0 2 attackers:24029;victims:132453;type:1;valid_origin:True;recurrent:True;local:False
24029 132453 1 2 0
24029 132453 2 2 0
24029 132453 3 2 0
24029 132453 4 2 0
24029 132453 5 2 0
24029 132453 6 2 0
24029 132453 7 2 0
24029 132453 8 2 0
24029 132453 9 2 0
24029 132453 10 2 0
!sus 8772 39753 9 1 31 attackers:8772;victims:39753;type:1;valid_origin:True;recurrent:True;local:False
8772 39753 1 7 24
8772 39753 2 31 0
8772 39753 3 31 0
8772 39753 4 31 0
8772 39753 5 31 0
8772 39753 6 31 0
8772 39753 7 31 0
8772 39753 8 31 0
8772 39753 9 31 0
8772 39753 10 31 0
!sus 24429 268235 0 10 32 attackers:24429;victims:268235;type:1;valid_origin:True;recurrent:True;local:False
24429 268235 1 0 32
24429 268235 2 0 32
24429 268235 3 0 32
24429 268235 4 0 32
24429 268235 5 0 32
24429 268235 6 0 32
24429 268235 7 0 32
24429 268235 8 0 32
24429 268235 9 0 32
24429 268235 10 0 32
!sus 24429 267942 8 2 219 attackers:267942;victims:268187,267478;type:2,3;valid_origin:True;recurrent:True;local:False
24429 267942 1 56 163
24429 267942 2 83 136
24429 267942 3 151 68
24429 267942 4 121 98
24429 267942 5 144 75
24429 267942 6 152 67
24429 267942 7 183 36
24429 267942 8 187 32
24429 267942 9 185 34
24429 267942 10 187 32
!leg 39120 268156 10 0 1 attackers:39120;victims:268156;type:1;valid_origin:True;recurrent:False;local:True
39120 268156 1 1 0
39120 268156 2 1 0
39120 268156 3 1 0
39120 268156 4 1 0
39120 268156 5 1 0
39120 268156 6 1 0
39120 268156 7 1 0
39120 268156 8 1 0
39120 268156 9 1 0
39120 268156 10 1 0
!sus 9534 139341 7 3 41 attackers:9534;victims:139341;type:1;valid_origin:True;recurrent:True;local:False
9534 139341 1 4 37
9534 139341 2 10 31
9534 139341 3 10 31
9534 139341 4 21 20
9534 139341 5 25 16
9534 139341 6 31 10
9534 139341 7 31 10
9534 139341 8 31 10
9534 139341 9 33 8
9534 139341 10 37 4
!leg 29632 139742 10 0 1 attackers:29632;victims:139742;type:1;valid_origin:True;recurrent:False;local:False
29632 139742 1 1 0
29632 139742 2 1 0
29632 139742 3 1 0
29632 139742 4 1 0
29632 139742 5 1 0
29632 139742 6 1 0
29632 139742 7 1 0
29632 139742 8 1 0
29632 139742 9 1 0
29632 139742 10 1 0
!leg 8758 35223 10 0 1 attackers:8758;victims:35223;type:1;valid_origin:True;recurrent:False;local:False
8758 35223 1 1 0
8758 35223 2 1 0
8758 35223 3 1 0
8758 35223 4 1 0
8758 35223 5 1 0
8758 35223 6 1 0
8758 35223 7 1 0
8758 35223 8 1 0
8758 35223 9 1 0
8758 35223 10 1 0
!sus 60171 328167 8 2 105 attackers:60171;victims:328167;type:1;valid_origin:True;recurrent:True;local:False
60171 328167 1 0 105
60171 328167 2 1 104
60171 328167 3 88 17
60171 328167 4 102 3
60171 328167 5 104 1
60171 328167 6 105 0
60171 328167 7 105 0
60171 328167 8 105 0
60171 328167 9 105 0
60171 328167 10 105 0
!sus 8075 23838 0 10 2 attackers:23838;victims:8075;type:1;valid_origin:True;recurrent:True;local:False
8075 23838 1 0 2
8075 23838 2 0 2
8075 23838 3 0 2
8075 23838 4 0 2
8075 23838 5 0 2
8075 23838 6 0 2
8075 23838 7 0 2
8075 23838 8 1 1
8075 23838 9 1 1
8075 23838 10 1 1
!sus 8849 203913 0 10 409 attackers:8849;victims:203913,203868;type:1,2;valid_origin:True;recurrent:True;local:False
8849 203913 1 0 409
8849 203913 2 4 405
8849 203913 3 12 397
8849 203913 4 15 394
8849 203913 5 15 394
8849 203913 6 21 388
8849 203913 7 22 387
8849 203913 8 26 383
8849 203913 9 17 392
8849 203913 10 35 374
!sus 24429 269211 3 7 33 attackers:24429;victims:269211;type:1;valid_origin:True;recurrent:True;local:False
24429 269211 1 2 31
24429 269211 2 4 29
24429 269211 3 2 31
24429 269211 4 5 28
24429 269211 5 6 27
24429 269211 6 9 24
24429 269211 7 8 25
24429 269211 8 28 5
24429 269211 9 17 16
24429 269211 10 32 1
!leg 53038 271253 10 0 1 attackers:271253;victims:53038;type:1;valid_origin:True;recurrent:False;local:False
53038 271253 1 1 0
53038 271253 2 1 0
53038 271253 3 1 0
53038 271253 4 1 0
53038 271253 5 1 0
53038 271253 6 1 0
53038 271253 7 1 0
53038 271253 8 1 0
53038 271253 9 1 0
53038 271253 10 1 0
!sus 24429 52838 0 10 18 attackers:24429;victims:52838;type:1;valid_origin:True;recurrent:True;local:False
24429 52838 1 0 18
24429 52838 2 0 18
24429 52838 3 2 16
24429 52838 4 2 16
24429 52838 5 2 16
24429 52838 6 2 16
24429 52838 7 2 16
24429 52838 8 2 16
24429 52838 9 2 16
24429 52838 10 4 14
!sus 17408 138915 8 2 26 attackers:17408;victims:138915;type:1;valid_origin:True;recurrent:True;local:False
17408 138915 1 6 20
17408 138915 2 9 17
17408 138915 3 19 7
17408 138915 4 24 2
17408 138915 5 20 6
17408 138915 6 26 0
17408 138915 7 26 0
17408 138915 8 26 0
17408 138915 9 26 0
17408 138915 10 26 0
!sus 668 1321 9 1 16 attackers:1321;victims:668;type:1;valid_origin:False;recurrent:True;local:False
668 1321 1 0 16
668 1321 2 12 4
668 1321 3 14 2
668 1321 4 15 1
668 1321 5 14 2
668 1321 6 15 1
668 1321 7 16 0
668 1321 8 16 0
668 1321 9 16 0
668 1321 10 16 0
!sus 262979 292979 7 3 1 attackers:262979;victims:262979;type:2;valid_origin:True;recurrent:True;local:False
262979 292979 1 1 0
262979 292979 2 1 0
262979 292979 3 1 0
262979 292979 4 1 0
262979 292979 5 1 0
262979 292979 6 1 0
262979 292979 7 1 0
262979 292979 8 0 1
262979 292979 9 0 1
262979 292979 10 0 1
!leg 203062 213045 10 0 1 attackers:213045;victims:203062;type:1;valid_origin:True;recurrent:False;local:True
203062 213045 1 1 0
203062 213045 2 1 0
203062 213045 3 1 0
203062 213045 4 1 0
203062 213045 5 1 0
203062 213045 6 1 0
203062 213045 7 1 0
203062 213045 8 1 0
203062 213045 9 1 0
203062 213045 10 1 0
!sus 54681 60379 0 10 6 attackers:54681;victims:60379;type:1;valid_origin:True;recurrent:True;local:False
54681 60379 1 0 6
54681 60379 2 0 6
54681 60379 3 0 6
54681 60379 4 0 6
54681 60379 5 0 6
54681 60379 6 0 6
54681 60379 7 0 6
54681 60379 8 0 6
54681 60379 9 0 6
54681 60379 10 1 5
!sus 24429 262749 2 8 39 attackers:24429;victims:262749;type:1;valid_origin:True;recurrent:True;local:False
24429 262749 1 3 36
24429 262749 2 3 36
24429 262749 3 2 37
24429 262749 4 2 37
24429 262749 5 6 33
24429 262749 6 8 31
24429 262749 7 8 31
24429 262749 8 28 11
24429 262749 9 13 26
24429 262749 10 38 1
!sus 17451 55518 0 10 2 attackers:55518;victims:45726,17451;type:1,2;valid_origin:True;recurrent:True;local:False
17451 55518 1 1 1
17451 55518 2 1 1
17451 55518 3 1 1
17451 55518 4 1 1
17451 55518 5 1 1
17451 55518 6 1 1
17451 55518 7 1 1
17451 55518 8 1 1
17451 55518 9 1 1
17451 55518 10 1 1
!leg 37195 37662 10 0 5 attackers:37195;victims:25568;type:5;valid_origin:True;recurrent:False;local:False
37195 37662 1 5 0
37195 37662 2 5 0
37195 37662 3 5 0
37195 37662 4 5 0
37195 37662 5 5 0
37195 37662 6 5 0
37195 37662 7 5 0
37195 37662 8 5 0
37195 37662 9 5 0
37195 37662 10 5 0
!leg 36351 39875 10 0 1 attackers:36351;victims:39875;type:1;valid_origin:True;recurrent:False;local:True
36351 39875 1 1 0
36351 39875 2 1 0
36351 39875 3 1 0
36351 39875 4 1 0
36351 39875 5 1 0
36351 39875 6 1 0
36351 39875 7 1 0
36351 39875 8 1 0
36351 39875 9 1 0
36351 39875 10 1 0
!sus 48024 55518 3 7 1 attackers:55518;victims:48024;type:1;valid_origin:True;recurrent:True;local:False
48024 55518 1 0 1
48024 55518 2 0 1
48024 55518 3 0 1
48024 55518 4 0 1
48024 55518 5 0 1
48024 55518 6 0 1
48024 55518 7 0 1
48024 55518 8 1 0
48024 55518 9 1 0
48024 55518 10 1 0
!sus 41095 272059 5 5 6 attackers:41095;victims:272059;type:1;valid_origin:True;recurrent:True;local:False
41095 272059 1 2 4
41095 272059 2 3 3
41095 272059 3 3 3
41095 272059 4 3 3
41095 272059 5 3 3
41095 272059 6 5 1
41095 272059 7 4 2
41095 272059 8 5 1
41095 272059 9 5 1
41095 272059 10 5 1
!sus 24429 262822 5 5 36 attackers:24429;victims:262822;type:1;valid_origin:True;recurrent:True;local:False
24429 262822 1 2 34
24429 262822 2 3 33
24429 262822 3 27 9
24429 262822 4 26 10
24429 262822 5 5 31
24429 262822 6 15 21
24429 262822 7 8 28
24429 262822 8 28 8
24429 262822 9 25 11
24429 262822 10 34 2
!sus 55518 137409 9 1 7 attackers:55518;victims:209512,137409,1018,207941,61138,203857,213216;type:1,2,3,4;valid_origin:True;recurrent:True;local:False
55518 137409 1 3 4
55518 137409 2 4 3
55518 137409 3 4 3
55518 137409 4 6 1
55518 137409 5 6 1
55518 137409 6 6 1
55518 137409 7 6 1
55518 137409 8 6 1
55518 137409 9 6 1
55518 137409 10 6 1
!sus 29465 327814 4 6 9 attackers:29465;victims:327814;type:1;valid_origin:True;recurrent:True;local:False
29465 327814 1 1 8
29465 327814 2 1 8
29465 327814 3 6 3
29465 327814 4 1 8
29465 327814 5 2 7
29465 327814 6 2 7
29465 327814 7 7 2
29465 327814 8 7 2
29465 327814 9 4 5
29465 327814 10 7 2
!sus 24429 269668 0 10 36 attackers:24429;victims:269668;type:1;valid_origin:True;recurrent:True;local:False
24429 269668 1 1 35
24429 269668 2 2 34
24429 269668 3 2 34
24429 269668 4 2 34
24429 269668 5 2 34
24429 269668 6 2 34
24429 269668 7 2 34
24429 269668 8 9 27
24429 269668 9 7 29
24429 269668 10 7 29
!leg 15694 29632 10 0 2 attackers:29632;victims:30851;type:2;valid_origin:True;recurrent:False;local:False
15694 29632 1 2 0
15694 29632 2 2 0
15694 29632 3 2 0
15694 29632 4 2 0
15694 29632 5 2 0
15694 29632 6 2 0
15694 29632 7 2 0
15694 29632 8 2 0
15694 29632 9 2 0
15694 29632 10 2 0
!sus 24429 263252 1 9 33 attackers:24429;victims:263252;type:1;valid_origin:True;recurrent:True;local:False
24429 263252 1 1 32
24429 263252 2 1 32
24429 263252 3 4 29
24429 263252 4 5 28
24429 263252 5 5 28
24429 263252 6 5 28
24429 263252 7 6 27
24429 263252 8 7 26
24429 263252 9 7 26
24429 263252 10 24 9
!leg 8641 9049 10 0 12 attackers:8641;victims:205657;type:3;valid_origin:True;recurrent:False;local:False
8641 9049 1 12 0
8641 9049 2 12 0
8641 9049 3 12 0
8641 9049 4 12 0
8641 9049 5 12 0
8641 9049 6 12 0
8641 9049 7 12 0
8641 9049 8 12 0
8641 9049 9 12 0
8641 9049 10 12 0
!leg 1140 41047 10 0 3 attackers:1140;victims:205100,49697,202539;type:2,3;valid_origin:True;recurrent:True;local:True
1140 41047 1 3 0
1140 41047 2 3 0
1140 41047 3 3 0
1140 41047 4 3 0
1140 41047 5 3 0
1140 41047 6 3 0
1140 41047 7 3 0
1140 41047 8 3 0
1140 41047 9 3 0
1140 41047 10 3 0
!sus 50058 203145 9 1 298 attackers:50058;victims:203145;type:1;valid_origin:True;recurrent:True;local:False
50058 203145 1 16 282
50058 203145 2 183 115
50058 203145 3 192 106
50058 203145 4 225 73
50058 203145 5 282 16
50058 203145 6 292 6
50058 203145 7 291 7
50058 203145 8 291 7
50058 203145 9 298 0
50058 203145 10 298 0
!sus 150141 399888 0 10 6 attackers:399888;victims:150141;type:1;valid_origin:True;recurrent:True;local:False
150141 399888 1 0 6
150141 399888 2 0 6
150141 399888 3 0 6
150141 399888 4 0 6
150141 399888 5 0 6
150141 399888 6 0 6
150141 399888 7 0 6
150141 399888 8 0 6
150141 399888 9 0 6
150141 399888 10 0 6
!sus 13335 44217 0 10 11 attackers:44217;victims:13335;type:1;valid_origin:True;recurrent:True;local:False
13335 44217 1 1 10
13335 44217 2 1 10
13335 44217 3 1 10
13335 44217 4 1 10
13335 44217 5 1 10
13335 44217 6 1 10
13335 44217 7 1 10
13335 44217 8 1 10
13335 44217 9 1 10
13335 44217 10 1 10
!sus 24429 263880 0 10 19 attackers:24429;victims:263880;type:1;valid_origin:True;recurrent:True;local:False
24429 263880 1 0 19
24429 263880 2 0 19
24429 263880 3 0 19
24429 263880 4 0 19
24429 263880 5 0 19
24429 263880 6 0 19
24429 263880 7 0 19
24429 263880 8 0 19
24429 263880 9 0 19
24429 263880 10 0 19
!leg 3223 37406 10 0 168 attackers:3223;victims:37406;type:1;valid_origin:True;recurrent:False;local:False
3223 37406 1 129 39
3223 37406 2 139 29
3223 37406 3 157 11
3223 37406 4 166 2
3223 37406 5 166 2
3223 37406 6 167 1
3223 37406 7 167 1
3223 37406 8 168 0
3223 37406 9 168 0
3223 37406 10 168 0
!sus 10241 141444 0 10 24 attackers:10241;victims:141444;type:1;valid_origin:True;recurrent:True;local:False
10241 141444 1 0 24
10241 141444 2 0 24
10241 141444 3 0 24
10241 141444 4 0 24
10241 141444 5 0 24
10241 141444 6 0 24
10241 141444 7 0 24
10241 141444 8 0 24
10241 141444 9 0 24
10241 141444 10 0 24
!sus 17149 393894 0 10 8 attackers:17149;victims:393894;type:1;valid_origin:True;recurrent:True;local:False
17149 393894 1 0 8
17149 393894 2 0 8
17149 393894 3 0 8
17149 393894 4 0 8
17149 393894 5 0 8
17149 393894 6 0 8
17149 393894 7 0 8
17149 393894 8 0 8
17149 393894 9 0 8
17149 393894 10 0 8
!sus 13335 16637 0 10 14 attackers:16637;victims:13335;type:1;valid_origin:True;recurrent:True;local:False
13335 16637 1 3 11
13335 16637 2 3 11
13335 16637 3 3 11
13335 16637 4 3 11
13335 16637 5 5 9
13335 16637 6 4 10
13335 16637 7 4 10
13335 16637 8 6 8
13335 16637 9 7 7
13335 16637 10 3 11
!sus 33284 399947 8 2 8 attackers:33284;victims:399947;type:1;valid_origin:True;recurrent:True;local:False
33284 399947 1 6 2
33284 399947 2 6 2
33284 399947 3 0 8
33284 399947 4 1 7
33284 399947 5 6 2
33284 399947 6 7 1
33284 399947 7 8 0
33284 399947 8 7 1
33284 399947 9 7 1
33284 399947 10 6 2
!sus 24429 53087 0 10 36 attackers:24429;victims:53087;type:1;valid_origin:True;recurrent:True;local:False
24429 53087 1 0 36
24429 53087 2 0 36
24429 53087 3 0 36
24429 53087 4 0 36
24429 53087 5 0 36
24429 53087 6 0 36
24429 53087 7 0 36
24429 53087 8 0 36
24429 53087 9 0 36
24429 53087 10 0 36
!sus 203236 210320 8 2 813 attackers:210320;victims:203236;type:1;valid_origin:True;recurrent:True;local:False
203236 210320 1 183 630
203236 210320 2 377 436
203236 210320 3 463 350
203236 210320 4 529 284
203236 210320 5 529 284
203236 210320 6 636 177
203236 210320 7 662 151
203236 210320 8 715 98
203236 210320 9 658 155
203236 210320 10 695 118
!sus 2914 28306 0 10 384 attackers:2914;victims:61712,28306,265960,52918,270543,268861,271090,269460,271465,270562,264106,263847,52660,53113,263421;type:1,2,3;valid_origin:True;recurrent:True;local:False
2914 28306 1 1 383
2914 28306 2 2 382
2914 28306 3 5 379
2914 28306 4 19 365
2914 28306 5 22 362
2914 28306 6 35 349
2914 28306 7 55 329
2914 28306 8 59 325
2914 28306 9 62 322
2914 28306 10 72 312
!sus 262663 267636 0 10 57 attackers:267636;victims:262663;type:1;valid_origin:True;recurrent:True;local:False
262663 267636 1 2 55
262663 267636 2 3 54
262663 267636 3 17 40
262663 267636 4 19 38
262663 267636 5 18 39
262663 267636 6 7 50
262663 267636 7 24 33
262663 267636 8 21 36
262663 267636 9 22 35
262663 267636 10 23 34
!leg 60326 208702 10 0 1 attackers:60326;victims:208702;type:1;valid_origin:True;recurrent:False;local:True
60326 208702 1 1 0
60326 208702 2 1 0
60326 208702 3 1 0
60326 208702 4 1 0
60326 208702 5 1 0
60326 208702 6 1 0
60326 208702 7 1 0
60326 208702 8 1 0
60326 208702 9 1 0
60326 208702 10 1 0
!leg 328112 328693 10 0 1 attackers:328112;victims:328693;type:1;valid_origin:True;recurrent:False;local:False
328112 328693 1 1 0
328112 328693 2 1 0
328112 328693 3 1 0
328112 328693 4 1 0
328112 328693 5 1 0
328112 328693 6 1 0
328112 328693 7 1 0
328112 328693 8 1 0
328112 328693 9 1 0
328112 328693 10 1 0
!sus 6830 52468 6 4 1 attackers:6830;victims:271136;type:2;valid_origin:True;recurrent:True;local:False
6830 52468 1 0 1
6830 52468 2 0 1
6830 52468 3 0 1
6830 52468 4 0 1
6830 52468 5 1 0
6830 52468 6 1 0
6830 52468 7 1 0
6830 52468 8 1 0
6830 52468 9 1 0
6830 52468 10 1 0
!sus 50058 202827 6 4 350 attackers:50058;victims:202827;type:1;valid_origin:True;recurrent:True;local:False
50058 202827 1 1 349
50058 202827 2 1 349
50058 202827 3 49 301
50058 202827 4 87 263
50058 202827 5 207 143
50058 202827 6 245 105
50058 202827 7 251 99
50058 202827 8 274 76
50058 202827 9 294 56
50058 202827 10 309 41
!leg 23764 37195 10 0 5 attackers:23764;victims:25568;type:6;valid_origin:True;recurrent:False;local:False
23764 37195 1 5 0
23764 37195 2 5 0
23764 37195 3 5 0
23764 37195 4 5 0
23764 37195 5 5 0
23764 37195 6 5 0
23764 37195 7 5 0
23764 37195 8 5 0
23764 37195 9 5 0
23764 37195 10 5 0
!sus 47158 146958 0 10 366 attackers:146958,47158;victims:146958,47158;type:1;valid_origin:False;recurrent:True;local:False
47158 146958 1 0 366
47158 146958 2 0 366
47158 146958 3 0 366
47158 146958 4 0 366
47158 146958 5 0 366
47158 146958 6 0 366
47158 146958 7 0 366
47158 146958 8 0 366
47158 146958 9 0 366
47158 146958 10 0 366
!sus 53181 262355 9 1 25 attackers:53181;victims:262355;type:1;valid_origin:True;recurrent:True;local:False
53181 262355 1 5 20
53181 262355 2 25 0
53181 262355 3 25 0
53181 262355 4 25 0
53181 262355 5 25 0
53181 262355 6 25 0
53181 262355 7 25 0
53181 262355 8 25 0
53181 262355 9 25 0
53181 262355 10 25 0
!sus 24429 263080 0 10 61 attackers:24429;victims:263080;type:1;valid_origin:True;recurrent:True;local:False
24429 263080 1 0 61
24429 263080 2 0 61
24429 263080 3 0 61
24429 263080 4 0 61
24429 263080 5 0 61
24429 263080 6 0 61
24429 263080 7 0 61
24429 263080 8 0 61
24429 263080 9 0 61
24429 263080 10 0 61
!sus 7018 399492 0 10 4 attackers:7018;victims:399492;type:1;valid_origin:True;recurrent:True;local:False
7018 399492 1 2 2
7018 399492 2 0 4
7018 399492 3 0 4
7018 399492 4 1 3
7018 399492 5 0 4
7018 399492 6 1 3
7018 399492 7 2 2
7018 399492 8 0 4
7018 399492 9 0 4
7018 399492 10 1 3
!sus 44570 202996 3 7 815 attackers:44570;victims:202996;type:1;valid_origin:True;recurrent:True;local:False
44570 202996 1 51 764
44570 202996 2 75 740
44570 202996 3 289 526
44570 202996 4 354 461
44570 202996 5 323 492
44570 202996 6 428 387
44570 202996 7 404 411
44570 202996 8 443 372
44570 202996 9 389 426
44570 202996 10 449 366
!sus 24429 28225 3 7 33 attackers:24429;victims:28225;type:1;valid_origin:True;recurrent:True;local:False
24429 28225 1 4 29
24429 28225 2 2 31
24429 28225 3 6 27
24429 28225 4 15 18
24429 28225 5 10 23
24429 28225 6 10 23
24429 28225 7 10 23
24429 28225 8 28 5
24429 28225 9 20 13
24429 28225 10 33 0
!sus 400317 4000317 6 4 3 attackers:400317;victims:400317;type:2;valid_origin:True;recurrent:True;local:False
400317 4000317 1 3 0
400317 4000317 2 3 0
400317 4000317 3 2 1
400317 4000317 4 3 0
400317 4000317 5 0 3
400317 4000317 6 1 2
400317 4000317 7 3 0
400317 4000317 8 0 3
400317 4000317 9 0 3
400317 4000317 10 2 1
!leg 53181 266202 10 0 25 attackers:53181;victims:266202;type:1;valid_origin:True;recurrent:False;local:False
53181 266202 1 25 0
53181 266202 2 25 0
53181 266202 3 25 0
53181 266202 4 25 0
53181 266202 5 25 0
53181 266202 6 25 0
53181 266202 7 25 0
53181 266202 8 25 0
53181 266202 9 25 0
53181 266202 10 25 0
!sus 37721 213045 0 10 1 attackers:213045;victims:37721;type:1;valid_origin:True;recurrent:True;local:True
37721 213045 1 0 1
37721 213045 2 0 1
37721 213045 3 0 1
37721 213045 4 0 1
37721 213045 5 0 1
37721 213045 6 0 1
37721 213045 7 0 1
37721 213045 8 0 1
37721 213045 9 0 1
37721 213045 10 0 1
!sus 4787 139341 0 10 15 attackers:4787;victims:139341;type:1;valid_origin:True;recurrent:True;local:False
4787 139341 1 0 15
4787 139341 2 0 15
4787 139341 3 0 15
4787 139341 4 0 15
4787 139341 5 0 15
4787 139341 6 0 15
4787 139341 7 0 15
4787 139341 8 0 15
4787 139341 9 0 15
4787 139341 10 0 15
!sus 50058 203458 0 10 2884 attackers:50058;victims:204474,203458,212618,209263;type:1,2;valid_origin:True;recurrent:True;local:False
50058 203458 1 4 2880
50058 203458 2 23 2861
50058 203458 3 38 2846
50058 203458 4 116 2768
50058 203458 5 247 2637
50058 203458 6 437 2447
50058 203458 7 471 2413
50058 203458 8 535 2349
50058 203458 9 540 2344
50058 203458 10 667 2217
!leg 10226 15802 10 0 1 attackers:15802;victims:10226;type:1;valid_origin:True;recurrent:False;local:False
10226 15802 1 1 0
10226 15802 2 1 0
10226 15802 3 1 0
10226 15802 4 1 0
10226 15802 5 1 0
10226 15802 6 1 0
10226 15802 7 1 0
10226 15802 8 1 0
10226 15802 9 1 0
10226 15802 10 1 0
!sus 40633 41690 9 1 1 attackers:40633;victims:41690;type:1;valid_origin:True;recurrent:False;local:False
40633 41690 1 0 1
40633 41690 2 1 0
40633 41690 3 1 0
40633 41690 4 1 0
40633 41690 5 1 0
40633 41690 6 1 0
40633 41690 7 1 0
40633 41690 8 1 0
40633 41690 9 1 0
40633 41690 10 1 0
!sus 60326 149835 0 10 16 attackers:60326;victims:149835;type:1;valid_origin:True;recurrent:True;local:False
60326 149835 1 0 16
60326 149835 2 0 16
60326 149835 3 0 16
60326 149835 4 0 16
60326 149835 5 0 16
60326 149835 6 0 16
60326 149835 7 0 16
60326 149835 8 0 16
60326 149835 9 0 16
60326 149835 10 0 16
!sus 2914 268551 7 3 19 attackers:2914;victims:268551;type:1;valid_origin:True;recurrent:True;local:False
2914 268551 1 0 19
2914 268551 2 3 16
2914 268551 3 9 10
2914 268551 4 13 6
2914 268551 5 12 7
2914 268551 6 15 4
2914 268551 7 14 5
2914 268551 8 16 3
2914 268551 9 14 5
2914 268551 10 16 3
!sus 44570 205421 0 10 16 attackers:44570;victims:205421;type:1;valid_origin:True;recurrent:True;local:False
44570 205421 1 2 14
44570 205421 2 2 14
44570 205421 3 3 13
44570 205421 4 3 13
44570 205421 5 4 12
44570 205421 6 3 13
44570 205421 7 7 9
44570 205421 8 3 13
44570 205421 9 3 13
44570 205421 10 4 12
!leg 265442 271185 10 0 36 attackers:271185;victims:269497;type:2;valid_origin:True;recurrent:False;local:False
265442 271185 1 36 0
265442 271185 2 36 0
265442 271185 3 36 0
265442 271185 4 36 0
265442 271185 5 36 0
265442 271185 6 36 0
265442 271185 7 36 0
265442 271185 8 36 0
265442 271185 9 36 0
265442 271185 10 36 0
!leg 39875 52320 10 0 1 attackers:52320;victims:39875;type:1;valid_origin:True;recurrent:False;local:True
39875 52320 1 1 0
39875 52320 2 1 0
39875 52320 3 1 0
39875 52320 4 1 0
39875 52320 5 1 0
39875 52320 6 1 0
39875 52320 7 1 0
39875 52320 8 1 0
39875 52320 9 1 0
39875 52320 10 1 0
!leg 4657 59326 10 0 10 attackers:4657;victims:59326;type:1;valid_origin:True;recurrent:True;local:False
4657 59326 1 6 4
4657 59326 2 9 1
4657 59326 3 9 1
4657 59326 4 9 1
4657 59326 5 10 0
4657 59326 6 10 0
4657 59326 7 10 0
4657 59326 8 10 0
4657 59326 9 10 0
4657 59326 10 10 0
!sus 5511 17670 0 10 4 attackers:5511;victims:17670;type:1;valid_origin:True;recurrent:True;local:False
5511 17670 1 0 4
5511 17670 2 0 4
5511 17670 3 0 4
5511 17670 4 1 3
5511 17670 5 1 3
5511 17670 6 1 3
5511 17670 7 1 3
5511 17670 8 1 3
5511 17670 9 1 3
5511 17670 10 2 2
!sus 15169 55518 9 1 1 attackers:55518;victims:32381;type:2;valid_origin:True;recurrent:True;local:False
15169 55518 1 0 1
15169 55518 2 1 0
15169 55518 3 1 0
15169 55518 4 1 0
15169 55518 5 1 0
15169 55518 6 1 0
15169 55518 7 1 0
15169 55518 8 1 0
15169 55518 9 1 0
15169 55518 10 1 0
!sus 35819 138915 5 5 11 attackers:35819;victims:138915;type:1;valid_origin:True;recurrent:True;local:False
35819 138915 1 1 10
35819 138915 2 2 9
35819 138915 3 2 9
35819 138915 4 5 6
35819 138915 5 5 6
35819 138915 6 6 5
35819 138915 7 6 5
35819 138915 8 6 5
35819 138915 9 6 5
35819 138915 10 7 4
!sus 61138 63956 1 9 13 attackers:61138;victims:44570;type:4;valid_origin:True;recurrent:True;local:False
61138 63956 1 0 13
61138 63956 2 0 13
61138 63956 3 0 13
61138 63956 4 0 13
61138 63956 5 0 13
61138 63956 6 0 13
61138 63956 7 0 13
61138 63956 8 0 13
61138 63956 9 4 9
61138 63956 10 9 4
!sus 49752 209022 0 10 11 attackers:209022;victims:49752;type:1;valid_origin:True;recurrent:True;local:False
49752 209022 1 0 11
49752 209022 2 0 11
49752 209022 3 0 11
49752 209022 4 0 11
49752 209022 5 1 10
49752 209022 6 0 11
49752 209022 7 1 10
49752 209022 8 1 10
49752 209022 9 1 10
49752 209022 10 1 10
!sus 6793 20542 7 3 33 attackers:6793;victims:20542;type:1;valid_origin:True;recurrent:True;local:False
6793 20542 1 32 1
6793 20542 2 32 1
6793 20542 3 19 14
6793 20542 4 12 21
6793 20542 5 23 10
6793 20542 6 32 1
6793 20542 7 33 0
6793 20542 8 12 21
6793 20542 9 13 20
6793 20542 10 28 5
!sus 101 205984 0 10 2 attackers:205984;victims:101;type:1;valid_origin:True;recurrent:True;local:False
101 205984 1 0 2
101 205984 2 0 2
101 205984 3 0 2
101 205984 4 0 2
101 205984 5 0 2
101 205984 6 0 2
101 205984 7 0 2
101 205984 8 0 2
101 205984 9 0 2
101 205984 10 0 2
!sus 2914 270375 0 10 9 attackers:2914;victims:270375;type:1;valid_origin:True;recurrent:True;local:False
2914 270375 1 0 9
2914 270375 2 0 9
2914 270375 3 1 8
2914 270375 4 2 7
2914 270375 5 1 8
2914 270375 6 1 8
2914 270375 7 2 7
2914 270375 8 2 7
2914 270375 9 2 7
2914 270375 10 2 7
!sus 24429 52872 0 10 32 attackers:24429;victims:52872;type:1;valid_origin:True;recurrent:True;local:False
24429 52872 1 0 32
24429 52872 2 0 32
24429 52872 3 0 32
24429 52872 4 0 32
24429 52872 5 0 32
24429 52872 6 0 32
24429 52872 7 0 32
24429 52872 8 0 32
24429 52872 9 0 32
24429 52872 10 1 31
!sus 24429 262417 1 9 31 attackers:24429;victims:262417;type:1;valid_origin:True;recurrent:True;local:False
24429 262417 1 1 30
24429 262417 2 4 27
24429 262417 3 3 28
24429 262417 4 10 21
24429 262417 5 4 27
24429 262417 6 10 21
24429 262417 7 11 20
24429 262417 8 11 20
24429 262417 9 13 18
24429 262417 10 27 4
!sus 1221 396998 0 10 15 attackers:1221;victims:18779,396998;type:1,2;valid_origin:True;recurrent:True;local:False
1221 396998 1 2 13
1221 396998 2 2 13
1221 396998 3 2 13
1221 396998 4 2 13
1221 396998 5 3 12
1221 396998 6 3 12
1221 396998 7 3 12
1221 396998 8 3 12
1221 396998 9 3 12
1221 396998 10 3 12
!sus 147049 209854 8 2 9 attackers:147049;victims:209854;type:1;valid_origin:True;recurrent:True;local:False
147049 209854 1 1 8
147049 209854 2 2 7
147049 209854 3 7 2
147049 209854 4 8 1
147049 209854 5 9 0
147049 209854 6 8 1
147049 209854 7 9 0
147049 209854 8 9 0
147049 209854 9 9 0
147049 209854 10 9 0
!sus 271799 272070 0 10 3 attackers:272070;victims:271799;type:1;valid_origin:True;recurrent:True;local:False
271799 272070 1 0 3
271799 272070 2 0 3
271799 272070 3 0 3
271799 272070 4 0 3
271799 272070 5 0 3
271799 272070 6 0 3
271799 272070 7 0 3
271799 272070 8 0 3
271799 272070 9 0 3
271799 272070 10 0 3
!leg 7600 133159 10 0 1 attackers:7600;victims:133159;type:1;valid_origin:True;recurrent:False;local:False
7600 133159 1 1 0
7600 133159 2 1 0
7600 133159 3 1 0
7600 133159 4 1 0
7600 133159 5 1 0
7600 133159 6 1 0
7600 133159 7 1 0
7600 133159 8 1 0
7600 133159 9 1 0
7600 133159 10 1 0
!sus 59796 137990 1 9 4 attackers:59796;victims:137990;type:1;valid_origin:True;recurrent:True;local:False
59796 137990 1 0 4
59796 137990 2 0 4
59796 137990 3 1 3
59796 137990 4 2 2
59796 137990 5 2 2
59796 137990 6 2 2
59796 137990 7 2 2
59796 137990 8 2 2
59796 137990 9 2 2
59796 137990 10 3 1
!sus 26415 396726 1 9 3 attackers:26415;victims:396726;type:1;valid_origin:True;recurrent:True;local:False
26415 396726 1 1 2
26415 396726 2 0 3
26415 396726 3 0 3
26415 396726 4 0 3
26415 396726 5 0 3
26415 396726 6 0 3
26415 396726 7 1 2
26415 396726 8 1 2
26415 396726 9 0 3
26415 396726 10 2 1
!sus 24835 25818 1 9 11 attackers:24835;victims:25818;type:1;valid_origin:True;recurrent:True;local:False
24835 25818 1 0 11
24835 25818 2 0 11
24835 25818 3 0 11
24835 25818 4 0 11
24835 25818 5 0 11
24835 25818 6 0 11
24835 25818 7 2 9
24835 25818 8 5 6
24835 25818 9 1 10
24835 25818 10 9 2
!sus 19201 46957 0 10 5 attackers:19201;victims:46957;type:1;valid_origin:True;recurrent:True;local:False
19201 46957 1 0 5
19201 46957 2 0 5
19201 46957 3 0 5
19201 46957 4 0 5
19201 46957 5 0 5
19201 46957 6 0 5
19201 46957 7 0 5
19201 46957 8 0 5
19201 46957 9 0 5
19201 46957 10 0 5
!sus 50058 202996 0 10 699 attackers:50058;victims:202996;type:1;valid_origin:True;recurrent:True;local:False
50058 202996 1 0 699
50058 202996 2 0 699
50058 202996 3 0 699
50058 202996 4 5 694
50058 202996 5 5 694
50058 202996 6 54 645
50058 202996 7 200 499
50058 202996 8 299 400
50058 202996 9 150 549
50058 202996 10 322 377
!leg 47158 139317 10 0 16 attackers:139317;victims:142031,47158,38281,208753,142158,146958,142553,38846,134478,210925,147028,206271;type:1,2,3;valid_origin:False;recurrent:True;local:True
47158 139317 1 9 7
47158 139317 2 9 7
47158 139317 3 12 4
47158 139317 4 12 4
47158 139317 5 12 4
47158 139317 6 14 2
47158 139317 7 13 3
47158 139317 8 12 4
47158 139317 9 14 2
47158 139317 10 14 2
!sus 983 15412 9 1 1 attackers:15412;victims:38136;type:2;valid_origin:True;recurrent:True;local:False
983 15412 1 0 1
983 15412 2 1 0
983 15412 3 1 0
983 15412 4 1 0
983 15412 5 1 0
983 15412 6 1 0
983 15412 7 1 0
983 15412 8 1 0
983 15412 9 1 0
983 15412 10 1 0
!sus 63023 210352 0 10 6 attackers:63023;victims:210352;type:1;valid_origin:True;recurrent:True;local:False
63023 210352 1 0 6
63023 210352 2 0 6
63023 210352 3 0 6
63023 210352 4 0 6
63023 210352 5 0 6
63023 210352 6 0 6
63023 210352 7 0 6
63023 210352 8 0 6
63023 210352 9 0 6
63023 210352 10 0 6
!sus 24429 267560 1 9 31 attackers:24429;victims:267560;type:1;valid_origin:True;recurrent:True;local:False
24429 267560 1 3 28
24429 267560 2 3 28
24429 267560 3 5 26
24429 267560 4 9 22
24429 267560 5 6 25
24429 267560 6 10 21
24429 267560 7 11 20
24429 267560 8 11 20
24429 267560 9 13 18
24429 267560 10 30 1
!sus 9498 35908 9 1 1 attackers:9498;victims:204084;type:6;valid_origin:True;recurrent:True;local:False
9498 35908 1 0 1
9498 35908 2 1 0
9498 35908 3 1 0
9498 35908 4 1 0
9498 35908 5 1 0
9498 35908 6 1 0
9498 35908 7 1 0
9498 35908 8 1 0
9498 35908 9 1 0
9498 35908 10 1 0
!sus 24429 262355 0 10 36 attackers:24429;victims:262355;type:1;valid_origin:True;recurrent:True;local:False
24429 262355 1 0 36
24429 262355 2 0 36
24429 262355 3 0 36
24429 262355 4 0 36
24429 262355 5 0 36
24429 262355 6 0 36
24429 262355 7 0 36
24429 262355 8 1 35
24429 262355 9 1 35
24429 262355 10 2 34
!leg 34854 205088 10 0 1 attackers:34854;victims:205088;type:1;valid_origin:True;recurrent:False;local:False
34854 205088 1 1 0
34854 205088 2 1 0
34854 205088 3 1 0
34854 205088 4 1 0
34854 205088 5 1 0
34854 205088 6 1 0
34854 205088 7 1 0
34854 205088 8 1 0
34854 205088 9 1 0
34854 205088 10 1 0
!leg 55518 139831 10 0 1 attackers:55518;victims:139831;type:1;valid_origin:True;recurrent:False;local:False
55518 139831 1 1 0
55518 139831 2 1 0
55518 139831 3 1 0
55518 139831 4 1 0
55518 139831 5 1 0
55518 139831 6 1 0
55518 139831 7 1 0
55518 139831 8 1 0
55518 139831 9 1 0
55518 139831 10 1 0
!sus 24429 266202 8 2 31 attackers:24429;victims:266202;type:1;valid_origin:True;recurrent:True;local:False
24429 266202 1 3 28
24429 266202 2 18 13
24429 266202 3 13 18
24429 266202 4 29 2
24429 266202 5 31 0
24429 266202 6 18 13
24429 266202 7 18 13
24429 266202 8 31 0
24429 266202 9 31 0
24429 266202 10 31 0
!sus 24429 262428 5 5 37 attackers:24429;victims:262428;type:1;valid_origin:True;recurrent:True;local:False
24429 262428 1 2 35
24429 262428 2 3 34
24429 262428 3 3 34
24429 262428 4 10 27
24429 262428 5 17 20
24429 262428 6 31 6
24429 262428 7 20 17
24429 262428 8 37 0
24429 262428 9 25 12
24429 262428 10 36 1
!sus 263680 266868 0 10 119 attackers:266868;victims:263680;type:1;valid_origin:True;recurrent:True;local:False
263680 266868 1 0 119
263680 266868 2 0 119
263680 266868 3 0 119
263680 266868 4 0 119
263680 266868 5 0 119
263680 266868 6 0 119
263680 266868 7 0 119
263680 266868 8 0 119
263680 266868 9 0 119
263680 266868 10 0 119
!sus 2 59572 0 10 7 attackers:59572;victims:2;type:1;valid_origin:True;recurrent:True;local:False
2 59572 1 0 7
2 59572 2 0 7
2 59572 3 0 7
2 59572 4 0 7
2 59572 5 0 7
2 59572 6 0 7
2 59572 7 0 7
2 59572 8 0 7
2 59572 9 0 7
2 59572 10 0 7
!sus 24429 267944 4 6 34 attackers:24429;victims:267944;type:1;valid_origin:True;recurrent:True;local:False
24429 267944 1 2 32
24429 267944 2 2 32
24429 267944 3 3 31
24429 267944 4 7 27
24429 267944 5 30 4
24429 267944 6 13 21
24429 267944 7 24 10
24429 267944 8 34 0
24429 267944 9 14 20
24429 267944 10 33 1
!sus 147224 203868 0 10 19 attackers:147224;victims:203868;type:1;valid_origin:True;recurrent:True;local:False
147224 203868 1 0 19
147224 203868 2 0 19
147224 203868 3 0 19
147224 203868 4 0 19
147224 203868 5 0 19
147224 203868 6 0 19
147224 203868 7 0 19
147224 203868 8 0 19
147224 203868 9 0 19
147224 203868 10 0 19
!sus 30990 36939 0 10 4 attackers:30990;victims:36939;type:1;valid_origin:True;recurrent:True;local:False
30990 36939 1 0 4
30990 36939 2 0 4
30990 36939 3 0 4
30990 36939 4 0 4
30990 36939 5 0 4
30990 36939 6 0 4
30990 36939 7 0 4
30990 36939 8 0 4
30990 36939 9 0 4
30990 36939 10 0 4
!sus 6453 58778 9 1 877 attackers:6453;victims:136438,139901,150178,139335,137967,55492;type:2,3,4;valid_origin:True;recurrent:True;local:False
6453 58778 1 293 584
6453 58778 2 555 322
6453 58778 3 562 315
6453 58778 4 741 136
6453 58778 5 813 64
6453 58778 6 698 179
6453 58778 7 860 17
6453 58778 8 788 89
6453 58778 9 851 26
6453 58778 10 861 16
!sus 24429 53139 9 1 31 attackers:24429;victims:53139;type:1;valid_origin:True;recurrent:True;local:False
24429 53139 1 4 27
24429 53139 2 27 4
24429 53139 3 31 0
24429 53139 4 29 2
24429 53139 5 31 0
24429 53139 6 31 0
24429 53139 7 31 0
24429 53139 8 31 0
24429 53139 9 31 0
24429 53139 10 31 0
!sus 44570 61977 1 9 10 attackers:44570;victims:61977;type:1;valid_origin:True;recurrent:True;local:False
44570 61977 1 2 8
44570 61977 2 4 6
44570 61977 3 4 6
44570 61977 4 5 5
44570 61977 5 5 5
44570 61977 6 5 5
44570 61977 7 6 4
44570 61977 8 5 5
44570 61977 9 5 5
44570 61977 10 5 5
!leg 134971 137967 10 0 1 attackers:137967;victims:134971;type:1;valid_origin:True;recurrent:False;local:False
134971 137967 1 1 0
134971 137967 2 1 0
134971 137967 3 1 0
134971 137967 4 1 0
134971 137967 5 1 0
134971 137967 6 1 0
134971 137967 7 1 0
134971 137967 8 1 0
134971 137967 9 1 0
134971 137967 10 1 0
!leg 37721 206587 10 0 1 attackers:37721;victims:206587;type:1;valid_origin:True;recurrent:False;local:True
37721 206587 1 1 0
37721 206587 2 1 0
37721 206587 3 1 0
37721 206587 4 1 0
37721 206587 5 1 0
37721 206587 6 1 0
37721 206587 7 1 0
37721 206587 8 1 0
37721 206587 9 1 0
37721 206587 10 1 0
!sus 395144 399893 8 2 4 attackers:399893;victims:395144;type:1;valid_origin:True;recurrent:True;local:False
395144 399893 1 4 0
395144 399893 2 4 0
395144 399893 3 0 4
395144 399893 4 0 4
395144 399893 5 4 0
395144 399893 6 4 0
395144 399893 7 4 0
395144 399893 8 4 0
395144 399893 9 4 0
395144 399893 10 4 0
!sus 24429 268145 0 10 25 attackers:24429;victims:268145;type:1;valid_origin:True;recurrent:True;local:False
24429 268145 1 1 24
24429 268145 2 2 23
24429 268145 3 2 23
24429 268145 4 4 21
24429 268145 5 3 22
24429 268145 6 4 21
24429 268145 7 5 20
24429 268145 8 5 20
24429 268145 9 5 20
24429 268145 10 11 14
!sus 50058 208029 6 4 8 attackers:50058;victims:208029;type:1;valid_origin:True;recurrent:True;local:False
50058 208029 1 1 7
50058 208029 2 1 7
50058 208029 3 1 7
50058 208029 4 3 5
50058 208029 5 8 0
50058 208029 6 8 0
50058 208029 7 8 0
50058 208029 8 8 0
50058 208029 9 8 0
50058 208029 10 8 0
!sus 48715 57027 0 10 208 attackers:48715;victims:57027;type:1;valid_origin:True;recurrent:True;local:False
48715 57027 1 10 198
48715 57027 2 10 198
48715 57027 3 26 182
48715 57027 4 26 182
48715 57027 5 26 182
48715 57027 6 30 178
48715 57027 7 26 182
48715 57027 8 26 182
48715 57027 9 26 182
48715 57027 10 30 178
!sus 8674 27839 0 10 1 attackers:27839;victims:8674;type:1;valid_origin:True;recurrent:True;local:False
8674 27839 1 0 1
8674 27839 2 0 1
8674 27839 3 0 1
8674 27839 4 0 1
8674 27839 5 0 1
8674 27839 6 0 1
8674 27839 7 0 1
8674 27839 8 0 1
8674 27839 9 0 1
8674 27839 10 0 1
!leg 34854 203458 10 0 1 attackers:34854;victims:203458;type:1;valid_origin:True;recurrent:False;local:False
34854 203458 1 1 0
34854 203458 2 1 0
34854 203458 3 1 0
34854 203458 4 1 0
34854 203458 5 1 0
34854 203458 6 1 0
34854 203458 7 1 0
34854 203458 8 1 0
34854 203458 9 1 0
34854 203458 10 1 0
!leg 53040 269211 10 0 177 attackers:269211;victims:53040;type:1;valid_origin:True;recurrent:True;local:False
53040 269211 1 177 0
53040 269211 2 177 0
53040 269211 3 177 0
53040 269211 4 177 0
53040 269211 5 177 0
53040 269211 6 177 0
53040 269211 7 177 0
53040 269211 8 177 0
53040 269211 9 177 0
53040 269211 10 177 0
!sus 24429 262293 1 9 33 attackers:24429;victims:262293;type:1;valid_origin:True;recurrent:True;local:False
24429 262293 1 1 32
24429 262293 2 2 31
24429 262293 3 3 30
24429 262293 4 9 24
24429 262293 5 4 29
24429 262293 6 5 28
24429 262293 7 9 24
24429 262293 8 9 24
24429 262293 9 10 23
24429 262293 10 31 2
!leg 34019 213045 10 0 1 attackers:213045;victims:212983;type:3;valid_origin:True;recurrent:False;local:True
34019 213045 1 1 0
34019 213045 2 1 0
34019 213045 3 1 0
34019 213045 4 1 0
34019 213045 5 1 0
34019 213045 6 1 0
34019 213045 7 1 0
34019 213045 8 1 0
34019 213045 9 1 0
34019 213045 10 1 0
!sus 55492 150178 1 9 16 attackers:150178;victims:55492;type:1;valid_origin:True;recurrent:True;local:False
55492 150178 1 0 16
55492 150178 2 0 16
55492 150178 3 0 16
55492 150178 4 0 16
55492 150178 5 1 15
55492 150178 6 4 12
55492 150178 7 1 15
55492 150178 8 9 7
55492 150178 9 4 12
55492 150178 10 8 8
!sus 54681 56808 0 10 8 attackers:54681;victims:56808;type:1;valid_origin:True;recurrent:True;local:False
54681 56808 1 0 8
54681 56808 2 0 8
54681 56808 3 0 8
54681 56808 4 0 8
54681 56808 5 0 8
54681 56808 6 0 8
54681 56808 7 0 8
54681 56808 8 0 8
54681 56808 9 0 8
54681 56808 10 0 8
!leg 58778 150178 10 0 146 attackers:58778;victims:150178,55492;type:1,2;valid_origin:True;recurrent:True;local:False
58778 150178 1 130 16
58778 150178 2 130 16
58778 150178 3 130 16
58778 150178 4 130 16
58778 150178 5 130 16
58778 150178 6 130 16
58778 150178 7 130 16
58778 150178 8 130 16
58778 150178 9 131 15
58778 150178 10 130 16
!sus 267700 269965 3 7 25 attackers:267700;victims:269965;type:1;valid_origin:True;recurrent:True;local:False
267700 269965 1 15 10
267700 269965 2 4 21
267700 269965 3 4 21
267700 269965 4 18 7
267700 269965 5 4 21
267700 269965 6 5 20
267700 269965 7 6 19
267700 269965 8 8 17
267700 269965 9 7 18
267700 269965 10 13 12
!sus 17639 55518 9 1 1 attackers:55518;victims:13335;type:2;valid_origin:True;recurrent:True;local:False
17639 55518 1 0 1
17639 55518 2 1 0
17639 55518 3 1 0
17639 55518 4 1 0
17639 55518 5 1 0
17639 55518 6 1 0
17639 55518 7 1 0
17639 55518 8 1 0
17639 55518 9 1 0
17639 55518 10 1 0
!sus 21859 138195 0 10 5 attackers:138195;victims:21859;type:1;valid_origin:True;recurrent:True;local:False
21859 138195 1 0 5
21859 138195 2 0 5
21859 138195 3 0 5
21859 138195 4 0 5
21859 138195 5 0 5
21859 138195 6 1 4
21859 138195 7 0 5
21859 138195 8 1 4
21859 138195 9 1 4
21859 138195 10 1 4
!sus 2871 47692 1 9 4 attackers:47692;victims:47692;type:2;valid_origin:True;recurrent:True;local:False
2871 47692 1 4 0
2871 47692 2 2 2
2871 47692 3 0 4
2871 47692 4 1 3
2871 47692 5 0 4
2871 47692 6 1 3
2871 47692 7 0 4
2871 47692 8 0 4
2871 47692 9 0 4
2871 47692 10 0 4
!sus 24429 53196 0 10 36 attackers:24429;victims:53196;type:1;valid_origin:True;recurrent:True;local:False
24429 53196 1 0 36
24429 53196 2 1 35
24429 53196 3 1 35
24429 53196 4 1 35
24429 53196 5 1 35
24429 53196 6 2 34
24429 53196 7 1 35
24429 53196 8 2 34
24429 53196 9 2 34
24429 53196 10 5 31
!leg 264409 264968 10 0 2 attackers:264409;victims:271542;type:2;valid_origin:True;recurrent:True;local:False
264409 264968 1 2 0
264409 264968 2 2 0
264409 264968 3 2 0
264409 264968 4 2 0
264409 264968 5 2 0
264409 264968 6 2 0
264409 264968 7 2 0
264409 264968 8 2 0
264409 264968 9 2 0
264409 264968 10 2 0
!leg 28263 265078 10 0 2 attackers:28263;victims:262626,41495;type:4,5;valid_origin:True;recurrent:False;local:False
28263 265078 1 2 0
28263 265078 2 2 0
28263 265078 3 2 0
28263 265078 4 2 0
28263 265078 5 2 0
28263 265078 6 2 0
28263 265078 7 2 0
28263 265078 8 2 0
28263 265078 9 2 0
28263 265078 10 2 0
!sus 54956 399404 5 5 6 attackers:399404;victims:54956;type:1;valid_origin:True;recurrent:True;local:False
54956 399404 1 4 2
54956 399404 2 5 1
54956 399404 3 4 2
54956 399404 4 4 2
54956 399404 5 3 3
54956 399404 6 3 3
54956 399404 7 2 4
54956 399404 8 0 6
54956 399404 9 3 3
54956 399404 10 5 1
!leg 20932 41047 10 0 1 attackers:20932;victims:205100;type:2;valid_origin:True;recurrent:True;local:True
20932 41047 1 1 0
20932 41047 2 1 0
20932 41047 3 1 0
20932 41047 4 1 0
20932 41047 5 1 0
20932 41047 6 1 0
20932 41047 7 1 0
20932 41047 8 1 0
20932 41047 9 1 0
20932 41047 10 1 0
!sus 23154 40264 6 4 5 attackers:40264;victims:23154;type:1;valid_origin:True;recurrent:True;local:False
23154 40264 1 0 5
23154 40264 2 2 3
23154 40264 3 1 4
23154 40264 4 3 2
23154 40264 5 3 2
23154 40264 6 2 3
23154 40264 7 5 0
23154 40264 8 3 2
23154 40264 9 4 1
23154 40264 10 5 0
!sus 23200 33363 8 2 168 attackers:33363;victims:23200;type:1;valid_origin:True;recurrent:True;local:False
23200 33363 1 168 0
23200 33363 2 168 0
23200 33363 3 48 120
23200 33363 4 3 165
23200 33363 5 168 0
23200 33363 6 168 0
23200 33363 7 151 17
23200 33363 8 167 1
23200 33363 9 168 0
23200 33363 10 168 0
!sus 17149 29837 0 10 8 attackers:17149;victims:29837;type:1;valid_origin:True;recurrent:True;local:False
17149 29837 1 0 8
17149 29837 2 0 8
17149 29837 3 0 8
17149 29837 4 0 8
17149 29837 5 0 8
17149 29837 6 0 8
17149 29837 7 0 8
17149 29837 8 0 8
17149 29837 9 0 8
17149 29837 10 0 8
!sus 50058 213327 2 8 702 attackers:50058;victims:213327;type:1;valid_origin:True;recurrent:True;local:False
50058 213327 1 0 702
50058 213327 2 6 696
50058 213327 3 5 697
50058 213327 4 8 694
50058 213327 5 5 697
50058 213327 6 9 693
50058 213327 7 45 657
50058 213327 8 271 431
50058 213327 9 583 119
50058 213327 10 537 165
!sus 203458 209263 0 10 751 attackers:203458;victims:209263;type:1;valid_origin:True;recurrent:True;local:False
203458 209263 1 6 745
203458 209263 2 7 744
203458 209263 3 8 743
203458 209263 4 11 740
203458 209263 5 11 740
203458 209263 6 12 739
203458 209263 7 13 738
203458 209263 8 18 733
203458 209263 9 13 738
203458 209263 10 25 726
!leg 11556 14754 10 0 24 attackers:14754,11556;victims:28002,11556;type:1,5;valid_origin:True;recurrent:True;local:False
11556 14754 1 24 0
11556 14754 2 20 4
11556 14754 3 18 6
11556 14754 4 18 6
11556 14754 5 18 6
11556 14754 6 18 6
11556 14754 7 18 6
11556 14754 8 18 6
11556 14754 9 18 6
11556 14754 10 18 6
!sus 23944 55518 5 5 1 attackers:55518;victims:23944;type:1;valid_origin:True;recurrent:False;local:False
23944 55518 1 0 1
23944 55518 2 0 1
23944 55518 3 0 1
23944 55518 4 0 1
23944 55518 5 1 0
23944 55518 6 0 1
23944 55518 7 1 0
23944 55518 8 1 0
23944 55518 9 1 0
23944 55518 10 1 0
!leg 53181 266247 10 0 1 attackers:53181;victims:61838;type:2;valid_origin:True;recurrent:False;local:False
53181 266247 1 1 0
53181 266247 2 1 0
53181 266247 3 1 0
53181 266247 4 1 0
53181 266247 5 1 0
53181 266247 6 1 0
53181 266247 7 1 0
53181 266247 8 1 0
53181 266247 9 1 0
53181 266247 10 1 0
!sus 42473 56910 0 10 23 attackers:56910;victims:42473;type:1;valid_origin:True;recurrent:True;local:False
42473 56910 1 0 23
42473 56910 2 0 23
42473 56910 3 0 23
42473 56910 4 0 23
42473 56910 5 0 23
42473 56910 6 0 23
42473 56910 7 0 23
42473 56910 8 0 23
42473 56910 9 0 23
42473 56910 10 0 23
!sus 24429 61582 0 10 31 attackers:24429;victims:61582;type:1;valid_origin:True;recurrent:True;local:False
24429 61582 1 0 31
24429 61582 2 0 31
24429 61582 3 1 30
24429 61582 4 2 29
24429 61582 5 1 30
24429 61582 6 5 26
24429 61582 7 5 26
24429 61582 8 5 26
24429 61582 9 5 26
24429 61582 10 5 26
!sus 260 19905 0 10 2 attackers:260;victims:19905;type:1;valid_origin:True;recurrent:True;local:False
260 19905 1 0 2
260 19905 2 0 2
260 19905 3 0 2
260 19905 4 0 2
260 19905 5 0 2
260 19905 6 0 2
260 19905 7 0 2
260 19905 8 0 2
260 19905 9 0 2
260 19905 10 0 2
!leg 55518 131314 10 0 1 attackers:55518;victims:45110;type:2;valid_origin:True;recurrent:True;local:False
55518 131314 1 1 0
55518 131314 2 1 0
55518 131314 3 1 0
55518 131314 4 1 0
55518 131314 5 1 0
55518 131314 6 1 0
55518 131314 7 1 0
55518 131314 8 1 0
55518 131314 9 1 0
55518 131314 10 1 0
!sus 992 46644 0 10 7 attackers:992;victims:46644;type:1;valid_origin:True;recurrent:True;local:False
992 46644 1 2 5
992 46644 2 2 5
992 46644 3 2 5
992 46644 4 1 6
992 46644 5 2 5
992 46644 6 1 6
992 46644 7 2 5
992 46644 8 0 7
992 46644 9 2 5
992 46644 10 2 5
!leg 327896 328112 10 0 1 attackers:328112;victims:327896;type:1;valid_origin:True;recurrent:False;local:False
327896 328112 1 1 0
327896 328112 2 1 0
327896 328112 3 1 0
327896 328112 4 1 0
327896 328112 5 1 0
327896 328112 6 1 0
327896 328112 7 1 0
327896 328112 8 1 0
327896 328112 9 1 0
327896 328112 10 1 0
!sus 24429 262734 0 10 38 attackers:24429;victims:262734;type:1;valid_origin:True;recurrent:True;local:False
24429 262734 1 0 38
24429 262734 2 0 38
24429 262734 3 0 38
24429 262734 4 0 38
24429 262734 5 0 38
24429 262734 6 0 38
24429 262734 7 1 37
24429 262734 8 3 35
24429 262734 9 4 34
24429 262734 10 5 33
!sus 139317 150173 1 9 12 attackers:139317;victims:150173;type:1;valid_origin:True;recurrent:True;local:False
139317 150173 1 1 11
139317 150173 2 2 10
139317 150173 3 2 10
139317 150173 4 2 10
139317 150173 5 2 10
139317 150173 6 2 10
139317 150173 7 5 7
139317 150173 8 6 6
139317 150173 9 4 8
139317 150173 10 7 5
!sus 24429 265022 5 5 130 attackers:24429;victims:266978,265022,266181,269668;type:1,2;valid_origin:True;recurrent:True;local:False
24429 265022 1 65 65
24429 265022 2 65 65
24429 265022 3 65 65
24429 265022 4 65 65
24429 265022 5 65 65
24429 265022 6 66 64
24429 265022 7 67 63
24429 265022 8 69 61
24429 265022 9 69 61
24429 265022 10 70 60
!sus 24429 28126 0 10 36 attackers:24429;victims:28126,271208;type:1,4;valid_origin:True;recurrent:True;local:False
24429 28126 1 2 34
24429 28126 2 2 34
24429 28126 3 2 34
24429 28126 4 2 34
24429 28126 5 2 34
24429 28126 6 2 34
24429 28126 7 2 34
24429 28126 8 3 33
24429 28126 9 3 33
24429 28126 10 2 34
!sus 135360 137331 8 2 10 attackers:135360;victims:137331;type:1;valid_origin:True;recurrent:True;local:False
135360 137331 1 4 6
135360 137331 2 5 5
135360 137331 3 7 3
135360 137331 4 7 3
135360 137331 5 7 3
135360 137331 6 7 3
135360 137331 7 7 3
135360 137331 8 7 3
135360 137331 9 7 3
135360 137331 10 7 3
!sus 139317 149163 0 10 11 attackers:139317;victims:149163;type:1;valid_origin:True;recurrent:True;local:False
139317 149163 1 1 10
139317 149163 2 1 10
139317 149163 3 1 10
139317 149163 4 1 10
139317 149163 5 1 10
139317 149163 6 1 10
139317 149163 7 1 10
139317 149163 8 1 10
139317 149163 9 1 10
139317 149163 10 1 10
!leg 34549 212120 10 0 1 attackers:34549;victims:212120;type:1;valid_origin:True;recurrent:False;local:False
34549 212120 1 1 0
34549 212120 2 1 0
34549 212120 3 1 0
34549 212120 4 1 0
34549 212120 5 1 0
34549 212120 6 1 0
34549 212120 7 1 0
34549 212120 8 1 0
34549 212120 9 1 0
34549 212120 10 1 0
!sus 43440 204615 2 8 10 attackers:43440;victims:204615;type:1;valid_origin:True;recurrent:True;local:False
43440 204615 1 0 10
43440 204615 2 0 10
43440 204615 3 0 10
43440 204615 4 0 10
43440 204615 5 1 9
43440 204615 6 0 10
43440 204615 7 5 5
43440 204615 8 0 10
43440 204615 9 7 3
43440 204615 10 7 3
!leg 264890 267192 10 0 7 attackers:267192;victims:264890;type:1;valid_origin:True;recurrent:True;local:False
264890 267192 1 4 3
264890 267192 2 7 0
264890 267192 3 5 2
264890 267192 4 6 1
264890 267192 5 5 2
264890 267192 6 7 0
264890 267192 7 7 0
264890 267192 8 7 0
264890 267192 9 7 0
264890 267192 10 7 0
!sus 203283 209642 0 10 23 attackers:209642;victims:203283;type:1;valid_origin:True;recurrent:True;local:False
203283 209642 1 0 23
203283 209642 2 0 23
203283 209642 3 0 23
203283 209642 4 0 23
203283 209642 5 0 23
203283 209642 6 0 23
203283 209642 7 0 23
203283 209642 8 0 23
203283 209642 9 0 23
203283 209642 10 0 23
!sus 24429 271340 9 1 32 attackers:24429;victims:271340;type:1;valid_origin:True;recurrent:True;local:False
24429 271340 1 4 28
24429 271340 2 28 4
24429 271340 3 31 1
24429 271340 4 30 2
24429 271340 5 31 1
24429 271340 6 31 1
24429 271340 7 32 0
24429 271340 8 32 0
24429 271340 9 32 0
24429 271340 10 32 0
!sus 924 208753 0 10 337 attackers:924;victims:208753;type:1;valid_origin:True;recurrent:True;local:False
924 208753 1 5 332
924 208753 2 6 331
924 208753 3 5 332
924 208753 4 7 330
924 208753 5 7 330
924 208753 6 7 330
924 208753 7 14 323
924 208753 8 13 324
924 208753 9 15 322
924 208753 10 17 320
!sus 40264 46810 0 10 4 attackers:40264;victims:46810;type:1;valid_origin:True;recurrent:True;local:False
40264 46810 1 0 4
40264 46810 2 0 4
40264 46810 3 0 4
40264 46810 4 0 4
40264 46810 5 0 4
40264 46810 6 0 4
40264 46810 7 0 4
40264 46810 8 0 4
40264 46810 9 1 3
40264 46810 10 0 4
!sus 135673 150156 0 10 55 attackers:135673;victims:150156;type:1;valid_origin:True;recurrent:True;local:False
135673 150156 1 18 37
135673 150156 2 22 33
135673 150156 3 21 34
135673 150156 4 11 44
135673 150156 5 4 51
135673 150156 6 3 52
135673 150156 7 3 52
135673 150156 8 16 39
135673 150156 9 22 33
135673 150156 10 17 38
!sus 41047 212789 9 1 5 attackers:41047;victims:212789;type:1;valid_origin:True;recurrent:True;local:False
41047 212789 1 1 4
41047 212789 2 3 2
41047 212789 3 3 2
41047 212789 4 3 2
41047 212789 5 3 2
41047 212789 6 3 2
41047 212789 7 3 2
41047 212789 8 3 2
41047 212789 9 3 2
41047 212789 10 3 2
!sus 47787 210000 0 10 2 attackers:47787;victims:210000;type:1;valid_origin:True;recurrent:True;local:False
47787 210000 1 0 2
47787 210000 2 0 2
47787 210000 3 0 2
47787 210000 4 0 2
47787 210000 5 0 2
47787 210000 6 0 2
47787 210000 7 0 2
47787 210000 8 1 1
47787 210000 9 1 1
47787 210000 10 1 1
!sus 8674 213045 9 1 2 attackers:213045;victims:29216,8674;type:1,2;valid_origin:True;recurrent:True;local:True
8674 213045 1 1 1
8674 213045 2 2 0
8674 213045 3 2 0
8674 213045 4 2 0
8674 213045 5 2 0
8674 213045 6 2 0
8674 213045 7 2 0
8674 213045 8 2 0
8674 213045 9 2 0
8674 213045 10 2 0
!sus 26383 56630 0 10 12 attackers:56630;victims:26383;type:1;valid_origin:True;recurrent:True;local:False
26383 56630 1 0 12
26383 56630 2 0 12
26383 56630 3 0 12
26383 56630 4 0 12
26383 56630 5 0 12
26383 56630 6 0 12
26383 56630 7 0 12
26383 56630 8 0 12
26383 56630 9 0 12
26383 56630 10 0 12
!sus 14125 141253 2 8 25 attackers:141253;victims:141253;type:2;valid_origin:True;recurrent:True;local:False
14125 141253 1 25 0
14125 141253 2 0 25
14125 141253 3 11 14
14125 141253 4 25 0
14125 141253 5 2 23
14125 141253 6 0 25
14125 141253 7 0 25
14125 141253 8 0 25
14125 141253 9 0 25
14125 141253 10 0 25
!leg 52320 266039 10 0 1 attackers:52320;victims:266039;type:1;valid_origin:True;recurrent:False;local:True
52320 266039 1 1 0
52320 266039 2 1 0
52320 266039 3 1 0
52320 266039 4 1 0
52320 266039 5 1 0
52320 266039 6 1 0
52320 266039 7 1 0
52320 266039 8 1 0
52320 266039 9 1 0
52320 266039 10 1 0
!sus 45796 55518 6 4 1 attackers:55518;victims:45796;type:1;valid_origin:True;recurrent:True;local:False
45796 55518 1 0 1
45796 55518 2 0 1
45796 55518 3 0 1
45796 55518 4 0 1
45796 55518 5 1 0
45796 55518 6 1 0
45796 55518 7 1 0
45796 55518 8 1 0
45796 55518 9 1 0
45796 55518 10 1 0
!sus 16265 268976 0 10 1 attackers:16265;victims:268976;type:1;valid_origin:True;recurrent:True;local:False
16265 268976 1 0 1
16265 268976 2 0 1
16265 268976 3 0 1
16265 268976 4 0 1
16265 268976 5 0 1
16265 268976 6 0 1
16265 268976 7 0 1
16265 268976 8 0 1
16265 268976 9 0 1
16265 268976 10 0 1
!sus 44570 207320 8 2 13 attackers:44570;victims:207320;type:1;valid_origin:True;recurrent:True;local:False
44570 207320 1 6 7
44570 207320 2 7 6
44570 207320 3 6 7
44570 207320 4 13 0
44570 207320 5 13 0
44570 207320 6 13 0
44570 207320 7 13 0
44570 207320 8 13 0
44570 207320 9 13 0
44570 207320 10 13 0
!sus 262663 266355 1 9 6 attackers:266355;victims:262663;type:1;valid_origin:True;recurrent:True;local:False
262663 266355 1 1 5
262663 266355 2 2 4
262663 266355 3 1 5
262663 266355 4 2 4
262663 266355 5 2 4
262663 266355 6 2 4
262663 266355 7 2 4
262663 266355 8 4 2
262663 266355 9 2 4
262663 266355 10 2 4
!sus 24429 28665 6 4 38 attackers:24429;victims:28665;type:1;valid_origin:True;recurrent:True;local:False
24429 28665 1 3 35
24429 28665 2 7 31
24429 28665 3 28 10
24429 28665 4 33 5
24429 28665 5 16 22
24429 28665 6 25 13
24429 28665 7 11 27
24429 28665 8 36 2
24429 28665 9 26 12
24429 28665 10 37 1
!sus 44570 213327 0 10 39 attackers:44570;victims:213327;type:1;valid_origin:True;recurrent:True;local:False
44570 213327 1 10 29
44570 213327 2 11 28
44570 213327 3 13 26
44570 213327 4 13 26
44570 213327 5 13 26
44570 213327 6 16 23
44570 213327 7 15 24
44570 213327 8 15 24
44570 213327 9 15 24
44570 213327 10 15 24
!sus 3573 16629 0 10 9 attackers:16629;victims:3573;type:1;valid_origin:True;recurrent:True;local:False
3573 16629 1 0 9
3573 16629 2 0 9
3573 16629 3 0 9
3573 16629 4 0 9
3573 16629 5 0 9
3573 16629 6 0 9
3573 16629 7 0 9
3573 16629 8 0 9
3573 16629 9 0 9
3573 16629 10 0 9
!sus 13170 131706 2 8 2 attackers:131706;victims:55680;type:3;valid_origin:True;recurrent:True;local:False
13170 131706 1 0 2
13170 131706 2 0 2
13170 131706 3 0 2
13170 131706 4 0 2
13170 131706 5 0 2
13170 131706 6 0 2
13170 131706 7 1 1
13170 131706 8 0 2
13170 131706 9 2 0
13170 131706 10 2 0
!sus 50058 59730 1 9 722 attackers:50058;victims:59730;type:1;valid_origin:True;recurrent:True;local:False
50058 59730 1 722 0
50058 59730 2 15 707
50058 59730 3 41 681
50058 59730 4 7 715
50058 59730 5 261 461
50058 59730 6 13 709
50058 59730 7 74 648
50058 59730 8 43 679
50058 59730 9 192 530
50058 59730 10 101 621
!sus 19905 39216 7 3 127 attackers:19905;victims:212460;type:3;valid_origin:True;recurrent:True;local:False
19905 39216 1 0 127
19905 39216 2 0 127
19905 39216 3 0 127
19905 39216 4 109 18
19905 39216 5 92 35
19905 39216 6 116 11
19905 39216 7 125 2
19905 39216 8 127 0
19905 39216 9 127 0
19905 39216 10 127 0
!leg 16265 147039 10 0 1 attackers:16265;victims:147039;type:1;valid_origin:True;recurrent:False;local:False
16265 147039 1 1 0
16265 147039 2 1 0
16265 147039 3 1 0
16265 147039 4 1 0
16265 147039 5 1 0
16265 147039 6 1 0
16265 147039 7 1 0
16265 147039 8 1 0
16265 147039 9 1 0
16265 147039 10 1 0
!sus 204613 204902 9 1 7 attackers:204902;victims:204613;type:1;valid_origin:True;recurrent:True;local:False
204613 204902 1 7 0
204613 204902 2 7 0
204613 204902 3 6 1
204613 204902 4 0 7
204613 204902 5 7 0
204613 204902 6 7 0
204613 204902 7 7 0
204613 204902 8 7 0
204613 204902 9 7 0
204613 204902 10 7 0
!sus 139317 150141 0 10 12 attackers:139317;victims:150141;type:1;valid_origin:True;recurrent:True;local:False
139317 150141 1 1 11
139317 150141 2 1 11
139317 150141 3 1 11
139317 150141 4 1 11
139317 150141 5 1 11
139317 150141 6 1 11
139317 150141 7 1 11
139317 150141 8 1 11
139317 150141 9 1 11
139317 150141 10 1 11
!sus 24429 28210 3 7 3 attackers:24429;victims:28210;type:1;valid_origin:True;recurrent:True;local:False
24429 28210 1 0 3
24429 28210 2 0 3
24429 28210 3 0 3
24429 28210 4 0 3
24429 28210 5 0 3
24429 28210 6 0 3
24429 28210 7 2 1
24429 28210 8 2 1
24429 28210 9 2 1
24429 28210 10 1 2
!leg 328112 328888 10 0 1 attackers:328112;victims:328888;type:1;valid_origin:True;recurrent:False;local:False
328112 328888 1 1 0
328112 328888 2 1 0
328112 328888 3 1 0
328112 328888 4 1 0
328112 328888 5 1 0
328112 328888 6 1 0
328112 328888 7 1 0
328112 328888 8 1 0
328112 328888 9 1 0
328112 328888 10 1 0
!sus 51999 57957 0 10 248 attackers:51999;victims:57957;type:1;valid_origin:True;recurrent:True;local:False
51999 57957 1 3 245
51999 57957 2 24 224
51999 57957 3 27 221
51999 57957 4 28 220
51999 57957 5 30 218
51999 57957 6 40 208
51999 57957 7 40 208
51999 57957 8 41 207
51999 57957 9 42 206
51999 57957 10 45 203
!sus 53087 53181 0 10 36 attackers:53181;victims:53087;type:1;valid_origin:True;recurrent:True;local:False
53087 53181 1 0 36
53087 53181 2 0 36
53087 53181 3 1 35
53087 53181 4 1 35
53087 53181 5 1 35
53087 53181 6 2 34
53087 53181 7 4 32
53087 53181 8 7 29
53087 53181 9 6 30
53087 53181 10 5 31
!leg 133159 137409 10 0 2 attackers:137409;victims:133159;type:1;valid_origin:True;recurrent:False;local:False
133159 137409 1 2 0
133159 137409 2 2 0
133159 137409 3 2 0
133159 137409 4 2 0
133159 137409 5 2 0
133159 137409 6 2 0
133159 137409 7 2 0
133159 137409 8 2 0
133159 137409 9 2 0
133159 137409 10 2 0
!sus 50058 202952 5 5 3 attackers:50058;victims:202952;type:1;valid_origin:True;recurrent:True;local:False
50058 202952 1 1 2
50058 202952 2 1 2
50058 202952 3 1 2
50058 202952 4 1 2
50058 202952 5 1 2
50058 202952 6 2 1
50058 202952 7 2 1
50058 202952 8 2 1
50058 202952 9 2 1
50058 202952 10 2 1
!sus 203458 204474 5 5 727 attackers:203458;victims:204474,203635;type:1,5;valid_origin:True;recurrent:True;local:False
203458 204474 1 727 0
203458 204474 2 408 319
203458 204474 3 264 463
203458 204474 4 658 69
203458 204474 5 201 526
203458 204474 6 447 280
203458 204474 7 232 495
203458 204474 8 727 0
203458 204474 9 188 539
203458 204474 10 175 552
!sus 25620 28002 0 10 780 attackers:25620;victims:28002;type:1;valid_origin:True;recurrent:True;local:False
25620 28002 1 0 780
25620 28002 2 0 780
25620 28002 3 0 780
25620 28002 4 0 780
25620 28002 5 0 780
25620 28002 6 0 780
25620 28002 7 0 780
25620 28002 8 0 780
25620 28002 9 0 780
25620 28002 10 0 780
!sus 24429 265008 3 7 33 attackers:24429;victims:265008;type:1;valid_origin:True;recurrent:True;local:False
24429 265008 1 3 30
24429 265008 2 6 27
24429 265008 3 9 24
24429 265008 4 14 19
24429 265008 5 8 25
24429 265008 6 9 24
24429 265008 7 7 26
24429 265008 8 31 2
24429 265008 9 18 15
24429 265008 10 33 0
!sus 140947 150303 6 4 625 attackers:140947;victims:150303;type:1;valid_origin:True;recurrent:True;local:False
140947 150303 1 169 456
140947 150303 2 593 32
140947 150303 3 10 615
140947 150303 4 10 615
140947 150303 5 551 74
140947 150303 6 571 54
140947 150303 7 625 0
140947 150303 8 158 467
140947 150303 9 596 29
140947 150303 10 465 160
!leg 13004 206587 10 0 1 attackers:13004;victims:206587;type:1;valid_origin:True;recurrent:False;local:True
13004 206587 1 1 0
13004 206587 2 1 0
13004 206587 3 1 0
13004 206587 4 1 0
13004 206587 5 1 0
13004 206587 6 1 0
13004 206587 7 1 0
13004 206587 8 1 0
13004 206587 9 1 0
13004 206587 10 1 0
!leg 29049 206587 10 0 1 attackers:29049;victims:206587;type:1;valid_origin:True;recurrent:False;local:True
29049 206587 1 1 0
29049 206587 2 1 0
29049 206587 3 1 0
29049 206587 4 1 0
29049 206587 5 1 0
29049 206587 6 1 0
29049 206587 7 1 0
29049 206587 8 1 0
29049 206587 9 1 0
29049 206587 10 1 0
!sus 42473 64315 0 10 19 attackers:64315;victims:42473;type:1;valid_origin:True;recurrent:True;local:False
42473 64315 1 0 19
42473 64315 2 0 19
42473 64315 3 0 19
42473 64315 4 0 19
42473 64315 5 0 19
42473 64315 6 0 19
42473 64315 7 0 19
42473 64315 8 0 19
42473 64315 9 0 19
42473 64315 10 0 19
!leg 8732 50966 10 0 1 attackers:8732;victims:50966;type:1;valid_origin:True;recurrent:False;local:False
8732 50966 1 1 0
8732 50966 2 1 0
8732 50966 3 1 0
8732 50966 4 1 0
8732 50966 5 1 0
8732 50966 6 1 0
8732 50966 7 1 0
8732 50966 8 1 0
8732 50966 9 1 0
8732 50966 10 1 0
