!sus 266534 272551 0 10 26 attackers:266534;victims:272551;type:1;valid_origin:True;recurrent:True;local:False
266534 272551 1 0 26
266534 272551 2 0 26
266534 272551 3 0 26
266534 272551 4 0 26
266534 272551 5 0 26
266534 272551 6 0 26
266534 272551 7 0 26
266534 272551 8 0 26
266534 272551 9 0 26
266534 272551 10 0 26
!sus 1299 400274 0 10 4 attackers:1299;victims:400274;type:1;valid_origin:True;recurrent:True;local:False
1299 400274 1 1 3
1299 400274 2 1 3
1299 400274 3 0 4
1299 400274 4 1 3
1299 400274 5 1 3
1299 400274 6 0 4
1299 400274 7 1 3
1299 400274 8 1 3
1299 400274 9 1 3
1299 400274 10 1 3
!leg 3250 8283 10 0 1 attackers:8283;victims:3250;type:1;valid_origin:True;recurrent:False;local:False
3250 8283 1 1 0
3250 8283 2 1 0
3250 8283 3 1 0
3250 8283 4 1 0
3250 8283 5 1 0
3250 8283 6 1 0
3250 8283 7 1 0
3250 8283 8 1 0
3250 8283 9 1 0
3250 8283 10 1 0
!sus 262761 272259 2 8 10 attackers:262761;victims:272259;type:1;valid_origin:True;recurrent:True;local:False
262761 272259 1 10 0
262761 272259 2 4 6
262761 272259 3 4 6
262761 272259 4 10 0
262761 272259 5 0 10
262761 272259 6 4 6
262761 272259 7 0 10
262761 272259 8 0 10
262761 272259 9 1 9
262761 272259 10 0 10
!leg 262589 265169 10 0 1 attackers:262589;victims:265169;type:1;valid_origin:True;recurrent:False;local:False
262589 265169 1 1 0
262589 265169 2 1 0
262589 265169 3 1 0
262589 265169 4 1 0
262589 265169 5 1 0
262589 265169 6 1 0
262589 265169 7 1 0
262589 265169 8 1 0
262589 265169 9 1 0
262589 265169 10 1 0
!leg 17378 31817 10 0 77 attackers:17378;victims:31817;type:1;valid_origin:True;recurrent:False;local:False
17378 31817 1 77 0
17378 31817 2 77 0
17378 31817 3 77 0
17378 31817 4 77 0
17378 31817 5 77 0
17378 31817 6 77 0
17378 31817 7 77 0
17378 31817 8 77 0
17378 31817 9 77 0
17378 31817 10 77 0
!sus 135395 212121 9 1 5 attackers:135395;victims:212121;type:1;valid_origin:True;recurrent:True;local:False
135395 212121 1 1 4
135395 212121 2 3 2
135395 212121 3 5 0
135395 212121 4 5 0
135395 212121 5 5 0
135395 212121 6 5 0
135395 212121 7 5 0
135395 212121 8 5 0
135395 212121 9 5 0
135395 212121 10 5 0
!leg 38308 213045 10 0 1 attackers:213045;victims:38308;type:1;valid_origin:True;recurrent:False;local:True
38308 213045 1 1 0
38308 213045 2 1 0
38308 213045 3 1 0
38308 213045 4 1 0
38308 213045 5 1 0
38308 213045 6 1 0
38308 213045 7 1 0
38308 213045 8 1 0
38308 213045 9 1 0
38308 213045 10 1 0
!leg 17378 398063 10 0 68 attackers:17378;victims:398063;type:1;valid_origin:True;recurrent:False;local:False
17378 398063 1 68 0
17378 398063 2 68 0
17378 398063 3 68 0
17378 398063 4 68 0
17378 398063 5 68 0
17378 398063 6 68 0
17378 398063 7 68 0
17378 398063 8 68 0
17378 398063 9 68 0
17378 398063 10 68 0
!sus 4455 52580 5 5 2 attackers:4455;victims:52580;type:1;valid_origin:True;recurrent:True;local:False
4455 52580 1 1 1
4455 52580 2 1 1
4455 52580 3 1 1
4455 52580 4 1 1
4455 52580 5 1 1
4455 52580 6 2 0
4455 52580 7 2 0
4455 52580 8 2 0
4455 52580 9 2 0
4455 52580 10 2 0
!leg 17113 53528 10 0 1 attackers:17113;victims:53528;type:1;valid_origin:True;recurrent:False;local:False
17113 53528 1 1 0
17113 53528 2 1 0
17113 53528 3 1 0
17113 53528 4 1 0
17113 53528 5 1 0
17113 53528 6 1 0
17113 53528 7 1 0
17113 53528 8 1 0
17113 53528 9 1 0
17113 53528 10 1 0
!leg 174 30565 10 0 152 attackers:174;victims:30565;type:1;valid_origin:True;recurrent:False;local:False
174 30565 1 149 3
174 30565 2 151 1
174 30565 3 152 0
174 30565 4 152 0
174 30565 5 151 1
174 30565 6 152 0
174 30565 7 152 0
174 30565 8 152 0
174 30565 9 150 2
174 30565 10 152 0
!sus 28383 265524 3 7 14 attackers:265524;victims:28383;type:1;valid_origin:True;recurrent:True;local:False
28383 265524 1 14 0
28383 265524 2 12 2
28383 265524 3 0 14
28383 265524 4 12 2
28383 265524 5 0 14
28383 265524 6 3 11
28383 265524 7 0 14
28383 265524 8 0 14
28383 265524 9 0 14
28383 265524 10 0 14
!leg 1680 198114 10 0 247 attackers:1680;victims:198114;type:1;valid_origin:True;recurrent:False;local:False
1680 198114 1 236 11
1680 198114 2 241 6
1680 198114 3 247 0
1680 198114 4 243 4
1680 198114 5 247 0
1680 198114 6 247 0
1680 198114 7 247 0
1680 198114 8 247 0
1680 198114 9 247 0
1680 198114 10 247 0
!leg 17494 58946 10 0 21 attackers:17494;victims:58946;type:1;valid_origin:True;recurrent:False;local:False
17494 58946 1 21 0
17494 58946 2 21 0
17494 58946 3 21 0
17494 58946 4 21 0
17494 58946 5 21 0
17494 58946 6 21 0
17494 58946 7 21 0
17494 58946 8 21 0
17494 58946 9 21 0
17494 58946 10 21 0
!leg 8309 26223 10 0 1 attackers:8309;victims:26223;type:1;valid_origin:False;recurrent:False;local:False
8309 26223 1 1 0
8309 26223 2 1 0
8309 26223 3 1 0
8309 26223 4 1 0
8309 26223 5 1 0
8309 26223 6 1 0
8309 26223 7 1 0
8309 26223 8 1 0
8309 26223 9 1 0
8309 26223 10 1 0
!leg 28305 262462 10 0 3 attackers:28305;victims:264525;type:2;valid_origin:True;recurrent:False;local:False
28305 262462 1 3 0
28305 262462 2 3 0
28305 262462 3 3 0
28305 262462 4 3 0
28305 262462 5 3 0
28305 262462 6 3 0
28305 262462 7 3 0
28305 262462 8 3 0
28305 262462 9 3 0
28305 262462 10 3 0
!sus 135395 211367 7 3 5 attackers:135395;victims:211367;type:1;valid_origin:True;recurrent:True;local:False
135395 211367 1 1 4
135395 211367 2 1 4
135395 211367 3 1 4
135395 211367 4 3 2
135395 211367 5 4 1
135395 211367 6 5 0
135395 211367 7 5 0
135395 211367 8 5 0
135395 211367 9 5 0
135395 211367 10 5 0
!sus 15164 399853 5 5 6 attackers:15164;victims:399853;type:1;valid_origin:False;recurrent:True;local:False
15164 399853 1 6 0
15164 399853 2 6 0
15164 399853 3 6 0
15164 399853 4 6 0
15164 399853 5 1 5
15164 399853 6 3 3
15164 399853 7 0 6
15164 399853 8 0 6
15164 399853 9 5 1
15164 399853 10 3 3
!leg 8309 14593 10 0 1 attackers:8309;victims:14593;type:1;valid_origin:True;recurrent:False;local:False
8309 14593 1 1 0
8309 14593 2 1 0
8309 14593 3 1 0
8309 14593 4 1 0
8309 14593 5 1 0
8309 14593 6 1 0
8309 14593 7 1 0
8309 14593 8 1 0
8309 14593 9 1 0
8309 14593 10 1 0
!leg 263009 268137 10 0 319 attackers:263009;victims:268137;type:1;valid_origin:True;recurrent:True;local:False
263009 268137 1 171 148
263009 268137 2 186 133
263009 268137 3 197 122
263009 268137 4 197 122
263009 268137 5 200 119
263009 268137 6 206 113
263009 268137 7 203 116
263009 268137 8 207 112
263009 268137 9 213 106
263009 268137 10 218 101
!leg 34927 210354 10 0 27 attackers:34927;victims:210354;type:1,3;valid_origin:True;recurrent:False;local:False
34927 210354 1 27 0
34927 210354 2 27 0
34927 210354 3 27 0
34927 210354 4 27 0
34927 210354 5 27 0
34927 210354 6 27 0
34927 210354 7 27 0
34927 210354 8 27 0
34927 210354 9 27 0
34927 210354 10 27 0
!leg 202365 210445 10 0 1 attackers:202365;victims:210445;type:1;valid_origin:True;recurrent:False;local:True
202365 210445 1 1 0
202365 210445 2 1 0
202365 210445 3 1 0
202365 210445 4 1 0
202365 210445 5 1 0
202365 210445 6 1 0
202365 210445 7 1 0
202365 210445 8 1 0
202365 210445 9 1 0
202365 210445 10 1 0
!sus 51861 196610 7 3 1 attackers:196610;victims:31451;type:8;valid_origin:True;recurrent:False;local:False
51861 196610 1 0 1
51861 196610 2 0 1
51861 196610 3 0 1
51861 196610 4 1 0
51861 196610 5 1 0
51861 196610 6 1 0
51861 196610 7 1 0
51861 196610 8 1 0
51861 196610 9 1 0
51861 196610 10 1 0
!sus 28305 262828 6 4 58 attackers:28305;victims:262828;type:1;valid_origin:True;recurrent:True;local:False
28305 262828 1 2 56
28305 262828 2 14 44
28305 262828 3 10 48
28305 262828 4 16 42
28305 262828 5 36 22
28305 262828 6 31 27
28305 262828 7 45 13
28305 262828 8 40 18
28305 262828 9 35 23
28305 262828 10 58 0
!leg 17113 264479 10 0 1 attackers:264479;victims:11207;type:2;valid_origin:True;recurrent:False;local:True
17113 264479 1 1 0
17113 264479 2 1 0
17113 264479 3 1 0
17113 264479 4 1 0
17113 264479 5 1 0
17113 264479 6 1 0
17113 264479 7 1 0
17113 264479 8 1 0
17113 264479 9 1 0
17113 264479 10 1 0
!leg 39120 262380 10 0 1 attackers:39120;victims:262380;type:1;valid_origin:True;recurrent:False;local:True
39120 262380 1 1 0
39120 262380 2 1 0
39120 262380 3 1 0
39120 262380 4 1 0
39120 262380 5 1 0
39120 262380 6 1 0
39120 262380 7 1 0
39120 262380 8 1 0
39120 262380 9 1 0
39120 262380 10 1 0
!sus 135766 139572 0 10 83 attackers:135766;victims:139572;type:1;valid_origin:True;recurrent:True;local:False
135766 139572 1 1 82
135766 139572 2 4 79
135766 139572 3 4 79
135766 139572 4 4 79
135766 139572 5 4 79
135766 139572 6 4 79
135766 139572 7 4 79
135766 139572 8 4 79
135766 139572 9 39 44
135766 139572 10 38 45
!leg 17378 33378 10 0 121 attackers:17378;victims:33378;type:1;valid_origin:True;recurrent:False;local:False
17378 33378 1 121 0
17378 33378 2 121 0
17378 33378 3 121 0
17378 33378 4 121 0
17378 33378 5 121 0
17378 33378 6 121 0
17378 33378 7 121 0
17378 33378 8 121 0
17378 33378 9 121 0
17378 33378 10 121 0
!sus 53667 210260 8 2 11 attackers:53667;victims:210260;type:1;valid_origin:True;recurrent:True;local:False
53667 210260 1 0 11
53667 210260 2 5 6
53667 210260 3 6 5
53667 210260 4 8 3
53667 210260 5 7 4
53667 210260 6 6 5
53667 210260 7 8 3
53667 210260 8 8 3
53667 210260 9 8 3
53667 210260 10 8 3
!leg 8309 25905 10 0 1 attackers:8309;victims:25905;type:1;valid_origin:True;recurrent:False;local:False
8309 25905 1 1 0
8309 25905 2 1 0
8309 25905 3 1 0
8309 25905 4 1 0
8309 25905 5 1 0
8309 25905 6 1 0
8309 25905 7 1 0
8309 25905 8 1 0
8309 25905 9 1 0
8309 25905 10 1 0
!sus 138821 139364 0 10 6 attackers:138821;victims:139364;type:1;valid_origin:True;recurrent:True;local:False
138821 139364 1 0 6
138821 139364 2 0 6
138821 139364 3 0 6
138821 139364 4 0 6
138821 139364 5 0 6
138821 139364 6 0 6
138821 139364 7 0 6
138821 139364 8 0 6
138821 139364 9 0 6
138821 139364 10 0 6
!leg 9498 12700 10 0 1 attackers:9498;victims:12700;type:1;valid_origin:True;recurrent:False;local:False
9498 12700 1 1 0
9498 12700 2 1 0
9498 12700 3 1 0
9498 12700 4 1 0
9498 12700 5 1 0
9498 12700 6 1 0
9498 12700 7 1 0
9498 12700 8 1 0
9498 12700 9 1 0
9498 12700 10 1 0
!sus 21859 133385 0 10 1 attackers:133385;victims:21859;type:1;valid_origin:True;recurrent:False;local:False
21859 133385 1 0 1
21859 133385 2 0 1
21859 133385 3 0 1
21859 133385 4 0 1
21859 133385 5 0 1
21859 133385 6 0 1
21859 133385 7 0 1
21859 133385 8 0 1
21859 133385 9 0 1
21859 133385 10 0 1
!sus 17917 149204 6 4 6 attackers:17917;victims:149204;type:1;valid_origin:True;recurrent:True;local:False
17917 149204 1 6 0
17917 149204 2 6 0
17917 149204 3 2 4
17917 149204 4 6 0
17917 149204 5 5 1
17917 149204 6 5 1
17917 149204 7 0 6
17917 149204 8 0 6
17917 149204 9 5 1
17917 149204 10 0 6
!leg 1916 262501 10 0 1 attackers:1916;victims:262501;type:1;valid_origin:True;recurrent:False;local:False
1916 262501 1 1 0
1916 262501 2 1 0
1916 262501 3 1 0
1916 262501 4 1 0
1916 262501 5 1 0
1916 262501 6 1 0
1916 262501 7 1 0
1916 262501 8 1 0
1916 262501 9 1 0
1916 262501 10 1 0
!sus 2 35104 9 1 395 attackers:35104;victims:2,29046;type:1,2;valid_origin:False;recurrent:True;local:False
2 35104 1 180 215
2 35104 2 267 128
2 35104 3 306 89
2 35104 4 314 81
2 35104 5 331 64
2 35104 6 336 59
2 35104 7 376 19
2 35104 8 365 30
2 35104 9 386 9
2 35104 10 336 59
!leg 46786 57724 10 0 97 attackers:46786;victims:210079;type:3,6;valid_origin:True;recurrent:False;local:False
46786 57724 1 97 0
46786 57724 2 97 0
46786 57724 3 97 0
46786 57724 4 97 0
46786 57724 5 97 0
46786 57724 6 97 0
46786 57724 7 97 0
46786 57724 8 97 0
46786 57724 9 97 0
46786 57724 10 97 0
!leg 59796 204357 10 0 101 attackers:59796;victims:204357;type:1;valid_origin:True;recurrent:False;local:False
59796 204357 1 99 2
59796 204357 2 101 0
59796 204357 3 101 0
59796 204357 4 101 0
59796 204357 5 101 0
59796 204357 6 101 0
59796 204357 7 101 0
59796 204357 8 101 0
59796 204357 9 101 0
59796 204357 10 101 0
!leg 8309 62838 10 0 1 attackers:8309;victims:62838;type:1;valid_origin:True;recurrent:False;local:False
8309 62838 1 1 0
8309 62838 2 1 0
8309 62838 3 1 0
8309 62838 4 1 0
8309 62838 5 1 0
8309 62838 6 1 0
8309 62838 7 1 0
8309 62838 8 1 0
8309 62838 9 1 0
8309 62838 10 1 0
!leg 17378 54132 10 0 124 attackers:17378;victims:54132;type:1;valid_origin:True;recurrent:False;local:False
17378 54132 1 124 0
17378 54132 2 124 0
17378 54132 3 124 0
17378 54132 4 124 0
17378 54132 5 124 0
17378 54132 6 124 0
17378 54132 7 124 0
17378 54132 8 124 0
17378 54132 9 124 0
17378 54132 10 124 0
!sus 28305 262476 0 10 91 attackers:28305;victims:262476;type:1;valid_origin:True;recurrent:True;local:False
28305 262476 1 0 91
28305 262476 2 0 91
28305 262476 3 0 91
28305 262476 4 1 90
28305 262476 5 2 89
28305 262476 6 1 90
28305 262476 7 1 90
28305 262476 8 1 90
28305 262476 9 2 89
28305 262476 10 2 89
!leg 28305 270341 10 0 2 attackers:270341;victims:15169;type:2;valid_origin:True;recurrent:True;local:False
28305 270341 1 2 0
28305 270341 2 2 0
28305 270341 3 2 0
28305 270341 4 2 0
28305 270341 5 2 0
28305 270341 6 2 0
28305 270341 7 2 0
28305 270341 8 2 0
28305 270341 9 2 0
28305 270341 10 2 0
!sus 14650 28305 5 5 32 attackers:28305;victims:14650;type:1;valid_origin:True;recurrent:True;local:False
14650 28305 1 0 32
14650 28305 2 3 29
14650 28305 3 4 28
14650 28305 4 7 25
14650 28305 5 28 4
14650 28305 6 9 23
14650 28305 7 23 9
14650 28305 8 21 11
14650 28305 9 29 3
14650 28305 10 32 0
!leg 9304 49722 10 0 2 attackers:9304;victims:49722;type:1;valid_origin:True;recurrent:False;local:False
9304 49722 1 2 0
9304 49722 2 2 0
9304 49722 3 2 0
9304 49722 4 2 0
9304 49722 5 2 0
9304 49722 6 2 0
9304 49722 7 2 0
9304 49722 8 2 0
9304 49722 9 2 0
9304 49722 10 2 0
!leg 133301 149248 10 0 366 attackers:133301;victims:149248;type:1;valid_origin:True;recurrent:False;local:False
133301 149248 1 366 0
133301 149248 2 366 0
133301 149248 3 366 0
133301 149248 4 366 0
133301 149248 5 366 0
133301 149248 6 366 0
133301 149248 7 366 0
133301 149248 8 366 0
133301 149248 9 366 0
133301 149248 10 366 0
!leg 37037 37303 10 0 234 attackers:37037;victims:37303;type:1;valid_origin:True;recurrent:False;local:False
37037 37303 1 234 0
37037 37303 2 234 0
37037 37303 3 234 0
37037 37303 4 234 0
37037 37303 5 234 0
37037 37303 6 234 0
37037 37303 7 234 0
37037 37303 8 234 0
37037 37303 9 234 0
37037 37303 10 234 0
!leg 19318 396998 10 0 182 attackers:396998;victims:19318;type:1;valid_origin:True;recurrent:False;local:False
19318 396998 1 176 6
19318 396998 2 181 1
19318 396998 3 182 0
19318 396998 4 182 0
19318 396998 5 182 0
19318 396998 6 182 0
19318 396998 7 182 0
19318 396998 8 182 0
19318 396998 9 182 0
19318 396998 10 182 0
!leg 8309 40545 10 0 1 attackers:8309;victims:40545;type:1;valid_origin:True;recurrent:False;local:False
8309 40545 1 1 0
8309 40545 2 1 0
8309 40545 3 1 0
8309 40545 4 1 0
8309 40545 5 1 0
8309 40545 6 1 0
8309 40545 7 1 0
8309 40545 8 1 0
8309 40545 9 1 0
8309 40545 10 1 0
!leg 208753 210445 10 0 1 attackers:208753;victims:210445;type:1;valid_origin:True;recurrent:False;local:True
208753 210445 1 1 0
208753 210445 2 1 0
208753 210445 3 1 0
208753 210445 4 1 0
208753 210445 5 1 0
208753 210445 6 1 0
208753 210445 7 1 0
208753 210445 8 1 0
208753 210445 9 1 0
208753 210445 10 1 0
!leg 61568 264150 10 0 1 attackers:61568;victims:271567;type:2;valid_origin:True;recurrent:False;local:False
61568 264150 1 1 0
61568 264150 2 1 0
61568 264150 3 1 0
61568 264150 4 1 0
61568 264150 5 1 0
61568 264150 6 1 0
61568 264150 7 1 0
61568 264150 8 1 0
61568 264150 9 1 0
61568 264150 10 1 0
!leg 50370 198507 10 0 1 attackers:198507;victims:50370;type:1;valid_origin:True;recurrent:False;local:False
50370 198507 1 1 0
50370 198507 2 1 0
50370 198507 3 1 0
50370 198507 4 1 0
50370 198507 5 1 0
50370 198507 6 1 0
50370 198507 7 1 0
50370 198507 8 1 0
50370 198507 9 1 0
50370 198507 10 1 0
!leg 17762 55756 10 0 190 attackers:17762;victims:55756;type:1;valid_origin:True;recurrent:False;local:False
17762 55756 1 190 0
17762 55756 2 190 0
17762 55756 3 190 0
17762 55756 4 190 0
17762 55756 5 190 0
17762 55756 6 190 0
17762 55756 7 190 0
17762 55756 8 190 0
17762 55756 9 190 0
17762 55756 10 190 0
!leg 35280 50370 10 0 1 attackers:35280;victims:50370;type:1;valid_origin:True;recurrent:False;local:False
35280 50370 1 1 0
35280 50370 2 1 0
35280 50370 3 1 0
35280 50370 4 1 0
35280 50370 5 1 0
35280 50370 6 1 0
35280 50370 7 1 0
35280 50370 8 1 0
35280 50370 9 1 0
35280 50370 10 1 0
!leg 41692 48200 10 0 1 attackers:48200;victims:15987;type:3;valid_origin:True;recurrent:False;local:False
41692 48200 1 1 0
41692 48200 2 1 0
41692 48200 3 1 0
41692 48200 4 1 0
41692 48200 5 1 0
41692 48200 6 1 0
41692 48200 7 1 0
41692 48200 8 1 0
41692 48200 9 1 0
41692 48200 10 1 0
!leg 28598 264562 10 0 1 attackers:264562;victims:270256;type:2;valid_origin:True;recurrent:False;local:False
28598 264562 1 1 0
28598 264562 2 1 0
28598 264562 3 1 0
28598 264562 4 1 0
28598 264562 5 1 0
28598 264562 6 1 0
28598 264562 7 1 0
28598 264562 8 1 0
28598 264562 9 1 0
28598 264562 10 1 0
!leg 41047 262306 10 0 1 attackers:41047;victims:262306;type:1;valid_origin:True;recurrent:False;local:False
41047 262306 1 1 0
41047 262306 2 1 0
41047 262306 3 1 0
41047 262306 4 1 0
41047 262306 5 1 0
41047 262306 6 1 0
41047 262306 7 1 0
41047 262306 8 1 0
41047 262306 9 1 0
41047 262306 10 1 0
!sus 28305 53214 6 4 84 attackers:28305;victims:53214;type:1;valid_origin:True;recurrent:True;local:False
28305 53214 1 0 84
28305 53214 2 19 65
28305 53214 3 23 61
28305 53214 4 23 61
28305 53214 5 55 29
28305 53214 6 67 17
28305 53214 7 84 0
28305 53214 8 69 15
28305 53214 9 84 0
28305 53214 10 84 0
!sus 269719 271269 4 6 233 attackers:269719;victims:271269;type:1;valid_origin:True;recurrent:True;local:False
269719 271269 1 92 141
269719 271269 2 135 98
269719 271269 3 71 162
269719 271269 4 106 127
269719 271269 5 81 152
269719 271269 6 89 144
269719 271269 7 171 62
269719 271269 8 200 33
269719 271269 9 170 63
269719 271269 10 81 152
!leg 4136 8309 10 0 4 attackers:8309;victims:14454,6253,4136,116;type:1,2;valid_origin:True;recurrent:False;local:False
4136 8309 1 4 0
4136 8309 2 4 0
4136 8309 3 4 0
4136 8309 4 4 0
4136 8309 5 4 0
4136 8309 6 4 0
4136 8309 7 4 0
4136 8309 8 4 0
4136 8309 9 4 0
4136 8309 10 4 0
!leg 263310 263541 10 0 1 attackers:263541;victims:263310;type:1;valid_origin:True;recurrent:False;local:True
263310 263541 1 1 0
263310 263541 2 1 0
263310 263541 3 1 0
263310 263541 4 1 0
263310 263541 5 1 0
263310 263541 6 1 0
263310 263541 7 1 0
263310 263541 8 1 0
263310 263541 9 1 0
263310 263541 10 1 0
!leg 7719 41051 10 0 2 attackers:41051;victims:44406,7719;type:1,2;valid_origin:True;recurrent:False;local:False
7719 41051 1 2 0
7719 41051 2 2 0
7719 41051 3 2 0
7719 41051 4 2 0
7719 41051 5 2 0
7719 41051 6 2 0
7719 41051 7 2 0
7719 41051 8 2 0
7719 41051 9 2 0
7719 41051 10 2 0
!sus 8714 36868 0 10 2 attackers:8714;victims:36868;type:1;valid_origin:True;recurrent:False;local:False
8714 36868 1 0 2
8714 36868 2 0 2
8714 36868 3 0 2
8714 36868 4 1 1
8714 36868 5 1 1
8714 36868 6 1 1
8714 36868 7 1 1
8714 36868 8 1 1
8714 36868 9 1 1
8714 36868 10 1 1
!sus 28305 263625 0 10 65 attackers:28305;victims:263625;type:1;valid_origin:True;recurrent:True;local:False
28305 263625 1 1 64
28305 263625 2 7 58
28305 263625 3 18 47
28305 263625 4 4 61
28305 263625 5 16 49
28305 263625 6 24 41
28305 263625 7 22 43
28305 263625 8 26 39
28305 263625 9 24 41
28305 263625 10 28 37
!leg 52593 262773 10 0 1 attackers:262773;victims:52593;type:1;valid_origin:True;recurrent:False;local:False
52593 262773 1 1 0
52593 262773 2 1 0
52593 262773 3 1 0
52593 262773 4 1 0
52593 262773 5 1 0
52593 262773 6 1 0
52593 262773 7 1 0
52593 262773 8 1 0
52593 262773 9 1 0
52593 262773 10 1 0
!sus 12136 28305 5 5 42 attackers:28305;victims:12136;type:1;valid_origin:True;recurrent:True;local:False
12136 28305 1 0 42
12136 28305 2 8 34
12136 28305 3 9 33
12136 28305 4 10 32
12136 28305 5 31 11
12136 28305 6 15 27
12136 28305 7 23 19
12136 28305 8 26 16
12136 28305 9 29 13
12136 28305 10 42 0
!leg 41047 132876 10 0 1 attackers:41047;victims:133384;type:4;valid_origin:True;recurrent:False;local:False
41047 132876 1 1 0
41047 132876 2 1 0
41047 132876 3 1 0
41047 132876 4 1 0
41047 132876 5 1 0
41047 132876 6 1 0
41047 132876 7 1 0
41047 132876 8 1 0
41047 132876 9 1 0
41047 132876 10 1 0
!leg 61573 271458 10 0 1 attackers:61573;victims:271458;type:1;valid_origin:True;recurrent:False;local:True
61573 271458 1 1 0
61573 271458 2 1 0
61573 271458 3 1 0
61573 271458 4 1 0
61573 271458 5 1 0
61573 271458 6 1 0
61573 271458 7 1 0
61573 271458 8 1 0
61573 271458 9 1 0
61573 271458 10 1 0
!sus 58057 210168 9 1 47 attackers:58057;victims:210168;type:1;valid_origin:True;recurrent:True;local:False
58057 210168 1 19 28
58057 210168 2 35 12
58057 210168 3 43 4
58057 210168 4 43 4
58057 210168 5 41 6
58057 210168 6 45 2
58057 210168 7 47 0
58057 210168 8 47 0
58057 210168 9 47 0
58057 210168 10 47 0
!leg 53191 266931 10 0 8 attackers:266931;victims:267404;type:2;valid_origin:True;recurrent:False;local:False
53191 266931 1 8 0
53191 266931 2 8 0
53191 266931 3 8 0
53191 266931 4 8 0
53191 266931 5 8 0
53191 266931 6 8 0
53191 266931 7 8 0
53191 266931 8 8 0
53191 266931 9 8 0
53191 266931 10 8 0
!sus 137409 210977 4 6 11 attackers:137409;victims:210977;type:1;valid_origin:False;recurrent:True;local:False
137409 210977 1 6 5
137409 210977 2 5 6
137409 210977 3 5 6
137409 210977 4 5 6
137409 210977 5 8 3
137409 210977 6 4 7
137409 210977 7 5 6
137409 210977 8 6 5
137409 210977 9 7 4
137409 210977 10 5 6
!leg 62240 212806 10 0 1 attackers:62240;victims:211535;type:2;valid_origin:True;recurrent:False;local:False
62240 212806 1 1 0
62240 212806 2 1 0
62240 212806 3 1 0
62240 212806 4 1 0
62240 212806 5 1 0
62240 212806 6 1 0
62240 212806 7 1 0
62240 212806 8 1 0
62240 212806 9 1 0
62240 212806 10 1 0
!sus 3491 134578 0 10 100 attackers:3491;victims:137969,149175;type:2;valid_origin:False;recurrent:True;local:False
3491 134578 1 0 100
3491 134578 2 0 100
3491 134578 3 3 97
3491 134578 4 8 92
3491 134578 5 9 91
3491 134578 6 10 90
3491 134578 7 15 85
3491 134578 8 12 88
3491 134578 9 10 90
3491 134578 10 36 64
!sus 100 262234 0 10 55 attackers:262234;victims:100;type:1;valid_origin:False;recurrent:True;local:False
100 262234 1 0 55
100 262234 2 0 55
100 262234 3 0 55
100 262234 4 0 55
100 262234 5 0 55
100 262234 6 0 55
100 262234 7 0 55
100 262234 8 0 55
100 262234 9 0 55
100 262234 10 0 55
!leg 18671 23087 10 0 2 attackers:18671;victims:23087;type:1;valid_origin:True;recurrent:False;local:False
18671 23087 1 2 0
18671 23087 2 2 0
18671 23087 3 2 0
18671 23087 4 2 0
18671 23087 5 2 0
18671 23087 6 2 0
18671 23087 7 2 0
18671 23087 8 2 0
18671 23087 9 2 0
18671 23087 10 2 0
!sus 7018 399369 2 8 6 attackers:7018;victims:399369;type:1;valid_origin:True;recurrent:True;local:False
7018 399369 1 6 0
7018 399369 2 4 2
7018 399369 3 1 5
7018 399369 4 0 6
7018 399369 5 0 6
7018 399369 6 0 6
7018 399369 7 0 6
7018 399369 8 0 6
7018 399369 9 0 6
7018 399369 10 0 6
!leg 28670 61573 10 0 1 attackers:61573;victims:28670;type:1;valid_origin:True;recurrent:False;local:True
28670 61573 1 1 0
28670 61573 2 1 0
28670 61573 3 1 0
28670 61573 4 1 0
28670 61573 5 1 0
28670 61573 6 1 0
28670 61573 7 1 0
28670 61573 8 1 0
28670 61573 9 1 0
28670 61573 10 1 0
!sus 28305 269351 4 6 78 attackers:28305;victims:269351;type:1;valid_origin:True;recurrent:True;local:False
28305 269351 1 4 74
28305 269351 2 7 71
28305 269351 3 27 51
28305 269351 4 14 64
28305 269351 5 36 42
28305 269351 6 38 40
28305 269351 7 43 35
28305 269351 8 43 35
28305 269351 9 53 25
28305 269351 10 48 30
!leg 3214 211364 10 0 1 attackers:3214;victims:211364;type:1;valid_origin:True;recurrent:False;local:True
3214 211364 1 1 0
3214 211364 2 1 0
3214 211364 3 1 0
3214 211364 4 1 0
3214 211364 5 1 0
3214 211364 6 1 0
3214 211364 7 1 0
3214 211364 8 1 0
3214 211364 9 1 0
3214 211364 10 1 0
!sus 135480 139993 7 3 4 attackers:135480;victims:139993;type:1;valid_origin:True;recurrent:True;local:False
135480 139993 1 2 2
135480 139993 2 2 2
135480 139993 3 3 1
135480 139993 4 2 2
135480 139993 5 3 1
135480 139993 6 3 1
135480 139993 7 3 1
135480 139993 8 3 1
135480 139993 9 3 1
135480 139993 10 3 1
!sus 14224 17319 0 10 8 attackers:14224;victims:17319;type:1;valid_origin:True;recurrent:True;local:False
14224 17319 1 0 8
14224 17319 2 0 8
14224 17319 3 0 8
14224 17319 4 0 8
14224 17319 5 0 8
14224 17319 6 0 8
14224 17319 7 0 8
14224 17319 8 0 8
14224 17319 9 0 8
14224 17319 10 0 8
!leg 29838 55805 10 0 1 attackers:29838;victims:139650;type:2;valid_origin:True;recurrent:False;local:False
29838 55805 1 1 0
29838 55805 2 1 0
29838 55805 3 1 0
29838 55805 4 1 0
29838 55805 5 1 0
29838 55805 6 1 0
29838 55805 7 1 0
29838 55805 8 1 0
29838 55805 9 1 0
29838 55805 10 1 0
!sus 16552 207934 0 10 1 attackers:207934;victims:16552;type:1;valid_origin:True;recurrent:False;local:True
16552 207934 1 0 1
16552 207934 2 0 1
16552 207934 3 0 1
16552 207934 4 0 1
16552 207934 5 0 1
16552 207934 6 0 1
16552 207934 7 0 1
16552 207934 8 0 1
16552 207934 9 0 1
16552 207934 10 0 1
!leg 8309 13760 10 0 23 attackers:8309;victims:62632,33701,399268,13760,399007,400186,10984,62637,7954,40204,32592,25968,26869,32459,22464,54923,18886,40552,21952,399777,46796,10349,398754;type:1,2,3;valid_origin:False;recurrent:False;local:False
8309 13760 1 23 0
8309 13760 2 23 0
8309 13760 3 23 0
8309 13760 4 23 0
8309 13760 5 23 0
8309 13760 6 23 0
8309 13760 7 23 0
8309 13760 8 23 0
8309 13760 9 23 0
8309 13760 10 23 0
!sus 263538 267450 5 5 14 attackers:267450;victims:263538;type:1;valid_origin:True;recurrent:True;local:False
263538 267450 1 4 10
263538 267450 2 6 8
263538 267450 3 7 7
263538 267450 4 7 7
263538 267450 5 7 7
263538 267450 6 10 4
263538 267450 7 12 2
263538 267450 8 10 4
263538 267450 9 10 4
263538 267450 10 14 0
!leg 8757 31554 10 0 1 attackers:31554;victims:265905;type:4;valid_origin:True;recurrent:False;local:True
8757 31554 1 1 0
8757 31554 2 1 0
8757 31554 3 1 0
8757 31554 4 1 0
8757 31554 5 1 0
8757 31554 6 1 0
8757 31554 7 1 0
8757 31554 8 1 0
8757 31554 9 1 0
8757 31554 10 1 0
!leg 265377 267524 10 0 80 attackers:265377;victims:265486;type:2;valid_origin:True;recurrent:False;local:False
265377 267524 1 80 0
265377 267524 2 80 0
265377 267524 3 80 0
265377 267524 4 80 0
265377 267524 5 80 0
265377 267524 6 80 0
265377 267524 7 80 0
265377 267524 8 80 0
265377 267524 9 80 0
265377 267524 10 80 0
!sus 8854 8855 5 5 228 attackers:8854;victims:8854;type:2;valid_origin:True;recurrent:False;local:False
8854 8855 1 228 0
8854 8855 2 223 5
8854 8855 3 17 211
8854 8855 4 68 160
8854 8855 5 97 131
8854 8855 6 119 109
8854 8855 7 138 90
8854 8855 8 209 19
8854 8855 9 82 146
8854 8855 10 81 147
!leg 264430 267467 10 0 1 attackers:267467;victims:264430;type:1;valid_origin:True;recurrent:False;local:False
264430 267467 1 1 0
264430 267467 2 1 0
264430 267467 3 1 0
264430 267467 4 1 0
264430 267467 5 1 0
264430 267467 6 1 0
264430 267467 7 1 0
264430 267467 8 1 0
264430 267467 9 1 0
264430 267467 10 1 0
!sus 39609 210457 0 10 103 attackers:210457;victims:39609;type:1;valid_origin:True;recurrent:True;local:False
39609 210457 1 5 98
39609 210457 2 0 103
39609 210457 3 0 103
39609 210457 4 0 103
39609 210457 5 2 101
39609 210457 6 5 98
39609 210457 7 28 75
39609 210457 8 0 103
39609 210457 9 5 98
39609 210457 10 6 97
!leg 1916 265113 10 0 1 attackers:1916;victims:265113;type:1;valid_origin:True;recurrent:False;local:False
1916 265113 1 1 0
1916 265113 2 1 0
1916 265113 3 1 0
1916 265113 4 1 0
1916 265113 5 1 0
1916 265113 6 1 0
1916 265113 7 1 0
1916 265113 8 1 0
1916 265113 9 1 0
1916 265113 10 1 0
!sus 28305 267401 6 4 93 attackers:28305;victims:267401;type:1;valid_origin:True;recurrent:True;local:False
28305 267401 1 0 93
28305 267401 2 19 74
28305 267401 3 33 60
28305 267401 4 29 64
28305 267401 5 50 43
28305 267401 6 51 42
28305 267401 7 60 33
28305 267401 8 49 44
28305 267401 9 67 26
28305 267401 10 66 27
!sus 134578 149175 3 7 11 attackers:134578;victims:149175;type:1;valid_origin:False;recurrent:True;local:False
134578 149175 1 2 9
134578 149175 2 5 6
134578 149175 3 2 9
134578 149175 4 1 10
134578 149175 5 3 8
134578 149175 6 2 9
134578 149175 7 9 2
134578 149175 8 10 1
134578 149175 9 6 5
134578 149175 10 3 8
!leg 201173 212567 10 0 1 attackers:212567;victims:201173;type:1;valid_origin:True;recurrent:False;local:False
201173 212567 1 1 0
201173 212567 2 1 0
201173 212567 3 1 0
201173 212567 4 1 0
201173 212567 5 1 0
201173 212567 6 1 0
201173 212567 7 1 0
201173 212567 8 1 0
201173 212567 9 1 0
201173 212567 10 1 0
!sus 28305 267474 4 6 54 attackers:28305;victims:267474;type:1;valid_origin:True;recurrent:True;local:False
28305 267474 1 0 54
28305 267474 2 1 53
28305 267474 3 7 47
28305 267474 4 4 50
28305 267474 5 17 37
28305 267474 6 22 32
28305 267474 7 28 26
28305 267474 8 29 25
28305 267474 9 31 23
28305 267474 10 37 17
!sus 149422 210734 0 10 367 attackers:210734;victims:149422;type:1;valid_origin:True;recurrent:True;local:False
149422 210734 1 1 366
149422 210734 2 1 366
149422 210734 3 0 367
149422 210734 4 0 367
149422 210734 5 0 367
149422 210734 6 1 366
149422 210734 7 0 367
149422 210734 8 0 367
149422 210734 9 0 367
149422 210734 10 0 367
!sus 264323 269482 3 7 1 attackers:264323;victims:269482;type:1;valid_origin:True;recurrent:True;local:False
264323 269482 1 1 0
264323 269482 2 1 0
264323 269482 3 1 0
264323 269482 4 0 1
264323 269482 5 0 1
264323 269482 6 0 1
264323 269482 7 0 1
264323 269482 8 0 1
264323 269482 9 0 1
264323 269482 10 0 1
!leg 61573 263384 10 0 1 attackers:61573;victims:263384;type:1;valid_origin:True;recurrent:False;local:True
61573 263384 1 1 0
61573 263384 2 1 0
61573 263384 3 1 0
61573 263384 4 1 0
61573 263384 5 1 0
61573 263384 6 1 0
61573 263384 7 1 0
61573 263384 8 1 0
61573 263384 9 1 0
61573 263384 10 1 0
!sus 271373 272465 3 7 16 attackers:272465;victims:271373;type:1;valid_origin:True;recurrent:True;local:False
271373 272465 1 5 11
271373 272465 2 8 8
271373 272465 3 8 8
271373 272465 4 9 7
271373 272465 5 8 8
271373 272465 6 8 8
271373 272465 7 8 8
271373 272465 8 8 8
271373 272465 9 9 7
271373 272465 10 9 7
!leg 264927 271253 10 0 265 attackers:271253;victims:268033,264927;type:1,2,4,5;valid_origin:True;recurrent:False;local:False
264927 271253 1 265 0
264927 271253 2 265 0
264927 271253 3 265 0
264927 271253 4 265 0
264927 271253 5 265 0
264927 271253 6 265 0
264927 271253 7 265 0
264927 271253 8 265 0
264927 271253 9 265 0
264927 271253 10 265 0
!leg 6327 8001 10 0 1 attackers:6327;victims:53886;type:2;valid_origin:True;recurrent:False;local:False
6327 8001 1 1 0
6327 8001 2 1 0
6327 8001 3 1 0
6327 8001 4 1 0
6327 8001 5 1 0
6327 8001 6 1 0
6327 8001 7 1 0
6327 8001 8 1 0
6327 8001 9 1 0
6327 8001 10 1 0
!sus 14868 28305 0 10 87 attackers:28305;victims:14868;type:1;valid_origin:True;recurrent:True;local:False
14868 28305 1 2 85
14868 28305 2 5 82
14868 28305 3 10 77
14868 28305 4 9 78
14868 28305 5 11 76
14868 28305 6 10 77
14868 28305 7 10 77
14868 28305 8 10 77
14868 28305 9 11 76
14868 28305 10 12 75
!leg 48024 210397 10 0 2 attackers:48024;victims:210397;type:1;valid_origin:False;recurrent:False;local:False
48024 210397 1 2 0
48024 210397 2 2 0
48024 210397 3 2 0
48024 210397 4 2 0
48024 210397 5 2 0
48024 210397 6 2 0
48024 210397 7 2 0
48024 210397 8 2 0
48024 210397 9 2 0
48024 210397 10 2 0
!sus 63508 149321 0 10 419 attackers:63508;victims:149321;type:1;valid_origin:True;recurrent:True;local:False
63508 149321 1 42 377
63508 149321 2 10 409
63508 149321 3 0 419
63508 149321 4 17 402
63508 149321 5 0 419
63508 149321 6 0 419
63508 149321 7 0 419
63508 149321 8 0 419
63508 149321 9 5 414
63508 149321 10 0 419
!leg 22355 328016 10 0 1 attackers:22355;victims:328016;type:1;valid_origin:True;recurrent:False;local:False
22355 328016 1 1 0
22355 328016 2 1 0
22355 328016 3 1 0
22355 328016 4 1 0
22355 328016 5 1 0
22355 328016 6 1 0
22355 328016 7 1 0
22355 328016 8 1 0
22355 328016 9 1 0
22355 328016 10 1 0
!leg 701 17160 10 0 292 attackers:701;victims:17160;type:1;valid_origin:True;recurrent:False;local:False
701 17160 1 276 16
701 17160 2 285 7
701 17160 3 285 7
701 17160 4 284 8
701 17160 5 288 4
701 17160 6 289 3
701 17160 7 290 2
701 17160 8 290 2
701 17160 9 290 2
701 17160 10 290 2
!leg 137085 149208 10 0 300 attackers:137085;victims:149208;type:1;valid_origin:True;recurrent:False;local:False
137085 149208 1 300 0
137085 149208 2 300 0
137085 149208 3 300 0
137085 149208 4 300 0
137085 149208 5 300 0
137085 149208 6 300 0
137085 149208 7 300 0
137085 149208 8 300 0
137085 149208 9 300 0
137085 149208 10 300 0
!sus 61084 211114 0 10 1407 attackers:211114;victims:61084;type:1;valid_origin:False;recurrent:False;local:False
61084 211114 1 0 1407
61084 211114 2 0 1407
61084 211114 3 0 1407
61084 211114 4 0 1407
61084 211114 5 0 1407
61084 211114 6 2 1405
61084 211114 7 2 1405
61084 211114 8 2 1405
61084 211114 9 4 1403
61084 211114 10 34 1373
!leg 29838 53610 10 0 1 attackers:29838;victims:399132;type:2;valid_origin:True;recurrent:False;local:False
29838 53610 1 1 0
29838 53610 2 1 0
29838 53610 3 1 0
29838 53610 4 1 0
29838 53610 5 1 0
29838 53610 6 1 0
29838 53610 7 1 0
29838 53610 8 1 0
29838 53610 9 1 0
29838 53610 10 1 0
!leg 8309 36149 10 0 12 attackers:8309;victims:10348,36149,25640,134783,16538,10949,21686,62712,10131,30362,11919,3776;type:1,2,3,4;valid_origin:True;recurrent:False;local:False
8309 36149 1 12 0
8309 36149 2 12 0
8309 36149 3 12 0
8309 36149 4 12 0
8309 36149 5 12 0
8309 36149 6 12 0
8309 36149 7 12 0
8309 36149 8 12 0
8309 36149 9 12 0
8309 36149 10 12 0
!leg 50370 264409 10 0 1 attackers:264409;victims:50370;type:1;valid_origin:True;recurrent:False;local:True
50370 264409 1 1 0
50370 264409 2 1 0
50370 264409 3 1 0
50370 264409 4 1 0
50370 264409 5 1 0
50370 264409 6 1 0
50370 264409 7 1 0
50370 264409 8 1 0
50370 264409 9 1 0
50370 264409 10 1 0
!sus 263606 270551 0 10 4 attackers:270551;victims:263606;type:1;valid_origin:True;recurrent:True;local:False
263606 270551 1 0 4
263606 270551 2 0 4
263606 270551 3 0 4
263606 270551 4 0 4
263606 270551 5 0 4
263606 270551 6 0 4
263606 270551 7 0 4
263606 270551 8 0 4
263606 270551 9 0 4
263606 270551 10 0 4
!sus 37037 328126 0 10 66 attackers:37037;victims:328126;type:1;valid_origin:False;recurrent:False;local:False
37037 328126 1 0 66
37037 328126 2 0 66
37037 328126 3 0 66
37037 328126 4 0 66
37037 328126 5 0 66
37037 328126 6 0 66
37037 328126 7 0 66
37037 328126 8 5 61
37037 328126 9 0 66
37037 328126 10 0 66
!leg 42927 196844 10 0 3 attackers:196844;victims:203066;type:2;valid_origin:True;recurrent:False;local:False
42927 196844 1 3 0
42927 196844 2 3 0
42927 196844 3 3 0
42927 196844 4 3 0
42927 196844 5 3 0
42927 196844 6 3 0
42927 196844 7 3 0
42927 196844 8 3 0
42927 196844 9 3 0
42927 196844 10 3 0
!leg 9158 56630 10 0 1 attackers:56630;victims:203644;type:2;valid_origin:True;recurrent:False;local:False
9158 56630 1 1 0
9158 56630 2 1 0
9158 56630 3 1 0
9158 56630 4 1 0
9158 56630 5 1 0
9158 56630 6 1 0
9158 56630 7 1 0
9158 56630 8 1 0
9158 56630 9 1 0
9158 56630 10 1 0
!leg 53121 61573 10 0 2 attackers:61573;victims:53121,61601;type:1,2;valid_origin:True;recurrent:False;local:True
53121 61573 1 2 0
53121 61573 2 2 0
53121 61573 3 2 0
53121 61573 4 2 0
53121 61573 5 2 0
53121 61573 6 2 0
53121 61573 7 2 0
53121 61573 8 2 0
53121 61573 9 2 0
53121 61573 10 2 0
!leg 8309 21886 10 0 1 attackers:8309;victims:21886;type:1;valid_origin:True;recurrent:False;local:False
8309 21886 1 1 0
8309 21886 2 1 0
8309 21886 3 1 0
8309 21886 4 1 0
8309 21886 5 1 0
8309 21886 6 1 0
8309 21886 7 1 0
8309 21886 8 1 0
8309 21886 9 1 0
8309 21886 10 1 0
!sus 265393 271744 0 10 8 attackers:265393;victims:271744;type:1;valid_origin:True;recurrent:True;local:False
265393 271744 1 0 8
265393 271744 2 0 8
265393 271744 3 0 8
265393 271744 4 0 8
265393 271744 5 0 8
265393 271744 6 0 8
265393 271744 7 0 8
265393 271744 8 0 8
265393 271744 9 0 8
265393 271744 10 0 8
!sus 10796 399472 2 8 2 attackers:10796;victims:399472;type:1;valid_origin:True;recurrent:True;local:False
10796 399472 1 2 0
10796 399472 2 2 0
10796 399472 3 0 2
10796 399472 4 0 2
10796 399472 5 0 2
10796 399472 6 0 2
10796 399472 7 0 2
10796 399472 8 0 2
10796 399472 9 0 2
10796 399472 10 0 2
!sus 263385 271379 3 7 6 attackers:263385;victims:271379;type:1;valid_origin:True;recurrent:True;local:False
263385 271379 1 6 0
263385 271379 2 6 0
263385 271379 3 0 6
263385 271379 4 6 0
263385 271379 5 2 4
263385 271379 6 0 6
263385 271379 7 0 6
263385 271379 8 0 6
263385 271379 9 0 6
263385 271379 10 0 6
!sus 37480 37662 0 10 1 attackers:37662;victims:37480;type:1;valid_origin:True;recurrent:True;local:False
37480 37662 1 0 1
37480 37662 2 0 1
37480 37662 3 0 1
37480 37662 4 0 1
37480 37662 5 0 1
37480 37662 6 0 1
37480 37662 7 0 1
37480 37662 8 0 1
37480 37662 9 0 1
37480 37662 10 0 1
!leg 52780 264491 10 0 1 attackers:264491;victims:52715;type:3;valid_origin:True;recurrent:False;local:False
52780 264491 1 1 0
52780 264491 2 1 0
52780 264491 3 1 0
52780 264491 4 1 0
52780 264491 5 1 0
52780 264491 6 1 0
52780 264491 7 1 0
52780 264491 8 1 0
52780 264491 9 1 0
52780 264491 10 1 0
!leg 16397 262684 10 0 1 attackers:16397;victims:262684;type:1;valid_origin:True;recurrent:False;local:False
16397 262684 1 1 0
16397 262684 2 1 0
16397 262684 3 1 0
16397 262684 4 1 0
16397 262684 5 1 0
16397 262684 6 1 0
16397 262684 7 1 0
16397 262684 8 1 0
16397 262684 9 1 0
16397 262684 10 1 0
!leg 262589 269895 10 0 85 attackers:262589;victims:269895;type:1;valid_origin:True;recurrent:True;local:False
262589 269895 1 80 5
262589 269895 2 81 4
262589 269895 3 81 4
262589 269895 4 81 4
262589 269895 5 82 3
262589 269895 6 82 3
262589 269895 7 82 3
262589 269895 8 82 3
262589 269895 9 82 3
262589 269895 10 82 3
!leg 24889 35574 10 0 1 attackers:24889;victims:61315;type:2;valid_origin:True;recurrent:False;local:False
24889 35574 1 1 0
24889 35574 2 1 0
24889 35574 3 1 0
24889 35574 4 1 0
24889 35574 5 1 0
24889 35574 6 1 0
24889 35574 7 1 0
24889 35574 8 1 0
24889 35574 9 1 0
24889 35574 10 1 0
!leg 1916 268589 10 0 1 attackers:1916;victims:268589;type:1;valid_origin:True;recurrent:False;local:False
1916 268589 1 1 0
1916 268589 2 1 0
1916 268589 3 1 0
1916 268589 4 1 0
1916 268589 5 1 0
1916 268589 6 1 0
1916 268589 7 1 0
1916 268589 8 1 0
1916 268589 9 1 0
1916 268589 10 1 0
!leg 1299 43766 10 0 174 attackers:1299;victims:43766;type:1;valid_origin:True;recurrent:False;local:False
1299 43766 1 137 37
1299 43766 2 165 9
1299 43766 3 170 4
1299 43766 4 172 2
1299 43766 5 173 1
1299 43766 6 174 0
1299 43766 7 174 0
1299 43766 8 174 0
1299 43766 9 174 0
1299 43766 10 174 0
!leg 9498 50370 10 0 1 attackers:9498;victims:50370;type:1;valid_origin:True;recurrent:False;local:False
9498 50370 1 1 0
9498 50370 2 1 0
9498 50370 3 1 0
9498 50370 4 1 0
9498 50370 5 1 0
9498 50370 6 1 0
9498 50370 7 1 0
9498 50370 8 1 0
9498 50370 9 1 0
9498 50370 10 1 0
!leg 28361 268404 10 0 1 attackers:268404;victims:28361;type:1;valid_origin:True;recurrent:True;local:False
28361 268404 1 1 0
28361 268404 2 1 0
28361 268404 3 1 0
28361 268404 4 1 0
28361 268404 5 1 0
28361 268404 6 1 0
28361 268404 7 1 0
28361 268404 8 1 0
28361 268404 9 1 0
28361 268404 10 1 0
!sus 269931 271988 4 6 3 attackers:269931;victims:271988;type:1;valid_origin:False;recurrent:True;local:False
269931 271988 1 3 0
269931 271988 2 3 0
269931 271988 3 1 2
269931 271988 4 3 0
269931 271988 5 1 2
269931 271988 6 0 3
269931 271988 7 0 3
269931 271988 8 0 3
269931 271988 9 3 0
269931 271988 10 0 3
!leg 8309 42649 10 0 1 attackers:8309;victims:48579;type:2;valid_origin:False;recurrent:False;local:False
8309 42649 1 1 0
8309 42649 2 1 0
8309 42649 3 1 0
8309 42649 4 1 0
8309 42649 5 1 0
8309 42649 6 1 0
8309 42649 7 1 0
8309 42649 8 1 0
8309 42649 9 1 0
8309 42649 10 1 0
!leg 45588 142638 10 0 205 attackers:45588;victims:142638;type:1;valid_origin:True;recurrent:False;local:False
45588 142638 1 205 0
45588 142638 2 205 0
45588 142638 3 205 0
45588 142638 4 205 0
45588 142638 5 205 0
45588 142638 6 205 0
45588 142638 7 205 0
45588 142638 8 205 0
45588 142638 9 205 0
45588 142638 10 205 0
!sus 141237 210445 9 1 1 attackers:141237;victims:210445;type:1;valid_origin:True;recurrent:False;local:True
141237 210445 1 0 1
141237 210445 2 1 0
141237 210445 3 1 0
141237 210445 4 1 0
141237 210445 5 1 0
141237 210445 6 1 0
141237 210445 7 1 0
141237 210445 8 1 0
141237 210445 9 1 0
141237 210445 10 1 0
!leg 50370 50628 10 0 1 attackers:50628;victims:50370;type:1;valid_origin:True;recurrent:False;local:True
50370 50628 1 1 0
50370 50628 2 1 0
50370 50628 3 1 0
50370 50628 4 1 0
50370 50628 5 1 0
50370 50628 6 1 0
50370 50628 7 1 0
50370 50628 8 1 0
50370 50628 9 1 0
50370 50628 10 1 0
!leg 29303 50509 10 0 1 attackers:29303;victims:57842;type:5;valid_origin:True;recurrent:False;local:False
29303 50509 1 1 0
29303 50509 2 1 0
29303 50509 3 1 0
29303 50509 4 1 0
29303 50509 5 1 0
29303 50509 6 1 0
29303 50509 7 1 0
29303 50509 8 1 0
29303 50509 9 1 0
29303 50509 10 1 0
!leg 61832 263310 10 0 1 attackers:61832;victims:263310;type:1;valid_origin:True;recurrent:False;local:True
61832 263310 1 1 0
61832 263310 2 1 0
61832 263310 3 1 0
61832 263310 4 1 0
61832 263310 5 1 0
61832 263310 6 1 0
61832 263310 7 1 0
61832 263310 8 1 0
61832 263310 9 1 0
61832 263310 10 1 0
!leg 28220 28305 10 0 19 attackers:28305;victims:53012;type:2;valid_origin:True;recurrent:False;local:False
28220 28305 1 19 0
28220 28305 2 19 0
28220 28305 3 19 0
28220 28305 4 19 0
28220 28305 5 19 0
28220 28305 6 19 0
28220 28305 7 19 0
28220 28305 8 19 0
28220 28305 9 19 0
28220 28305 10 19 0
!leg 34927 211535 10 0 12 attackers:34927;victims:211535;type:1;valid_origin:True;recurrent:False;local:False
34927 211535 1 10 2
34927 211535 2 11 1
34927 211535 3 12 0
34927 211535 4 12 0
34927 211535 5 12 0
34927 211535 6 12 0
34927 211535 7 12 0
34927 211535 8 12 0
34927 211535 9 12 0
34927 211535 10 12 0
!sus 133151 137831 7 3 6 attackers:137831;victims:133151;type:1;valid_origin:True;recurrent:True;local:False
133151 137831 1 2 4
133151 137831 2 2 4
133151 137831 3 3 3
133151 137831 4 4 2
133151 137831 5 5 1
133151 137831 6 6 0
133151 137831 7 6 0
133151 137831 8 6 0
133151 137831 9 6 0
133151 137831 10 6 0
!leg 5650 19609 10 0 105 attackers:5650;victims:19609;type:1;valid_origin:True;recurrent:False;local:False
5650 19609 1 105 0
5650 19609 2 105 0
5650 19609 3 105 0
5650 19609 4 105 0
5650 19609 5 105 0
5650 19609 6 105 0
5650 19609 7 105 0
5650 19609 8 105 0
5650 19609 9 105 0
5650 19609 10 105 0
!sus 2 29046 0 10 305 attackers:2;victims:29046;type:1;valid_origin:True;recurrent:True;local:False
2 29046 1 0 305
2 29046 2 0 305
2 29046 3 0 305
2 29046 4 0 305
2 29046 5 0 305
2 29046 6 0 305
2 29046 7 0 305
2 29046 8 0 305
2 29046 9 0 305
2 29046 10 0 305
!sus 58057 210076 8 2 113 attackers:58057;victims:210076;type:1;valid_origin:True;recurrent:True;local:False
58057 210076 1 17 96
58057 210076 2 23 90
58057 210076 3 93 20
58057 210076 4 112 1
58057 210076 5 113 0
58057 210076 6 113 0
58057 210076 7 113 0
58057 210076 8 113 0
58057 210076 9 113 0
58057 210076 10 113 0
!leg 46786 210079 10 0 97 attackers:46786,210079;victims:210079;type:4,6;valid_origin:True;recurrent:False;local:False
46786 210079 1 97 0
46786 210079 2 97 0
46786 210079 3 97 0
46786 210079 4 97 0
46786 210079 5 97 0
46786 210079 6 97 0
46786 210079 7 97 0
46786 210079 8 97 0
46786 210079 9 97 0
46786 210079 10 97 0
!leg 34872 210168 10 0 78 attackers:34872;victims:210168;type:1;valid_origin:True;recurrent:False;local:False
34872 210168 1 44 34
34872 210168 2 60 18
34872 210168 3 70 8
34872 210168 4 77 1
34872 210168 5 78 0
34872 210168 6 78 0
34872 210168 7 78 0
34872 210168 8 78 0
34872 210168 9 78 0
34872 210168 10 78 0
!leg 35280 49121 10 0 1 attackers:35280;victims:208422;type:2;valid_origin:True;recurrent:False;local:False
35280 49121 1 1 0
35280 49121 2 1 0
35280 49121 3 1 0
35280 49121 4 1 0
35280 49121 5 1 0
35280 49121 6 1 0
35280 49121 7 1 0
35280 49121 8 1 0
35280 49121 9 1 0
35280 49121 10 1 0
!leg 35625 50370 10 0 1 attackers:35625;victims:50370;type:1;valid_origin:True;recurrent:False;local:False
35625 50370 1 1 0
35625 50370 2 1 0
35625 50370 3 1 0
35625 50370 4 1 0
35625 50370 5 1 0
35625 50370 6 1 0
35625 50370 7 1 0
35625 50370 8 1 0
35625 50370 9 1 0
35625 50370 10 1 0
!leg 17378 32588 10 0 128 attackers:17378;victims:32588;type:1;valid_origin:True;recurrent:False;local:False
17378 32588 1 128 0
17378 32588 2 128 0
17378 32588 3 128 0
17378 32588 4 128 0
17378 32588 5 128 0
17378 32588 6 128 0
17378 32588 7 128 0
17378 32588 8 128 0
17378 32588 9 128 0
17378 32588 10 128 0
!leg 48166 200780 10 0 1 attackers:200780;victims:44096;type:2;valid_origin:True;recurrent:False;local:False
48166 200780 1 1 0
48166 200780 2 1 0
48166 200780 3 1 0
48166 200780 4 1 0
48166 200780 5 1 0
48166 200780 6 1 0
48166 200780 7 1 0
48166 200780 8 1 0
48166 200780 9 1 0
48166 200780 10 1 0
!sus 29632 200533 9 1 2 attackers:200533;victims:31451;type:2;valid_origin:True;recurrent:False;local:False
29632 200533 1 0 2
29632 200533 2 2 0
29632 200533 3 2 0
29632 200533 4 2 0
29632 200533 5 2 0
29632 200533 6 2 0
29632 200533 7 2 0
29632 200533 8 2 0
29632 200533 9 2 0
29632 200533 10 2 0
!leg 61573 264248 10 0 1 attackers:61573;victims:264248;type:1;valid_origin:True;recurrent:False;local:True
61573 264248 1 1 0
61573 264248 2 1 0
61573 264248 3 1 0
61573 264248 4 1 0
61573 264248 5 1 0
61573 264248 6 1 0
61573 264248 7 1 0
61573 264248 8 1 0
61573 264248 9 1 0
61573 264248 10 1 0
!leg 45298 139449 10 0 164 attackers:139449;victims:38500;type:3;valid_origin:True;recurrent:False;local:False
45298 139449 1 164 0
45298 139449 2 164 0
45298 139449 3 164 0
45298 139449 4 164 0
45298 139449 5 164 0
45298 139449 6 164 0
45298 139449 7 164 0
45298 139449 8 164 0
45298 139449 9 164 0
45298 139449 10 164 0
!sus 52308 267771 6 4 5 attackers:52308;victims:267771;type:1;valid_origin:True;recurrent:True;local:False
52308 267771 1 5 0
52308 267771 2 5 0
52308 267771 3 3 2
52308 267771 4 5 0
52308 267771 5 3 2
52308 267771 6 0 5
52308 267771 7 0 5
52308 267771 8 0 5
52308 267771 9 5 0
52308 267771 10 0 5
!sus 28305 267462 4 6 55 attackers:28305;victims:267462;type:1;valid_origin:True;recurrent:True;local:False
28305 267462 1 0 55
28305 267462 2 6 49
28305 267462 3 13 42
28305 267462 4 12 43
28305 267462 5 24 31
28305 267462 6 28 27
28305 267462 7 30 25
28305 267462 8 24 31
28305 267462 9 32 23
28305 267462 10 39 16
!leg 6939 400070 10 0 328 attackers:6939;victims:400070;type:1;valid_origin:True;recurrent:False;local:False
6939 400070 1 328 0
6939 400070 2 328 0
6939 400070 3 328 0
6939 400070 4 328 0
6939 400070 5 328 0
6939 400070 6 328 0
6939 400070 7 328 0
6939 400070 8 328 0
6939 400070 9 328 0
6939 400070 10 328 0
!leg 15547 48971 10 0 1 attackers:15547;victims:3250;type:2;valid_origin:True;recurrent:False;local:True
15547 48971 1 1 0
15547 48971 2 1 0
15547 48971 3 1 0
15547 48971 4 1 0
15547 48971 5 1 0
15547 48971 6 1 0
15547 48971 7 1 0
15547 48971 8 1 0
15547 48971 9 1 0
15547 48971 10 1 0
!leg 57199 206155 10 0 100 attackers:57199;victims:206155;type:1;valid_origin:True;recurrent:False;local:False
57199 206155 1 100 0
57199 206155 2 100 0
57199 206155 3 100 0
57199 206155 4 100 0
57199 206155 5 100 0
57199 206155 6 100 0
57199 206155 7 100 0
57199 206155 8 100 0
57199 206155 9 100 0
57199 206155 10 100 0
!sus 265263 267044 2 8 9 attackers:267044;victims:265263;type:1;valid_origin:True;recurrent:True;local:False
265263 267044 1 1 8
265263 267044 2 2 7
265263 267044 3 3 6
265263 267044 4 3 6
265263 267044 5 4 5
265263 267044 6 3 6
265263 267044 7 5 4
265263 267044 8 5 4
265263 267044 9 3 6
265263 267044 10 3 6
!leg 266636 272561 10 0 183 attackers:266636;victims:272561;type:1;valid_origin:True;recurrent:True;local:False
266636 272561 1 183 0
266636 272561 2 183 0
266636 272561 3 183 0
266636 272561 4 183 0
266636 272561 5 183 0
266636 272561 6 183 0
266636 272561 7 183 0
266636 272561 8 183 0
266636 272561 9 183 0
266636 272561 10 183 0
!sus 4651 55514 0 10 42 attackers:4651;victims:55496;type:2;valid_origin:True;recurrent:True;local:False
4651 55514 1 8 34
4651 55514 2 9 33
4651 55514 3 9 33
4651 55514 4 10 32
4651 55514 5 12 30
4651 55514 6 10 32
4651 55514 7 11 31
4651 55514 8 11 31
4651 55514 9 10 32
4651 55514 10 11 31
!leg 3257 135423 10 0 1 attackers:3257;victims:135423;type:1;valid_origin:True;recurrent:False;local:False
3257 135423 1 1 0
3257 135423 2 1 0
3257 135423 3 1 0
3257 135423 4 1 0
3257 135423 5 1 0
3257 135423 6 1 0
3257 135423 7 1 0
3257 135423 8 1 0
3257 135423 9 1 0
3257 135423 10 1 0
!leg 61573 272488 10 0 1 attackers:61573;victims:267648;type:2;valid_origin:True;recurrent:False;local:True
61573 272488 1 1 0
61573 272488 2 1 0
61573 272488 3 1 0
61573 272488 4 1 0
61573 272488 5 1 0
61573 272488 6 1 0
61573 272488 7 1 0
61573 272488 8 1 0
61573 272488 9 1 0
61573 272488 10 1 0
!leg 9304 22381 10 0 2 attackers:9304;victims:22381;type:1;valid_origin:True;recurrent:False;local:False
9304 22381 1 2 0
9304 22381 2 2 0
9304 22381 3 2 0
9304 22381 4 2 0
9304 22381 5 2 0
9304 22381 6 2 0
9304 22381 7 2 0
9304 22381 8 2 0
9304 22381 9 2 0
9304 22381 10 2 0
!leg 17665 136633 10 0 212 attackers:17665;victims:136633;type:1;valid_origin:True;recurrent:False;local:False
17665 136633 1 212 0
17665 136633 2 212 0
17665 136633 3 212 0
17665 136633 4 212 0
17665 136633 5 212 0
17665 136633 6 212 0
17665 136633 7 212 0
17665 136633 8 212 0
17665 136633 9 212 0
17665 136633 10 212 0
!sus 28305 267117 4 6 71 attackers:28305;victims:267117;type:1;valid_origin:True;recurrent:True;local:False
28305 267117 1 0 71
28305 267117 2 10 61
28305 267117 3 26 45
28305 267117 4 18 53
28305 267117 5 33 38
28305 267117 6 37 34
28305 267117 7 41 30
28305 267117 8 33 38
28305 267117 9 51 20
28305 267117 10 57 14
!leg 24904 51706 10 0 3 attackers:51706;victims:24904;type:1;valid_origin:True;recurrent:False;local:False
24904 51706 1 3 0
24904 51706 2 3 0
24904 51706 3 3 0
24904 51706 4 3 0
24904 51706 5 3 0
24904 51706 6 3 0
24904 51706 7 3 0
24904 51706 8 3 0
24904 51706 9 3 0
24904 51706 10 3 0
!leg 8298 210445 10 0 1 attackers:8298;victims:210445;type:1;valid_origin:True;recurrent:False;local:False
8298 210445 1 1 0
8298 210445 2 1 0
8298 210445 3 1 0
8298 210445 4 1 0
8298 210445 5 1 0
8298 210445 6 1 0
8298 210445 7 1 0
8298 210445 8 1 0
8298 210445 9 1 0
8298 210445 10 1 0
!leg 29632 197216 10 0 21 attackers:197216;victims:31451;type:2;valid_origin:True;recurrent:False;local:False
29632 197216 1 21 0
29632 197216 2 21 0
29632 197216 3 21 0
29632 197216 4 21 0
29632 197216 5 21 0
29632 197216 6 21 0
29632 197216 7 21 0
29632 197216 8 21 0
29632 197216 9 21 0
29632 197216 10 21 0
!sus 54113 266931 3 7 6 attackers:266931;victims:54113;type:1;valid_origin:True;recurrent:True;local:False
54113 266931 1 0 6
54113 266931 2 0 6
54113 266931 3 0 6
54113 266931 4 0 6
54113 266931 5 0 6
54113 266931 6 3 3
54113 266931 7 0 6
54113 266931 8 4 2
54113 266931 9 4 2
54113 266931 10 6 0
!leg 17378 32572 10 0 124 attackers:17378;victims:32572;type:1;valid_origin:True;recurrent:False;local:False
17378 32572 1 124 0
17378 32572 2 124 0
17378 32572 3 124 0
17378 32572 4 124 0
17378 32572 5 124 0
17378 32572 6 124 0
17378 32572 7 124 0
17378 32572 8 124 0
17378 32572 9 124 0
17378 32572 10 124 0
!leg 133724 135269 10 0 1 attackers:135269;victims:133724;type:1;valid_origin:True;recurrent:False;local:False
133724 135269 1 1 0
133724 135269 2 1 0
133724 135269 3 1 0
133724 135269 4 1 0
133724 135269 5 1 0
133724 135269 6 1 0
133724 135269 7 1 0
133724 135269 8 1 0
133724 135269 9 1 0
133724 135269 10 1 0
!leg 3267 58255 10 0 3 attackers:3267;victims:58255;type:1;valid_origin:True;recurrent:False;local:False
3267 58255 1 3 0
3267 58255 2 3 0
3267 58255 3 3 0
3267 58255 4 3 0
3267 58255 5 3 0
3267 58255 6 3 0
3267 58255 7 3 0
3267 58255 8 3 0
3267 58255 9 3 0
3267 58255 10 3 0
!sus 2 142558 0 10 2 attackers:142558;victims:2;type:1;valid_origin:True;recurrent:True;local:False
2 142558 1 0 2
2 142558 2 0 2
2 142558 3 0 2
2 142558 4 0 2
2 142558 5 0 2
2 142558 6 0 2
2 142558 7 0 2
2 142558 8 0 2
2 142558 9 0 2
2 142558 10 0 2
!sus 8714 17557 0 10 2 attackers:8714;victims:17557,45595;type:1,2;valid_origin:True;recurrent:False;local:False
8714 17557 1 1 1
8714 17557 2 1 1
8714 17557 3 1 1
8714 17557 4 1 1
8714 17557 5 1 1
8714 17557 6 1 1
8714 17557 7 1 1
8714 17557 8 1 1
8714 17557 9 1 1
8714 17557 10 1 1
!leg 12162 17378 10 0 25 attackers:17378;victims:12162;type:1;valid_origin:True;recurrent:False;local:False
12162 17378 1 25 0
12162 17378 2 25 0
12162 17378 3 25 0
12162 17378 4 25 0
12162 17378 5 25 0
12162 17378 6 25 0
12162 17378 7 25 0
12162 17378 8 25 0
12162 17378 9 25 0
12162 17378 10 25 0
!leg 200094 203066 10 0 6 attackers:200094;victims:203066;type:1;valid_origin:True;recurrent:False;local:False
200094 203066 1 6 0
200094 203066 2 6 0
200094 203066 3 6 0
200094 203066 4 6 0
200094 203066 5 6 0
200094 203066 6 6 0
200094 203066 7 6 0
200094 203066 8 6 0
200094 203066 9 6 0
200094 203066 10 6 0
!leg 50370 264479 10 0 1 attackers:264479;victims:50370;type:1;valid_origin:True;recurrent:False;local:True
50370 264479 1 1 0
50370 264479 2 1 0
50370 264479 3 1 0
50370 264479 4 1 0
50370 264479 5 1 0
50370 264479 6 1 0
50370 264479 7 1 0
50370 264479 8 1 0
50370 264479 9 1 0
50370 264479 10 1 0
!leg 264273 269215 10 0 7 attackers:269215;victims:264578;type:2;valid_origin:True;recurrent:False;local:False
264273 269215 1 7 0
264273 269215 2 7 0
264273 269215 3 7 0
264273 269215 4 7 0
264273 269215 5 7 0
264273 269215 6 7 0
264273 269215 7 7 0
264273 269215 8 7 0
264273 269215 9 7 0
264273 269215 10 7 0
!leg 265486 267524 10 0 478 attackers:265486,267524;victims:265486,267524;type:1;valid_origin:True;recurrent:False;local:False
265486 267524 1 478 0
265486 267524 2 478 0
265486 267524 3 478 0
265486 267524 4 478 0
265486 267524 5 470 8
265486 267524 6 478 0
265486 267524 7 478 0
265486 267524 8 478 0
265486 267524 9 465 13
265486 267524 10 459 19
!leg 41047 264927 10 0 1 attackers:41047;victims:264927;type:1;valid_origin:True;recurrent:False;local:False
41047 264927 1 1 0
41047 264927 2 1 0
41047 264927 3 1 0
41047 264927 4 1 0
41047 264927 5 1 0
41047 264927 6 1 0
41047 264927 7 1 0
41047 264927 8 1 0
41047 264927 9 1 0
41047 264927 10 1 0
!sus 28305 53089 4 6 81 attackers:28305;victims:53089;type:1;valid_origin:True;recurrent:True;local:False
28305 53089 1 0 81
28305 53089 2 6 75
28305 53089 3 14 67
28305 53089 4 20 61
28305 53089 5 38 43
28305 53089 6 35 46
28305 53089 7 42 39
28305 53089 8 61 20
28305 53089 9 72 9
28305 53089 10 76 5
!leg 210445 212508 10 0 1 attackers:212508;victims:210445;type:1;valid_origin:True;recurrent:False;local:False
210445 212508 1 1 0
210445 212508 2 1 0
210445 212508 3 1 0
210445 212508 4 1 0
210445 212508 5 1 0
210445 212508 6 1 0
210445 212508 7 1 0
210445 212508 8 1 0
210445 212508 9 1 0
210445 212508 10 1 0
!leg 25358 50370 10 0 83 attackers:25358;victims:50370;type:1;valid_origin:True;recurrent:False;local:False
25358 50370 1 83 0
25358 50370 2 83 0
25358 50370 3 83 0
25358 50370 4 83 0
25358 50370 5 83 0
25358 50370 6 83 0
25358 50370 7 83 0
25358 50370 8 83 0
25358 50370 9 83 0
25358 50370 10 83 0
!leg 41047 52721 10 0 1 attackers:41047;victims:52721;type:1;valid_origin:True;recurrent:False;local:False
41047 52721 1 1 0
41047 52721 2 1 0
41047 52721 3 1 0
41047 52721 4 1 0
41047 52721 5 1 0
41047 52721 6 1 0
41047 52721 7 1 0
41047 52721 8 1 0
41047 52721 9 1 0
41047 52721 10 1 0
!leg 41692 60171 10 0 1 attackers:60171;victims:15987;type:3;valid_origin:True;recurrent:False;local:False
41692 60171 1 1 0
41692 60171 2 1 0
41692 60171 3 1 0
41692 60171 4 1 0
41692 60171 5 1 0
41692 60171 6 1 0
41692 60171 7 1 0
41692 60171 8 1 0
41692 60171 9 1 0
41692 60171 10 1 0
!leg 137491 139708 10 0 121 attackers:137491;victims:139708;type:1;valid_origin:True;recurrent:False;local:False
137491 139708 1 121 0
137491 139708 2 121 0
137491 139708 3 121 0
137491 139708 4 121 0
137491 139708 5 121 0
137491 139708 6 121 0
137491 139708 7 121 0
137491 139708 8 121 0
137491 139708 9 121 0
137491 139708 10 121 0
!leg 17310 22051 10 0 49 attackers:17310;victims:22051;type:1;valid_origin:True;recurrent:False;local:False
17310 22051 1 49 0
17310 22051 2 49 0
17310 22051 3 49 0
17310 22051 4 49 0
17310 22051 5 49 0
17310 22051 6 49 0
17310 22051 7 49 0
17310 22051 8 49 0
17310 22051 9 49 0
17310 22051 10 49 0
!sus 49760 57588 4 6 31 attackers:57588;victims:49760;type:1;valid_origin:False;recurrent:True;local:False
49760 57588 1 31 0
49760 57588 2 31 0
49760 57588 3 0 31
49760 57588 4 31 0
49760 57588 5 0 31
49760 57588 6 31 0
49760 57588 7 0 31
49760 57588 8 0 31
49760 57588 9 0 31
49760 57588 10 0 31
!sus 7854 8854 2 8 33 attackers:8854;victims:8854;type:2;valid_origin:True;recurrent:False;local:False
7854 8854 1 33 0
7854 8854 2 30 3
7854 8854 3 4 29
7854 8854 4 2 31
7854 8854 5 0 33
7854 8854 6 4 29
7854 8854 7 0 33
7854 8854 8 0 33
7854 8854 9 5 28
7854 8854 10 0 33
!leg 64496 136027 10 0 3 attackers:64496;victims:136027;type:1;valid_origin:True;recurrent:True;local:False
64496 136027 1 2 1
64496 136027 2 3 0
64496 136027 3 3 0
64496 136027 4 3 0
64496 136027 5 3 0
64496 136027 6 3 0
64496 136027 7 3 0
64496 136027 8 3 0
64496 136027 9 3 0
64496 136027 10 3 0
!leg 8309 25668 10 0 1 attackers:8309;victims:25668;type:1;valid_origin:True;recurrent:False;local:False
8309 25668 1 1 0
8309 25668 2 1 0
8309 25668 3 1 0
8309 25668 4 1 0
8309 25668 5 1 0
8309 25668 6 1 0
8309 25668 7 1 0
8309 25668 8 1 0
8309 25668 9 1 0
8309 25668 10 1 0
!sus 5 142558 2 8 2 attackers:142558;victims:5;type:1;valid_origin:True;recurrent:True;local:False
5 142558 1 0 2
5 142558 2 0 2
5 142558 3 0 2
5 142558 4 0 2
5 142558 5 0 2
5 142558 6 0 2
5 142558 7 0 2
5 142558 8 2 0
5 142558 9 1 1
5 142558 10 2 0
!leg 17922 45298 10 0 164 attackers:45298;victims:38500;type:2;valid_origin:True;recurrent:False;local:False
17922 45298 1 164 0
17922 45298 2 164 0
17922 45298 3 164 0
17922 45298 4 164 0
17922 45298 5 164 0
17922 45298 6 164 0
17922 45298 7 164 0
17922 45298 8 164 0
17922 45298 9 164 0
17922 45298 10 164 0
!leg 34549 211364 10 0 4 attackers:34549;victims:211364;type:1;valid_origin:True;recurrent:False;local:False
34549 211364 1 4 0
34549 211364 2 4 0
34549 211364 3 4 0
34549 211364 4 4 0
34549 211364 5 4 0
34549 211364 6 4 0
34549 211364 7 4 0
34549 211364 8 4 0
34549 211364 9 4 0
34549 211364 10 4 0
!leg 29632 31287 10 0 48 attackers:31287;victims:31451;type:2;valid_origin:True;recurrent:False;local:False
29632 31287 1 48 0
29632 31287 2 48 0
29632 31287 3 48 0
29632 31287 4 48 0
29632 31287 5 48 0
29632 31287 6 48 0
29632 31287 7 48 0
29632 31287 8 48 0
29632 31287 9 48 0
29632 31287 10 48 0
!leg 45352 134066 10 0 298 attackers:45352;victims:134066;type:1;valid_origin:True;recurrent:False;local:False
45352 134066 1 184 114
45352 134066 2 263 35
45352 134066 3 219 79
45352 134066 4 286 12
45352 134066 5 279 19
45352 134066 6 293 5
45352 134066 7 287 11
45352 134066 8 293 5
45352 134066 9 293 5
45352 134066 10 293 5
!sus 1680 28663 0 10 4 attackers:28663;victims:13335;type:2;valid_origin:True;recurrent:True;local:False
1680 28663 1 0 4
1680 28663 2 0 4
1680 28663 3 0 4
1680 28663 4 0 4
1680 28663 5 0 4
1680 28663 6 0 4
1680 28663 7 0 4
1680 28663 8 0 4
1680 28663 9 0 4
1680 28663 10 0 4
!leg 17378 397794 10 0 125 attackers:17378;victims:397794;type:1;valid_origin:True;recurrent:False;local:False
17378 397794 1 125 0
17378 397794 2 125 0
17378 397794 3 125 0
17378 397794 4 125 0
17378 397794 5 125 0
17378 397794 6 125 0
17378 397794 7 125 0
17378 397794 8 125 0
17378 397794 9 125 0
17378 397794 10 125 0
!leg 58299 210445 10 0 1 attackers:58299;victims:210445;type:1;valid_origin:True;recurrent:False;local:True
58299 210445 1 1 0
58299 210445 2 1 0
58299 210445 3 1 0
58299 210445 4 1 0
58299 210445 5 1 0
58299 210445 6 1 0
58299 210445 7 1 0
58299 210445 8 1 0
58299 210445 9 1 0
58299 210445 10 1 0
!sus 7586 38324 0 10 5 attackers:7586;victims:38324;type:1;valid_origin:True;recurrent:True;local:False
7586 38324 1 0 5
7586 38324 2 0 5
7586 38324 3 0 5
7586 38324 4 0 5
7586 38324 5 0 5
7586 38324 6 0 5
7586 38324 7 0 5
7586 38324 8 0 5
7586 38324 9 0 5
7586 38324 10 0 5
!sus 5 138149 0 10 51 attackers:138149;victims:5;type:1;valid_origin:False;recurrent:True;local:False
5 138149 1 0 51
5 138149 2 0 51
5 138149 3 0 51
5 138149 4 0 51
5 138149 5 0 51
5 138149 6 0 51
5 138149 7 0 51
5 138149 8 0 51
5 138149 9 0 51
5 138149 10 0 51
!leg 61573 271692 10 0 1 attackers:61573;victims:268038;type:2;valid_origin:True;recurrent:False;local:True
61573 271692 1 1 0
61573 271692 2 1 0
61573 271692 3 1 0
61573 271692 4 1 0
61573 271692 5 1 0
61573 271692 6 1 0
61573 271692 7 1 0
61573 271692 8 1 0
61573 271692 9 1 0
61573 271692 10 1 0
!sus 135395 207852 8 2 107 attackers:135395;victims:207852;type:1;valid_origin:True;recurrent:True;local:False
135395 207852 1 2 105
135395 207852 2 22 85
135395 207852 3 54 53
135395 207852 4 83 24
135395 207852 5 105 2
135395 207852 6 105 2
135395 207852 7 105 2
135395 207852 8 107 0
135395 207852 9 107 0
135395 207852 10 107 0
!leg 35574 200780 10 0 2 attackers:200780;victims:61315,35574;type:1,2;valid_origin:True;recurrent:False;local:False
35574 200780 1 2 0
35574 200780 2 2 0
35574 200780 3 2 0
35574 200780 4 2 0
35574 200780 5 2 0
35574 200780 6 2 0
35574 200780 7 2 0
35574 200780 8 2 0
35574 200780 9 2 0
35574 200780 10 2 0
!leg 17557 29838 10 0 1 attackers:29838;victims:17557;type:1;valid_origin:True;recurrent:False;local:False
17557 29838 1 1 0
17557 29838 2 1 0
17557 29838 3 1 0
17557 29838 4 1 0
17557 29838 5 1 0
17557 29838 6 1 0
17557 29838 7 1 0
17557 29838 8 1 0
17557 29838 9 1 0
17557 29838 10 1 0
!leg 34549 262761 10 0 11 attackers:34549;victims:264585,271302;type:2,3;valid_origin:True;recurrent:True;local:False
34549 262761 1 11 0
34549 262761 2 11 0
34549 262761 3 11 0
34549 262761 4 11 0
34549 262761 5 11 0
34549 262761 6 11 0
34549 262761 7 11 0
34549 262761 8 11 0
34549 262761 9 11 0
34549 262761 10 11 0
!sus 51861 200533 8 2 72 attackers:51861;victims:31451;type:3,4,5,7;valid_origin:True;recurrent:False;local:False
51861 200533 1 0 72
51861 200533 2 0 72
51861 200533 3 48 24
51861 200533 4 69 3
51861 200533 5 62 10
51861 200533 6 69 3
51861 200533 7 69 3
51861 200533 8 69 3
51861 200533 9 69 3
51861 200533 10 69 3
!sus 26342 30337 0 10 5 attackers:26342;victims:30337;type:1;valid_origin:True;recurrent:True;local:False
26342 30337 1 0 5
26342 30337 2 0 5
26342 30337 3 0 5
26342 30337 4 0 5
26342 30337 5 0 5
26342 30337 6 0 5
26342 30337 7 0 5
26342 30337 8 0 5
26342 30337 9 0 5
26342 30337 10 0 5
!sus 28305 268145 5 5 55 attackers:28305;victims:268145;type:1;valid_origin:True;recurrent:True;local:False
28305 268145 1 0 55
28305 268145 2 7 48
28305 268145 3 8 47
28305 268145 4 7 48
28305 268145 5 31 24
28305 268145 6 26 29
28305 268145 7 37 18
28305 268145 8 30 25
28305 268145 9 44 11
28305 268145 10 55 0
!leg 268788 272210 10 0 1 attackers:268788;victims:272210;type:1;valid_origin:True;recurrent:False;local:False
268788 272210 1 1 0
268788 272210 2 1 0
268788 272210 3 1 0
268788 272210 4 1 0
268788 272210 5 1 0
268788 272210 6 1 0
268788 272210 7 1 0
268788 272210 8 1 0
268788 272210 9 1 0
268788 272210 10 1 0
!leg 211088 211398 10 0 10 attackers:211398;victims:211088;type:1;valid_origin:True;recurrent:False;local:False
211088 211398 1 9 1
211088 211398 2 9 1
211088 211398 3 10 0
211088 211398 4 10 0
211088 211398 5 10 0
211088 211398 6 10 0
211088 211398 7 10 0
211088 211398 8 10 0
211088 211398 9 10 0
211088 211398 10 10 0
!sus 208293 210016 2 8 2 attackers:208293;victims:210016;type:1;valid_origin:False;recurrent:True;local:False
208293 210016 1 2 0
208293 210016 2 2 0
208293 210016 3 0 2
208293 210016 4 1 1
208293 210016 5 0 2
208293 210016 6 0 2
208293 210016 7 0 2
208293 210016 8 0 2
208293 210016 9 0 2
208293 210016 10 0 2
!leg 17378 19209 10 0 28 attackers:17378;victims:19209;type:1;valid_origin:True;recurrent:False;local:False
17378 19209 1 28 0
17378 19209 2 28 0
17378 19209 3 28 0
17378 19209 4 28 0
17378 19209 5 28 0
17378 19209 6 28 0
17378 19209 7 28 0
17378 19209 8 28 0
17378 19209 9 28 0
17378 19209 10 28 0
!sus 28225 263295 2 8 7 attackers:28225;victims:263295;type:1;valid_origin:True;recurrent:True;local:False
28225 263295 1 1 6
28225 263295 2 1 6
28225 263295 3 2 5
28225 263295 4 2 5
28225 263295 5 2 5
28225 263295 6 2 5
28225 263295 7 2 5
28225 263295 8 7 0
28225 263295 9 2 5
28225 263295 10 7 0
!leg 23367 399132 10 0 14 attackers:23367;victims:399132;type:1;valid_origin:True;recurrent:False;local:False
23367 399132 1 14 0
23367 399132 2 14 0
23367 399132 3 14 0
23367 399132 4 14 0
23367 399132 5 14 0
23367 399132 6 14 0
23367 399132 7 14 0
23367 399132 8 14 0
23367 399132 9 14 0
23367 399132 10 14 0
!leg 11207 17378 10 0 60 attackers:17378;victims:11207;type:1;valid_origin:True;recurrent:False;local:False
11207 17378 1 60 0
11207 17378 2 60 0
11207 17378 3 60 0
11207 17378 4 60 0
11207 17378 5 60 0
11207 17378 6 60 0
11207 17378 7 60 0
11207 17378 8 60 0
11207 17378 9 60 0
11207 17378 10 60 0
!leg 8452 51095 10 0 232 attackers:8452;victims:51095;type:1;valid_origin:True;recurrent:False;local:False
8452 51095 1 232 0
8452 51095 2 232 0
8452 51095 3 232 0
8452 51095 4 232 0
8452 51095 5 232 0
8452 51095 6 232 0
8452 51095 7 232 0
8452 51095 8 232 0
8452 51095 9 232 0
8452 51095 10 232 0
!sus 51794 204289 0 10 243 attackers:204289;victims:51794;type:1;valid_origin:True;recurrent:True;local:False
51794 204289 1 6 237
51794 204289 2 16 227
51794 204289 3 14 229
51794 204289 4 17 226
51794 204289 5 17 226
51794 204289 6 19 224
51794 204289 7 18 225
51794 204289 8 19 224
51794 204289 9 18 225
51794 204289 10 18 225
!sus 15169 28305 3 7 9 attackers:28305;victims:15169;type:1;valid_origin:True;recurrent:True;local:False
15169 28305 1 0 9
15169 28305 2 0 9
15169 28305 3 3 6
15169 28305 4 2 7
15169 28305 5 3 6
15169 28305 6 3 6
15169 28305 7 4 5
15169 28305 8 5 4
15169 28305 9 5 4
15169 28305 10 6 3
!leg 17113 399612 10 0 1 attackers:17113;victims:399612;type:1;valid_origin:True;recurrent:False;local:False
17113 399612 1 1 0
17113 399612 2 1 0
17113 399612 3 1 0
17113 399612 4 1 0
17113 399612 5 1 0
17113 399612 6 1 0
17113 399612 7 1 0
17113 399612 8 1 0
17113 399612 9 1 0
17113 399612 10 1 0
!sus 52076 210457 0 10 123 attackers:210457;victims:52076;type:1;valid_origin:True;recurrent:True;local:False
52076 210457 1 31 92
52076 210457 2 0 123
52076 210457 3 27 96
52076 210457 4 0 123
52076 210457 5 8 115
52076 210457 6 28 95
52076 210457 7 15 108
52076 210457 8 12 111
52076 210457 9 19 104
52076 210457 10 11 112
!leg 22355 328952 10 0 1 attackers:22355;victims:328952;type:1;valid_origin:True;recurrent:False;local:False
22355 328952 1 1 0
22355 328952 2 1 0
22355 328952 3 1 0
22355 328952 4 1 0
22355 328952 5 1 0
22355 328952 6 1 0
22355 328952 7 1 0
22355 328952 8 1 0
22355 328952 9 1 0
22355 328952 10 1 0
!leg 17378 395382 10 0 119 attackers:17378;victims:395382;type:1;valid_origin:True;recurrent:False;local:False
17378 395382 1 119 0
17378 395382 2 119 0
17378 395382 3 119 0
17378 395382 4 119 0
17378 395382 5 119 0
17378 395382 6 119 0
17378 395382 7 119 0
17378 395382 8 119 0
17378 395382 9 119 0
17378 395382 10 119 0
!sus 141731 149418 4 6 8 attackers:141731;victims:149418;type:1;valid_origin:True;recurrent:True;local:False
141731 149418 1 8 0
141731 149418 2 8 0
141731 149418 3 0 8
141731 149418 4 8 0
141731 149418 5 1 7
141731 149418 6 1 7
141731 149418 7 0 8
141731 149418 8 0 8
141731 149418 9 8 0
141731 149418 10 0 8
!leg 12700 39120 10 0 1 attackers:39120;victims:12700;type:1;valid_origin:True;recurrent:False;local:True
12700 39120 1 1 0
12700 39120 2 1 0
12700 39120 3 1 0
12700 39120 4 1 0
12700 39120 5 1 0
12700 39120 6 1 0
12700 39120 7 1 0
12700 39120 8 1 0
12700 39120 9 1 0
12700 39120 10 1 0
!leg 210445 213045 10 0 1 attackers:213045;victims:210445;type:1;valid_origin:True;recurrent:False;local:True
210445 213045 1 1 0
210445 213045 2 1 0
210445 213045 3 1 0
210445 213045 4 1 0
210445 213045 5 1 0
210445 213045 6 1 0
210445 213045 7 1 0
210445 213045 8 1 0
210445 213045 9 1 0
210445 213045 10 1 0
!leg 3250 24889 10 0 1 attackers:24889;victims:3250;type:1;valid_origin:True;recurrent:False;local:False
3250 24889 1 1 0
3250 24889 2 1 0
3250 24889 3 1 0
3250 24889 4 1 0
3250 24889 5 1 0
3250 24889 6 1 0
3250 24889 7 1 0
3250 24889 8 1 0
3250 24889 9 1 0
3250 24889 10 1 0
