!leg 15960 34872 10 0 1 attackers:34872;victims:15960;type:1;valid_origin:True;recurrent:False;local:False
15960 34872 1 1 0
15960 34872 2 1 0
15960 34872 3 1 0
15960 34872 4 1 0
15960 34872 5 1 0
15960 34872 6 1 0
15960 34872 7 1 0
15960 34872 8 1 0
15960 34872 9 1 0
15960 34872 10 1 0
!leg 37721 37727 10 0 1 attackers:37721;victims:37727;type:1;valid_origin:False;recurrent:False;local:True
37721 37727 1 1 0
37721 37727 2 1 0
37721 37727 3 1 0
37721 37727 4 1 0
37721 37727 5 1 0
37721 37727 6 1 0
37721 37727 7 1 0
37721 37727 8 1 0
37721 37727 9 1 0
37721 37727 10 1 0
!leg 34872 207063 10 0 1 attackers:34872;victims:207063;type:1;valid_origin:True;recurrent:False;local:False
34872 207063 1 1 0
34872 207063 2 1 0
34872 207063 3 1 0
34872 207063 4 1 0
34872 207063 5 1 0
34872 207063 6 1 0
34872 207063 7 1 0
34872 207063 8 1 0
34872 207063 9 1 0
34872 207063 10 1 0
!leg 52781 61595 10 0 1 attackers:61595;victims:52781;type:1;valid_origin:True;recurrent:False;local:False
52781 61595 1 1 0
52781 61595 2 1 0
52781 61595 3 1 0
52781 61595 4 1 0
52781 61595 5 1 0
52781 61595 6 1 0
52781 61595 7 1 0
52781 61595 8 1 0
52781 61595 9 1 0
52781 61595 10 1 0
!leg 202427 202827 10 0 1 attackers:202427;victims:202827;type:1;valid_origin:True;recurrent:False;local:False
202427 202827 1 1 0
202427 202827 2 1 0
202427 202827 3 1 0
202427 202827 4 1 0
202427 202827 5 1 0
202427 202827 6 1 0
202427 202827 7 1 0
202427 202827 8 1 0
202427 202827 9 1 0
202427 202827 10 1 0
!sus 8772 24206 7 3 25 attackers:8772;victims:24206;type:1;valid_origin:True;recurrent:True;local:False
8772 24206 1 2 23
8772 24206 2 2 23
8772 24206 3 5 20
8772 24206 4 24 1
8772 24206 5 25 0
8772 24206 6 25 0
8772 24206 7 25 0
8772 24206 8 25 0
8772 24206 9 25 0
8772 24206 10 25 0
!leg 8544 34309 10 0 1 attackers:34309;victims:8544;type:1;valid_origin:True;recurrent:False;local:False
8544 34309 1 1 0
8544 34309 2 1 0
8544 34309 3 1 0
8544 34309 4 1 0
8544 34309 5 1 0
8544 34309 6 1 0
8544 34309 7 1 0
8544 34309 8 1 0
8544 34309 9 1 0
8544 34309 10 1 0
!leg 34872 203536 10 0 1 attackers:34872;victims:203536;type:1;valid_origin:True;recurrent:False;local:False
34872 203536 1 1 0
34872 203536 2 1 0
34872 203536 3 1 0
34872 203536 4 1 0
34872 203536 5 1 0
34872 203536 6 1 0
34872 203536 7 1 0
34872 203536 8 1 0
34872 203536 9 1 0
34872 203536 10 1 0
!leg 202427 210667 10 0 2 attackers:202427;victims:200969,203967;type:2;valid_origin:True;recurrent:False;local:False
202427 210667 1 2 0
202427 210667 2 2 0
202427 210667 3 2 0
202427 210667 4 2 0
202427 210667 5 2 0
202427 210667 6 2 0
202427 210667 7 2 0
202427 210667 8 2 0
202427 210667 9 2 0
202427 210667 10 2 0
!sus 56655 213316 4 6 1560 attackers:56655;victims:213316;type:1;valid_origin:True;recurrent:True;local:False
56655 213316 1 102 1458
56655 213316 2 156 1404
56655 213316 3 384 1176
56655 213316 4 481 1079
56655 213316 5 685 875
56655 213316 6 711 849
56655 213316 7 923 637
56655 213316 8 819 741
56655 213316 9 1438 122
56655 213316 10 1277 283
!sus 50238 57523 0 10 10 attackers:57523;victims:50238;type:1;valid_origin:True;recurrent:True;local:False
50238 57523 1 0 10
50238 57523 2 0 10
50238 57523 3 0 10
50238 57523 4 0 10
50238 57523 5 0 10
50238 57523 6 0 10
50238 57523 7 0 10
50238 57523 8 0 10
50238 57523 9 0 10
50238 57523 10 0 10
!sus 32787 53184 9 1 1 attackers:53184;victims:2516;type:2;valid_origin:True;recurrent:True;local:False
32787 53184 1 0 1
32787 53184 2 1 0
32787 53184 3 1 0
32787 53184 4 1 0
32787 53184 5 1 0
32787 53184 6 1 0
32787 53184 7 1 0
32787 53184 8 1 0
32787 53184 9 1 0
32787 53184 10 1 0
!leg 202427 205154 10 0 1 attackers:202427;victims:205154;type:1;valid_origin:True;recurrent:False;local:False
202427 205154 1 1 0
202427 205154 2 1 0
202427 205154 3 1 0
202427 205154 4 1 0
202427 205154 5 1 0
202427 205154 6 1 0
202427 205154 7 1 0
202427 205154 8 1 0
202427 205154 9 1 0
202427 205154 10 1 0
!sus 12121 27345 0 10 1 attackers:27345;victims:12121;type:1;valid_origin:True;recurrent:True;local:False
12121 27345 1 0 1
12121 27345 2 0 1
12121 27345 3 0 1
12121 27345 4 0 1
12121 27345 5 0 1
12121 27345 6 0 1
12121 27345 7 0 1
12121 27345 8 0 1
12121 27345 9 0 1
12121 27345 10 0 1
!sus 26434 264344 3 7 2 attackers:264344;victims:264107;type:2;valid_origin:True;recurrent:False;local:False
26434 264344 1 2 0
26434 264344 2 1 1
26434 264344 3 1 1
26434 264344 4 1 1
26434 264344 5 2 0
26434 264344 6 1 1
26434 264344 7 2 0
26434 264344 8 1 1
26434 264344 9 1 1
26434 264344 10 1 1
!leg 136918 202427 10 0 1 attackers:202427;victims:136918;type:1;valid_origin:True;recurrent:False;local:False
136918 202427 1 1 0
136918 202427 2 1 0
136918 202427 3 1 0
136918 202427 4 1 0
136918 202427 5 1 0
136918 202427 6 1 0
136918 202427 7 1 0
136918 202427 8 1 0
136918 202427 9 1 0
136918 202427 10 1 0
!leg 20562 31673 10 0 1 attackers:20562;victims:31673;type:1;valid_origin:True;recurrent:False;local:False
20562 31673 1 1 0
20562 31673 2 1 0
20562 31673 3 1 0
20562 31673 4 1 0
20562 31673 5 1 0
20562 31673 6 1 0
20562 31673 7 1 0
20562 31673 8 1 0
20562 31673 9 1 0
20562 31673 10 1 0
!sus 16552 34872 5 5 1 attackers:34872;victims:16552;type:1;valid_origin:True;recurrent:True;local:False
16552 34872 1 0 1
16552 34872 2 0 1
16552 34872 3 0 1
16552 34872 4 0 1
16552 34872 5 0 1
16552 34872 6 1 0
16552 34872 7 1 0
16552 34872 8 1 0
16552 34872 9 1 0
16552 34872 10 1 0
!sus 50058 213367 6 4 11 attackers:50058;victims:213367;type:1;valid_origin:True;recurrent:True;local:False
50058 213367 1 0 11
50058 213367 2 0 11
50058 213367 3 0 11
50058 213367 4 9 2
50058 213367 5 8 3
50058 213367 6 4 7
50058 213367 7 8 3
50058 213367 8 11 0
50058 213367 9 10 1
50058 213367 10 11 0
!leg 202427 202952 10 0 1 attackers:202427;victims:202952;type:1;valid_origin:True;recurrent:False;local:False
202427 202952 1 1 0
202427 202952 2 1 0
202427 202952 3 1 0
202427 202952 4 1 0
202427 202952 5 1 0
202427 202952 6 1 0
202427 202952 7 1 0
202427 202952 8 1 0
202427 202952 9 1 0
202427 202952 10 1 0
!leg 201723 202427 10 0 1 attackers:202427;victims:201723;type:1;valid_origin:True;recurrent:False;local:False
201723 202427 1 1 0
201723 202427 2 1 0
201723 202427 3 1 0
201723 202427 4 1 0
201723 202427 5 1 0
201723 202427 6 1 0
201723 202427 7 1 0
201723 202427 8 1 0
201723 202427 9 1 0
201723 202427 10 1 0
!leg 34872 206141 10 0 1 attackers:34872;victims:206141;type:1;valid_origin:True;recurrent:False;local:False
34872 206141 1 1 0
34872 206141 2 1 0
34872 206141 3 1 0
34872 206141 4 1 0
34872 206141 5 1 0
34872 206141 6 1 0
34872 206141 7 1 0
34872 206141 8 1 0
34872 206141 9 1 0
34872 206141 10 1 0
!sus 9886 49304 5 5 14 attackers:49304;victims:9886;type:1;valid_origin:True;recurrent:True;local:False
9886 49304 1 1 13
9886 49304 2 1 13
9886 49304 3 4 10
9886 49304 4 6 8
9886 49304 5 6 8
9886 49304 6 8 6
9886 49304 7 8 6
9886 49304 8 11 3
9886 49304 9 10 4
9886 49304 10 12 2
!leg 8928 51407 10 0 1 attackers:8928;victims:51440;type:2;valid_origin:True;recurrent:False;local:False
8928 51407 1 1 0
8928 51407 2 1 0
8928 51407 3 1 0
8928 51407 4 1 0
8928 51407 5 1 0
8928 51407 6 1 0
8928 51407 7 1 0
8928 51407 8 1 0
8928 51407 9 1 0
8928 51407 10 1 0
!leg 20473 328112 10 0 1 attackers:328112;victims:47065;type:2;valid_origin:True;recurrent:False;local:False
20473 328112 1 1 0
20473 328112 2 1 0
20473 328112 3 1 0
20473 328112 4 1 0
20473 328112 5 1 0
20473 328112 6 1 0
20473 328112 7 1 0
20473 328112 8 1 0
20473 328112 9 1 0
20473 328112 10 1 0
!sus 8866 51859 9 1 15 attackers:8866;victims:51859;type:1;valid_origin:True;recurrent:True;local:False
8866 51859 1 0 15
8866 51859 2 10 5
8866 51859 3 13 2
8866 51859 4 14 1
8866 51859 5 14 1
8866 51859 6 15 0
8866 51859 7 15 0
8866 51859 8 15 0
8866 51859 9 15 0
8866 51859 10 15 0
!leg 202427 209718 10 0 1 attackers:202427;victims:209718;type:1;valid_origin:True;recurrent:False;local:False
202427 209718 1 1 0
202427 209718 2 1 0
202427 209718 3 1 0
202427 209718 4 1 0
202427 209718 5 1 0
202427 209718 6 1 0
202427 209718 7 1 0
202427 209718 8 1 0
202427 209718 9 1 0
202427 209718 10 1 0
!leg 17639 37727 10 0 5 attackers:17639;victims:32021,29614,37727,30997,327944;type:1,2;valid_origin:False;recurrent:False;local:True
17639 37727 1 5 0
17639 37727 2 5 0
17639 37727 3 5 0
17639 37727 4 5 0
17639 37727 5 5 0
17639 37727 6 5 0
17639 37727 7 5 0
17639 37727 8 5 0
17639 37727 9 5 0
17639 37727 10 5 0
!sus 3 272054 5 5 7 attackers:3;victims:272054;type:1;valid_origin:True;recurrent:True;local:False
3 272054 1 0 7
3 272054 2 0 7
3 272054 3 0 7
3 272054 4 0 7
3 272054 5 0 7
3 272054 6 4 3
3 272054 7 6 1
3 272054 8 4 3
3 272054 9 5 2
3 272054 10 7 0
!leg 29075 37727 10 0 10 attackers:29075;victims:32021,29614,37727,30997,327944;type:1,2;valid_origin:False;recurrent:False;local:False
29075 37727 1 10 0
29075 37727 2 10 0
29075 37727 3 10 0
29075 37727 4 10 0
29075 37727 5 10 0
29075 37727 6 10 0
29075 37727 7 10 0
29075 37727 8 10 0
29075 37727 9 10 0
29075 37727 10 10 0
!sus 1273 42385 0 10 4 attackers:1273;victims:42385;type:1;valid_origin:True;recurrent:True;local:False
1273 42385 1 0 4
1273 42385 2 0 4
1273 42385 3 0 4
1273 42385 4 0 4
1273 42385 5 0 4
1273 42385 6 0 4
1273 42385 7 0 4
1273 42385 8 0 4
1273 42385 9 2 2
1273 42385 10 2 2
!sus 46962 59796 6 4 43 attackers:59796;victims:46962;type:1;valid_origin:True;recurrent:True;local:False
46962 59796 1 0 43
46962 59796 2 0 43
46962 59796 3 0 43
46962 59796 4 0 43
46962 59796 5 22 21
46962 59796 6 30 13
46962 59796 7 36 7
46962 59796 8 31 12
46962 59796 9 29 14
46962 59796 10 29 14
!sus 29966 396828 3 7 11 attackers:396828;victims:29966;type:1;valid_origin:True;recurrent:True;local:False
29966 396828 1 5 6
29966 396828 2 6 5
29966 396828 3 6 5
29966 396828 4 5 6
29966 396828 5 3 8
29966 396828 6 4 7
29966 396828 7 7 4
29966 396828 8 3 8
29966 396828 9 2 9
29966 396828 10 2 9
!leg 15169 202427 10 0 1 attackers:202427;victims:15169;type:1;valid_origin:True;recurrent:False;local:False
15169 202427 1 1 0
15169 202427 2 1 0
15169 202427 3 1 0
15169 202427 4 1 0
15169 202427 5 1 0
15169 202427 6 1 0
15169 202427 7 1 0
15169 202427 8 1 0
15169 202427 9 1 0
15169 202427 10 1 0
!leg 16397 22250 10 0 1 attackers:16397;victims:22250;type:1;valid_origin:True;recurrent:False;local:False
16397 22250 1 1 0
16397 22250 2 1 0
16397 22250 3 1 0
16397 22250 4 1 0
16397 22250 5 1 0
16397 22250 6 1 0
16397 22250 7 1 0
16397 22250 8 1 0
16397 22250 9 1 0
16397 22250 10 1 0
!sus 37100 329021 8 2 6 attackers:37100;victims:329021;type:1;valid_origin:True;recurrent:True;local:False
37100 329021 1 0 6
37100 329021 2 3 3
37100 329021 3 6 0
37100 329021 4 5 1
37100 329021 5 6 0
37100 329021 6 6 0
37100 329021 7 6 0
37100 329021 8 6 0
37100 329021 9 6 0
37100 329021 10 6 0
!sus 49304 201217 9 1 18 attackers:49304;victims:201217;type:1;valid_origin:True;recurrent:True;local:False
49304 201217 1 7 11
49304 201217 2 14 4
49304 201217 3 16 2
49304 201217 4 16 2
49304 201217 5 16 2
49304 201217 6 17 1
49304 201217 7 17 1
49304 201217 8 17 1
49304 201217 9 18 0
49304 201217 10 18 0
!sus 44477 49434 7 3 52 attackers:49434;victims:44477;type:1;valid_origin:True;recurrent:True;local:False
44477 49434 1 3 49
44477 49434 2 23 29
44477 49434 3 25 27
44477 49434 4 43 9
44477 49434 5 47 5
44477 49434 6 50 2
44477 49434 7 50 2
44477 49434 8 51 1
44477 49434 9 49 3
44477 49434 10 50 2
!leg 202427 210387 10 0 1 attackers:202427;victims:210387;type:1;valid_origin:True;recurrent:False;local:False
202427 210387 1 1 0
202427 210387 2 1 0
202427 210387 3 1 0
202427 210387 4 1 0
202427 210387 5 1 0
202427 210387 6 1 0
202427 210387 7 1 0
202427 210387 8 1 0
202427 210387 9 1 0
202427 210387 10 1 0
!leg 61595 264301 10 0 2 attackers:61595;victims:271496,264301;type:1,2;valid_origin:True;recurrent:False;local:False
61595 264301 1 2 0
61595 264301 2 2 0
61595 264301 3 2 0
61595 264301 4 2 0
61595 264301 5 2 0
61595 264301 6 2 0
61595 264301 7 2 0
61595 264301 8 2 0
61595 264301 9 2 0
61595 264301 10 2 0
!sus 56630 202673 0 10 12 attackers:56630;victims:202673;type:1;valid_origin:True;recurrent:True;local:False
56630 202673 1 0 12
56630 202673 2 0 12
56630 202673 3 0 12
56630 202673 4 0 12
56630 202673 5 0 12
56630 202673 6 0 12
56630 202673 7 0 12
56630 202673 8 0 12
56630 202673 9 0 12
56630 202673 10 0 12
!sus 17439 60664 0 10 15 attackers:17439;victims:60664;type:1;valid_origin:True;recurrent:True;local:False
17439 60664 1 0 15
17439 60664 2 0 15
17439 60664 3 0 15
17439 60664 4 0 15
17439 60664 5 0 15
17439 60664 6 0 15
17439 60664 7 0 15
17439 60664 8 0 15
17439 60664 9 0 15
17439 60664 10 2 13
!leg 37727 50300 10 0 5 attackers:50300;victims:32021,29614,37727,30997,327944;type:1,2;valid_origin:False;recurrent:False;local:True
37727 50300 1 5 0
37727 50300 2 5 0
37727 50300 3 5 0
37727 50300 4 5 0
37727 50300 5 5 0
37727 50300 6 5 0
37727 50300 7 5 0
37727 50300 8 5 0
37727 50300 9 5 0
37727 50300 10 5 0
!leg 202427 210890 10 0 1 attackers:202427;victims:210890;type:1;valid_origin:True;recurrent:False;local:False
202427 210890 1 1 0
202427 210890 2 1 0
202427 210890 3 1 0
202427 210890 4 1 0
202427 210890 5 1 0
202427 210890 6 1 0
202427 210890 7 1 0
202427 210890 8 1 0
202427 210890 9 1 0
202427 210890 10 1 0
!sus 49304 211946 0 10 12 attackers:49304;victims:211946;type:1;valid_origin:True;recurrent:True;local:False
49304 211946 1 0 12
49304 211946 2 0 12
49304 211946 3 0 12
49304 211946 4 0 12
49304 211946 5 1 11
49304 211946 6 1 11
49304 211946 7 1 11
49304 211946 8 1 11
49304 211946 9 1 11
49304 211946 10 1 11
!sus 18103 131728 9 1 11 attackers:131728;victims:18103;type:1;valid_origin:True;recurrent:True;local:False
18103 131728 1 2 9
18103 131728 2 6 5
18103 131728 3 9 2
18103 131728 4 10 1
18103 131728 5 10 1
18103 131728 6 10 1
18103 131728 7 10 1
18103 131728 8 11 0
18103 131728 9 11 0
18103 131728 10 10 1
!leg 8804 34872 10 0 1 attackers:34872;victims:8804;type:1;valid_origin:True;recurrent:False;local:False
8804 34872 1 1 0
8804 34872 2 1 0
8804 34872 3 1 0
8804 34872 4 1 0
8804 34872 5 1 0
8804 34872 6 1 0
8804 34872 7 1 0
8804 34872 8 1 0
8804 34872 9 1 0
8804 34872 10 1 0
!leg 28661 265147 10 0 145 attackers:28661;victims:52759;type:4;valid_origin:True;recurrent:False;local:False
28661 265147 1 145 0
28661 265147 2 145 0
28661 265147 3 145 0
28661 265147 4 145 0
28661 265147 5 145 0
28661 265147 6 145 0
28661 265147 7 145 0
28661 265147 8 145 0
28661 265147 9 145 0
28661 265147 10 145 0
!leg 33353 34872 10 0 1 attackers:34872;victims:33353;type:1;valid_origin:True;recurrent:False;local:False
33353 34872 1 1 0
33353 34872 2 1 0
33353 34872 3 1 0
33353 34872 4 1 0
33353 34872 5 1 0
33353 34872 6 1 0
33353 34872 7 1 0
33353 34872 8 1 0
33353 34872 9 1 0
33353 34872 10 1 0
!sus 49870 393644 0 10 10 attackers:393644;victims:49870;type:1;valid_origin:True;recurrent:True;local:False
49870 393644 1 0 10
49870 393644 2 0 10
49870 393644 3 0 10
49870 393644 4 0 10
49870 393644 5 0 10
49870 393644 6 0 10
49870 393644 7 0 10
49870 393644 8 0 10
49870 393644 9 0 10
49870 393644 10 1 9
!sus 4549 11664 5 5 9 attackers:11664;victims:4549;type:1;valid_origin:True;recurrent:True;local:False
4549 11664 1 0 9
4549 11664 2 0 9
4549 11664 3 0 9
4549 11664 4 0 9
4549 11664 5 6 3
4549 11664 6 3 6
4549 11664 7 6 3
4549 11664 8 5 4
4549 11664 9 6 3
4549 11664 10 6 3
!leg 13786 37727 10 0 15 attackers:13786;victims:32021,29614,37727,30997,327944;type:1,2;valid_origin:False;recurrent:False;local:False
13786 37727 1 15 0
13786 37727 2 15 0
13786 37727 3 15 0
13786 37727 4 15 0
13786 37727 5 15 0
13786 37727 6 15 0
13786 37727 7 15 0
13786 37727 8 15 0
13786 37727 9 15 0
13786 37727 10 15 0
!sus 34872 212488 8 2 1 attackers:34872;victims:212488;type:1;valid_origin:True;recurrent:True;local:False
34872 212488 1 0 1
34872 212488 2 0 1
34872 212488 3 1 0
34872 212488 4 1 0
34872 212488 5 1 0
34872 212488 6 1 0
34872 212488 7 1 0
34872 212488 8 1 0
34872 212488 9 1 0
34872 212488 10 1 0
!sus 141130 141639 0 10 8 attackers:141639;victims:141130;type:1;valid_origin:True;recurrent:True;local:False
141130 141639 1 0 8
141130 141639 2 0 8
141130 141639 3 0 8
141130 141639 4 0 8
141130 141639 5 0 8
141130 141639 6 0 8
141130 141639 7 3 5
141130 141639 8 0 8
141130 141639 9 2 6
141130 141639 10 2 6
!sus 8360 16397 0 10 13 attackers:16397;victims:8360;type:1;valid_origin:True;recurrent:True;local:False
8360 16397 1 0 13
8360 16397 2 0 13
8360 16397 3 0 13
8360 16397 4 0 13
8360 16397 5 0 13
8360 16397 6 0 13
8360 16397 7 0 13
8360 16397 8 0 13
8360 16397 9 0 13
8360 16397 10 0 13
!leg 34927 202270 10 0 1 attackers:34927;victims:202270;type:1;valid_origin:True;recurrent:False;local:False
34927 202270 1 1 0
34927 202270 2 1 0
34927 202270 3 1 0
34927 202270 4 1 0
34927 202270 5 1 0
34927 202270 6 1 0
34927 202270 7 1 0
34927 202270 8 1 0
34927 202270 9 1 0
34927 202270 10 1 0
!sus 5511 35313 9 1 15 attackers:5511;victims:35313;type:1;valid_origin:True;recurrent:True;local:False
5511 35313 1 5 10
5511 35313 2 8 7
5511 35313 3 9 6
5511 35313 4 10 5
5511 35313 5 10 5
5511 35313 6 13 2
5511 35313 7 13 2
5511 35313 8 15 0
5511 35313 9 15 0
5511 35313 10 15 0
!sus 5511 328317 6 4 11 attackers:5511;victims:328317;type:1;valid_origin:True;recurrent:True;local:False
5511 328317 1 1 10
5511 328317 2 2 9
5511 328317 3 2 9
5511 328317 4 4 7
5511 328317 5 6 5
5511 328317 6 8 3
5511 328317 7 8 3
5511 328317 8 8 3
5511 328317 9 8 3
5511 328317 10 8 3
!leg 202427 205929 10 0 1 attackers:202427;victims:205929;type:1;valid_origin:True;recurrent:False;local:False
202427 205929 1 1 0
202427 205929 2 1 0
202427 205929 3 1 0
202427 205929 4 1 0
202427 205929 5 1 0
202427 205929 6 1 0
202427 205929 7 1 0
202427 205929 8 1 0
202427 205929 9 1 0
202427 205929 10 1 0
!leg 52972 61595 10 0 1 attackers:61595;victims:52972;type:1;valid_origin:True;recurrent:False;local:False
52972 61595 1 1 0
52972 61595 2 1 0
52972 61595 3 1 0
52972 61595 4 1 0
52972 61595 5 1 0
52972 61595 6 1 0
52972 61595 7 1 0
52972 61595 8 1 0
52972 61595 9 1 0
52972 61595 10 1 0
!sus 207756 208869 0 10 10 attackers:208869;victims:207756;type:1;valid_origin:True;recurrent:True;local:False
207756 208869 1 0 10
207756 208869 2 0 10
207756 208869 3 0 10
207756 208869 4 0 10
207756 208869 5 0 10
207756 208869 6 0 10
207756 208869 7 0 10
207756 208869 8 0 10
207756 208869 9 0 10
207756 208869 10 0 10
!sus 13335 39107 7 3 1 attackers:39107;victims:13335;type:1;valid_origin:True;recurrent:True;local:False
13335 39107 1 0 1
13335 39107 2 0 1
13335 39107 3 0 1
13335 39107 4 1 0
13335 39107 5 1 0
13335 39107 6 1 0
13335 39107 7 1 0
13335 39107 8 1 0
13335 39107 9 1 0
13335 39107 10 1 0
!sus 149522 150414 0 10 12 attackers:149522;victims:150414;type:1;valid_origin:True;recurrent:True;local:False
149522 150414 1 0 12
149522 150414 2 0 12
149522 150414 3 0 12
149522 150414 4 0 12
149522 150414 5 0 12
149522 150414 6 0 12
149522 150414 7 0 12
149522 150414 8 0 12
149522 150414 9 0 12
149522 150414 10 0 12
!leg 34872 41692 10 0 4 attackers:34872;victims:15987,47347,8820,41692;type:1,2,3;valid_origin:True;recurrent:False;local:False
34872 41692 1 4 0
34872 41692 2 4 0
34872 41692 3 4 0
34872 41692 4 4 0
34872 41692 5 4 0
34872 41692 6 4 0
34872 41692 7 4 0
34872 41692 8 4 0
34872 41692 9 4 0
34872 41692 10 4 0
!sus 58819 137314 0 10 11 attackers:58819;victims:137314;type:1;valid_origin:True;recurrent:True;local:False
58819 137314 1 0 11
58819 137314 2 0 11
58819 137314 3 0 11
58819 137314 4 0 11
58819 137314 5 0 11
58819 137314 6 0 11
58819 137314 7 0 11
58819 137314 8 0 11
58819 137314 9 0 11
58819 137314 10 0 11
!sus 44570 202218 8 2 40 attackers:44570;victims:202218;type:1;valid_origin:True;recurrent:True;local:False
44570 202218 1 12 28
44570 202218 2 15 25
44570 202218 3 21 19
44570 202218 4 34 6
44570 202218 5 27 13
44570 202218 6 35 5
44570 202218 7 35 5
44570 202218 8 37 3
44570 202218 9 39 1
44570 202218 10 37 3
!sus 61317 266795 8 2 60 attackers:61317;victims:266795;type:1;valid_origin:True;recurrent:True;local:False
61317 266795 1 8 52
61317 266795 2 21 39
61317 266795 3 32 28
61317 266795 4 49 11
61317 266795 5 46 14
61317 266795 6 49 11
61317 266795 7 55 5
61317 266795 8 57 3
61317 266795 9 53 7
61317 266795 10 56 4
!sus 142289 201412 6 4 176 attackers:142289;victims:201412;type:1;valid_origin:True;recurrent:True;local:False
142289 201412 1 60 116
142289 201412 2 66 110
142289 201412 3 95 81
142289 201412 4 169 7
142289 201412 5 87 89
142289 201412 6 84 92
142289 201412 7 146 30
142289 201412 8 96 80
142289 201412 9 166 10
142289 201412 10 89 87
!sus 34879 49800 9 1 23 attackers:49800;victims:34879;type:1;valid_origin:True;recurrent:True;local:False
34879 49800 1 5 18
34879 49800 2 14 9
34879 49800 3 12 11
34879 49800 4 23 0
34879 49800 5 23 0
34879 49800 6 23 0
34879 49800 7 23 0
34879 49800 8 23 0
34879 49800 9 23 0
34879 49800 10 23 0
!sus 3737 13335 0 10 26 attackers:3737;victims:13335;type:1;valid_origin:True;recurrent:True;local:False
3737 13335 1 0 26
3737 13335 2 1 25
3737 13335 3 0 26
3737 13335 4 5 21
3737 13335 5 6 20
3737 13335 6 6 20
3737 13335 7 6 20
3737 13335 8 8 18
3737 13335 9 6 20
3737 13335 10 8 18
!sus 57152 211612 8 2 11 attackers:57152;victims:211612;type:1;valid_origin:True;recurrent:True;local:False
57152 211612 1 0 11
57152 211612 2 2 9
57152 211612 3 8 3
57152 211612 4 11 0
57152 211612 5 11 0
57152 211612 6 11 0
57152 211612 7 11 0
57152 211612 8 11 0
57152 211612 9 11 0
57152 211612 10 11 0
!sus 264420 269486 0 10 19 attackers:264420;victims:269486;type:1;valid_origin:True;recurrent:True;local:False
264420 269486 1 1 18
264420 269486 2 1 18
264420 269486 3 1 18
264420 269486 4 1 18
264420 269486 5 1 18
264420 269486 6 4 15
264420 269486 7 1 18
264420 269486 8 1 18
264420 269486 9 1 18
264420 269486 10 1 18
!leg 61595 269201 10 0 1 attackers:61595;victims:269201;type:1;valid_origin:True;recurrent:False;local:False
61595 269201 1 1 0
61595 269201 2 1 0
61595 269201 3 1 0
61595 269201 4 1 0
61595 269201 5 1 0
61595 269201 6 1 0
61595 269201 7 1 0
61595 269201 8 1 0
61595 269201 9 1 0
61595 269201 10 1 0
!sus 1828 147061 9 1 1 attackers:1828;victims:147061;type:1;valid_origin:True;recurrent:True;local:True
1828 147061 1 0 1
1828 147061 2 1 0
1828 147061 3 1 0
1828 147061 4 1 0
1828 147061 5 1 0
1828 147061 6 1 0
1828 147061 7 1 0
1828 147061 8 1 0
1828 147061 9 1 0
1828 147061 10 1 0
!leg 201217 202427 10 0 1 attackers:202427;victims:201217;type:1;valid_origin:True;recurrent:False;local:False
201217 202427 1 1 0
201217 202427 2 1 0
201217 202427 3 1 0
201217 202427 4 1 0
201217 202427 5 1 0
201217 202427 6 1 0
201217 202427 7 1 0
201217 202427 8 1 0
201217 202427 9 1 0
201217 202427 10 1 0
!sus 262791 273617 0 10 14 attackers:262791;victims:273617;type:1;valid_origin:True;recurrent:True;local:False
262791 273617 1 1 13
262791 273617 2 0 14
262791 273617 3 1 13
262791 273617 4 0 14
262791 273617 5 0 14
262791 273617 6 0 14
262791 273617 7 1 13
262791 273617 8 0 14
262791 273617 9 0 14
262791 273617 10 0 14
!sus 9 150021 0 10 9 attackers:150021;victims:9;type:1;valid_origin:True;recurrent:True;local:False
9 150021 1 0 9
9 150021 2 0 9
9 150021 3 0 9
9 150021 4 0 9
9 150021 5 0 9
9 150021 6 0 9
9 150021 7 0 9
9 150021 8 0 9
9 150021 9 0 9
9 150021 10 0 9
!sus 60798 207713 7 3 9 attackers:60798;victims:207713;type:1;valid_origin:True;recurrent:True;local:False
60798 207713 1 0 9
60798 207713 2 0 9
60798 207713 3 2 7
60798 207713 4 8 1
60798 207713 5 9 0
60798 207713 6 9 0
60798 207713 7 9 0
60798 207713 8 9 0
60798 207713 9 9 0
60798 207713 10 9 0
!sus 17139 396026 0 10 5 attackers:396026;victims:17139;type:3;valid_origin:True;recurrent:True;local:False
17139 396026 1 0 5
17139 396026 2 0 5
17139 396026 3 0 5
17139 396026 4 0 5
17139 396026 5 0 5
17139 396026 6 0 5
17139 396026 7 0 5
17139 396026 8 0 5
17139 396026 9 0 5
17139 396026 10 0 5
!leg 34872 39063 10 0 1 attackers:34872;victims:29108;type:2;valid_origin:True;recurrent:False;local:False
34872 39063 1 1 0
34872 39063 2 1 0
34872 39063 3 1 0
34872 39063 4 1 0
34872 39063 5 1 0
34872 39063 6 1 0
34872 39063 7 1 0
34872 39063 8 1 0
34872 39063 9 1 0
34872 39063 10 1 0
!leg 213045 213268 10 0 1 attackers:213045;victims:213268;type:1;valid_origin:True;recurrent:False;local:True
213045 213268 1 1 0
213045 213268 2 1 0
213045 213268 3 1 0
213045 213268 4 1 0
213045 213268 5 1 0
213045 213268 6 1 0
213045 213268 7 1 0
213045 213268 8 1 0
213045 213268 9 1 0
213045 213268 10 1 0
!leg 34465 202427 10 0 1 attackers:202427;victims:34465;type:1;valid_origin:True;recurrent:False;local:False
34465 202427 1 1 0
34465 202427 2 1 0
34465 202427 3 1 0
34465 202427 4 1 0
34465 202427 5 1 0
34465 202427 6 1 0
34465 202427 7 1 0
34465 202427 8 1 0
34465 202427 9 1 0
34465 202427 10 1 0
!sus 11338 13786 9 1 1 attackers:13786;victims:11338;type:1;valid_origin:True;recurrent:True;local:False
11338 13786 1 0 1
11338 13786 2 1 0
11338 13786 3 1 0
11338 13786 4 1 0
11338 13786 5 1 0
11338 13786 6 1 0
11338 13786 7 1 0
11338 13786 8 1 0
11338 13786 9 1 0
11338 13786 10 1 0
!sus 61912 269308 9 1 23 attackers:269308;victims:61912;type:1;valid_origin:True;recurrent:True;local:False
61912 269308 1 23 0
61912 269308 2 23 0
61912 269308 3 11 12
61912 269308 4 21 2
61912 269308 5 22 1
61912 269308 6 23 0
61912 269308 7 22 1
61912 269308 8 22 1
61912 269308 9 23 0
61912 269308 10 22 1
!sus 210756 264479 8 2 1 attackers:264479;victims:210756;type:1;valid_origin:True;recurrent:True;local:True
210756 264479 1 0 1
210756 264479 2 0 1
210756 264479 3 1 0
210756 264479 4 1 0
210756 264479 5 1 0
210756 264479 6 1 0
210756 264479 7 1 0
210756 264479 8 1 0
210756 264479 9 1 0
210756 264479 10 1 0
!leg 52694 268131 10 0 3 attackers:52694;victims:269502,268131,270633;type:1,2;valid_origin:True;recurrent:False;local:True
52694 268131 1 3 0
52694 268131 2 3 0
52694 268131 3 3 0
52694 268131 4 3 0
52694 268131 5 3 0
52694 268131 6 3 0
52694 268131 7 3 0
52694 268131 8 3 0
52694 268131 9 3 0
52694 268131 10 3 0
!sus 57142 60984 0 10 96 attackers:57142;victims:60984;type:1;valid_origin:True;recurrent:False;local:False
57142 60984 1 12 84
57142 60984 2 12 84
57142 60984 3 12 84
57142 60984 4 12 84
57142 60984 5 12 84
57142 60984 6 14 82
57142 60984 7 12 84
57142 60984 8 14 82
57142 60984 9 12 84
57142 60984 10 14 82
!sus 3 271988 0 10 1 attackers:3;victims:271988;type:1;valid_origin:True;recurrent:True;local:False
3 271988 1 0 1
3 271988 2 0 1
3 271988 3 0 1
3 271988 4 0 1
3 271988 5 0 1
3 271988 6 0 1
3 271988 7 0 1
3 271988 8 0 1
3 271988 9 0 1
3 271988 10 0 1
!sus 36369 199524 0 10 1 attackers:36369;victims:199524;type:1;valid_origin:True;recurrent:True;local:False
36369 199524 1 0 1
36369 199524 2 0 1
36369 199524 3 0 1
36369 199524 4 0 1
36369 199524 5 0 1
36369 199524 6 0 1
36369 199524 7 0 1
36369 199524 8 0 1
36369 199524 9 0 1
36369 199524 10 0 1
!sus 209 400650 0 10 11 attackers:209;victims:400650;type:1;valid_origin:True;recurrent:True;local:False
209 400650 1 3 8
209 400650 2 3 8
209 400650 3 4 7
209 400650 4 3 8
209 400650 5 0 11
209 400650 6 3 8
209 400650 7 3 8
209 400650 8 1 10
209 400650 9 2 9
209 400650 10 0 11
!leg 61595 262519 10 0 1 attackers:61595;victims:262519;type:1;valid_origin:True;recurrent:False;local:False
61595 262519 1 1 0
61595 262519 2 1 0
61595 262519 3 1 0
61595 262519 4 1 0
61595 262519 5 1 0
61595 262519 6 1 0
61595 262519 7 1 0
61595 262519 8 1 0
61595 262519 9 1 0
61595 262519 10 1 0
!sus 13335 28201 0 10 23 attackers:28201;victims:13335;type:1;valid_origin:True;recurrent:True;local:False
13335 28201 1 0 23
13335 28201 2 0 23
13335 28201 3 0 23
13335 28201 4 0 23
13335 28201 5 0 23
13335 28201 6 0 23
13335 28201 7 0 23
13335 28201 8 0 23
13335 28201 9 0 23
13335 28201 10 0 23
!sus 35619 203888 7 3 142 attackers:35619;victims:203888;type:1;valid_origin:True;recurrent:True;local:False
35619 203888 1 9 133
35619 203888 2 10 132
35619 203888 3 51 91
35619 203888 4 111 31
35619 203888 5 93 49
35619 203888 6 101 41
35619 203888 7 114 28
35619 203888 8 135 7
35619 203888 9 141 1
35619 203888 10 118 24
!sus 39421 204186 0 10 12 attackers:39421;victims:204186;type:1;valid_origin:True;recurrent:True;local:False
39421 204186 1 0 12
39421 204186 2 0 12
39421 204186 3 0 12
39421 204186 4 0 12
39421 204186 5 0 12
39421 204186 6 0 12
39421 204186 7 0 12
39421 204186 8 0 12
39421 204186 9 0 12
39421 204186 10 0 12
!leg 132215 133255 10 0 2 attackers:133255;victims:136356;type:3;valid_origin:True;recurrent:False;local:False
132215 133255 1 2 0
132215 133255 2 2 0
132215 133255 3 2 0
132215 133255 4 2 0
132215 133255 5 2 0
132215 133255 6 2 0
132215 133255 7 2 0
132215 133255 8 2 0
132215 133255 9 2 0
132215 133255 10 2 0
!sus 9232 62853 0 10 21 attackers:62853;victims:9232;type:1;valid_origin:True;recurrent:True;local:False
9232 62853 1 0 21
9232 62853 2 0 21
9232 62853 3 0 21
9232 62853 4 0 21
9232 62853 5 0 21
9232 62853 6 0 21
9232 62853 7 0 21
9232 62853 8 0 21
9232 62853 9 0 21
9232 62853 10 0 21
!sus 1064 149522 0 10 10 attackers:149522;victims:1064;type:1;valid_origin:True;recurrent:True;local:False
1064 149522 1 0 10
1064 149522 2 0 10
1064 149522 3 0 10
1064 149522 4 0 10
1064 149522 5 0 10
1064 149522 6 0 10
1064 149522 7 0 10
1064 149522 8 0 10
1064 149522 9 0 10
1064 149522 10 0 10
!sus 43852 44356 4 6 14 attackers:44356;victims:21050;type:2;valid_origin:True;recurrent:True;local:False
43852 44356 1 1 13
43852 44356 2 2 12
43852 44356 3 2 12
43852 44356 4 2 12
43852 44356 5 2 12
43852 44356 6 9 5
43852 44356 7 8 6
43852 44356 8 7 7
43852 44356 9 9 5
43852 44356 10 14 0
!sus 35432 53013 0 10 1 attackers:53013;victims:13335;type:2;valid_origin:True;recurrent:True;local:False
35432 53013 1 0 1
35432 53013 2 0 1
35432 53013 3 0 1
35432 53013 4 0 1
35432 53013 5 0 1
35432 53013 6 0 1
35432 53013 7 0 1
35432 53013 8 0 1
35432 53013 9 0 1
35432 53013 10 0 1
!leg 202427 209391 10 0 1 attackers:202427;victims:209391;type:1;valid_origin:True;recurrent:False;local:False
202427 209391 1 1 0
202427 209391 2 1 0
202427 209391 3 1 0
202427 209391 4 1 0
202427 209391 5 1 0
202427 209391 6 1 0
202427 209391 7 1 0
202427 209391 8 1 0
202427 209391 9 1 0
202427 209391 10 1 0
!sus 55933 62853 3 7 21 attackers:55933;victims:9232;type:2;valid_origin:True;recurrent:True;local:False
55933 62853 1 2 19
55933 62853 2 0 21
55933 62853 3 2 19
55933 62853 4 3 18
55933 62853 5 2 19
55933 62853 6 6 15
55933 62853 7 14 7
55933 62853 8 6 15
55933 62853 9 13 8
55933 62853 10 12 9
!leg 52716 61595 10 0 1 attackers:61595;victims:52716;type:1;valid_origin:True;recurrent:False;local:False
52716 61595 1 1 0
52716 61595 2 1 0
52716 61595 3 1 0
52716 61595 4 1 0
52716 61595 5 1 0
52716 61595 6 1 0
52716 61595 7 1 0
52716 61595 8 1 0
52716 61595 9 1 0
52716 61595 10 1 0
!leg 61595 262649 10 0 1 attackers:61595;victims:262649;type:1;valid_origin:True;recurrent:False;local:False
61595 262649 1 1 0
61595 262649 2 1 0
61595 262649 3 1 0
61595 262649 4 1 0
61595 262649 5 1 0
61595 262649 6 1 0
61595 262649 7 1 0
61595 262649 8 1 0
61595 262649 9 1 0
61595 262649 10 1 0
!leg 16265 37727 10 0 2 attackers:16265;victims:37727,32021;type:1,2;valid_origin:False;recurrent:False;local:False
16265 37727 1 2 0
16265 37727 2 2 0
16265 37727 3 2 0
16265 37727 4 2 0
16265 37727 5 2 0
16265 37727 6 2 0
16265 37727 7 2 0
16265 37727 8 2 0
16265 37727 9 2 0
16265 37727 10 2 0
!sus 3356 270203 0 10 3 attackers:3356;victims:270103;type:2;valid_origin:True;recurrent:True;local:False
3356 270203 1 0 3
3356 270203 2 0 3
3356 270203 3 0 3
3356 270203 4 0 3
3356 270203 5 0 3
3356 270203 6 0 3
3356 270203 7 0 3
3356 270203 8 0 3
3356 270203 9 0 3
3356 270203 10 0 3
!sus 58955 142565 3 7 20 attackers:58955;victims:142565;type:1;valid_origin:True;recurrent:True;local:False
58955 142565 1 11 9
58955 142565 2 14 6
58955 142565 3 10 10
58955 142565 4 2 18
58955 142565 5 0 20
58955 142565 6 5 15
58955 142565 7 12 8
58955 142565 8 0 20
58955 142565 9 6 14
58955 142565 10 6 14
!sus 46997 54197 0 10 197 attackers:54197;victims:46997;type:1;valid_origin:True;recurrent:True;local:False
46997 54197 1 0 197
46997 54197 2 0 197
46997 54197 3 0 197
46997 54197 4 0 197
46997 54197 5 0 197
46997 54197 6 0 197
46997 54197 7 0 197
46997 54197 8 0 197
46997 54197 9 0 197
46997 54197 10 0 197
!leg 22250 53013 10 0 1 attackers:53013;victims:22250;type:1;valid_origin:True;recurrent:False;local:False
22250 53013 1 1 0
22250 53013 2 1 0
22250 53013 3 1 0
22250 53013 4 1 0
22250 53013 5 1 0
22250 53013 6 1 0
22250 53013 7 1 0
22250 53013 8 1 0
22250 53013 9 1 0
22250 53013 10 1 0
!leg 53142 61595 10 0 2 attackers:61595;victims:53142,52524;type:1,2;valid_origin:True;recurrent:False;local:False
53142 61595 1 2 0
53142 61595 2 2 0
53142 61595 3 2 0
53142 61595 4 2 0
53142 61595 5 2 0
53142 61595 6 2 0
53142 61595 7 2 0
53142 61595 8 2 0
53142 61595 9 2 0
53142 61595 10 2 0
!sus 59796 63516 6 4 6 attackers:63516;victims:133337;type:2;valid_origin:True;recurrent:True;local:False
59796 63516 1 1 5
59796 63516 2 1 5
59796 63516 3 1 5
59796 63516 4 1 5
59796 63516 5 6 0
59796 63516 6 6 0
59796 63516 7 6 0
59796 63516 8 6 0
59796 63516 9 6 0
59796 63516 10 6 0
!leg 41051 42541 10 0 1 attackers:41051;victims:12654;type:2;valid_origin:True;recurrent:False;local:False
41051 42541 1 1 0
41051 42541 2 1 0
41051 42541 3 1 0
41051 42541 4 1 0
41051 42541 5 1 0
41051 42541 6 1 0
41051 42541 7 1 0
41051 42541 8 1 0
41051 42541 9 1 0
41051 42541 10 1 0
!sus 47957 64001 0 10 16 attackers:47957;victims:64001;type:1;valid_origin:True;recurrent:True;local:False
47957 64001 1 0 16
47957 64001 2 1 15
47957 64001 3 3 13
47957 64001 4 1 15
47957 64001 5 5 11
47957 64001 6 5 11
47957 64001 7 5 11
47957 64001 8 5 11
47957 64001 9 5 11
47957 64001 10 5 11
!sus 50058 62309 0 10 112 attackers:50058;victims:62309;type:1;valid_origin:True;recurrent:True;local:False
50058 62309 1 0 112
50058 62309 2 0 112
50058 62309 3 0 112
50058 62309 4 0 112
50058 62309 5 0 112
50058 62309 6 0 112
50058 62309 7 0 112
50058 62309 8 0 112
50058 62309 9 0 112
50058 62309 10 0 112
!sus 20115 64227 8 2 3 attackers:64227;victims:12152;type:2;valid_origin:True;recurrent:False;local:False
20115 64227 1 1 2
20115 64227 2 3 0
20115 64227 3 3 0
20115 64227 4 1 2
20115 64227 5 3 0
20115 64227 6 3 0
20115 64227 7 3 0
20115 64227 8 2 1
20115 64227 9 3 0
20115 64227 10 3 0
!sus 2 199811 0 10 17 attackers:199811;victims:2;type:1;valid_origin:True;recurrent:True;local:False
2 199811 1 0 17
2 199811 2 0 17
2 199811 3 0 17
2 199811 4 0 17
2 199811 5 0 17
2 199811 6 0 17
2 199811 7 0 17
2 199811 8 0 17
2 199811 9 0 17
2 199811 10 0 17
!sus 44570 60391 2 8 28 attackers:44570;victims:60391;type:1;valid_origin:True;recurrent:True;local:False
44570 60391 1 12 16
44570 60391 2 12 16
44570 60391 3 12 16
44570 60391 4 12 16
44570 60391 5 12 16
44570 60391 6 17 11
44570 60391 7 12 16
44570 60391 8 17 11
44570 60391 9 13 15
44570 60391 10 13 15
!sus 11232 13335 0 10 24 attackers:11232;victims:13335;type:1;valid_origin:True;recurrent:True;local:False
11232 13335 1 0 24
11232 13335 2 0 24
11232 13335 3 0 24
11232 13335 4 0 24
11232 13335 5 0 24
11232 13335 6 0 24
11232 13335 7 0 24
11232 13335 8 1 23
11232 13335 9 2 22
11232 13335 10 2 22
!leg 201801 202427 10 0 1 attackers:202427;victims:201801;type:1;valid_origin:True;recurrent:False;local:False
201801 202427 1 1 0
201801 202427 2 1 0
201801 202427 3 1 0
201801 202427 4 1 0
201801 202427 5 1 0
201801 202427 6 1 0
201801 202427 7 1 0
201801 202427 8 1 0
201801 202427 9 1 0
201801 202427 10 1 0
!leg 12571 34872 10 0 1 attackers:34872;victims:12571;type:1;valid_origin:True;recurrent:False;local:False
12571 34872 1 1 0
12571 34872 2 1 0
12571 34872 3 1 0
12571 34872 4 1 0
12571 34872 5 1 0
12571 34872 6 1 0
12571 34872 7 1 0
12571 34872 8 1 0
12571 34872 9 1 0
12571 34872 10 1 0
!sus 149007 202888 0 10 11 attackers:202888;victims:149007;type:1;valid_origin:True;recurrent:True;local:False
149007 202888 1 0 11
149007 202888 2 0 11
149007 202888 3 0 11
149007 202888 4 0 11
149007 202888 5 0 11
149007 202888 6 0 11
149007 202888 7 0 11
149007 202888 8 0 11
149007 202888 9 0 11
149007 202888 10 0 11
!leg 34872 210728 10 0 1 attackers:34872;victims:210728;type:1;valid_origin:True;recurrent:False;local:False
34872 210728 1 1 0
34872 210728 2 1 0
34872 210728 3 1 0
34872 210728 4 1 0
34872 210728 5 1 0
34872 210728 6 1 0
34872 210728 7 1 0
34872 210728 8 1 0
34872 210728 9 1 0
34872 210728 10 1 0
!leg 13247 34872 10 0 5 attackers:34872;victims:51378,13247,212943,207499,25276;type:1,2;valid_origin:True;recurrent:False;local:False
13247 34872 1 5 0
13247 34872 2 5 0
13247 34872 3 5 0
13247 34872 4 5 0
13247 34872 5 5 0
13247 34872 6 5 0
13247 34872 7 5 0
13247 34872 8 5 0
13247 34872 9 5 0
13247 34872 10 5 0
!leg 52766 61595 10 0 1 attackers:61595;victims:52766;type:1;valid_origin:True;recurrent:False;local:False
52766 61595 1 1 0
52766 61595 2 1 0
52766 61595 3 1 0
52766 61595 4 1 0
52766 61595 5 1 0
52766 61595 6 1 0
52766 61595 7 1 0
52766 61595 8 1 0
52766 61595 9 1 0
52766 61595 10 1 0
!leg 10704 61595 10 0 1 attackers:61595;victims:10704;type:1;valid_origin:True;recurrent:False;local:False
10704 61595 1 1 0
10704 61595 2 1 0
10704 61595 3 1 0
10704 61595 4 1 0
10704 61595 5 1 0
10704 61595 6 1 0
10704 61595 7 1 0
10704 61595 8 1 0
10704 61595 9 1 0
10704 61595 10 1 0
!leg 51409 62240 10 0 1 attackers:62240;victims:51409;type:1;valid_origin:True;recurrent:False;local:False
51409 62240 1 1 0
51409 62240 2 1 0
51409 62240 3 1 0
51409 62240 4 1 0
51409 62240 5 1 0
51409 62240 6 1 0
51409 62240 7 1 0
51409 62240 8 1 0
51409 62240 9 1 0
51409 62240 10 1 0
!leg 34872 201962 10 0 1 attackers:34872;victims:201962;type:1;valid_origin:True;recurrent:False;local:False
34872 201962 1 1 0
34872 201962 2 1 0
34872 201962 3 1 0
34872 201962 4 1 0
34872 201962 5 1 0
34872 201962 6 1 0
34872 201962 7 1 0
34872 201962 8 1 0
34872 201962 9 1 0
34872 201962 10 1 0
!sus 24768 212609 8 2 355 attackers:24768;victims:212609;type:1;valid_origin:True;recurrent:True;local:False
24768 212609 1 0 355
24768 212609 2 39 316
24768 212609 3 186 169
24768 212609 4 333 22
24768 212609 5 353 2
24768 212609 6 355 0
24768 212609 7 355 0
24768 212609 8 353 2
24768 212609 9 345 10
24768 212609 10 355 0
!leg 52694 266260 10 0 1 attackers:52694;victims:266260;type:1;valid_origin:True;recurrent:False;local:True
52694 266260 1 1 0
52694 266260 2 1 0
52694 266260 3 1 0
52694 266260 4 1 0
52694 266260 5 1 0
52694 266260 6 1 0
52694 266260 7 1 0
52694 266260 8 1 0
52694 266260 9 1 0
52694 266260 10 1 0
!leg 37727 61573 10 0 5 attackers:61573;victims:32021,29614,37727,30997,327944;type:1,2;valid_origin:False;recurrent:False;local:True
37727 61573 1 5 0
37727 61573 2 5 0
37727 61573 3 5 0
37727 61573 4 5 0
37727 61573 5 5 0
37727 61573 6 5 0
37727 61573 7 5 0
37727 61573 8 5 0
37727 61573 9 5 0
37727 61573 10 5 0
!sus 49346 51666 7 3 27 attackers:49346;victims:51666;type:1;valid_origin:True;recurrent:True;local:False
49346 51666 1 25 2
49346 51666 2 25 2
49346 51666 3 27 0
49346 51666 4 25 2
49346 51666 5 6 21
49346 51666 6 25 2
49346 51666 7 25 2
49346 51666 8 0 27
49346 51666 9 8 19
49346 51666 10 21 6
!leg 34872 41114 10 0 5 attackers:34872;victims:41114,210051,62038,212832,199935;type:1,2;valid_origin:True;recurrent:False;local:False
34872 41114 1 5 0
34872 41114 2 5 0
34872 41114 3 5 0
34872 41114 4 5 0
34872 41114 5 5 0
34872 41114 6 5 0
34872 41114 7 5 0
34872 41114 8 5 0
34872 41114 9 5 0
34872 41114 10 5 0
!leg 34872 57976 10 0 1 attackers:34872;victims:57976;type:1;valid_origin:True;recurrent:False;local:False
34872 57976 1 1 0
34872 57976 2 1 0
34872 57976 3 1 0
34872 57976 4 1 0
34872 57976 5 1 0
34872 57976 6 1 0
34872 57976 7 1 0
34872 57976 8 1 0
34872 57976 9 1 0
34872 57976 10 1 0
!leg 14325 22356 10 0 1 attackers:22356;victims:14325;type:1;valid_origin:True;recurrent:False;local:False
14325 22356 1 1 0
14325 22356 2 1 0
14325 22356 3 1 0
14325 22356 4 1 0
14325 22356 5 1 0
14325 22356 6 1 0
14325 22356 7 1 0
14325 22356 8 1 0
14325 22356 9 1 0
14325 22356 10 1 0
!sus 9198 16509 7 3 1 attackers:9198;victims:16509;type:1;valid_origin:True;recurrent:True;local:False
9198 16509 1 0 1
9198 16509 2 0 1
9198 16509 3 0 1
9198 16509 4 1 0
9198 16509 5 1 0
9198 16509 6 1 0
9198 16509 7 1 0
9198 16509 8 1 0
9198 16509 9 1 0
9198 16509 10 1 0
!sus 44570 200993 2 8 680 attackers:44570;victims:200993;type:1;valid_origin:False;recurrent:True;local:False
44570 200993 1 645 35
44570 200993 2 45 635
44570 200993 3 297 383
44570 200993 4 237 443
44570 200993 5 50 630
44570 200993 6 89 591
44570 200993 7 90 590
44570 200993 8 515 165
44570 200993 9 204 476
44570 200993 10 101 579
!leg 202427 205593 10 0 1 attackers:202427;victims:205593;type:1;valid_origin:True;recurrent:False;local:False
202427 205593 1 1 0
202427 205593 2 1 0
202427 205593 3 1 0
202427 205593 4 1 0
202427 205593 5 1 0
202427 205593 6 1 0
202427 205593 7 1 0
202427 205593 8 1 0
202427 205593 9 1 0
202427 205593 10 1 0
!sus 61302 212271 0 10 1420 attackers:212271;victims:202952,138211,57416,142031,146958,38281,142158,208753,204508,142553,147002,141011,142634,147028,61302;type:1,2,3;valid_origin:False;recurrent:True;local:False
61302 212271 1 31 1389
61302 212271 2 33 1387
61302 212271 3 33 1387
61302 212271 4 96 1324
61302 212271 5 90 1330
61302 212271 6 209 1211
61302 212271 7 201 1219
61302 212271 8 220 1200
61302 212271 9 214 1206
61302 212271 10 210 1210
!leg 132116 138716 10 0 1 attackers:138716;victims:139508;type:3;valid_origin:True;recurrent:False;local:False
132116 138716 1 1 0
132116 138716 2 1 0
132116 138716 3 1 0
132116 138716 4 1 0
132116 138716 5 1 0
132116 138716 6 1 0
132116 138716 7 1 0
132116 138716 8 1 0
132116 138716 9 1 0
132116 138716 10 1 0
!leg 202427 208958 10 0 1 attackers:202427;victims:208958;type:1;valid_origin:True;recurrent:False;local:False
202427 208958 1 1 0
202427 208958 2 1 0
202427 208958 3 1 0
202427 208958 4 1 0
202427 208958 5 1 0
202427 208958 6 1 0
202427 208958 7 1 0
202427 208958 8 1 0
202427 208958 9 1 0
202427 208958 10 1 0
!leg 6894 37727 10 0 1 attackers:6894;victims:37727;type:1;valid_origin:False;recurrent:False;local:True
6894 37727 1 1 0
6894 37727 2 1 0
6894 37727 3 1 0
6894 37727 4 1 0
6894 37727 5 1 0
6894 37727 6 1 0
6894 37727 7 1 0
6894 37727 8 1 0
6894 37727 9 1 0
6894 37727 10 1 0
!leg 28255 61595 10 0 1 attackers:61595;victims:28255;type:1;valid_origin:True;recurrent:False;local:False
28255 61595 1 1 0
28255 61595 2 1 0
28255 61595 3 1 0
28255 61595 4 1 0
28255 61595 5 1 0
28255 61595 6 1 0
28255 61595 7 1 0
28255 61595 8 1 0
28255 61595 9 1 0
28255 61595 10 1 0
!sus 43289 57935 1 9 23 attackers:43289;victims:57935;type:1;valid_origin:True;recurrent:True;local:False
43289 57935 1 0 23
43289 57935 2 0 23
43289 57935 3 0 23
43289 57935 4 0 23
43289 57935 5 0 23
43289 57935 6 0 23
43289 57935 7 22 1
43289 57935 8 0 23
43289 57935 9 0 23
43289 57935 10 0 23
!leg 4761 56258 10 0 21 attackers:4761;victims:56237;type:2;valid_origin:True;recurrent:False;local:False
4761 56258 1 21 0
4761 56258 2 21 0
4761 56258 3 21 0
4761 56258 4 21 0
4761 56258 5 21 0
4761 56258 6 21 0
4761 56258 7 21 0
4761 56258 8 21 0
4761 56258 9 21 0
4761 56258 10 21 0
!leg 53597 64227 10 0 7 attackers:64227;victims:12152;type:3;valid_origin:True;recurrent:False;local:False
53597 64227 1 7 0
53597 64227 2 7 0
53597 64227 3 7 0
53597 64227 4 7 0
53597 64227 5 7 0
53597 64227 6 7 0
53597 64227 7 7 0
53597 64227 8 7 0
53597 64227 9 7 0
53597 64227 10 7 0
!leg 53115 264592 10 0 1 attackers:264592;victims:53115;type:1;valid_origin:True;recurrent:False;local:False
53115 264592 1 1 0
53115 264592 2 1 0
53115 264592 3 1 0
53115 264592 4 1 0
53115 264592 5 1 0
53115 264592 6 1 0
53115 264592 7 1 0
53115 264592 8 1 0
53115 264592 9 1 0
53115 264592 10 1 0
!leg 37727 60171 10 0 3 attackers:60171;victims:327944,37727,32021;type:1,2;valid_origin:False;recurrent:False;local:False
37727 60171 1 3 0
37727 60171 2 3 0
37727 60171 3 3 0
37727 60171 4 3 0
37727 60171 5 3 0
37727 60171 6 3 0
37727 60171 7 3 0
37727 60171 8 3 0
37727 60171 9 3 0
37727 60171 10 3 0
!sus 40676 56971 8 2 16 attackers:40676;victims:56971;type:1;valid_origin:False;recurrent:True;local:False
40676 56971 1 0 16
40676 56971 2 1 15
40676 56971 3 11 5
40676 56971 4 14 2
40676 56971 5 14 2
40676 56971 6 14 2
40676 56971 7 15 1
40676 56971 8 16 0
40676 56971 9 15 1
40676 56971 10 16 0
!sus 8772 62309 5 5 7 attackers:8772;victims:62309;type:1;valid_origin:True;recurrent:True;local:False
8772 62309 1 0 7
8772 62309 2 0 7
8772 62309 3 0 7
8772 62309 4 0 7
8772 62309 5 6 1
8772 62309 6 1 6
8772 62309 7 7 0
8772 62309 8 7 0
8772 62309 9 7 0
8772 62309 10 7 0
!sus 47343 206892 0 10 23 attackers:206892;victims:47343;type:1;valid_origin:True;recurrent:True;local:False
47343 206892 1 0 23
47343 206892 2 0 23
47343 206892 3 0 23
47343 206892 4 0 23
47343 206892 5 0 23
47343 206892 6 0 23
47343 206892 7 0 23
47343 206892 8 0 23
47343 206892 9 0 23
47343 206892 10 0 23
!sus 9678 212921 0 10 10 attackers:212921;victims:9678;type:1;valid_origin:True;recurrent:True;local:False
9678 212921 1 0 10
9678 212921 2 0 10
9678 212921 3 0 10
9678 212921 4 0 10
9678 212921 5 0 10
9678 212921 6 0 10
9678 212921 7 0 10
9678 212921 8 0 10
9678 212921 9 0 10
9678 212921 10 0 10
!leg 202427 204914 10 0 1 attackers:202427;victims:204914;type:1;valid_origin:True;recurrent:False;local:False
202427 204914 1 1 0
202427 204914 2 1 0
202427 204914 3 1 0
202427 204914 4 1 0
202427 204914 5 1 0
202427 204914 6 1 0
202427 204914 7 1 0
202427 204914 8 1 0
202427 204914 9 1 0
202427 204914 10 1 0
!sus 212483 264479 9 1 1 attackers:264479;victims:212483;type:1;valid_origin:True;recurrent:True;local:True
212483 264479 1 0 1
212483 264479 2 1 0
212483 264479 3 1 0
212483 264479 4 1 0
212483 264479 5 1 0
212483 264479 6 1 0
212483 264479 7 1 0
212483 264479 8 1 0
212483 264479 9 1 0
212483 264479 10 1 0
!sus 44640 51185 9 1 1 attackers:51185;victims:44640;type:1;valid_origin:True;recurrent:True;local:True
44640 51185 1 0 1
44640 51185 2 1 0
44640 51185 3 1 0
44640 51185 4 1 0
44640 51185 5 1 0
44640 51185 6 1 0
44640 51185 7 1 0
44640 51185 8 1 0
44640 51185 9 1 0
44640 51185 10 1 0
!sus 56655 398415 0 10 10 attackers:56655;victims:398415;type:1;valid_origin:True;recurrent:True;local:False
56655 398415 1 0 10
56655 398415 2 0 10
56655 398415 3 1 9
56655 398415 4 1 9
56655 398415 5 1 9
56655 398415 6 2 8
56655 398415 7 2 8
56655 398415 8 4 6
56655 398415 9 5 5
56655 398415 10 5 5
!leg 52694 272612 10 0 2 attackers:52694;victims:28590,272612;type:1,2;valid_origin:True;recurrent:False;local:True
52694 272612 1 2 0
52694 272612 2 2 0
52694 272612 3 2 0
52694 272612 4 2 0
52694 272612 5 2 0
52694 272612 6 2 0
52694 272612 7 2 0
52694 272612 8 2 0
52694 272612 9 2 0
52694 272612 10 2 0
!sus 132088 149522 0 10 130 attackers:149522;victims:132088;type:1;valid_origin:True;recurrent:True;local:False
132088 149522 1 0 130
132088 149522 2 0 130
132088 149522 3 0 130
132088 149522 4 0 130
132088 149522 5 0 130
132088 149522 6 0 130
132088 149522 7 0 130
132088 149522 8 0 130
132088 149522 9 0 130
132088 149522 10 0 130
!leg 202427 212125 10 0 1 attackers:202427;victims:212125;type:1;valid_origin:True;recurrent:False;local:False
202427 212125 1 1 0
202427 212125 2 1 0
202427 212125 3 1 0
202427 212125 4 1 0
202427 212125 5 1 0
202427 212125 6 1 0
202427 212125 7 1 0
202427 212125 8 1 0
202427 212125 9 1 0
202427 212125 10 1 0
!sus 2914 52842 1 9 6 attackers:2914;victims:52842;type:1;valid_origin:True;recurrent:True;local:False
2914 52842 1 0 6
2914 52842 2 0 6
2914 52842 3 0 6
2914 52842 4 0 6
2914 52842 5 0 6
2914 52842 6 2 4
2914 52842 7 0 6
2914 52842 8 1 5
2914 52842 9 6 0
2914 52842 10 2 4
!leg 9658 33597 10 0 1 attackers:33597;victims:21433;type:2;valid_origin:True;recurrent:False;local:False
9658 33597 1 1 0
9658 33597 2 1 0
9658 33597 3 1 0
9658 33597 4 1 0
9658 33597 5 1 0
9658 33597 6 1 0
9658 33597 7 1 0
9658 33597 8 1 0
9658 33597 9 1 0
9658 33597 10 1 0
!leg 13101 56382 10 0 1 attackers:13101;victims:209260;type:2;valid_origin:False;recurrent:False;local:False
13101 56382 1 1 0
13101 56382 2 1 0
13101 56382 3 1 0
13101 56382 4 1 0
13101 56382 5 1 0
13101 56382 6 1 0
13101 56382 7 1 0
13101 56382 8 1 0
13101 56382 9 1 0
13101 56382 10 1 0
!sus 36236 133296 0 10 26 attackers:133296;victims:36236;type:1;valid_origin:True;recurrent:True;local:False
36236 133296 1 0 26
36236 133296 2 0 26
36236 133296 3 0 26
36236 133296 4 0 26
36236 133296 5 0 26
36236 133296 6 0 26
36236 133296 7 0 26
36236 133296 8 0 26
36236 133296 9 0 26
36236 133296 10 0 26
!sus 61302 147028 0 10 475 attackers:61302;victims:147028;type:1;valid_origin:True;recurrent:True;local:False
61302 147028 1 0 475
61302 147028 2 0 475
61302 147028 3 0 475
61302 147028 4 0 475
61302 147028 5 0 475
61302 147028 6 0 475
61302 147028 7 0 475
61302 147028 8 0 475
61302 147028 9 0 475
61302 147028 10 0 475
!sus 1299 57829 0 10 22 attackers:1299;victims:57829;type:1;valid_origin:True;recurrent:True;local:False
1299 57829 1 0 22
1299 57829 2 0 22
1299 57829 3 0 22
1299 57829 4 0 22
1299 57829 5 0 22
1299 57829 6 0 22
1299 57829 7 0 22
1299 57829 8 0 22
1299 57829 9 2 20
1299 57829 10 0 22
!leg 30844 37727 10 0 1 attackers:30844;victims:37727;type:1;valid_origin:False;recurrent:False;local:False
30844 37727 1 1 0
30844 37727 2 1 0
30844 37727 3 1 0
30844 37727 4 1 0
30844 37727 5 1 0
30844 37727 6 1 0
30844 37727 7 1 0
30844 37727 8 1 0
30844 37727 9 1 0
30844 37727 10 1 0
!sus 41586 59514 0 10 23 attackers:59514;victims:41586;type:1;valid_origin:True;recurrent:False;local:False
41586 59514 1 0 23
41586 59514 2 0 23
41586 59514 3 0 23
41586 59514 4 0 23
41586 59514 5 0 23
41586 59514 6 0 23
41586 59514 7 0 23
41586 59514 8 0 23
41586 59514 9 4 19
41586 59514 10 2 21
!sus 23520 272831 3 7 16 attackers:23520;victims:272831;type:1;valid_origin:True;recurrent:True;local:False
23520 272831 1 14 2
23520 272831 2 7 9
23520 272831 3 12 4
23520 272831 4 4 12
23520 272831 5 2 14
23520 272831 6 3 13
23520 272831 7 1 15
23520 272831 8 3 13
23520 272831 9 14 2
23520 272831 10 8 8
!leg 61595 263271 10 0 1 attackers:61595;victims:263271;type:1;valid_origin:True;recurrent:False;local:False
61595 263271 1 1 0
61595 263271 2 1 0
61595 263271 3 1 0
61595 263271 4 1 0
61595 263271 5 1 0
61595 263271 6 1 0
61595 263271 7 1 0
61595 263271 8 1 0
61595 263271 9 1 0
61595 263271 10 1 0
!leg 202427 208548 10 0 1 attackers:202427;victims:202262;type:2;valid_origin:True;recurrent:False;local:False
202427 208548 1 1 0
202427 208548 2 1 0
202427 208548 3 1 0
202427 208548 4 1 0
202427 208548 5 1 0
202427 208548 6 1 0
202427 208548 7 1 0
202427 208548 8 1 0
202427 208548 9 1 0
202427 208548 10 1 0
!leg 44570 201733 10 0 391 attackers:44570;victims:201733;type:1;valid_origin:True;recurrent:True;local:False
44570 201733 1 382 9
44570 201733 2 391 0
44570 201733 3 388 3
44570 201733 4 391 0
44570 201733 5 391 0
44570 201733 6 391 0
44570 201733 7 391 0
44570 201733 8 391 0
44570 201733 9 391 0
44570 201733 10 391 0
!leg 202427 209878 10 0 1 attackers:202427;victims:209878;type:1;valid_origin:True;recurrent:False;local:False
202427 209878 1 1 0
202427 209878 2 1 0
202427 209878 3 1 0
202427 209878 4 1 0
202427 209878 5 1 0
202427 209878 6 1 0
202427 209878 7 1 0
202427 209878 8 1 0
202427 209878 9 1 0
202427 209878 10 1 0
!leg 61595 268469 10 0 1 attackers:61595;victims:268469;type:1;valid_origin:True;recurrent:False;local:False
61595 268469 1 1 0
61595 268469 2 1 0
61595 268469 3 1 0
61595 268469 4 1 0
61595 268469 5 1 0
61595 268469 6 1 0
61595 268469 7 1 0
61595 268469 8 1 0
61595 268469 9 1 0
61595 268469 10 1 0
!leg 16024 34872 10 0 1 attackers:34872;victims:16024;type:1;valid_origin:True;recurrent:False;local:False
16024 34872 1 1 0
16024 34872 2 1 0
16024 34872 3 1 0
16024 34872 4 1 0
16024 34872 5 1 0
16024 34872 6 1 0
16024 34872 7 1 0
16024 34872 8 1 0
16024 34872 9 1 0
16024 34872 10 1 0
!sus 42 21282 8 2 3 attackers:21282;victims:10886,42,19281;type:1,2;valid_origin:True;recurrent:True;local:True
42 21282 1 1 2
42 21282 2 1 2
42 21282 3 2 1
42 21282 4 3 0
42 21282 5 3 0
42 21282 6 3 0
42 21282 7 3 0
42 21282 8 3 0
42 21282 9 3 0
42 21282 10 3 0
!leg 12389 48035 10 0 177 attackers:12389;victims:48035;type:1;valid_origin:True;recurrent:False;local:False
12389 48035 1 176 1
12389 48035 2 177 0
12389 48035 3 177 0
12389 48035 4 177 0
12389 48035 5 177 0
12389 48035 6 177 0
12389 48035 7 177 0
12389 48035 8 177 0
12389 48035 9 177 0
12389 48035 10 177 0
!leg 140399 141056 10 0 1 attackers:140399;victims:141057;type:3;valid_origin:True;recurrent:False;local:False
140399 141056 1 1 0
140399 141056 2 1 0
140399 141056 3 1 0
140399 141056 4 1 0
140399 141056 5 1 0
140399 141056 6 1 0
140399 141056 7 1 0
140399 141056 8 1 0
140399 141056 9 1 0
140399 141056 10 1 0
!leg 134478 202952 10 0 20 attackers:134478;victims:202952;type:1;valid_origin:True;recurrent:False;local:False
134478 202952 1 20 0
134478 202952 2 20 0
134478 202952 3 20 0
134478 202952 4 20 0
134478 202952 5 20 0
134478 202952 6 20 0
134478 202952 7 20 0
134478 202952 8 20 0
134478 202952 9 20 0
134478 202952 10 20 0
!leg 202427 210152 10 0 1 attackers:202427;victims:210152;type:1;valid_origin:True;recurrent:False;local:False
202427 210152 1 1 0
202427 210152 2 1 0
202427 210152 3 1 0
202427 210152 4 1 0
202427 210152 5 1 0
202427 210152 6 1 0
202427 210152 7 1 0
202427 210152 8 1 0
202427 210152 9 1 0
202427 210152 10 1 0
!leg 264562 265158 10 0 77 attackers:264562;victims:265158;type:1;valid_origin:True;recurrent:False;local:False
264562 265158 1 77 0
264562 265158 2 77 0
264562 265158 3 77 0
264562 265158 4 77 0
264562 265158 5 77 0
264562 265158 6 77 0
264562 265158 7 77 0
264562 265158 8 77 0
264562 265158 9 77 0
264562 265158 10 77 0
!leg 6939 202427 10 0 35 attackers:202427;victims:53667,37415,55666,32040,55683,328249,203323,17072,140731,142403,63827,38200,139328,38846,328344,328442,45725,14813,150210,4434,138634,58474,199524,24122,132839,37677,23991,208584,45847,11090,131765,328542,149745,327799;type:2,3,4,5;valid_origin:True;recurrent:False;local:False
6939 202427 1 34 1
6939 202427 2 35 0
6939 202427 3 35 0
6939 202427 4 35 0
6939 202427 5 34 1
6939 202427 6 34 1
6939 202427 7 34 1
6939 202427 8 34 1
6939 202427 9 34 1
6939 202427 10 34 1
!leg 34872 49321 10 0 1 attackers:34872;victims:49321;type:1;valid_origin:True;recurrent:False;local:False
34872 49321 1 1 0
34872 49321 2 1 0
34872 49321 3 1 0
34872 49321 4 1 0
34872 49321 5 1 0
34872 49321 6 1 0
34872 49321 7 1 0
34872 49321 8 1 0
34872 49321 9 1 0
34872 49321 10 1 0
!leg 29049 37727 10 0 3 attackers:29049;victims:327944,37727,32021;type:1,2;valid_origin:False;recurrent:False;local:True
29049 37727 1 3 0
29049 37727 2 3 0
29049 37727 3 3 0
29049 37727 4 3 0
29049 37727 5 3 0
29049 37727 6 3 0
29049 37727 7 3 0
29049 37727 8 3 0
29049 37727 9 3 0
29049 37727 10 3 0
!leg 14630 37727 10 0 5 attackers:14630;victims:32021,29614,37727,30997,327944;type:1,2;valid_origin:False;recurrent:False;local:True
14630 37727 1 5 0
14630 37727 2 5 0
14630 37727 3 5 0
14630 37727 4 5 0
14630 37727 5 5 0
14630 37727 6 5 0
14630 37727 7 5 0
14630 37727 8 5 0
14630 37727 9 5 0
14630 37727 10 5 0
!sus 149522 204091 0 10 289 attackers:149522;victims:204091;type:1;valid_origin:True;recurrent:True;local:False
149522 204091 1 1 288
149522 204091 2 0 289
149522 204091 3 0 289
149522 204091 4 0 289
149522 204091 5 0 289
149522 204091 6 0 289
149522 204091 7 0 289
149522 204091 8 0 289
149522 204091 9 0 289
149522 204091 10 0 289
!leg 20495 203993 10 0 2 attackers:20495;victims:203993,208492;type:1,2;valid_origin:True;recurrent:False;local:False
20495 203993 1 2 0
20495 203993 2 2 0
20495 203993 3 2 0
20495 203993 4 2 0
20495 203993 5 2 0
20495 203993 6 2 0
20495 203993 7 2 0
20495 203993 8 2 0
20495 203993 9 2 0
20495 203993 10 2 0
!leg 34872 39090 10 0 1 attackers:34872;victims:39090;type:1;valid_origin:True;recurrent:False;local:False
34872 39090 1 1 0
34872 39090 2 1 0
34872 39090 3 1 0
34872 39090 4 1 0
34872 39090 5 1 0
34872 39090 6 1 0
34872 39090 7 1 0
34872 39090 8 1 0
34872 39090 9 1 0
34872 39090 10 1 0
!sus 3 273606 0 10 19 attackers:273606;victims:3;type:1;valid_origin:False;recurrent:True;local:False
3 273606 1 0 19
3 273606 2 0 19
3 273606 3 0 19
3 273606 4 0 19
3 273606 5 0 19
3 273606 6 0 19
3 273606 7 0 19
3 273606 8 0 19
3 273606 9 0 19
3 273606 10 0 19
!leg 13039 60171 10 0 1 attackers:60171;victims:13039;type:1;valid_origin:True;recurrent:False;local:False
13039 60171 1 1 0
13039 60171 2 1 0
13039 60171 3 1 0
13039 60171 4 1 0
13039 60171 5 1 0
13039 60171 6 1 0
13039 60171 7 1 0
13039 60171 8 1 0
13039 60171 9 1 0
13039 60171 10 1 0
!leg 30766 34872 10 0 2 attackers:34872;victims:201155,30766;type:1,2;valid_origin:True;recurrent:False;local:False
30766 34872 1 2 0
30766 34872 2 2 0
30766 34872 3 2 0
30766 34872 4 2 0
30766 34872 5 2 0
30766 34872 6 2 0
30766 34872 7 2 0
30766 34872 8 2 0
30766 34872 9 2 0
30766 34872 10 2 0
!leg 61595 268100 10 0 1 attackers:61595;victims:268100;type:1;valid_origin:True;recurrent:False;local:False
61595 268100 1 1 0
61595 268100 2 1 0
61595 268100 3 1 0
61595 268100 4 1 0
61595 268100 5 1 0
61595 268100 6 1 0
61595 268100 7 1 0
61595 268100 8 1 0
61595 268100 9 1 0
61595 268100 10 1 0
!sus 29286 36884 5 5 298 attackers:36884;victims:29286;type:1;valid_origin:True;recurrent:True;local:False
29286 36884 1 0 298
29286 36884 2 0 298
29286 36884 3 3 295
29286 36884 4 106 192
29286 36884 5 137 161
29286 36884 6 165 133
29286 36884 7 151 147
29286 36884 8 153 145
29286 36884 9 193 105
29286 36884 10 196 102
!sus 10 328032 7 3 19 attackers:328032;victims:10;type:1;valid_origin:False;recurrent:True;local:False
10 328032 1 3 16
10 328032 2 6 13
10 328032 3 7 12
10 328032 4 12 7
10 328032 5 11 8
10 328032 6 11 8
10 328032 7 12 7
10 328032 8 13 6
10 328032 9 12 7
10 328032 10 14 5
!leg 202427 212483 10 0 1 attackers:202427;victims:212483;type:1;valid_origin:True;recurrent:False;local:False
202427 212483 1 1 0
202427 212483 2 1 0
202427 212483 3 1 0
202427 212483 4 1 0
202427 212483 5 1 0
202427 212483 6 1 0
202427 212483 7 1 0
202427 212483 8 1 0
202427 212483 9 1 0
202427 212483 10 1 0
!leg 34872 47869 10 0 1 attackers:34872;victims:47869;type:1;valid_origin:True;recurrent:False;local:False
34872 47869 1 1 0
34872 47869 2 1 0
34872 47869 3 1 0
34872 47869 4 1 0
34872 47869 5 1 0
34872 47869 6 1 0
34872 47869 7 1 0
34872 47869 8 1 0
34872 47869 9 1 0
34872 47869 10 1 0
!sus 52455 269310 7 3 63 attackers:269310;victims:52455;type:1;valid_origin:True;recurrent:True;local:False
52455 269310 1 3 60
52455 269310 2 9 54
52455 269310 3 21 42
52455 269310 4 48 15
52455 269310 5 50 13
52455 269310 6 61 2
52455 269310 7 62 1
52455 269310 8 62 1
52455 269310 9 62 1
52455 269310 10 63 0
!leg 52694 52999 10 0 1 attackers:52694;victims:52999;type:1;valid_origin:True;recurrent:False;local:True
52694 52999 1 1 0
52694 52999 2 1 0
52694 52999 3 1 0
52694 52999 4 1 0
52694 52999 5 1 0
52694 52999 6 1 0
52694 52999 7 1 0
52694 52999 8 1 0
52694 52999 9 1 0
52694 52999 10 1 0
!sus 49304 212483 0 10 14 attackers:49304;victims:212483;type:1;valid_origin:True;recurrent:True;local:False
49304 212483 1 0 14
49304 212483 2 0 14
49304 212483 3 1 13
49304 212483 4 1 13
49304 212483 5 1 13
49304 212483 6 1 13
49304 212483 7 1 13
49304 212483 8 1 13
49304 212483 9 1 13
49304 212483 10 1 13
!leg 61595 270436 10 0 1 attackers:61595;victims:270436;type:1;valid_origin:True;recurrent:False;local:False
61595 270436 1 1 0
61595 270436 2 1 0
61595 270436 3 1 0
61595 270436 4 1 0
61595 270436 5 1 0
61595 270436 6 1 0
61595 270436 7 1 0
61595 270436 8 1 0
61595 270436 9 1 0
61595 270436 10 1 0
!leg 59239 139009 10 0 21 attackers:139009;victims:149517,56264,134599,139813,138452,149433,138492,137453,139755,147295,131216,147050;type:2,3;valid_origin:True;recurrent:False;local:False
59239 139009 1 21 0
59239 139009 2 21 0
59239 139009 3 21 0
59239 139009 4 21 0
59239 139009 5 21 0
59239 139009 6 21 0
59239 139009 7 21 0
59239 139009 8 21 0
59239 139009 9 21 0
59239 139009 10 21 0
!leg 30781 37727 10 0 4 attackers:30781;victims:37727;type:1;valid_origin:False;recurrent:False;local:False
30781 37727 1 4 0
30781 37727 2 4 0
30781 37727 3 4 0
30781 37727 4 4 0
30781 37727 5 4 0
30781 37727 6 4 0
30781 37727 7 4 0
30781 37727 8 4 0
30781 37727 9 4 0
30781 37727 10 4 0
!sus 9158 211676 6 4 2 attackers:9158;victims:211676;type:1;valid_origin:True;recurrent:True;local:False
9158 211676 1 0 2
9158 211676 2 0 2
9158 211676 3 0 2
9158 211676 4 0 2
9158 211676 5 2 0
9158 211676 6 2 0
9158 211676 7 2 0
9158 211676 8 2 0
9158 211676 9 2 0
9158 211676 10 2 0
!leg 202427 204611 10 0 1 attackers:202427;victims:204611;type:1;valid_origin:True;recurrent:False;local:False
202427 204611 1 1 0
202427 204611 2 1 0
202427 204611 3 1 0
202427 204611 4 1 0
202427 204611 5 1 0
202427 204611 6 1 0
202427 204611 7 1 0
202427 204611 8 1 0
202427 204611 9 1 0
202427 204611 10 1 0
!sus 13335 266445 0 10 23 attackers:266445;victims:13335;type:1;valid_origin:True;recurrent:True;local:False
13335 266445 1 0 23
13335 266445 2 0 23
13335 266445 3 2 21
13335 266445 4 5 18
13335 266445 5 6 17
13335 266445 6 6 17
13335 266445 7 6 17
13335 266445 8 6 17
13335 266445 9 6 17
13335 266445 10 7 16
!leg 52694 270741 10 0 1 attackers:52694;victims:270741;type:1;valid_origin:True;recurrent:False;local:True
52694 270741 1 1 0
52694 270741 2 1 0
52694 270741 3 1 0
52694 270741 4 1 0
52694 270741 5 1 0
52694 270741 6 1 0
52694 270741 7 1 0
52694 270741 8 1 0
52694 270741 9 1 0
52694 270741 10 1 0
!sus 22659 395648 0 10 13 attackers:395648;victims:22659;type:1;valid_origin:True;recurrent:True;local:False
22659 395648 1 0 13
22659 395648 2 0 13
22659 395648 3 1 12
22659 395648 4 0 13
22659 395648 5 1 12
22659 395648 6 1 12
22659 395648 7 1 12
22659 395648 8 1 12
22659 395648 9 1 12
22659 395648 10 1 12
!sus 41051 201377 7 3 22 attackers:41051;victims:201377;type:1;valid_origin:True;recurrent:True;local:False
41051 201377 1 7 15
41051 201377 2 7 15
41051 201377 3 7 15
41051 201377 4 20 2
41051 201377 5 19 3
41051 201377 6 21 1
41051 201377 7 22 0
41051 201377 8 22 0
41051 201377 9 22 0
41051 201377 10 22 0
!leg 34927 37727 10 0 3 attackers:34927;victims:327944,37727,32021;type:1,2;valid_origin:False;recurrent:False;local:True
34927 37727 1 3 0
34927 37727 2 3 0
34927 37727 3 3 0
34927 37727 4 3 0
34927 37727 5 3 0
34927 37727 6 3 0
34927 37727 7 3 0
34927 37727 8 3 0
34927 37727 9 3 0
34927 37727 10 3 0
!sus 28263 61609 0 10 1 attackers:28263;victims:23106;type:4;valid_origin:True;recurrent:True;local:False
28263 61609 1 0 1
28263 61609 2 0 1
28263 61609 3 0 1
28263 61609 4 0 1
28263 61609 5 0 1
28263 61609 6 0 1
28263 61609 7 0 1
28263 61609 8 0 1
28263 61609 9 0 1
28263 61609 10 0 1
!sus 36058 36958 4 6 5 attackers:36958;victims:36958;type:2;valid_origin:True;recurrent:True;local:False
36058 36958 1 5 0
36058 36958 2 5 0
36058 36958 3 0 5
36058 36958 4 4 1
36058 36958 5 3 2
36058 36958 6 1 4
36058 36958 7 0 5
36058 36958 8 0 5
36058 36958 9 0 5
36058 36958 10 0 5
!sus 53158 269587 5 5 3 attackers:53158;victims:271729;type:2;valid_origin:True;recurrent:True;local:False
53158 269587 1 0 3
53158 269587 2 0 3
53158 269587 3 0 3
53158 269587 4 0 3
53158 269587 5 3 0
53158 269587 6 3 0
53158 269587 7 3 0
53158 269587 8 3 0
53158 269587 9 1 2
53158 269587 10 3 0
!leg 8462 34872 10 0 1 attackers:34872;victims:8462;type:1;valid_origin:True;recurrent:False;local:False
8462 34872 1 1 0
8462 34872 2 1 0
8462 34872 3 1 0
8462 34872 4 1 0
8462 34872 5 1 0
8462 34872 6 1 0
8462 34872 7 1 0
8462 34872 8 1 0
8462 34872 9 1 0
8462 34872 10 1 0
!leg 19229 34872 10 0 1 attackers:34872;victims:19229;type:1;valid_origin:True;recurrent:False;local:False
19229 34872 1 1 0
19229 34872 2 1 0
19229 34872 3 1 0
19229 34872 4 1 0
19229 34872 5 1 0
19229 34872 6 1 0
19229 34872 7 1 0
19229 34872 8 1 0
19229 34872 9 1 0
19229 34872 10 1 0
!leg 61595 262685 10 0 1 attackers:61595;victims:262685;type:1;valid_origin:True;recurrent:False;local:False
61595 262685 1 1 0
61595 262685 2 1 0
61595 262685 3 1 0
61595 262685 4 1 0
61595 262685 5 1 0
61595 262685 6 1 0
61595 262685 7 1 0
61595 262685 8 1 0
61595 262685 9 1 0
61595 262685 10 1 0
!leg 22250 61568 10 0 2 attackers:61568;victims:22250;type:1;valid_origin:True;recurrent:False;local:False
22250 61568 1 2 0
22250 61568 2 2 0
22250 61568 3 2 0
22250 61568 4 2 0
22250 61568 5 2 0
22250 61568 6 2 0
22250 61568 7 2 0
22250 61568 8 2 0
22250 61568 9 2 0
22250 61568 10 2 0
!sus 7070 23402 2 8 11 attackers:23402;victims:7070;type:1;valid_origin:True;recurrent:True;local:False
7070 23402 1 5 6
7070 23402 2 9 2
7070 23402 3 0 11
7070 23402 4 1 10
7070 23402 5 2 9
7070 23402 6 11 0
7070 23402 7 3 8
7070 23402 8 0 11
7070 23402 9 0 11
7070 23402 10 0 11
!leg 5418 36351 10 0 1 attackers:36351;victims:5418;type:1;valid_origin:True;recurrent:False;local:True
5418 36351 1 1 0
5418 36351 2 1 0
5418 36351 3 1 0
5418 36351 4 1 0
5418 36351 5 1 0
5418 36351 6 1 0
5418 36351 7 1 0
5418 36351 8 1 0
5418 36351 9 1 0
5418 36351 10 1 0
!sus 207941 212934 7 3 10 attackers:212934;victims:207941;type:1;valid_origin:True;recurrent:True;local:False
207941 212934 1 0 10
207941 212934 2 1 9
207941 212934 3 1 9
207941 212934 4 7 3
207941 212934 5 7 3
207941 212934 6 7 3
207941 212934 7 7 3
207941 212934 8 7 3
207941 212934 9 7 3
207941 212934 10 7 3
!leg 202427 212828 10 0 1 attackers:202427;victims:212828;type:1;valid_origin:True;recurrent:False;local:False
202427 212828 1 1 0
202427 212828 2 1 0
202427 212828 3 1 0
202427 212828 4 1 0
202427 212828 5 1 0
202427 212828 6 1 0
202427 212828 7 1 0
202427 212828 8 1 0
202427 212828 9 1 0
202427 212828 10 1 0
!leg 34872 196922 10 0 4 attackers:34872;victims:213300,196922,213237,34081;type:1,2;valid_origin:True;recurrent:False;local:False
34872 196922 1 4 0
34872 196922 2 4 0
34872 196922 3 4 0
34872 196922 4 4 0
34872 196922 5 4 0
34872 196922 6 4 0
34872 196922 7 4 0
34872 196922 8 4 0
34872 196922 9 4 0
34872 196922 10 4 0
!sus 50607 197592 0 10 5 attackers:50607;victims:1;type:2;valid_origin:False;recurrent:True;local:False
50607 197592 1 0 5
50607 197592 2 0 5
50607 197592 3 0 5
50607 197592 4 0 5
50607 197592 5 0 5
50607 197592 6 0 5
50607 197592 7 0 5
50607 197592 8 0 5
50607 197592 9 0 5
50607 197592 10 0 5
!leg 48550 202427 10 0 1 attackers:202427;victims:48550;type:1;valid_origin:True;recurrent:False;local:False
48550 202427 1 1 0
48550 202427 2 1 0
48550 202427 3 1 0
48550 202427 4 1 0
48550 202427 5 1 0
48550 202427 6 1 0
48550 202427 7 1 0
48550 202427 8 1 0
48550 202427 9 1 0
48550 202427 10 1 0
!sus 3356 55089 0 10 11 attackers:3356;victims:16399;type:2;valid_origin:True;recurrent:True;local:False
3356 55089 1 0 11
3356 55089 2 0 11
3356 55089 3 0 11
3356 55089 4 0 11
3356 55089 5 0 11
3356 55089 6 0 11
3356 55089 7 0 11
3356 55089 8 0 11
3356 55089 9 0 11
3356 55089 10 0 11
!leg 202427 210631 10 0 1 attackers:202427;victims:212504;type:2;valid_origin:True;recurrent:False;local:False
202427 210631 1 1 0
202427 210631 2 1 0
202427 210631 3 1 0
202427 210631 4 1 0
202427 210631 5 1 0
202427 210631 6 1 0
202427 210631 7 1 0
202427 210631 8 1 0
202427 210631 9 1 0
202427 210631 10 1 0
!leg 37727 264409 10 0 3 attackers:264409;victims:327944,37727,32021;type:1,2;valid_origin:False;recurrent:False;local:True
37727 264409 1 3 0
37727 264409 2 3 0
37727 264409 3 3 0
37727 264409 4 3 0
37727 264409 5 3 0
37727 264409 6 3 0
37727 264409 7 3 0
37727 264409 8 3 0
37727 264409 9 3 0
37727 264409 10 3 0
!leg 29838 39175 10 0 1 attackers:29838;victims:59816;type:2;valid_origin:True;recurrent:False;local:False
29838 39175 1 1 0
29838 39175 2 1 0
29838 39175 3 1 0
29838 39175 4 1 0
29838 39175 5 1 0
29838 39175 6 1 0
29838 39175 7 1 0
29838 39175 8 1 0
29838 39175 9 1 0
29838 39175 10 1 0
!leg 269587 271729 10 0 14 attackers:269587;victims:271729;type:1;valid_origin:True;recurrent:True;local:False
269587 271729 1 9 5
269587 271729 2 9 5
269587 271729 3 9 5
269587 271729 4 9 5
269587 271729 5 9 5
269587 271729 6 9 5
269587 271729 7 9 5
269587 271729 8 9 5
269587 271729 9 9 5
269587 271729 10 9 5
!leg 138211 211390 10 0 1 attackers:138211;victims:211390;type:1;valid_origin:True;recurrent:False;local:False
138211 211390 1 1 0
138211 211390 2 1 0
138211 211390 3 1 0
138211 211390 4 1 0
138211 211390 5 1 0
138211 211390 6 1 0
138211 211390 7 1 0
138211 211390 8 1 0
138211 211390 9 1 0
138211 211390 10 1 0
!leg 202427 211390 10 0 1 attackers:202427;victims:211390;type:1;valid_origin:True;recurrent:False;local:False
202427 211390 1 1 0
202427 211390 2 1 0
202427 211390 3 1 0
202427 211390 4 1 0
202427 211390 5 1 0
202427 211390 6 1 0
202427 211390 7 1 0
202427 211390 8 1 0
202427 211390 9 1 0
202427 211390 10 1 0
!leg 31122 37727 10 0 1 attackers:31122;victims:37727;type:1;valid_origin:False;recurrent:False;local:True
31122 37727 1 1 0
31122 37727 2 1 0
31122 37727 3 1 0
31122 37727 4 1 0
31122 37727 5 1 0
31122 37727 6 1 0
31122 37727 7 1 0
31122 37727 8 1 0
31122 37727 9 1 0
31122 37727 10 1 0
!leg 34872 41690 10 0 1 attackers:34872;victims:41690;type:1;valid_origin:True;recurrent:False;local:False
34872 41690 1 1 0
34872 41690 2 1 0
34872 41690 3 1 0
34872 41690 4 1 0
34872 41690 5 1 0
34872 41690 6 1 0
34872 41690 7 1 0
34872 41690 8 1 0
34872 41690 9 1 0
34872 41690 10 1 0
!sus 42649 51375 0 10 7 attackers:51375;victims:5416;type:2;valid_origin:True;recurrent:True;local:False
42649 51375 1 0 7
42649 51375 2 0 7
42649 51375 3 0 7
42649 51375 4 0 7
42649 51375 5 0 7
42649 51375 6 0 7
42649 51375 7 0 7
42649 51375 8 0 7
42649 51375 9 0 7
42649 51375 10 0 7
!leg 34872 42184 10 0 5 attackers:34872;victims:196932,42184,48352,8454,210035;type:1,2;valid_origin:True;recurrent:False;local:False
34872 42184 1 5 0
34872 42184 2 5 0
34872 42184 3 5 0
34872 42184 4 5 0
34872 42184 5 5 0
34872 42184 6 5 0
34872 42184 7 5 0
34872 42184 8 5 0
34872 42184 9 5 0
34872 42184 10 5 0
!sus 9886 138211 4 6 17 attackers:138211;victims:9886;type:1;valid_origin:True;recurrent:True;local:False
9886 138211 1 3 14
9886 138211 2 3 14
9886 138211 3 4 13
9886 138211 4 7 10
9886 138211 5 3 14
9886 138211 6 6 11
9886 138211 7 17 0
9886 138211 8 17 0
9886 138211 9 16 1
9886 138211 10 12 5
!leg 16205 34872 10 0 4 attackers:34872;victims:3573,38914,209322,16205;type:1,2;valid_origin:True;recurrent:False;local:False
16205 34872 1 4 0
16205 34872 2 4 0
16205 34872 3 4 0
16205 34872 4 4 0
16205 34872 5 4 0
16205 34872 6 4 0
16205 34872 7 4 0
16205 34872 8 4 0
16205 34872 9 4 0
16205 34872 10 4 0
!leg 34549 200959 10 0 5 attackers:34549;victims:200959;type:1;valid_origin:True;recurrent:False;local:False
34549 200959 1 5 0
34549 200959 2 5 0
34549 200959 3 5 0
34549 200959 4 5 0
34549 200959 5 5 0
34549 200959 6 5 0
34549 200959 7 5 0
34549 200959 8 5 0
34549 200959 9 5 0
34549 200959 10 5 0
!leg 34872 207790 10 0 1 attackers:34872;victims:207790;type:1;valid_origin:True;recurrent:False;local:False
34872 207790 1 1 0
34872 207790 2 1 0
34872 207790 3 1 0
34872 207790 4 1 0
34872 207790 5 1 0
34872 207790 6 1 0
34872 207790 7 1 0
34872 207790 8 1 0
34872 207790 9 1 0
34872 207790 10 1 0
!leg 20495 212483 10 0 1 attackers:20495;victims:212483;type:1;valid_origin:True;recurrent:False;local:False
20495 212483 1 1 0
20495 212483 2 1 0
20495 212483 3 1 0
20495 212483 4 1 0
20495 212483 5 1 0
20495 212483 6 1 0
20495 212483 7 1 0
20495 212483 8 1 0
20495 212483 9 1 0
20495 212483 10 1 0
!leg 61595 263057 10 0 1 attackers:61595;victims:263057;type:1;valid_origin:True;recurrent:False;local:False
61595 263057 1 1 0
61595 263057 2 1 0
61595 263057 3 1 0
61595 263057 4 1 0
61595 263057 5 1 0
61595 263057 6 1 0
61595 263057 7 1 0
61595 263057 8 1 0
61595 263057 9 1 0
61595 263057 10 1 0
!leg 38230 202427 10 0 1 attackers:202427;victims:38230;type:1;valid_origin:True;recurrent:False;local:False
38230 202427 1 1 0
38230 202427 2 1 0
38230 202427 3 1 0
38230 202427 4 1 0
38230 202427 5 1 0
38230 202427 6 1 0
38230 202427 7 1 0
38230 202427 8 1 0
38230 202427 9 1 0
38230 202427 10 1 0
!sus 138986 149522 0 10 12 attackers:149522;victims:138986;type:1;valid_origin:True;recurrent:True;local:False
138986 149522 1 0 12
138986 149522 2 0 12
138986 149522 3 0 12
138986 149522 4 0 12
138986 149522 5 0 12
138986 149522 6 0 12
138986 149522 7 0 12
138986 149522 8 0 12
138986 149522 9 0 12
138986 149522 10 0 12
!sus 3856 21282 9 1 1 attackers:21282;victims:3856;type:1;valid_origin:True;recurrent:True;local:True
3856 21282 1 0 1
3856 21282 2 1 0
3856 21282 3 1 0
3856 21282 4 1 0
3856 21282 5 1 0
3856 21282 6 1 0
3856 21282 7 1 0
3856 21282 8 1 0
3856 21282 9 1 0
3856 21282 10 1 0
!sus 50058 203226 0 10 8 attackers:50058;victims:203226;type:1;valid_origin:True;recurrent:True;local:False
50058 203226 1 0 8
50058 203226 2 0 8
50058 203226 3 0 8
50058 203226 4 0 8
50058 203226 5 0 8
50058 203226 6 0 8
50058 203226 7 0 8
50058 203226 8 0 8
50058 203226 9 0 8
50058 203226 10 0 8
!leg 14007 54527 10 0 1 attackers:54527;victims:22784;type:5;valid_origin:True;recurrent:False;local:False
14007 54527 1 1 0
14007 54527 2 1 0
14007 54527 3 1 0
14007 54527 4 1 0
14007 54527 5 1 0
14007 54527 6 1 0
14007 54527 7 1 0
14007 54527 8 1 0
14007 54527 9 1 0
14007 54527 10 1 0
!leg 57521 202427 10 0 1 attackers:202427;victims:57521;type:1;valid_origin:True;recurrent:False;local:False
57521 202427 1 1 0
57521 202427 2 1 0
57521 202427 3 1 0
57521 202427 4 1 0
57521 202427 5 1 0
57521 202427 6 1 0
57521 202427 7 1 0
57521 202427 8 1 0
57521 202427 9 1 0
57521 202427 10 1 0
!leg 202427 203913 10 0 1 attackers:202427;victims:203913;type:1;valid_origin:True;recurrent:False;local:False
202427 203913 1 1 0
202427 203913 2 1 0
202427 203913 3 1 0
202427 203913 4 1 0
202427 203913 5 1 0
202427 203913 6 1 0
202427 203913 7 1 0
202427 203913 8 1 0
202427 203913 9 1 0
202427 203913 10 1 0
!leg 1828 37727 10 0 5 attackers:1828;victims:32021,29614,37727,30997,327944;type:1,2;valid_origin:False;recurrent:False;local:True
1828 37727 1 5 0
1828 37727 2 5 0
1828 37727 3 5 0
1828 37727 4 5 0
1828 37727 5 5 0
1828 37727 6 5 0
1828 37727 7 5 0
1828 37727 8 5 0
1828 37727 9 5 0
1828 37727 10 5 0
!sus 3 205329 7 3 11 attackers:205329;victims:3;type:1;valid_origin:False;recurrent:True;local:False
3 205329 1 0 11
3 205329 2 0 11
3 205329 3 0 11
3 205329 4 6 5
3 205329 5 7 4
3 205329 6 8 3
3 205329 7 8 3
3 205329 8 8 3
3 205329 9 8 3
3 205329 10 8 3
!leg 1251 22250 10 0 1 attackers:1251;victims:22250;type:1;valid_origin:True;recurrent:False;local:False
1251 22250 1 1 0
1251 22250 2 1 0
1251 22250 3 1 0
1251 22250 4 1 0
1251 22250 5 1 0
1251 22250 6 1 0
1251 22250 7 1 0
1251 22250 8 1 0
1251 22250 9 1 0
1251 22250 10 1 0
!leg 51409 267613 10 0 1 attackers:267613;victims:51409;type:1;valid_origin:True;recurrent:False;local:True
51409 267613 1 1 0
51409 267613 2 1 0
51409 267613 3 1 0
51409 267613 4 1 0
51409 267613 5 1 0
51409 267613 6 1 0
51409 267613 7 1 0
51409 267613 8 1 0
51409 267613 9 1 0
51409 267613 10 1 0
!sus 25454 264479 0 10 2 attackers:264479;victims:59728,25454;type:1,2;valid_origin:True;recurrent:True;local:True
25454 264479 1 1 1
25454 264479 2 1 1
25454 264479 3 1 1
25454 264479 4 1 1
25454 264479 5 1 1
25454 264479 6 1 1
25454 264479 7 1 1
25454 264479 8 1 1
25454 264479 9 1 1
25454 264479 10 1 1
!leg 34872 42965 10 0 1 attackers:34872;victims:42965;type:1;valid_origin:True;recurrent:False;local:False
34872 42965 1 1 0
34872 42965 2 1 0
34872 42965 3 1 0
34872 42965 4 1 0
34872 42965 5 1 0
34872 42965 6 1 0
34872 42965 7 1 0
34872 42965 8 1 0
34872 42965 9 1 0
34872 42965 10 1 0
!sus 50058 150249 0 10 15 attackers:50058;victims:150249;type:1;valid_origin:True;recurrent:True;local:False
50058 150249 1 0 15
50058 150249 2 0 15
50058 150249 3 0 15
50058 150249 4 0 15
50058 150249 5 0 15
50058 150249 6 0 15
50058 150249 7 0 15
50058 150249 8 0 15
50058 150249 9 3 12
50058 150249 10 0 15
!sus 18577 64100 0 10 11 attackers:18577;victims:64100;type:1;valid_origin:True;recurrent:True;local:False
18577 64100 1 0 11
18577 64100 2 0 11
18577 64100 3 0 11
18577 64100 4 0 11
18577 64100 5 0 11
18577 64100 6 0 11
18577 64100 7 0 11
18577 64100 8 0 11
18577 64100 9 0 11
18577 64100 10 0 11
!leg 202427 203423 10 0 1 attackers:202427;victims:203423;type:1;valid_origin:True;recurrent:False;local:False
202427 203423 1 1 0
202427 203423 2 1 0
202427 203423 3 1 0
202427 203423 4 1 0
202427 203423 5 1 0
202427 203423 6 1 0
202427 203423 7 1 0
202427 203423 8 1 0
202427 203423 9 1 0
202427 203423 10 1 0
!sus 2 270044 0 10 1 attackers:270044;victims:2;type:1;valid_origin:False;recurrent:True;local:False
2 270044 1 0 1
2 270044 2 0 1
2 270044 3 0 1
2 270044 4 0 1
2 270044 5 0 1
2 270044 6 0 1
2 270044 7 0 1
2 270044 8 0 1
2 270044 9 0 1
2 270044 10 0 1
!leg 34347 34872 10 0 3 attackers:34872;victims:200727,34347,206672;type:1,2;valid_origin:True;recurrent:False;local:False
34347 34872 1 3 0
34347 34872 2 3 0
34347 34872 3 3 0
34347 34872 4 3 0
34347 34872 5 3 0
34347 34872 6 3 0
34347 34872 7 3 0
34347 34872 8 3 0
34347 34872 9 3 0
34347 34872 10 3 0
!leg 37727 207841 10 0 5 attackers:207841;victims:32021,29614,37727,30997,327944;type:1,2;valid_origin:False;recurrent:False;local:True
37727 207841 1 5 0
37727 207841 2 5 0
37727 207841 3 5 0
37727 207841 4 5 0
37727 207841 5 5 0
37727 207841 6 5 0
37727 207841 7 5 0
37727 207841 8 5 0
37727 207841 9 5 0
37727 207841 10 5 0
!leg 3300 36236 10 0 1 attackers:36236;victims:36224;type:2;valid_origin:True;recurrent:False;local:False
3300 36236 1 1 0
3300 36236 2 1 0
3300 36236 3 1 0
3300 36236 4 1 0
3300 36236 5 1 0
3300 36236 6 1 0
3300 36236 7 1 0
3300 36236 8 1 0
3300 36236 9 1 0
3300 36236 10 1 0
!sus 24121 54825 0 10 11 attackers:24121;victims:54825;type:1;valid_origin:True;recurrent:True;local:False
24121 54825 1 0 11
24121 54825 2 0 11
24121 54825 3 1 10
24121 54825 4 1 10
24121 54825 5 1 10
24121 54825 6 1 10
24121 54825 7 1 10
24121 54825 8 1 10
24121 54825 9 2 9
24121 54825 10 2 9
!leg 202427 204438 10 0 1 attackers:202427;victims:204438;type:1;valid_origin:True;recurrent:False;local:False
202427 204438 1 1 0
202427 204438 2 1 0
202427 204438 3 1 0
202427 204438 4 1 0
202427 204438 5 1 0
202427 204438 6 1 0
202427 204438 7 1 0
202427 204438 8 1 0
202427 204438 9 1 0
202427 204438 10 1 0
!sus 706 16807 0 10 11 attackers:16807;victims:706;type:1;valid_origin:True;recurrent:True;local:False
706 16807 1 0 11
706 16807 2 0 11
706 16807 3 0 11
706 16807 4 0 11
706 16807 5 0 11
706 16807 6 0 11
706 16807 7 0 11
706 16807 8 0 11
706 16807 9 0 11
706 16807 10 0 11
!leg 61595 263950 10 0 1 attackers:61595;victims:263950;type:1;valid_origin:True;recurrent:False;local:False
61595 263950 1 1 0
61595 263950 2 1 0
61595 263950 3 1 0
61595 263950 4 1 0
61595 263950 5 1 0
61595 263950 6 1 0
61595 263950 7 1 0
61595 263950 8 1 0
61595 263950 9 1 0
61595 263950 10 1 0
!leg 52694 263514 10 0 1 attackers:52694;victims:263514;type:1;valid_origin:True;recurrent:False;local:True
52694 263514 1 1 0
52694 263514 2 1 0
52694 263514 3 1 0
52694 263514 4 1 0
52694 263514 5 1 0
52694 263514 6 1 0
52694 263514 7 1 0
52694 263514 8 1 0
52694 263514 9 1 0
52694 263514 10 1 0
!leg 37727 264479 10 0 3 attackers:264479;victims:327944,37727,32021;type:1,2;valid_origin:False;recurrent:False;local:True
37727 264479 1 2 1
37727 264479 2 2 1
37727 264479 3 3 0
37727 264479 4 3 0
37727 264479 5 3 0
37727 264479 6 3 0
37727 264479 7 3 0
37727 264479 8 3 0
37727 264479 9 3 0
37727 264479 10 3 0
!sus 4713 54415 7 3 22 attackers:4713;victims:54415;type:1;valid_origin:True;recurrent:True;local:False
4713 54415 1 0 22
4713 54415 2 4 18
4713 54415 3 11 11
4713 54415 4 16 6
4713 54415 5 17 5
4713 54415 6 22 0
4713 54415 7 22 0
4713 54415 8 22 0
4713 54415 9 22 0
4713 54415 10 21 1
!sus 35661 212271 9 1 25 attackers:35661;victims:212271;type:1;valid_origin:True;recurrent:True;local:False
35661 212271 1 8 17
35661 212271 2 13 12
35661 212271 3 21 4
35661 212271 4 21 4
35661 212271 5 21 4
35661 212271 6 21 4
35661 212271 7 21 4
35661 212271 8 21 4
35661 212271 9 21 4
35661 212271 10 21 4
!leg 15763 34872 10 0 2 attackers:34872;victims:200931,15486;type:2;valid_origin:True;recurrent:False;local:False
15763 34872 1 2 0
15763 34872 2 2 0
15763 34872 3 2 0
15763 34872 4 2 0
15763 34872 5 2 0
15763 34872 6 2 0
15763 34872 7 2 0
15763 34872 8 2 0
15763 34872 9 2 0
15763 34872 10 2 0
!sus 4755 32787 0 10 18 attackers:4755;victims:32787;type:1;valid_origin:True;recurrent:True;local:False
4755 32787 1 0 18
4755 32787 2 0 18
4755 32787 3 0 18
4755 32787 4 0 18
4755 32787 5 0 18
4755 32787 6 0 18
4755 32787 7 0 18
4755 32787 8 0 18
4755 32787 9 1 17
4755 32787 10 1 17
!sus 10099 25818 0 10 14 attackers:25818;victims:10099;type:1;valid_origin:True;recurrent:True;local:False
10099 25818 1 2 12
10099 25818 2 4 10
10099 25818 3 5 9
10099 25818 4 5 9
10099 25818 5 5 9
10099 25818 6 5 9
10099 25818 7 5 9
10099 25818 8 6 8
10099 25818 9 6 8
10099 25818 10 6 8
!sus 1 397095 5 5 1 attackers:397095;victims:1;type:1;valid_origin:False;recurrent:True;local:False
1 397095 1 0 1
1 397095 2 0 1
1 397095 3 0 1
1 397095 4 0 1
1 397095 5 0 1
1 397095 6 1 0
1 397095 7 1 0
1 397095 8 1 0
1 397095 9 1 0
1 397095 10 1 0
!sus 267023 273613 0 10 153 attackers:267023;victims:273613;type:1;valid_origin:True;recurrent:True;local:False
267023 273613 1 17 136
267023 273613 2 16 137
267023 273613 3 7 146
267023 273613 4 16 137
267023 273613 5 4 149
267023 273613 6 16 137
267023 273613 7 16 137
267023 273613 8 0 153
267023 273613 9 17 136
267023 273613 10 15 138
!sus 16509 139464 6 4 1 attackers:139464;victims:16509;type:1;valid_origin:True;recurrent:True;local:False
16509 139464 1 0 1
16509 139464 2 0 1
16509 139464 3 0 1
16509 139464 4 0 1
16509 139464 5 1 0
16509 139464 6 1 0
16509 139464 7 1 0
16509 139464 8 1 0
16509 139464 9 1 0
16509 139464 10 1 0
!sus 3573 6799 0 10 10 attackers:6799;victims:3573;type:1;valid_origin:True;recurrent:True;local:False
3573 6799 1 0 10
3573 6799 2 0 10
3573 6799 3 0 10
3573 6799 4 0 10
3573 6799 5 1 9
3573 6799 6 0 10
3573 6799 7 1 9
3573 6799 8 1 9
3573 6799 9 3 7
3573 6799 10 2 8
!sus 3 265695 0 10 4 attackers:3;victims:265695;type:1;valid_origin:True;recurrent:True;local:False
3 265695 1 0 4
3 265695 2 0 4
3 265695 3 0 4
3 265695 4 0 4
3 265695 5 0 4
3 265695 6 0 4
3 265695 7 1 3
3 265695 8 2 2
3 265695 9 0 4
3 265695 10 0 4
!leg 61595 263033 10 0 1 attackers:61595;victims:263033;type:1;valid_origin:True;recurrent:False;local:False
61595 263033 1 1 0
61595 263033 2 1 0
61595 263033 3 1 0
61595 263033 4 1 0
61595 263033 5 1 0
61595 263033 6 1 0
61595 263033 7 1 0
61595 263033 8 1 0
61595 263033 9 1 0
61595 263033 10 1 0
!sus 137409 270735 7 3 4913 attackers:137409;victims:270305,28223,265053,265245,266096,268531,269255,262490,267339,53153,263284,266394,270924,262550,263601,265147,268172,267330,268085,268824,263920,270344;type:2,3,4;valid_origin:True;recurrent:True;local:False
137409 270735 1 1857 3056
137409 270735 2 2130 2783
137409 270735 3 2927 1986
137409 270735 4 2376 2537
137409 270735 5 2466 2447
137409 270735 6 2564 2349
137409 270735 7 3285 1628
137409 270735 8 3270 1643
137409 270735 9 3834 1079
137409 270735 10 3369 1544
!leg 201398 202427 10 0 1 attackers:202427;victims:201398;type:1;valid_origin:True;recurrent:False;local:False
201398 202427 1 1 0
201398 202427 2 1 0
201398 202427 3 1 0
201398 202427 4 1 0
201398 202427 5 1 0
201398 202427 6 1 0
201398 202427 7 1 0
201398 202427 8 1 0
201398 202427 9 1 0
201398 202427 10 1 0
!sus 44570 210562 0 10 23 attackers:44570;victims:210562;type:1;valid_origin:True;recurrent:True;local:False
44570 210562 1 9 14
44570 210562 2 9 14
44570 210562 3 9 14
44570 210562 4 9 14
44570 210562 5 11 12
44570 210562 6 11 12
44570 210562 7 11 12
44570 210562 8 11 12
44570 210562 9 11 12
44570 210562 10 10 13
!sus 13335 24550 0 10 288 attackers:24550;victims:13335;type:1;valid_origin:True;recurrent:True;local:False
13335 24550 1 0 288
13335 24550 2 0 288
13335 24550 3 2 286
13335 24550 4 11 277
13335 24550 5 38 250
13335 24550 6 31 257
13335 24550 7 50 238
13335 24550 8 2 286
13335 24550 9 59 229
13335 24550 10 61 227
!leg 13039 34872 10 0 1 attackers:34872;victims:13039;type:1;valid_origin:True;recurrent:False;local:False
13039 34872 1 1 0
13039 34872 2 1 0
13039 34872 3 1 0
13039 34872 4 1 0
13039 34872 5 1 0
13039 34872 6 1 0
13039 34872 7 1 0
13039 34872 8 1 0
13039 34872 9 1 0
13039 34872 10 1 0
!sus 211760 213250 0 10 12 attackers:213250;victims:211760;type:1;valid_origin:True;recurrent:True;local:False
211760 213250 1 0 12
211760 213250 2 0 12
211760 213250 3 0 12
211760 213250 4 0 12
211760 213250 5 0 12
211760 213250 6 0 12
211760 213250 7 0 12
211760 213250 8 0 12
211760 213250 9 3 9
211760 213250 10 5 7
!sus 13335 55915 0 10 43 attackers:55915;victims:13335;type:1;valid_origin:True;recurrent:True;local:False
13335 55915 1 0 43
13335 55915 2 0 43
13335 55915 3 0 43
13335 55915 4 1 42
13335 55915 5 4 39
13335 55915 6 14 29
13335 55915 7 5 38
13335 55915 8 3 40
13335 55915 9 5 38
13335 55915 10 15 28
!leg 20562 37727 10 0 2 attackers:20562;victims:37727,32021;type:1,2;valid_origin:False;recurrent:False;local:False
20562 37727 1 2 0
20562 37727 2 2 0
20562 37727 3 2 0
20562 37727 4 2 0
20562 37727 5 2 0
20562 37727 6 2 0
20562 37727 7 2 0
20562 37727 8 2 0
20562 37727 9 2 0
20562 37727 10 2 0
!leg 34863 34872 10 0 1 attackers:34872;victims:34863;type:1;valid_origin:True;recurrent:False;local:False
34863 34872 1 1 0
34863 34872 2 1 0
34863 34872 3 1 0
34863 34872 4 1 0
34863 34872 5 1 0
34863 34872 6 1 0
34863 34872 7 1 0
34863 34872 8 1 0
34863 34872 9 1 0
34863 34872 10 1 0
!sus 4755 35280 5 5 533 attackers:35280;victims:27066,138211,31898,39997,16125,61813,267236,271329,1024,29066,139675,139516,394695,45625,200984,37312,31148,17359,13341,63739,270142,327803,47524,7602,263583,133269,204508,272024,265924,32787,52759,21433,37705,61465,141462,3909,203214,9583,270785,29091,139501,44686,269748,268139,213035,263320,16509,43135,4755,136531,327687,265759,150404,205210,262624,139782,208230,264525,270455,202105,149275,5385,33651,138088,27983,142553,27046,2386,201076,21527,31175,206843,19181,135123,38616,3573,28533,149533,138517,27822,49673,16286,51409,58104,4713,14618,35913,136917,27659,8402,208135,13977,6871,13979,139099,134913,204382,9498,25818,647,135780,12479,4758,148996,141922,5972,2018,6428,37569,210305,38191,203062,146966,37368,37594,53115,270151,24863,263172,329140,134756,27621,213316,4249,139058,201217,135854,5650,44570,20473,56747,63701,6713,17908,7610,52375,31126,263766,834,11992,37484,4021,134338,37013,8369,35819,32798,12189,3475,26615,49732,55836,43447,56687,24707,21342,60735,142289,61317,132296,397472,2688,52382,269023,60313,135887,134873,8551,132761,52071,9890,29571,137610,141219,36914,49020,7018,13124,22394,59288,38008,267593,148971,38614,270110,146890,9929,265100,137491,138364,147232,34458,209218,12654,38266,25221,6736,14299,58499,212085,58253,262504,268795,6450,26793,24474,267453,263499,328114,200969,32913,266109,28532,15695,212034,45769,36352,132911,211119,31514,24392,264328,209209,26405,45560,36935,21277,149531,8987,21570,132215,137975,398962,43795,48292,49094,136255,262428,36295,212895,5839,19180,269083,267141,206620,1501,263390,17501,30636,205414,142473,55714,23679,329132,46997,132957,202256,45773,132298,2046,140933,203827,263959,2603,2665,19429,28272,136356,33660,13213,132984,139857;type:1,2,3,4,5,6,7,8,9,10,11,12,15;valid_origin:False;recurrent:True;local:False
4755 35280 1 513 20
4755 35280 2 505 28
4755 35280 3 371 162
4755 35280 4 160 373
4755 35280 5 129 404
4755 35280 6 334 199
4755 35280 7 150 383
4755 35280 8 227 306
4755 35280 9 280 253
4755 35280 10 245 288
!leg 3214 37727 10 0 4 attackers:3214;victims:327944,37727,32021,30997;type:1,2;valid_origin:False;recurrent:False;local:True
3214 37727 1 4 0
3214 37727 2 4 0
3214 37727 3 4 0
3214 37727 4 4 0
3214 37727 5 4 0
3214 37727 6 4 0
3214 37727 7 4 0
3214 37727 8 4 0
3214 37727 9 4 0
3214 37727 10 4 0
!sus 9304 18116 0 10 11 attackers:18116;victims:9304;type:1;valid_origin:True;recurrent:True;local:False
9304 18116 1 0 11
9304 18116 2 0 11
9304 18116 3 0 11
9304 18116 4 0 11
9304 18116 5 0 11
9304 18116 6 0 11
9304 18116 7 0 11
9304 18116 8 0 11
9304 18116 9 0 11
9304 18116 10 0 11
!sus 49121 212147 1 9 13 attackers:49121;victims:212147;type:1;valid_origin:True;recurrent:True;local:False
49121 212147 1 6 7
49121 212147 2 5 8
49121 212147 3 8 5
49121 212147 4 4 9
49121 212147 5 4 9
49121 212147 6 5 8
49121 212147 7 4 9
49121 212147 8 0 13
49121 212147 9 4 9
49121 212147 10 5 8
!sus 7311 267613 9 1 1 attackers:267613;victims:7311;type:1;valid_origin:True;recurrent:True;local:True
7311 267613 1 0 1
7311 267613 2 1 0
7311 267613 3 1 0
7311 267613 4 1 0
7311 267613 5 1 0
7311 267613 6 1 0
7311 267613 7 1 0
7311 267613 8 1 0
7311 267613 9 1 0
7311 267613 10 1 0
!leg 53062 262880 10 0 56 attackers:53062;victims:262880;type:1;valid_origin:True;recurrent:False;local:False
53062 262880 1 48 8
53062 262880 2 55 1
53062 262880 3 56 0
53062 262880 4 56 0
53062 262880 5 56 0
53062 262880 6 56 0
53062 262880 7 56 0
53062 262880 8 56 0
53062 262880 9 56 0
53062 262880 10 56 0
!sus 39598 51185 9 1 1 attackers:51185;victims:39598;type:1;valid_origin:True;recurrent:True;local:True
39598 51185 1 0 1
39598 51185 2 1 0
39598 51185 3 1 0
39598 51185 4 1 0
39598 51185 5 1 0
39598 51185 6 1 0
39598 51185 7 1 0
39598 51185 8 1 0
39598 51185 9 1 0
39598 51185 10 1 0
!leg 6057 50622 10 0 1 attackers:6057;victims:50622;type:1;valid_origin:True;recurrent:False;local:True
6057 50622 1 1 0
6057 50622 2 1 0
6057 50622 3 1 0
6057 50622 4 1 0
6057 50622 5 1 0
6057 50622 6 1 0
6057 50622 7 1 0
6057 50622 8 1 0
6057 50622 9 1 0
6057 50622 10 1 0
!leg 61595 262367 10 0 1 attackers:61595;victims:262367;type:1;valid_origin:True;recurrent:False;local:False
61595 262367 1 1 0
61595 262367 2 1 0
61595 262367 3 1 0
61595 262367 4 1 0
61595 262367 5 1 0
61595 262367 6 1 0
61595 262367 7 1 0
61595 262367 8 1 0
61595 262367 9 1 0
61595 262367 10 1 0
!sus 138211 212483 1 9 11 attackers:138211;victims:212483;type:1;valid_origin:True;recurrent:True;local:False
138211 212483 1 1 10
138211 212483 2 1 10
138211 212483 3 3 8
138211 212483 4 3 8
138211 212483 5 3 8
138211 212483 6 3 8
138211 212483 7 3 8
138211 212483 8 3 8
138211 212483 9 6 5
138211 212483 10 4 7
!leg 61595 262376 10 0 1 attackers:61595;victims:262376;type:1;valid_origin:True;recurrent:False;local:False
61595 262376 1 1 0
61595 262376 2 1 0
61595 262376 3 1 0
61595 262376 4 1 0
61595 262376 5 1 0
61595 262376 6 1 0
61595 262376 7 1 0
61595 262376 8 1 0
61595 262376 9 1 0
61595 262376 10 1 0
!leg 58280 202427 10 0 1 attackers:202427;victims:58280;type:1;valid_origin:True;recurrent:False;local:False
58280 202427 1 1 0
58280 202427 2 1 0
58280 202427 3 1 0
58280 202427 4 1 0
58280 202427 5 1 0
58280 202427 6 1 0
58280 202427 7 1 0
58280 202427 8 1 0
58280 202427 9 1 0
58280 202427 10 1 0
!leg 202348 202427 10 0 1 attackers:202427;victims:202348;type:1;valid_origin:True;recurrent:False;local:False
202348 202427 1 1 0
202348 202427 2 1 0
202348 202427 3 1 0
202348 202427 4 1 0
202348 202427 5 1 0
202348 202427 6 1 0
202348 202427 7 1 0
202348 202427 8 1 0
202348 202427 9 1 0
202348 202427 10 1 0
!leg 12480 34872 10 0 1 attackers:34872;victims:12480;type:1;valid_origin:True;recurrent:False;local:False
12480 34872 1 1 0
12480 34872 2 1 0
12480 34872 3 1 0
12480 34872 4 1 0
12480 34872 5 1 0
12480 34872 6 1 0
12480 34872 7 1 0
12480 34872 8 1 0
12480 34872 9 1 0
12480 34872 10 1 0
!leg 26434 264107 10 0 2 attackers:26434;victims:264107;type:1;valid_origin:True;recurrent:False;local:False
26434 264107 1 2 0
26434 264107 2 2 0
26434 264107 3 2 0
26434 264107 4 2 0
26434 264107 5 2 0
26434 264107 6 2 0
26434 264107 7 2 0
26434 264107 8 2 0
26434 264107 9 2 0
26434 264107 10 2 0
!leg 9498 37727 10 0 1 attackers:9498;victims:37727;type:1;valid_origin:False;recurrent:False;local:False
9498 37727 1 1 0
9498 37727 2 1 0
9498 37727 3 1 0
9498 37727 4 1 0
9498 37727 5 1 0
9498 37727 6 1 0
9498 37727 7 1 0
9498 37727 8 1 0
9498 37727 9 1 0
9498 37727 10 1 0
!sus 9002 393644 0 10 10 attackers:9002;victims:49870;type:2;valid_origin:True;recurrent:True;local:False
9002 393644 1 0 10
9002 393644 2 0 10
9002 393644 3 0 10
9002 393644 4 0 10
9002 393644 5 0 10
9002 393644 6 0 10
9002 393644 7 0 10
9002 393644 8 0 10
9002 393644 9 0 10
9002 393644 10 0 10
!sus 9038 60849 3 7 239 attackers:60849;victims:9038;type:1;valid_origin:True;recurrent:True;local:False
9038 60849 1 0 239
9038 60849 2 0 239
9038 60849 3 0 239
9038 60849 4 25 214
9038 60849 5 3 236
9038 60849 6 35 204
9038 60849 7 59 180
9038 60849 8 170 69
9038 60849 9 233 6
9038 60849 10 135 104
!leg 8309 37727 10 0 1 attackers:8309;victims:37727;type:1;valid_origin:False;recurrent:False;local:False
8309 37727 1 1 0
8309 37727 2 1 0
8309 37727 3 1 0
8309 37727 4 1 0
8309 37727 5 1 0
8309 37727 6 1 0
8309 37727 7 1 0
8309 37727 8 1 0
8309 37727 9 1 0
8309 37727 10 1 0
!sus 1299 270111 7 3 184 attackers:1299;victims:270111;type:1;valid_origin:True;recurrent:True;local:False
1299 270111 1 25 159
1299 270111 2 91 93
1299 270111 3 166 18
1299 270111 4 114 70
1299 270111 5 48 136
1299 270111 6 169 15
1299 270111 7 93 91
1299 270111 8 177 7
1299 270111 9 161 23
1299 270111 10 181 3
!leg 61595 264959 10 0 1 attackers:61595;victims:264959;type:1;valid_origin:True;recurrent:False;local:False
61595 264959 1 1 0
61595 264959 2 1 0
61595 264959 3 1 0
61595 264959 4 1 0
61595 264959 5 1 0
61595 264959 6 1 0
61595 264959 7 1 0
61595 264959 8 1 0
61595 264959 9 1 0
61595 264959 10 1 0
!sus 1031 24940 8 2 6 attackers:1031;victims:24940;type:1;valid_origin:True;recurrent:True;local:False
1031 24940 1 0 6
1031 24940 2 0 6
1031 24940 3 6 0
1031 24940 4 6 0
1031 24940 5 6 0
1031 24940 6 6 0
1031 24940 7 6 0
1031 24940 8 6 0
1031 24940 9 6 0
1031 24940 10 6 0
!leg 12886 34872 10 0 1 attackers:34872;victims:12886;type:1;valid_origin:True;recurrent:False;local:False
12886 34872 1 1 0
12886 34872 2 1 0
12886 34872 3 1 0
12886 34872 4 1 0
12886 34872 5 1 0
12886 34872 6 1 0
12886 34872 7 1 0
12886 34872 8 1 0
12886 34872 9 1 0
12886 34872 10 1 0
!leg 51786 202427 10 0 1 attackers:202427;victims:51786;type:1;valid_origin:True;recurrent:False;local:False
51786 202427 1 1 0
51786 202427 2 1 0
51786 202427 3 1 0
51786 202427 4 1 0
51786 202427 5 1 0
51786 202427 6 1 0
51786 202427 7 1 0
51786 202427 8 1 0
51786 202427 9 1 0
51786 202427 10 1 0
!sus 25486 31168 0 10 14 attackers:25486;victims:31168;type:1;valid_origin:True;recurrent:True;local:False
25486 31168 1 1 13
25486 31168 2 0 14
25486 31168 3 1 13
25486 31168 4 1 13
25486 31168 5 0 14
25486 31168 6 1 13
25486 31168 7 0 14
25486 31168 8 0 14
25486 31168 9 1 13
25486 31168 10 0 14
