!leg 29838 33986 10 0 1 attackers:29838;victims:33986;type:1;valid_origin:True;recurrent:False;local:False
29838 33986 1 1 0
29838 33986 2 1 0
29838 33986 3 1 0
29838 33986 4 1 0
29838 33986 5 1 0
29838 33986 6 1 0
29838 33986 7 1 0
29838 33986 8 1 0
29838 33986 9 1 0
29838 33986 10 1 0
!sus 60503 204914 0 10 9 attackers:60503;victims:204914;type:1;valid_origin:True;recurrent:True;local:False
60503 204914 1 0 9
60503 204914 2 0 9
60503 204914 3 0 9
60503 204914 4 0 9
60503 204914 5 0 9
60503 204914 6 0 9
60503 204914 7 0 9
60503 204914 8 0 9
60503 204914 9 0 9
60503 204914 10 0 9
!sus 26383 63023 3 7 16 attackers:63023;victims:26383;type:1;valid_origin:True;recurrent:True;local:False
26383 63023 1 0 16
26383 63023 2 0 16
26383 63023 3 1 15
26383 63023 4 4 12
26383 63023 5 5 11
26383 63023 6 5 11
26383 63023 7 11 5
26383 63023 8 8 8
26383 63023 9 10 6
26383 63023 10 16 0
!sus 41241 204922 0 10 3 attackers:204922;victims:41241;type:1;valid_origin:True;recurrent:True;local:False
41241 204922 1 0 3
41241 204922 2 1 2
41241 204922 3 1 2
41241 204922 4 1 2
41241 204922 5 1 2
41241 204922 6 1 2
41241 204922 7 1 2
41241 204922 8 1 2
41241 204922 9 1 2
41241 204922 10 1 2
!leg 49125 61568 10 0 1 attackers:61568;victims:209139;type:2;valid_origin:True;recurrent:False;local:True
49125 61568 1 1 0
49125 61568 2 1 0
49125 61568 3 1 0
49125 61568 4 1 0
49125 61568 5 1 0
49125 61568 6 1 0
49125 61568 7 1 0
49125 61568 8 1 0
49125 61568 9 1 0
49125 61568 10 1 0
!sus 7342 44103 9 1 2 attackers:44103;victims:396566,7342;type:1,2;valid_origin:True;recurrent:True;local:False
7342 44103 1 1 1
7342 44103 2 2 0
7342 44103 3 2 0
7342 44103 4 2 0
7342 44103 5 2 0
7342 44103 6 2 0
7342 44103 7 2 0
7342 44103 8 2 0
7342 44103 9 2 0
7342 44103 10 2 0
!sus 34918 202029 0 10 5 attackers:34918;victims:202029;type:1;valid_origin:True;recurrent:True;local:False
34918 202029 1 0 5
34918 202029 2 0 5
34918 202029 3 0 5
34918 202029 4 0 5
34918 202029 5 0 5
34918 202029 6 0 5
34918 202029 7 0 5
34918 202029 8 0 5
34918 202029 9 0 5
34918 202029 10 0 5
!sus 44103 201760 5 5 8 attackers:44103;victims:201760;type:1;valid_origin:True;recurrent:True;local:False
44103 201760 1 4 4
44103 201760 2 7 1
44103 201760 3 5 3
44103 201760 4 4 4
44103 201760 5 4 4
44103 201760 6 5 3
44103 201760 7 5 3
44103 201760 8 4 4
44103 201760 9 4 4
44103 201760 10 5 3
!leg 9583 146902 10 0 53 attackers:146902;victims:141490;type:6;valid_origin:True;recurrent:False;local:False
9583 146902 1 53 0
9583 146902 2 53 0
9583 146902 3 53 0
9583 146902 4 53 0
9583 146902 5 53 0
9583 146902 6 53 0
9583 146902 7 53 0
9583 146902 8 53 0
9583 146902 9 53 0
9583 146902 10 53 0
!sus 203868 213045 7 3 43 attackers:213045;victims:203868;type:1;valid_origin:True;recurrent:True;local:False
203868 213045 1 9 34
203868 213045 2 9 34
203868 213045 3 12 31
203868 213045 4 40 3
203868 213045 5 27 16
203868 213045 6 37 6
203868 213045 7 32 11
203868 213045 8 36 7
203868 213045 9 43 0
203868 213045 10 43 0
!leg 138106 138117 10 0 18 attackers:138106;victims:140430;type:2;valid_origin:True;recurrent:False;local:False
138106 138117 1 18 0
138106 138117 2 18 0
138106 138117 3 18 0
138106 138117 4 18 0
138106 138117 5 18 0
138106 138117 6 18 0
138106 138117 7 18 0
138106 138117 8 18 0
138106 138117 9 18 0
138106 138117 10 18 0
!sus 8452 24429 0 10 3 attackers:8452;victims:24429;type:1;valid_origin:True;recurrent:True;local:False
8452 24429 1 0 3
8452 24429 2 0 3
8452 24429 3 0 3
8452 24429 4 0 3
8452 24429 5 0 3
8452 24429 6 0 3
8452 24429 7 0 3
8452 24429 8 0 3
8452 24429 9 0 3
8452 24429 10 0 3
!leg 44103 208505 10 0 1 attackers:44103;victims:208505;type:1;valid_origin:True;recurrent:False;local:False
44103 208505 1 1 0
44103 208505 2 1 0
44103 208505 3 1 0
44103 208505 4 1 0
44103 208505 5 1 0
44103 208505 6 1 0
44103 208505 7 1 0
44103 208505 8 1 0
44103 208505 9 1 0
44103 208505 10 1 0
!leg 7600 135069 10 0 3 attackers:7600;victims:135069,136795,55853;type:1,2;valid_origin:True;recurrent:False;local:False
7600 135069 1 2 1
7600 135069 2 2 1
7600 135069 3 3 0
7600 135069 4 3 0
7600 135069 5 3 0
7600 135069 6 3 0
7600 135069 7 3 0
7600 135069 8 3 0
7600 135069 9 3 0
7600 135069 10 3 0
!leg 8365 44103 10 0 5 attackers:44103;victims:12643,6766,8365,199578,28714;type:1,2,3;valid_origin:True;recurrent:False;local:False
8365 44103 1 5 0
8365 44103 2 5 0
8365 44103 3 5 0
8365 44103 4 5 0
8365 44103 5 5 0
8365 44103 6 5 0
8365 44103 7 5 0
8365 44103 8 5 0
8365 44103 9 5 0
8365 44103 10 5 0
!leg 56834 61568 10 0 2 attackers:61568;victims:56834;type:1;valid_origin:True;recurrent:False;local:False
56834 61568 1 2 0
56834 61568 2 2 0
56834 61568 3 2 0
56834 61568 4 2 0
56834 61568 5 2 0
56834 61568 6 2 0
56834 61568 7 2 0
56834 61568 8 2 0
56834 61568 9 2 0
56834 61568 10 2 0
!leg 3223 42447 10 0 108 attackers:3223;victims:42447;type:1;valid_origin:True;recurrent:False;local:False
3223 42447 1 99 9
3223 42447 2 106 2
3223 42447 3 108 0
3223 42447 4 108 0
3223 42447 5 108 0
3223 42447 6 108 0
3223 42447 7 108 0
3223 42447 8 108 0
3223 42447 9 108 0
3223 42447 10 108 0
!sus 44103 135391 9 1 1 attackers:44103;victims:135391;type:1;valid_origin:True;recurrent:True;local:False
44103 135391 1 0 1
44103 135391 2 1 0
44103 135391 3 1 0
44103 135391 4 1 0
44103 135391 5 1 0
44103 135391 6 1 0
44103 135391 7 1 0
44103 135391 8 1 0
44103 135391 9 1 0
44103 135391 10 1 0
!sus 10241 141152 3 7 18 attackers:10241;victims:141152;type:1;valid_origin:True;recurrent:True;local:False
10241 141152 1 0 18
10241 141152 2 0 18
10241 141152 3 0 18
10241 141152 4 0 18
10241 141152 5 1 17
10241 141152 6 1 17
10241 141152 7 0 18
10241 141152 8 14 4
10241 141152 9 13 5
10241 141152 10 14 4
!sus 32787 53184 6 4 1 attackers:53184;victims:2516;type:2;valid_origin:True;recurrent:True;local:False
32787 53184 1 0 1
32787 53184 2 0 1
32787 53184 3 0 1
32787 53184 4 0 1
32787 53184 5 1 0
32787 53184 6 1 0
32787 53184 7 1 0
32787 53184 8 1 0
32787 53184 9 1 0
32787 53184 10 1 0
!sus 13786 28277 3 7 21 attackers:13786;victims:28277;type:1;valid_origin:True;recurrent:True;local:False
13786 28277 1 4 17
13786 28277 2 4 17
13786 28277 3 5 16
13786 28277 4 5 16
13786 28277 5 7 14
13786 28277 6 7 14
13786 28277 7 6 15
13786 28277 8 12 9
13786 28277 9 14 7
13786 28277 10 16 5
!leg 48915 61568 10 0 2 attackers:61568;victims:48915;type:1;valid_origin:True;recurrent:False;local:False
48915 61568 1 2 0
48915 61568 2 2 0
48915 61568 3 2 0
48915 61568 4 2 0
48915 61568 5 2 0
48915 61568 6 2 0
48915 61568 7 2 0
48915 61568 8 2 0
48915 61568 9 2 0
48915 61568 10 2 0
!sus 61302 142553 7 3 378 attackers:61302;victims:142553;type:1;valid_origin:True;recurrent:False;local:False
61302 142553 1 2 376
61302 142553 2 108 270
61302 142553 3 187 191
61302 142553 4 216 162
61302 142553 5 267 111
61302 142553 6 281 97
61302 142553 7 257 121
61302 142553 8 285 93
61302 142553 9 273 105
61302 142553 10 292 86
!leg 25933 263950 10 0 1 attackers:25933;victims:263950;type:1;valid_origin:True;recurrent:False;local:False
25933 263950 1 1 0
25933 263950 2 1 0
25933 263950 3 1 0
25933 263950 4 1 0
25933 263950 5 1 0
25933 263950 6 1 0
25933 263950 7 1 0
25933 263950 8 1 0
25933 263950 9 1 0
25933 263950 10 1 0
!leg 24516 58941 10 0 1 attackers:58941;victims:45924;type:2;valid_origin:True;recurrent:False;local:False
24516 58941 1 1 0
24516 58941 2 1 0
24516 58941 3 1 0
24516 58941 4 1 0
24516 58941 5 1 0
24516 58941 6 1 0
24516 58941 7 1 0
24516 58941 8 1 0
24516 58941 9 1 0
24516 58941 10 1 0
!sus 9 150021 0 10 4 attackers:150021;victims:9;type:1;valid_origin:True;recurrent:True;local:False
9 150021 1 0 4
9 150021 2 0 4
9 150021 3 0 4
9 150021 4 0 4
9 150021 5 0 4
9 150021 6 0 4
9 150021 7 0 4
9 150021 8 0 4
9 150021 9 0 4
9 150021 10 0 4
!sus 19257 139341 1 9 8 attackers:139341;victims:19257;type:1;valid_origin:True;recurrent:True;local:False
19257 139341 1 0 8
19257 139341 2 0 8
19257 139341 3 1 7
19257 139341 4 1 7
19257 139341 5 3 5
19257 139341 6 3 5
19257 139341 7 3 5
19257 139341 8 3 5
19257 139341 9 3 5
19257 139341 10 5 3
!sus 16397 52555 9 1 47 attackers:16397;victims:52555;type:1;valid_origin:True;recurrent:True;local:False
16397 52555 1 21 26
16397 52555 2 27 20
16397 52555 3 40 7
16397 52555 4 37 10
16397 52555 5 39 8
16397 52555 6 42 5
16397 52555 7 41 6
16397 52555 8 47 0
16397 52555 9 42 5
16397 52555 10 47 0
!leg 23930 58453 10 0 1 attackers:23930;victims:9927;type:2;valid_origin:True;recurrent:False;local:False
23930 58453 1 1 0
23930 58453 2 1 0
23930 58453 3 1 0
23930 58453 4 1 0
23930 58453 5 1 0
23930 58453 6 1 0
23930 58453 7 1 0
23930 58453 8 1 0
23930 58453 9 1 0
23930 58453 10 1 0
!sus 42473 50902 6 4 62 attackers:42473;victims:50902;type:1;valid_origin:True;recurrent:True;local:False
42473 50902 1 24 38
42473 50902 2 21 41
42473 50902 3 14 48
42473 50902 4 57 5
42473 50902 5 39 23
42473 50902 6 58 4
42473 50902 7 58 4
42473 50902 8 58 4
42473 50902 9 29 33
42473 50902 10 58 4
!leg 17494 45430 10 0 1 attackers:45430;victims:17469;type:2;valid_origin:True;recurrent:False;local:False
17494 45430 1 1 0
17494 45430 2 1 0
17494 45430 3 1 0
17494 45430 4 1 0
17494 45430 5 1 0
17494 45430 6 1 0
17494 45430 7 1 0
17494 45430 8 1 0
17494 45430 9 1 0
17494 45430 10 1 0
!leg 29049 56834 10 0 1 attackers:29049;victims:56834;type:1;valid_origin:True;recurrent:False;local:True
29049 56834 1 1 0
29049 56834 2 1 0
29049 56834 3 1 0
29049 56834 4 1 0
29049 56834 5 1 0
29049 56834 6 1 0
29049 56834 7 1 0
29049 56834 8 1 0
29049 56834 9 1 0
29049 56834 10 1 0
!sus 61302 147028 2 8 118 attackers:61302;victims:147028;type:1;valid_origin:True;recurrent:True;local:False
61302 147028 1 0 118
61302 147028 2 0 118
61302 147028 3 0 118
61302 147028 4 1 117
61302 147028 5 26 92
61302 147028 6 5 113
61302 147028 7 40 78
61302 147028 8 31 87
61302 147028 9 71 47
61302 147028 10 94 24
!sus 59796 135097 0 10 3 attackers:59796;victims:135097;type:1;valid_origin:True;recurrent:True;local:False
59796 135097 1 0 3
59796 135097 2 0 3
59796 135097 3 0 3
59796 135097 4 0 3
59796 135097 5 0 3
59796 135097 6 0 3
59796 135097 7 0 3
59796 135097 8 0 3
59796 135097 9 1 2
59796 135097 10 0 3
!sus 49904 142616 8 2 15 attackers:142616;victims:49904;type:1;valid_origin:True;recurrent:True;local:False
49904 142616 1 14 1
49904 142616 2 8 7
49904 142616 3 12 3
49904 142616 4 8 7
49904 142616 5 13 2
49904 142616 6 7 8
49904 142616 7 0 15
49904 142616 8 14 1
49904 142616 9 14 1
49904 142616 10 13 2
!sus 207598 208548 0 10 13 attackers:208548;victims:207598;type:1;valid_origin:True;recurrent:True;local:False
207598 208548 1 0 13
207598 208548 2 0 13
207598 208548 3 0 13
207598 208548 4 0 13
207598 208548 5 0 13
207598 208548 6 0 13
207598 208548 7 0 13
207598 208548 8 0 13
207598 208548 9 0 13
207598 208548 10 0 13
!leg 12713 61337 10 0 1 attackers:12713;victims:61337;type:1;valid_origin:True;recurrent:False;local:False
12713 61337 1 1 0
12713 61337 2 1 0
12713 61337 3 1 0
12713 61337 4 1 0
12713 61337 5 1 0
12713 61337 6 1 0
12713 61337 7 1 0
12713 61337 8 1 0
12713 61337 9 1 0
12713 61337 10 1 0
!leg 210542 212027 10 0 149 attackers:212027;victims:210542;type:1;valid_origin:False;recurrent:False;local:False
210542 212027 1 149 0
210542 212027 2 149 0
210542 212027 3 149 0
210542 212027 4 149 0
210542 212027 5 149 0
210542 212027 6 149 0
210542 212027 7 149 0
210542 212027 8 149 0
210542 212027 9 149 0
210542 212027 10 149 0
!leg 8487 44103 10 0 2 attackers:44103;victims:206656,8487;type:1,2;valid_origin:True;recurrent:True;local:False
8487 44103 1 2 0
8487 44103 2 2 0
8487 44103 3 2 0
8487 44103 4 2 0
8487 44103 5 2 0
8487 44103 6 2 0
8487 44103 7 2 0
8487 44103 8 2 0
8487 44103 9 2 0
8487 44103 10 2 0
!leg 267460 268126 10 0 2 attackers:268126;victims:267460;type:1;valid_origin:True;recurrent:False;local:False
267460 268126 1 2 0
267460 268126 2 2 0
267460 268126 3 2 0
267460 268126 4 2 0
267460 268126 5 2 0
267460 268126 6 2 0
267460 268126 7 2 0
267460 268126 8 2 0
267460 268126 9 2 0
267460 268126 10 2 0
!sus 2 136319 0 10 7 attackers:136319;victims:2;type:1;valid_origin:True;recurrent:True;local:False
2 136319 1 0 7
2 136319 2 0 7
2 136319 3 0 7
2 136319 4 0 7
2 136319 5 0 7
2 136319 6 0 7
2 136319 7 0 7
2 136319 8 0 7
2 136319 9 0 7
2 136319 10 0 7
!leg 13037 17639 10 0 6 attackers:17639;victims:51766,203460,13037,44697,204945,15248;type:1,2;valid_origin:True;recurrent:False;local:True
13037 17639 1 6 0
13037 17639 2 6 0
13037 17639 3 6 0
13037 17639 4 6 0
13037 17639 5 6 0
13037 17639 6 6 0
13037 17639 7 6 0
13037 17639 8 6 0
13037 17639 9 6 0
13037 17639 10 6 0
!sus 269918 400317 0 10 11 attackers:400317;victims:269918;type:1;valid_origin:True;recurrent:True;local:False
269918 400317 1 0 11
269918 400317 2 0 11
269918 400317 3 3 8
269918 400317 4 3 8
269918 400317 5 3 8
269918 400317 6 3 8
269918 400317 7 3 8
269918 400317 8 3 8
269918 400317 9 3 8
269918 400317 10 3 8
!sus 132203 271258 0 10 1 attackers:132203;victims:23106;type:6;valid_origin:True;recurrent:False;local:False
132203 271258 1 0 1
132203 271258 2 0 1
132203 271258 3 0 1
132203 271258 4 0 1
132203 271258 5 0 1
132203 271258 6 0 1
132203 271258 7 0 1
132203 271258 8 0 1
132203 271258 9 0 1
132203 271258 10 0 1
!leg 59895 137409 10 0 1 attackers:137409;victims:59895;type:1;valid_origin:True;recurrent:False;local:False
59895 137409 1 1 0
59895 137409 2 1 0
59895 137409 3 1 0
59895 137409 4 1 0
59895 137409 5 1 0
59895 137409 6 1 0
59895 137409 7 1 0
59895 137409 8 1 0
59895 137409 9 1 0
59895 137409 10 1 0
!sus 6019 60139 2 8 3 attackers:60139;victims:60139;type:2;valid_origin:True;recurrent:True;local:False
6019 60139 1 3 0
6019 60139 2 2 1
6019 60139 3 1 2
6019 60139 4 0 3
6019 60139 5 0 3
6019 60139 6 0 3
6019 60139 7 0 3
6019 60139 8 0 3
6019 60139 9 0 3
6019 60139 10 0 3
!sus 53667 209606 8 2 13 attackers:53667;victims:209606;type:1;valid_origin:True;recurrent:True;local:False
53667 209606 1 0 13
53667 209606 2 0 13
53667 209606 3 12 1
53667 209606 4 13 0
53667 209606 5 13 0
53667 209606 6 13 0
53667 209606 7 13 0
53667 209606 8 13 0
53667 209606 9 13 0
53667 209606 10 13 0
!sus 44570 202197 7 3 18 attackers:44570;victims:202197;type:1;valid_origin:True;recurrent:True;local:False
44570 202197 1 7 11
44570 202197 2 7 11
44570 202197 3 11 7
44570 202197 4 18 0
44570 202197 5 9 9
44570 202197 6 18 0
44570 202197 7 18 0
44570 202197 8 18 0
44570 202197 9 18 0
44570 202197 10 18 0
!leg 48915 264409 10 0 1 attackers:264409;victims:48915;type:1;valid_origin:True;recurrent:False;local:True
48915 264409 1 1 0
48915 264409 2 1 0
48915 264409 3 1 0
48915 264409 4 1 0
48915 264409 5 1 0
48915 264409 6 1 0
48915 264409 7 1 0
48915 264409 8 1 0
48915 264409 9 1 0
48915 264409 10 1 0
!leg 24342 58656 10 0 207 attackers:58656;victims:24342;type:1;valid_origin:True;recurrent:False;local:False
24342 58656 1 207 0
24342 58656 2 207 0
24342 58656 3 207 0
24342 58656 4 207 0
24342 58656 5 207 0
24342 58656 6 207 0
24342 58656 7 207 0
24342 58656 8 207 0
24342 58656 9 207 0
24342 58656 10 207 0
!sus 10325 24482 9 1 19 attackers:24482;victims:10325;type:1;valid_origin:False;recurrent:True;local:False
10325 24482 1 0 19
10325 24482 2 16 3
10325 24482 3 17 2
10325 24482 4 17 2
10325 24482 5 17 2
10325 24482 6 17 2
10325 24482 7 19 0
10325 24482 8 19 0
10325 24482 9 19 0
10325 24482 10 19 0
!leg 41363 202664 10 0 20 attackers:202664;victims:41363;type:1;valid_origin:True;recurrent:False;local:False
41363 202664 1 20 0
41363 202664 2 20 0
41363 202664 3 20 0
41363 202664 4 20 0
41363 202664 5 20 0
41363 202664 6 20 0
41363 202664 7 20 0
41363 202664 8 20 0
41363 202664 9 20 0
41363 202664 10 20 0
!leg 52320 272692 10 0 1 attackers:52320;victims:18144;type:5;valid_origin:True;recurrent:False;local:True
52320 272692 1 1 0
52320 272692 2 1 0
52320 272692 3 1 0
52320 272692 4 1 0
52320 272692 5 1 0
52320 272692 6 1 0
52320 272692 7 1 0
52320 272692 8 1 0
52320 272692 9 1 0
52320 272692 10 1 0
!sus 17819 134594 2 8 7 attackers:17819;victims:134594;type:1;valid_origin:True;recurrent:True;local:False
17819 134594 1 1 6
17819 134594 2 1 6
17819 134594 3 1 6
17819 134594 4 1 6
17819 134594 5 2 5
17819 134594 6 2 5
17819 134594 7 2 5
17819 134594 8 2 5
17819 134594 9 4 3
17819 134594 10 4 3
!sus 263761 272853 0 10 291 attackers:263761;victims:272853;type:1;valid_origin:True;recurrent:True;local:False
263761 272853 1 0 291
263761 272853 2 0 291
263761 272853 3 0 291
263761 272853 4 0 291
263761 272853 5 0 291
263761 272853 6 0 291
263761 272853 7 0 291
263761 272853 8 0 291
263761 272853 9 0 291
263761 272853 10 1 290
!sus 44570 400304 0 10 12 attackers:400304;victims:44570;type:1;valid_origin:True;recurrent:True;local:False
44570 400304 1 0 12
44570 400304 2 0 12
44570 400304 3 0 12
44570 400304 4 0 12
44570 400304 5 0 12
44570 400304 6 0 12
44570 400304 7 0 12
44570 400304 8 0 12
44570 400304 9 0 12
44570 400304 10 0 12
!leg 7600 133023 10 0 1 attackers:7600;victims:133023;type:1;valid_origin:True;recurrent:False;local:False
7600 133023 1 1 0
7600 133023 2 1 0
7600 133023 3 1 0
7600 133023 4 1 0
7600 133023 5 1 0
7600 133023 6 1 0
7600 133023 7 1 0
7600 133023 8 1 0
7600 133023 9 1 0
7600 133023 10 1 0
!sus 262461 262491 3 7 5 attackers:262491;victims:262491;type:2;valid_origin:True;recurrent:True;local:False
262461 262491 1 5 0
262461 262491 2 5 0
262461 262491 3 5 0
262461 262491 4 0 5
262461 262491 5 0 5
262461 262491 6 0 5
262461 262491 7 0 5
262461 262491 8 0 5
262461 262491 9 0 5
262461 262491 10 0 5
!leg 43404 44103 10 0 2 attackers:44103;victims:51410,43404;type:1,2;valid_origin:True;recurrent:True;local:False
43404 44103 1 2 0
43404 44103 2 2 0
43404 44103 3 2 0
43404 44103 4 2 0
43404 44103 5 2 0
43404 44103 6 2 0
43404 44103 7 2 0
43404 44103 8 2 0
43404 44103 9 2 0
43404 44103 10 2 0
!sus 17408 58779 0 10 4 attackers:58779;victims:17408;type:1;valid_origin:True;recurrent:True;local:False
17408 58779 1 0 4
17408 58779 2 0 4
17408 58779 3 0 4
17408 58779 4 0 4
17408 58779 5 0 4
17408 58779 6 0 4
17408 58779 7 0 4
17408 58779 8 0 4
17408 58779 9 0 4
17408 58779 10 0 4
!sus 21086 64496 0 10 2 attackers:64496;victims:21086;type:1;valid_origin:True;recurrent:False;local:False
21086 64496 1 0 2
21086 64496 2 0 2
21086 64496 3 0 2
21086 64496 4 0 2
21086 64496 5 0 2
21086 64496 6 0 2
21086 64496 7 0 2
21086 64496 8 0 2
21086 64496 9 0 2
21086 64496 10 0 2
!leg 197697 213045 10 0 1 attackers:213045;victims:197697;type:1;valid_origin:True;recurrent:True;local:True
197697 213045 1 1 0
197697 213045 2 1 0
197697 213045 3 1 0
197697 213045 4 1 0
197697 213045 5 1 0
197697 213045 6 1 0
197697 213045 7 1 0
197697 213045 8 1 0
197697 213045 9 1 0
197697 213045 10 1 0
!leg 6768 23106 10 0 5 attackers:23106;victims:56428;type:2;valid_origin:True;recurrent:False;local:False
6768 23106 1 5 0
6768 23106 2 5 0
6768 23106 3 5 0
6768 23106 4 5 0
6768 23106 5 5 0
6768 23106 6 5 0
6768 23106 7 5 0
6768 23106 8 5 0
6768 23106 9 5 0
6768 23106 10 5 0
!sus 137409 207841 0 10 1 attackers:207841;victims:137409;type:1;valid_origin:True;recurrent:True;local:True
137409 207841 1 0 1
137409 207841 2 0 1
137409 207841 3 0 1
137409 207841 4 0 1
137409 207841 5 0 1
137409 207841 6 0 1
137409 207841 7 0 1
137409 207841 8 0 1
137409 207841 9 0 1
137409 207841 10 0 1
!sus 272112 272882 0 10 27 attackers:272112;victims:272882;type:1;valid_origin:True;recurrent:True;local:False
272112 272882 1 0 27
272112 272882 2 0 27
272112 272882 3 0 27
272112 272882 4 0 27
272112 272882 5 0 27
272112 272882 6 0 27
272112 272882 7 0 27
272112 272882 8 0 27
272112 272882 9 0 27
272112 272882 10 0 27
!sus 59796 150249 3 7 259 attackers:59796;victims:150249;type:1;valid_origin:True;recurrent:False;local:False
59796 150249 1 0 259
59796 150249 2 0 259
59796 150249 3 0 259
59796 150249 4 10 249
59796 150249 5 34 225
59796 150249 6 38 221
59796 150249 7 164 95
59796 150249 8 201 58
59796 150249 9 196 63
59796 150249 10 109 150
!sus 50058 202222 0 10 14 attackers:50058;victims:202222;type:1;valid_origin:True;recurrent:True;local:False
50058 202222 1 0 14
50058 202222 2 0 14
50058 202222 3 0 14
50058 202222 4 0 14
50058 202222 5 0 14
50058 202222 6 0 14
50058 202222 7 0 14
50058 202222 8 0 14
50058 202222 9 1 13
50058 202222 10 0 14
!leg 268200 269335 10 0 173 attackers:268200;victims:269335;type:1;valid_origin:True;recurrent:False;local:False
268200 269335 1 173 0
268200 269335 2 173 0
268200 269335 3 173 0
268200 269335 4 173 0
268200 269335 5 173 0
268200 269335 6 173 0
268200 269335 7 173 0
268200 269335 8 173 0
268200 269335 9 173 0
268200 269335 10 173 0
!leg 31424 44103 10 0 1 attackers:44103;victims:31424;type:1;valid_origin:True;recurrent:True;local:False
31424 44103 1 1 0
31424 44103 2 1 0
31424 44103 3 1 0
31424 44103 4 1 0
31424 44103 5 1 0
31424 44103 6 1 0
31424 44103 7 1 0
31424 44103 8 1 0
31424 44103 9 1 0
31424 44103 10 1 0
!leg 13037 35598 10 0 5 attackers:35598;victims:208697,51766,203460,13037,204945;type:1,2;valid_origin:True;recurrent:False;local:True
13037 35598 1 5 0
13037 35598 2 5 0
13037 35598 3 5 0
13037 35598 4 5 0
13037 35598 5 5 0
13037 35598 6 5 0
13037 35598 7 5 0
13037 35598 8 5 0
13037 35598 9 5 0
13037 35598 10 5 0
!sus 12714 44103 8 2 1 attackers:44103;victims:12714;type:1;valid_origin:True;recurrent:True;local:False
12714 44103 1 0 1
12714 44103 2 0 1
12714 44103 3 1 0
12714 44103 4 1 0
12714 44103 5 1 0
12714 44103 6 1 0
12714 44103 7 1 0
12714 44103 8 1 0
12714 44103 9 1 0
12714 44103 10 1 0
!sus 13586 47449 1 9 13 attackers:47449;victims:13586;type:1;valid_origin:True;recurrent:True;local:False
13586 47449 1 13 0
13586 47449 2 2 11
13586 47449 3 1 12
13586 47449 4 4 9
13586 47449 5 1 12
13586 47449 6 1 12
13586 47449 7 1 12
13586 47449 8 1 12
13586 47449 9 1 12
13586 47449 10 1 12
!sus 35000 45489 8 2 1 attackers:45489;victims:35000;type:1;valid_origin:True;recurrent:True;local:True
35000 45489 1 0 1
35000 45489 2 0 1
35000 45489 3 1 0
35000 45489 4 1 0
35000 45489 5 1 0
35000 45489 6 1 0
35000 45489 7 1 0
35000 45489 8 1 0
35000 45489 9 1 0
35000 45489 10 1 0
!leg 3356 395729 10 0 41 attackers:3356;victims:395729;type:1;valid_origin:True;recurrent:False;local:False
3356 395729 1 37 4
3356 395729 2 38 3
3356 395729 3 39 2
3356 395729 4 36 5
3356 395729 5 39 2
3356 395729 6 39 2
3356 395729 7 34 7
3356 395729 8 39 2
3356 395729 9 39 2
3356 395729 10 41 0
!sus 394144 395231 0 10 21 attackers:394144;victims:395231;type:1;valid_origin:True;recurrent:True;local:False
394144 395231 1 2 19
394144 395231 2 0 21
394144 395231 3 0 21
394144 395231 4 0 21
394144 395231 5 0 21
394144 395231 6 0 21
394144 395231 7 5 16
394144 395231 8 0 21
394144 395231 9 0 21
394144 395231 10 0 21
!leg 12502 206394 10 0 253 attackers:12502;victims:206394;type:1;valid_origin:True;recurrent:False;local:False
12502 206394 1 253 0
12502 206394 2 253 0
12502 206394 3 253 0
12502 206394 4 253 0
12502 206394 5 253 0
12502 206394 6 253 0
12502 206394 7 253 0
12502 206394 8 253 0
12502 206394 9 253 0
12502 206394 10 253 0
!sus 24429 58470 0 10 8 attackers:58470;victims:24429;type:1;valid_origin:True;recurrent:True;local:False
24429 58470 1 0 8
24429 58470 2 0 8
24429 58470 3 0 8
24429 58470 4 0 8
24429 58470 5 1 7
24429 58470 6 0 8
24429 58470 7 0 8
24429 58470 8 0 8
24429 58470 9 2 6
24429 58470 10 2 6
!leg 264525 268330 10 0 8 attackers:268330;victims:264525;type:1;valid_origin:True;recurrent:False;local:False
264525 268330 1 8 0
264525 268330 2 8 0
264525 268330 3 8 0
264525 268330 4 8 0
264525 268330 5 8 0
264525 268330 6 8 0
264525 268330 7 8 0
264525 268330 8 8 0
264525 268330 9 8 0
264525 268330 10 8 0
!leg 28263 270764 10 0 1 attackers:28263;victims:270764;type:1;valid_origin:True;recurrent:False;local:False
28263 270764 1 1 0
28263 270764 2 1 0
28263 270764 3 1 0
28263 270764 4 1 0
28263 270764 5 1 0
28263 270764 6 1 0
28263 270764 7 1 0
28263 270764 8 1 0
28263 270764 9 1 0
28263 270764 10 1 0
!sus 39421 204186 0 10 213 attackers:39421;victims:204186;type:1;valid_origin:True;recurrent:True;local:False
39421 204186 1 0 213
39421 204186 2 9 204
39421 204186 3 13 200
39421 204186 4 14 199
39421 204186 5 18 195
39421 204186 6 17 196
39421 204186 7 20 193
39421 204186 8 18 195
39421 204186 9 26 187
39421 204186 10 25 188
!leg 140849 141731 10 0 245 attackers:141731;victims:140849;type:1;valid_origin:True;recurrent:False;local:False
140849 141731 1 245 0
140849 141731 2 245 0
140849 141731 3 245 0
140849 141731 4 245 0
140849 141731 5 245 0
140849 141731 6 245 0
140849 141731 7 245 0
140849 141731 8 245 0
140849 141731 9 245 0
140849 141731 10 245 0
!leg 13037 132337 10 0 6 attackers:132337;victims:208697,51766,203460,44697,13037,204945;type:1,2;valid_origin:True;recurrent:False;local:True
13037 132337 1 6 0
13037 132337 2 6 0
13037 132337 3 6 0
13037 132337 4 6 0
13037 132337 5 6 0
13037 132337 6 6 0
13037 132337 7 6 0
13037 132337 8 6 0
13037 132337 9 6 0
13037 132337 10 6 0
!leg 49125 51185 10 0 1 attackers:51185;victims:209139;type:2;valid_origin:True;recurrent:True;local:True
49125 51185 1 1 0
49125 51185 2 1 0
49125 51185 3 1 0
49125 51185 4 1 0
49125 51185 5 1 0
49125 51185 6 1 0
49125 51185 7 1 0
49125 51185 8 1 0
49125 51185 9 1 0
49125 51185 10 1 0
!leg 13335 28164 10 0 213 attackers:13335;victims:28164;type:1;valid_origin:True;recurrent:False;local:False
13335 28164 1 200 13
13335 28164 2 208 5
13335 28164 3 208 5
13335 28164 4 212 1
13335 28164 5 213 0
13335 28164 6 213 0
13335 28164 7 213 0
13335 28164 8 213 0
13335 28164 9 213 0
13335 28164 10 213 0
!sus 61302 146989 0 10 236 attackers:61302;victims:147002;type:2;valid_origin:True;recurrent:False;local:False
61302 146989 1 3 233
61302 146989 2 21 215
61302 146989 3 4 232
61302 146989 4 1 235
61302 146989 5 3 233
61302 146989 6 20 216
61302 146989 7 15 221
61302 146989 8 8 228
61302 146989 9 13 223
61302 146989 10 18 218
!leg 21473 56368 10 0 517 attackers:21473;victims:56368;type:1;valid_origin:False;recurrent:False;local:False
21473 56368 1 517 0
21473 56368 2 517 0
21473 56368 3 517 0
21473 56368 4 517 0
21473 56368 5 517 0
21473 56368 6 517 0
21473 56368 7 517 0
21473 56368 8 517 0
21473 56368 9 517 0
21473 56368 10 517 0
!leg 15695 34872 10 0 1 attackers:34872;victims:15695;type:1;valid_origin:True;recurrent:False;local:False
15695 34872 1 1 0
15695 34872 2 1 0
15695 34872 3 1 0
15695 34872 4 1 0
15695 34872 5 1 0
15695 34872 6 1 0
15695 34872 7 1 0
15695 34872 8 1 0
15695 34872 9 1 0
15695 34872 10 1 0
!sus 10 38614 8 2 12 attackers:38614;victims:10;type:1;valid_origin:True;recurrent:True;local:False
10 38614 1 0 12
10 38614 2 0 12
10 38614 3 7 5
10 38614 4 7 5
10 38614 5 8 4
10 38614 6 8 4
10 38614 7 8 4
10 38614 8 8 4
10 38614 9 11 1
10 38614 10 10 2
!leg 5606 263903 10 0 9 attackers:263903;victims:44418;type:2;valid_origin:True;recurrent:False;local:False
5606 263903 1 9 0
5606 263903 2 9 0
5606 263903 3 9 0
5606 263903 4 9 0
5606 263903 5 9 0
5606 263903 6 9 0
5606 263903 7 9 0
5606 263903 8 9 0
5606 263903 9 9 0
5606 263903 10 9 0
!sus 50058 211685 0 10 3 attackers:50058;victims:211685;type:1;valid_origin:True;recurrent:True;local:False
50058 211685 1 0 3
50058 211685 2 0 3
50058 211685 3 0 3
50058 211685 4 0 3
50058 211685 5 0 3
50058 211685 6 0 3
50058 211685 7 0 3
50058 211685 8 0 3
50058 211685 9 0 3
50058 211685 10 0 3
!leg 328112 328334 10 0 1 attackers:328112;victims:328334;type:1;valid_origin:True;recurrent:False;local:False
328112 328334 1 1 0
328112 328334 2 1 0
328112 328334 3 1 0
328112 328334 4 1 0
328112 328334 5 1 0
328112 328334 6 1 0
328112 328334 7 1 0
328112 328334 8 1 0
328112 328334 9 1 0
328112 328334 10 1 0
!leg 44103 328748 10 0 2 attackers:44103;victims:328748,22572;type:1,2;valid_origin:True;recurrent:True;local:False
44103 328748 1 2 0
44103 328748 2 2 0
44103 328748 3 2 0
44103 328748 4 2 0
44103 328748 5 2 0
44103 328748 6 2 0
44103 328748 7 2 0
44103 328748 8 2 0
44103 328748 9 2 0
44103 328748 10 2 0
!leg 43754 210474 10 0 196 attackers:43754;victims:210474;type:1;valid_origin:True;recurrent:False;local:False
43754 210474 1 196 0
43754 210474 2 196 0
43754 210474 3 196 0
43754 210474 4 196 0
43754 210474 5 196 0
43754 210474 6 196 0
43754 210474 7 196 0
43754 210474 8 196 0
43754 210474 9 196 0
43754 210474 10 196 0
!leg 12993 44103 10 0 3 attackers:44103;victims:12993,29802,50979;type:1,2;valid_origin:True;recurrent:True;local:False
12993 44103 1 3 0
12993 44103 2 3 0
12993 44103 3 3 0
12993 44103 4 3 0
12993 44103 5 3 0
12993 44103 6 3 0
12993 44103 7 3 0
12993 44103 8 3 0
12993 44103 9 3 0
12993 44103 10 3 0
!sus 61302 142031 0 10 85 attackers:61302;victims:38281,142031,142158;type:1,2;valid_origin:True;recurrent:False;local:False
61302 142031 1 8 77
61302 142031 2 18 67
61302 142031 3 5 80
61302 142031 4 5 80
61302 142031 5 5 80
61302 142031 6 13 72
61302 142031 7 6 79
61302 142031 8 6 79
61302 142031 9 6 79
61302 142031 10 12 73
!sus 131171 209988 0 10 15 attackers:131171;victims:209988;type:1;valid_origin:True;recurrent:True;local:False
131171 209988 1 0 15
131171 209988 2 0 15
131171 209988 3 0 15
131171 209988 4 0 15
131171 209988 5 0 15
131171 209988 6 0 15
131171 209988 7 0 15
131171 209988 8 0 15
131171 209988 9 0 15
131171 209988 10 0 15
!leg 53755 137409 10 0 1 attackers:137409;victims:53755;type:1;valid_origin:True;recurrent:False;local:False
53755 137409 1 1 0
53755 137409 2 1 0
53755 137409 3 1 0
53755 137409 4 1 0
53755 137409 5 1 0
53755 137409 6 1 0
53755 137409 7 1 0
53755 137409 8 1 0
53755 137409 9 1 0
53755 137409 10 1 0
!sus 44570 203040 0 10 256 attackers:44570;victims:203040;type:1;valid_origin:True;recurrent:True;local:False
44570 203040 1 6 250
44570 203040 2 6 250
44570 203040 3 9 247
44570 203040 4 21 235
44570 203040 5 15 241
44570 203040 6 31 225
44570 203040 7 73 183
44570 203040 8 71 185
44570 203040 9 74 182
44570 203040 10 68 188
!sus 44570 213239 0 10 2 attackers:44570;victims:213239;type:1;valid_origin:True;recurrent:True;local:False
44570 213239 1 0 2
44570 213239 2 0 2
44570 213239 3 0 2
44570 213239 4 0 2
44570 213239 5 0 2
44570 213239 6 0 2
44570 213239 7 0 2
44570 213239 8 0 2
44570 213239 9 0 2
44570 213239 10 0 2
!leg 270764 271253 10 0 1 attackers:271253;victims:270764;type:1;valid_origin:True;recurrent:False;local:False
270764 271253 1 1 0
270764 271253 2 1 0
270764 271253 3 1 0
270764 271253 4 1 0
270764 271253 5 1 0
270764 271253 6 1 0
270764 271253 7 1 0
270764 271253 8 1 0
270764 271253 9 1 0
270764 271253 10 1 0
!sus 35661 141381 6 4 1047 attackers:35661;victims:141381;type:1,4,5;valid_origin:True;recurrent:True;local:False
35661 141381 1 239 808
35661 141381 2 367 680
35661 141381 3 389 658
35661 141381 4 442 605
35661 141381 5 714 333
35661 141381 6 612 435
35661 141381 7 833 214
35661 141381 8 714 333
35661 141381 9 764 283
35661 141381 10 920 127
!sus 61302 203472 7 3 60 attackers:61302;victims:203472;type:1;valid_origin:True;recurrent:False;local:False
61302 203472 1 4 56
61302 203472 2 7 53
61302 203472 3 43 17
61302 203472 4 10 50
61302 203472 5 55 5
61302 203472 6 58 2
61302 203472 7 53 7
61302 203472 8 57 3
61302 203472 9 45 15
61302 203472 10 60 0
!leg 49125 264479 10 0 1 attackers:264479;victims:209139;type:2;valid_origin:True;recurrent:False;local:True
49125 264479 1 1 0
49125 264479 2 1 0
49125 264479 3 1 0
49125 264479 4 1 0
49125 264479 5 1 0
49125 264479 6 1 0
49125 264479 7 1 0
49125 264479 8 1 0
49125 264479 9 1 0
49125 264479 10 1 0
!sus 212271 212483 9 1 99 attackers:212271;victims:212483;type:1;valid_origin:True;recurrent:True;local:False
212271 212483 1 20 79
212271 212483 2 86 13
212271 212483 3 93 6
212271 212483 4 94 5
212271 212483 5 97 2
212271 212483 6 99 0
212271 212483 7 99 0
212271 212483 8 99 0
212271 212483 9 99 0
212271 212483 10 99 0
!leg 44103 52468 10 0 4 attackers:44103;victims:272593,52468,267478,271136;type:1,2;valid_origin:True;recurrent:True;local:False
44103 52468 1 3 1
44103 52468 2 3 1
44103 52468 3 3 1
44103 52468 4 3 1
44103 52468 5 3 1
44103 52468 6 3 1
44103 52468 7 3 1
44103 52468 8 3 1
44103 52468 9 3 1
44103 52468 10 3 1
!sus 31554 61745 4 6 1 attackers:31554;victims:61745;type:1;valid_origin:True;recurrent:True;local:True
31554 61745 1 0 1
31554 61745 2 0 1
31554 61745 3 0 1
31554 61745 4 0 1
31554 61745 5 0 1
31554 61745 6 0 1
31554 61745 7 1 0
31554 61745 8 1 0
31554 61745 9 1 0
31554 61745 10 1 0
!leg 31556 61568 10 0 2 attackers:61568;victims:31556,25398;type:1,2;valid_origin:True;recurrent:False;local:True
31556 61568 1 2 0
31556 61568 2 2 0
31556 61568 3 2 0
31556 61568 4 2 0
31556 61568 5 2 0
31556 61568 6 2 0
31556 61568 7 2 0
31556 61568 8 2 0
31556 61568 9 2 0
31556 61568 10 2 0
!leg 24611 35625 10 0 1 attackers:35625;victims:203368;type:2;valid_origin:True;recurrent:False;local:False
24611 35625 1 1 0
24611 35625 2 1 0
24611 35625 3 1 0
24611 35625 4 1 0
24611 35625 5 1 0
24611 35625 6 1 0
24611 35625 7 1 0
24611 35625 8 1 0
24611 35625 9 1 0
24611 35625 10 1 0
!leg 15744 29535 10 0 2 attackers:29535;victims:200414;type:5;valid_origin:True;recurrent:False;local:False
15744 29535 1 2 0
15744 29535 2 2 0
15744 29535 3 2 0
15744 29535 4 2 0
15744 29535 5 2 0
15744 29535 6 2 0
15744 29535 7 2 0
15744 29535 8 2 0
15744 29535 9 2 0
15744 29535 10 2 0
!leg 53004 271253 10 0 1 attackers:271253;victims:53004;type:1;valid_origin:True;recurrent:False;local:False
53004 271253 1 1 0
53004 271253 2 1 0
53004 271253 3 1 0
53004 271253 4 1 0
53004 271253 5 1 0
53004 271253 6 1 0
53004 271253 7 1 0
53004 271253 8 1 0
53004 271253 9 1 0
53004 271253 10 1 0
!sus 24429 271492 0 10 37 attackers:24429;victims:270595;type:2;valid_origin:True;recurrent:True;local:False
24429 271492 1 0 37
24429 271492 2 0 37
24429 271492 3 0 37
24429 271492 4 0 37
24429 271492 5 0 37
24429 271492 6 0 37
24429 271492 7 5 32
24429 271492 8 0 37
24429 271492 9 1 36
24429 271492 10 16 21
!leg 56808 213045 10 0 1 attackers:213045;victims:56808;type:1;valid_origin:True;recurrent:False;local:True
56808 213045 1 1 0
56808 213045 2 1 0
56808 213045 3 1 0
56808 213045 4 1 0
56808 213045 5 1 0
56808 213045 6 1 0
56808 213045 7 1 0
56808 213045 8 1 0
56808 213045 9 1 0
56808 213045 10 1 0
!sus 44477 200590 9 1 8 attackers:200590;victims:44477;type:1;valid_origin:False;recurrent:True;local:False
44477 200590 1 0 8
44477 200590 2 8 0
44477 200590 3 8 0
44477 200590 4 8 0
44477 200590 5 8 0
44477 200590 6 8 0
44477 200590 7 8 0
44477 200590 8 8 0
44477 200590 9 8 0
44477 200590 10 8 0
!sus 150184 206016 0 10 149 attackers:206016;victims:150184;type:1;valid_origin:True;recurrent:True;local:False
150184 206016 1 0 149
150184 206016 2 0 149
150184 206016 3 0 149
150184 206016 4 0 149
150184 206016 5 0 149
150184 206016 6 23 126
150184 206016 7 0 149
150184 206016 8 2 147
150184 206016 9 32 117
150184 206016 10 38 111
!leg 42093 211827 10 0 2 attackers:42093;victims:211827;type:1;valid_origin:True;recurrent:False;local:False
42093 211827 1 2 0
42093 211827 2 2 0
42093 211827 3 2 0
42093 211827 4 2 0
42093 211827 5 2 0
42093 211827 6 2 0
42093 211827 7 2 0
42093 211827 8 2 0
42093 211827 9 2 0
42093 211827 10 2 0
!sus 17639 138496 8 2 252 attackers:17639;victims:138496;type:1;valid_origin:True;recurrent:False;local:False
17639 138496 1 110 142
17639 138496 2 125 127
17639 138496 3 144 108
17639 138496 4 204 48
17639 138496 5 241 11
17639 138496 6 247 5
17639 138496 7 249 3
17639 138496 8 247 5
17639 138496 9 244 8
17639 138496 10 250 2
!leg 12693 44103 10 0 2 attackers:44103;victims:12693,202373;type:1,2;valid_origin:True;recurrent:True;local:False
12693 44103 1 2 0
12693 44103 2 2 0
12693 44103 3 2 0
12693 44103 4 2 0
12693 44103 5 2 0
12693 44103 6 2 0
12693 44103 7 2 0
12693 44103 8 2 0
12693 44103 9 2 0
12693 44103 10 2 0
!sus 35619 132335 7 3 14 attackers:132335;victims:35619;type:1;valid_origin:True;recurrent:True;local:False
35619 132335 1 0 14
35619 132335 2 0 14
35619 132335 3 7 7
35619 132335 4 8 6
35619 132335 5 14 0
35619 132335 6 14 0
35619 132335 7 14 0
35619 132335 8 14 0
35619 132335 9 14 0
35619 132335 10 14 0
!leg 49304 139328 10 0 9 attackers:49304;victims:139328;type:1;valid_origin:True;recurrent:False;local:False
49304 139328 1 6 3
49304 139328 2 6 3
49304 139328 3 6 3
49304 139328 4 8 1
49304 139328 5 9 0
49304 139328 6 9 0
49304 139328 7 9 0
49304 139328 8 9 0
49304 139328 9 9 0
49304 139328 10 9 0
!sus 16509 139464 8 2 1 attackers:139464;victims:16509;type:1;valid_origin:True;recurrent:True;local:False
16509 139464 1 0 1
16509 139464 2 0 1
16509 139464 3 1 0
16509 139464 4 1 0
16509 139464 5 1 0
16509 139464 6 1 0
16509 139464 7 1 0
16509 139464 8 1 0
16509 139464 9 1 0
16509 139464 10 1 0
!sus 24723 197427 6 4 101 attackers:24723;victims:197427;type:1;valid_origin:True;recurrent:True;local:False
24723 197427 1 0 101
24723 197427 2 0 101
24723 197427 3 14 87
24723 197427 4 0 101
24723 197427 5 74 27
24723 197427 6 85 16
24723 197427 7 96 5
24723 197427 8 97 4
24723 197427 9 89 12
24723 197427 10 98 3
!leg 1965 7018 10 0 358 attackers:7018;victims:1965;type:1;valid_origin:True;recurrent:False;local:False
1965 7018 1 358 0
1965 7018 2 358 0
1965 7018 3 358 0
1965 7018 4 358 0
1965 7018 5 358 0
1965 7018 6 358 0
1965 7018 7 358 0
1965 7018 8 358 0
1965 7018 9 358 0
1965 7018 10 358 0
!sus 1221 1828 0 10 1 attackers:1221;victims:140905;type:2;valid_origin:True;recurrent:True;local:False
1221 1828 1 0 1
1221 1828 2 0 1
1221 1828 3 0 1
1221 1828 4 0 1
1221 1828 5 0 1
1221 1828 6 0 1
1221 1828 7 0 1
1221 1828 8 0 1
1221 1828 9 0 1
1221 1828 10 0 1
!leg 49125 209139 10 0 35 attackers:49125;victims:209139;type:1;valid_origin:True;recurrent:False;local:False
49125 209139 1 35 0
49125 209139 2 35 0
49125 209139 3 35 0
49125 209139 4 35 0
49125 209139 5 35 0
49125 209139 6 35 0
49125 209139 7 35 0
49125 209139 8 35 0
49125 209139 9 35 0
49125 209139 10 35 0
!sus 35661 59956 8 2 16 attackers:35661;victims:59956;type:1;valid_origin:True;recurrent:True;local:False
35661 59956 1 6 10
35661 59956 2 6 10
35661 59956 3 10 6
35661 59956 4 12 4
35661 59956 5 14 2
35661 59956 6 14 2
35661 59956 7 15 1
35661 59956 8 15 1
35661 59956 9 14 2
35661 59956 10 15 1
!leg 13037 29049 10 0 6 attackers:29049;victims:208697,51766,203460,13037,44697,204945;type:1,2;valid_origin:True;recurrent:False;local:True
13037 29049 1 6 0
13037 29049 2 6 0
13037 29049 3 6 0
13037 29049 4 6 0
13037 29049 5 6 0
13037 29049 6 6 0
13037 29049 7 6 0
13037 29049 8 6 0
13037 29049 9 6 0
13037 29049 10 6 0
!leg 267055 268330 10 0 19 attackers:268330;victims:267055;type:1;valid_origin:True;recurrent:False;local:False
267055 268330 1 19 0
267055 268330 2 19 0
267055 268330 3 19 0
267055 268330 4 19 0
267055 268330 5 19 0
267055 268330 6 19 0
267055 268330 7 19 0
267055 268330 8 19 0
267055 268330 9 19 0
267055 268330 10 19 0
!sus 5377 37101 3 7 15 attackers:5377;victims:37101;type:1;valid_origin:True;recurrent:True;local:False
5377 37101 1 0 15
5377 37101 2 0 15
5377 37101 3 0 15
5377 37101 4 1 14
5377 37101 5 4 11
5377 37101 6 9 6
5377 37101 7 2 13
5377 37101 8 2 13
5377 37101 9 9 6
5377 37101 10 15 0
!leg 31376 50629 10 0 2 attackers:50629;victims:35631;type:5;valid_origin:True;recurrent:False;local:False
31376 50629 1 2 0
31376 50629 2 2 0
31376 50629 3 2 0
31376 50629 4 2 0
31376 50629 5 2 0
31376 50629 6 2 0
31376 50629 7 2 0
31376 50629 8 2 0
31376 50629 9 2 0
31376 50629 10 2 0
!leg 56655 202990 10 0 57 attackers:56655;victims:202990;type:1;valid_origin:True;recurrent:True;local:False
56655 202990 1 33 24
56655 202990 2 33 24
56655 202990 3 31 26
56655 202990 4 30 27
56655 202990 5 33 24
56655 202990 6 35 22
56655 202990 7 34 23
56655 202990 8 36 21
56655 202990 9 35 22
56655 202990 10 35 22
!sus 10 328032 0 10 3 attackers:328032;victims:10;type:1;valid_origin:False;recurrent:True;local:False
10 328032 1 0 3
10 328032 2 0 3
10 328032 3 0 3
10 328032 4 0 3
10 328032 5 0 3
10 328032 6 0 3
10 328032 7 0 3
10 328032 8 0 3
10 328032 9 0 3
10 328032 10 0 3
!sus 202412 205329 0 10 14 attackers:205329;victims:202412;type:1;valid_origin:True;recurrent:True;local:False
202412 205329 1 1 13
202412 205329 2 3 11
202412 205329 3 3 11
202412 205329 4 0 14
202412 205329 5 0 14
202412 205329 6 3 11
202412 205329 7 0 14
202412 205329 8 0 14
202412 205329 9 0 14
202412 205329 10 0 14
!sus 13183 13253 0 10 85 attackers:13253;victims:13183;type:1;valid_origin:True;recurrent:True;local:False
13183 13253 1 3 82
13183 13253 2 5 80
13183 13253 3 4 81
13183 13253 4 4 81
13183 13253 5 3 82
13183 13253 6 4 81
13183 13253 7 4 81
13183 13253 8 4 81
13183 13253 9 5 80
13183 13253 10 4 81
!sus 13335 55821 0 10 15 attackers:55821;victims:13335;type:1;valid_origin:True;recurrent:True;local:False
13335 55821 1 1 14
13335 55821 2 1 14
13335 55821 3 1 14
13335 55821 4 1 14
13335 55821 5 2 13
13335 55821 6 2 13
13335 55821 7 2 13
13335 55821 8 3 12
13335 55821 9 2 13
13335 55821 10 2 13
!sus 28263 263641 0 10 1 attackers:28263;victims:23106;type:2;valid_origin:True;recurrent:True;local:False
28263 263641 1 0 1
28263 263641 2 0 1
28263 263641 3 0 1
28263 263641 4 0 1
28263 263641 5 0 1
28263 263641 6 0 1
28263 263641 7 0 1
28263 263641 8 0 1
28263 263641 9 0 1
28263 263641 10 0 1
!sus 31638 63293 0 10 23 attackers:31638;victims:63293;type:1;valid_origin:True;recurrent:True;local:False
31638 63293 1 0 23
31638 63293 2 0 23
31638 63293 3 2 21
31638 63293 4 1 22
31638 63293 5 7 16
31638 63293 6 7 16
31638 63293 7 4 19
31638 63293 8 8 15
31638 63293 9 7 16
31638 63293 10 8 15
!leg 21859 44103 10 0 1 attackers:44103;victims:21859;type:1;valid_origin:True;recurrent:True;local:False
21859 44103 1 1 0
21859 44103 2 1 0
21859 44103 3 1 0
21859 44103 4 1 0
21859 44103 5 1 0
21859 44103 6 1 0
21859 44103 7 1 0
21859 44103 8 1 0
21859 44103 9 1 0
21859 44103 10 1 0
!sus 135341 150178 5 5 8 attackers:150178;victims:135341;type:1;valid_origin:True;recurrent:True;local:False
135341 150178 1 0 8
135341 150178 2 0 8
135341 150178 3 3 5
135341 150178 4 4 4
135341 150178 5 3 5
135341 150178 6 7 1
135341 150178 7 5 3
135341 150178 8 8 0
135341 150178 9 8 0
135341 150178 10 8 0
!sus 203458 204992 0 10 141 attackers:203458;victims:204992;type:1;valid_origin:True;recurrent:True;local:False
203458 204992 1 0 141
203458 204992 2 0 141
203458 204992 3 0 141
203458 204992 4 4 137
203458 204992 5 4 137
203458 204992 6 4 137
203458 204992 7 4 137
203458 204992 8 4 137
203458 204992 9 4 137
203458 204992 10 4 137
!leg 44103 61323 10 0 1 attackers:44103;victims:61323;type:1;valid_origin:True;recurrent:True;local:False
44103 61323 1 1 0
44103 61323 2 1 0
44103 61323 3 1 0
44103 61323 4 1 0
44103 61323 5 1 0
44103 61323 6 1 0
44103 61323 7 1 0
44103 61323 8 1 0
44103 61323 9 1 0
44103 61323 10 1 0
!leg 29049 48915 10 0 1 attackers:29049;victims:48915;type:1;valid_origin:True;recurrent:False;local:True
29049 48915 1 1 0
29049 48915 2 1 0
29049 48915 3 1 0
29049 48915 4 1 0
29049 48915 5 1 0
29049 48915 6 1 0
29049 48915 7 1 0
29049 48915 8 1 0
29049 48915 9 1 0
29049 48915 10 1 0
!sus 174 51259 0 10 96 attackers:174;victims:30721;type:2;valid_origin:True;recurrent:True;local:False
174 51259 1 0 96
174 51259 2 1 95
174 51259 3 8 88
174 51259 4 4 92
174 51259 5 2 94
174 51259 6 12 84
174 51259 7 7 89
174 51259 8 10 86
174 51259 9 39 57
174 51259 10 18 78
!sus 142553 202888 0 10 42 attackers:202888;victims:142553;type:1;valid_origin:True;recurrent:True;local:False
142553 202888 1 1 41
142553 202888 2 4 38
142553 202888 3 2 40
142553 202888 4 4 38
142553 202888 5 4 38
142553 202888 6 4 38
142553 202888 7 5 37
142553 202888 8 6 36
142553 202888 9 4 38
142553 202888 10 7 35
!sus 30432 394752 4 6 3 attackers:30432;victims:394752;type:1;valid_origin:True;recurrent:True;local:False
30432 394752 1 1 2
30432 394752 2 1 2
30432 394752 3 1 2
30432 394752 4 1 2
30432 394752 5 1 2
30432 394752 6 2 1
30432 394752 7 2 1
30432 394752 8 1 2
30432 394752 9 2 1
30432 394752 10 2 1
!sus 7487 35661 7 3 256 attackers:35661;victims:7487;type:1;valid_origin:True;recurrent:True;local:False
7487 35661 1 46 210
7487 35661 2 65 191
7487 35661 3 129 127
7487 35661 4 127 129
7487 35661 5 159 97
7487 35661 6 168 88
7487 35661 7 206 50
7487 35661 8 197 59
7487 35661 9 221 35
7487 35661 10 214 42
!sus 63023 201801 0 10 8 attackers:63023;victims:201801;type:1;valid_origin:True;recurrent:True;local:False
63023 201801 1 0 8
63023 201801 2 0 8
63023 201801 3 0 8
63023 201801 4 0 8
63023 201801 5 0 8
63023 201801 6 0 8
63023 201801 7 0 8
63023 201801 8 0 8
63023 201801 9 3 5
63023 201801 10 0 8
!sus 38281 61302 1 9 130 attackers:61302;victims:38281;type:1;valid_origin:True;recurrent:False;local:False
38281 61302 1 29 101
38281 61302 2 21 109
38281 61302 3 7 123
38281 61302 4 6 124
38281 61302 5 4 126
38281 61302 6 18 112
38281 61302 7 38 92
38281 61302 8 14 116
38281 61302 9 4 126
38281 61302 10 67 63
!sus 3573 44381 0 10 16 attackers:44381;victims:3573;type:1;valid_origin:True;recurrent:True;local:False
3573 44381 1 0 16
3573 44381 2 0 16
3573 44381 3 3 13
3573 44381 4 3 13
3573 44381 5 7 9
3573 44381 6 7 9
3573 44381 7 8 8
3573 44381 8 8 8
3573 44381 9 8 8
3573 44381 10 8 8
!leg 267294 268235 10 0 2 attackers:267294;victims:266523;type:2;valid_origin:True;recurrent:False;local:False
267294 268235 1 2 0
267294 268235 2 2 0
267294 268235 3 2 0
267294 268235 4 2 0
267294 268235 5 2 0
267294 268235 6 2 0
267294 268235 7 2 0
267294 268235 8 2 0
267294 268235 9 2 0
267294 268235 10 2 0
!leg 43366 44103 10 0 2 attackers:44103;victims:60880,43366;type:1,2;valid_origin:True;recurrent:True;local:False
43366 44103 1 2 0
43366 44103 2 2 0
43366 44103 3 2 0
43366 44103 4 2 0
43366 44103 5 2 0
43366 44103 6 2 0
43366 44103 7 2 0
43366 44103 8 2 0
43366 44103 9 2 0
43366 44103 10 2 0
!sus 44103 48399 9 1 1 attackers:44103;victims:48399;type:1;valid_origin:True;recurrent:True;local:False
44103 48399 1 0 1
44103 48399 2 1 0
44103 48399 3 1 0
44103 48399 4 1 0
44103 48399 5 1 0
44103 48399 6 1 0
44103 48399 7 1 0
44103 48399 8 1 0
44103 48399 9 1 0
44103 48399 10 1 0
!leg 9145 45758 10 0 1 attackers:9145;victims:4762;type:2;valid_origin:True;recurrent:False;local:False
9145 45758 1 1 0
9145 45758 2 1 0
9145 45758 3 1 0
9145 45758 4 1 0
9145 45758 5 1 0
9145 45758 6 1 0
9145 45758 7 1 0
9145 45758 8 1 0
9145 45758 9 1 0
9145 45758 10 1 0
!leg 39386 205848 10 0 1 attackers:39386;victims:205848;type:1;valid_origin:True;recurrent:False;local:False
39386 205848 1 1 0
39386 205848 2 1 0
39386 205848 3 1 0
39386 205848 4 1 0
39386 205848 5 1 0
39386 205848 6 1 0
39386 205848 7 1 0
39386 205848 8 1 0
39386 205848 9 1 0
39386 205848 10 1 0
!sus 50058 62309 0 10 473 attackers:50058;victims:62309;type:1;valid_origin:True;recurrent:True;local:False
50058 62309 1 0 473
50058 62309 2 0 473
50058 62309 3 0 473
50058 62309 4 0 473
50058 62309 5 0 473
50058 62309 6 0 473
50058 62309 7 0 473
50058 62309 8 0 473
50058 62309 9 0 473
50058 62309 10 0 473
!leg 58717 137020 10 0 201 attackers:58717;victims:137020;type:1;valid_origin:True;recurrent:False;local:False
58717 137020 1 201 0
58717 137020 2 201 0
58717 137020 3 201 0
58717 137020 4 201 0
58717 137020 5 201 0
58717 137020 6 201 0
58717 137020 7 201 0
58717 137020 8 201 0
58717 137020 9 201 0
58717 137020 10 201 0
!sus 208548 213239 0 10 19 attackers:208548;victims:213239;type:1;valid_origin:True;recurrent:True;local:False
208548 213239 1 0 19
208548 213239 2 0 19
208548 213239 3 0 19
208548 213239 4 0 19
208548 213239 5 0 19
208548 213239 6 0 19
208548 213239 7 0 19
208548 213239 8 0 19
208548 213239 9 0 19
208548 213239 10 0 19
!sus 44570 208059 5 5 2683 attackers:44570;victims:208059;type:1;valid_origin:True;recurrent:True;local:False
44570 208059 1 304 2379
44570 208059 2 602 2081
44570 208059 3 713 1970
44570 208059 4 1387 1296
44570 208059 5 1108 1575
44570 208059 6 1265 1418
44570 208059 7 2135 548
44570 208059 8 2120 563
44570 208059 9 2299 384
44570 208059 10 2426 257
!sus 201996 205254 0 10 4 attackers:201996;victims:205254;type:1;valid_origin:True;recurrent:True;local:False
201996 205254 1 0 4
201996 205254 2 0 4
201996 205254 3 0 4
201996 205254 4 0 4
201996 205254 5 0 4
201996 205254 6 0 4
201996 205254 7 0 4
201996 205254 8 0 4
201996 205254 9 0 4
201996 205254 10 0 4
!sus 149522 150314 1 9 22 attackers:149522;victims:150314;type:1;valid_origin:True;recurrent:True;local:False
149522 150314 1 16 6
149522 150314 2 0 22
149522 150314 3 0 22
149522 150314 4 0 22
149522 150314 5 0 22
149522 150314 6 0 22
149522 150314 7 0 22
149522 150314 8 0 22
149522 150314 9 0 22
149522 150314 10 0 22
!sus 58419 584195 4 6 16 attackers:58419;victims:58419;type:2;valid_origin:True;recurrent:True;local:False
58419 584195 1 16 0
58419 584195 2 16 0
58419 584195 3 14 2
58419 584195 4 0 16
58419 584195 5 0 16
58419 584195 6 16 0
58419 584195 7 1 15
58419 584195 8 8 8
58419 584195 9 0 16
58419 584195 10 0 16
!leg 267410 267427 10 0 1 attackers:267427;victims:267410;type:1;valid_origin:True;recurrent:False;local:False
267410 267427 1 1 0
267410 267427 2 1 0
267410 267427 3 1 0
267410 267427 4 1 0
267410 267427 5 1 0
267410 267427 6 1 0
267410 267427 7 1 0
267410 267427 8 1 0
267410 267427 9 1 0
267410 267427 10 1 0
!sus 1828 329126 9 1 1 attackers:1828;victims:329126;type:1;valid_origin:True;recurrent:True;local:True
1828 329126 1 0 1
1828 329126 2 1 0
1828 329126 3 1 0
1828 329126 4 1 0
1828 329126 5 1 0
1828 329126 6 1 0
1828 329126 7 1 0
1828 329126 8 1 0
1828 329126 9 1 0
1828 329126 10 1 0
!sus 24203 139057 0 10 25 attackers:24203;victims:139057;type:1;valid_origin:True;recurrent:True;local:False
24203 139057 1 0 25
24203 139057 2 0 25
24203 139057 3 3 22
24203 139057 4 3 22
24203 139057 5 3 22
24203 139057 6 6 19
24203 139057 7 5 20
24203 139057 8 5 20
24203 139057 9 4 21
24203 139057 10 5 20
!leg 3561 395508 10 0 448 attackers:3561;victims:395508;type:1;valid_origin:True;recurrent:False;local:False
3561 395508 1 448 0
3561 395508 2 448 0
3561 395508 3 448 0
3561 395508 4 448 0
3561 395508 5 448 0
3561 395508 6 448 0
3561 395508 7 448 0
3561 395508 8 448 0
3561 395508 9 448 0
3561 395508 10 448 0
!sus 44570 150184 3 7 15 attackers:44570;victims:150184;type:1;valid_origin:True;recurrent:True;local:False
44570 150184 1 2 13
44570 150184 2 2 13
44570 150184 3 2 13
44570 150184 4 2 13
44570 150184 5 2 13
44570 150184 6 2 13
44570 150184 7 2 13
44570 150184 8 12 3
44570 150184 9 15 0
44570 150184 10 15 0
!leg 44103 50316 10 0 1 attackers:44103;victims:50316;type:1;valid_origin:True;recurrent:True;local:False
44103 50316 1 1 0
44103 50316 2 1 0
44103 50316 3 1 0
44103 50316 4 1 0
44103 50316 5 1 0
44103 50316 6 1 0
44103 50316 7 1 0
44103 50316 8 1 0
44103 50316 9 1 0
44103 50316 10 1 0
!sus 4809 53046 0 10 1 attackers:53046;victims:4809;type:1;valid_origin:True;recurrent:True;local:True
4809 53046 1 0 1
4809 53046 2 0 1
4809 53046 3 0 1
4809 53046 4 0 1
4809 53046 5 0 1
4809 53046 6 0 1
4809 53046 7 0 1
4809 53046 8 0 1
4809 53046 9 0 1
4809 53046 10 0 1
!leg 141381 213045 10 0 1 attackers:213045;victims:141381;type:1;valid_origin:True;recurrent:False;local:True
141381 213045 1 1 0
141381 213045 2 1 0
141381 213045 3 1 0
141381 213045 4 1 0
141381 213045 5 1 0
141381 213045 6 1 0
141381 213045 7 1 0
141381 213045 8 1 0
141381 213045 9 1 0
141381 213045 10 1 0
!sus 63293 141864 0 10 21 attackers:141864;victims:63293;type:1;valid_origin:True;recurrent:True;local:False
63293 141864 1 0 21
63293 141864 2 0 21
63293 141864 3 0 21
63293 141864 4 0 21
63293 141864 5 0 21
63293 141864 6 0 21
63293 141864 7 0 21
63293 141864 8 0 21
63293 141864 9 0 21
63293 141864 10 0 21
!sus 263327 264221 2 8 397 attackers:264221;victims:263327;type:1;valid_origin:True;recurrent:True;local:False
263327 264221 1 14 383
263327 264221 2 83 314
263327 264221 3 83 314
263327 264221 4 151 246
263327 264221 5 214 183
263327 264221 6 160 237
263327 264221 7 185 212
263327 264221 8 150 247
263327 264221 9 232 165
263327 264221 10 172 225
!leg 15802 197731 10 0 1 attackers:15802;victims:197731;type:1;valid_origin:True;recurrent:False;local:False
15802 197731 1 1 0
15802 197731 2 1 0
15802 197731 3 1 0
15802 197731 4 1 0
15802 197731 5 1 0
15802 197731 6 1 0
15802 197731 7 1 0
15802 197731 8 1 0
15802 197731 9 1 0
15802 197731 10 1 0
!leg 61302 138211 10 0 1496 attackers:138211,61302;victims:138211,142634,61302,208753,142553,134478,206271;type:1,2,3;valid_origin:False;recurrent:False;local:False
61302 138211 1 1496 0
61302 138211 2 1496 0
61302 138211 3 1496 0
61302 138211 4 1496 0
61302 138211 5 1496 0
61302 138211 6 1496 0
61302 138211 7 1496 0
61302 138211 8 1496 0
61302 138211 9 1496 0
61302 138211 10 1496 0
!sus 132203 265410 0 10 4 attackers:132203;victims:139782,51044,139618,9009;type:4,6,7;valid_origin:True;recurrent:True;local:False
132203 265410 1 2 2
132203 265410 2 2 2
132203 265410 3 2 2
132203 265410 4 2 2
132203 265410 5 2 2
132203 265410 6 2 2
132203 265410 7 2 2
132203 265410 8 2 2
132203 265410 9 2 2
132203 265410 10 2 2
!sus 266671 394625 9 1 16 attackers:394625;victims:266671;type:1;valid_origin:True;recurrent:True;local:False
266671 394625 1 6 10
266671 394625 2 12 4
266671 394625 3 16 0
266671 394625 4 16 0
266671 394625 5 16 0
266671 394625 6 16 0
266671 394625 7 16 0
266671 394625 8 16 0
266671 394625 9 16 0
266671 394625 10 16 0
!sus 132591 139341 0 10 6 attackers:132591;victims:139341;type:1;valid_origin:True;recurrent:True;local:False
132591 139341 1 0 6
132591 139341 2 0 6
132591 139341 3 0 6
132591 139341 4 0 6
132591 139341 5 0 6
132591 139341 6 0 6
132591 139341 7 0 6
132591 139341 8 0 6
132591 139341 9 0 6
132591 139341 10 0 6
!sus 44103 60159 9 1 1 attackers:44103;victims:60159;type:1;valid_origin:True;recurrent:True;local:False
44103 60159 1 0 1
44103 60159 2 1 0
44103 60159 3 1 0
44103 60159 4 1 0
44103 60159 5 1 0
44103 60159 6 1 0
44103 60159 7 1 0
44103 60159 8 1 0
44103 60159 9 1 0
44103 60159 10 1 0
!sus 13786 53046 0 10 1 attackers:53046;victims:13786;type:1;valid_origin:True;recurrent:True;local:True
13786 53046 1 0 1
13786 53046 2 0 1
13786 53046 3 0 1
13786 53046 4 0 1
13786 53046 5 0 1
13786 53046 6 0 1
13786 53046 7 0 1
13786 53046 8 0 1
13786 53046 9 0 1
13786 53046 10 0 1
!sus 49304 142553 0 10 113 attackers:49304;victims:142553;type:1;valid_origin:True;recurrent:True;local:False
49304 142553 1 9 104
49304 142553 2 14 99
49304 142553 3 13 100
49304 142553 4 11 102
49304 142553 5 25 88
49304 142553 6 49 64
49304 142553 7 51 62
49304 142553 8 51 62
49304 142553 9 54 59
49304 142553 10 53 60
!sus 12491 35710 9 1 2 attackers:35710;victims:12491;type:1;valid_origin:True;recurrent:True;local:False
12491 35710 1 0 2
12491 35710 2 2 0
12491 35710 3 2 0
12491 35710 4 2 0
12491 35710 5 2 0
12491 35710 6 2 0
12491 35710 7 2 0
12491 35710 8 2 0
12491 35710 9 2 0
12491 35710 10 2 0
!sus 19969 139742 8 2 9 attackers:19969;victims:139742;type:1;valid_origin:True;recurrent:True;local:False
19969 139742 1 1 8
19969 139742 2 2 7
19969 139742 3 5 4
19969 139742 4 9 0
19969 139742 5 9 0
19969 139742 6 9 0
19969 139742 7 9 0
19969 139742 8 9 0
19969 139742 9 9 0
19969 139742 10 9 0
!sus 44103 137367 8 2 1 attackers:44103;victims:137367;type:1;valid_origin:True;recurrent:True;local:False
44103 137367 1 0 1
44103 137367 2 0 1
44103 137367 3 1 0
44103 137367 4 1 0
44103 137367 5 1 0
44103 137367 6 1 0
44103 137367 7 1 0
44103 137367 8 1 0
44103 137367 9 1 0
44103 137367 10 1 0
!sus 52468 272823 0 10 42 attackers:52468;victims:272823;type:1;valid_origin:True;recurrent:True;local:False
52468 272823 1 0 42
52468 272823 2 0 42
52468 272823 3 0 42
52468 272823 4 0 42
52468 272823 5 0 42
52468 272823 6 0 42
52468 272823 7 0 42
52468 272823 8 4 38
52468 272823 9 4 38
52468 272823 10 4 38
!leg 42947 44103 10 0 1 attackers:44103;victims:42947;type:1;valid_origin:True;recurrent:False;local:False
42947 44103 1 1 0
42947 44103 2 1 0
42947 44103 3 1 0
42947 44103 4 1 0
42947 44103 5 1 0
42947 44103 6 1 0
42947 44103 7 1 0
42947 44103 8 1 0
42947 44103 9 1 0
42947 44103 10 1 0
!sus 50513 57824 0 10 123 attackers:57824;victims:50513;type:1;valid_origin:True;recurrent:True;local:False
50513 57824 1 21 102
50513 57824 2 20 103
50513 57824 3 21 102
50513 57824 4 21 102
50513 57824 5 21 102
50513 57824 6 22 101
50513 57824 7 23 100
50513 57824 8 21 102
50513 57824 9 23 100
50513 57824 10 24 99
!leg 48915 51185 10 0 1 attackers:51185;victims:48915;type:1;valid_origin:True;recurrent:False;local:True
48915 51185 1 1 0
48915 51185 2 1 0
48915 51185 3 1 0
48915 51185 4 1 0
48915 51185 5 1 0
48915 51185 6 1 0
48915 51185 7 1 0
48915 51185 8 1 0
48915 51185 9 1 0
48915 51185 10 1 0
!sus 13335 37105 5 5 40 attackers:37105;victims:13335;type:1;valid_origin:True;recurrent:True;local:False
13335 37105 1 2 38
13335 37105 2 12 28
13335 37105 3 15 25
13335 37105 4 16 24
13335 37105 5 37 3
13335 37105 6 18 22
13335 37105 7 35 5
13335 37105 8 40 0
13335 37105 9 37 3
13335 37105 10 40 0
!sus 37662 329014 4 6 9 attackers:37662;victims:329014;type:1;valid_origin:True;recurrent:True;local:False
37662 329014 1 1 8
37662 329014 2 1 8
37662 329014 3 1 8
37662 329014 4 4 5
37662 329014 5 7 2
37662 329014 6 5 4
37662 329014 7 3 6
37662 329014 8 5 4
37662 329014 9 4 5
37662 329014 10 5 4
!leg 20940 52468 10 0 6 attackers:52468;victims:21342;type:2;valid_origin:True;recurrent:False;local:False
20940 52468 1 6 0
20940 52468 2 6 0
20940 52468 3 6 0
20940 52468 4 6 0
20940 52468 5 6 0
20940 52468 6 6 0
20940 52468 7 6 0
20940 52468 8 6 0
20940 52468 9 6 0
20940 52468 10 6 0
!sus 44570 209391 9 1 6 attackers:44570;victims:209391;type:1;valid_origin:True;recurrent:True;local:False
44570 209391 1 0 6
44570 209391 2 4 2
44570 209391 3 6 0
44570 209391 4 6 0
44570 209391 5 6 0
44570 209391 6 6 0
44570 209391 7 6 0
44570 209391 8 6 0
44570 209391 9 6 0
44570 209391 10 6 0
!sus 11751 273573 0 10 3 attackers:273573;victims:11751;type:1;valid_origin:True;recurrent:True;local:False
11751 273573 1 1 2
11751 273573 2 1 2
11751 273573 3 1 2
11751 273573 4 1 2
11751 273573 5 1 2
11751 273573 6 1 2
11751 273573 7 1 2
11751 273573 8 1 2
11751 273573 9 1 2
11751 273573 10 1 2
!sus 28232 273609 0 10 11 attackers:28232;victims:273609;type:1;valid_origin:True;recurrent:True;local:False
28232 273609 1 1 10
28232 273609 2 1 10
28232 273609 3 1 10
28232 273609 4 1 10
28232 273609 5 1 10
28232 273609 6 1 10
28232 273609 7 1 10
28232 273609 8 1 10
28232 273609 9 1 10
28232 273609 10 1 10
!sus 48732 207740 0 10 1 attackers:48732;victims:207740;type:1;valid_origin:True;recurrent:True;local:False
48732 207740 1 0 1
48732 207740 2 0 1
48732 207740 3 0 1
48732 207740 4 0 1
48732 207740 5 0 1
48732 207740 6 0 1
48732 207740 7 0 1
48732 207740 8 0 1
48732 207740 9 0 1
48732 207740 10 0 1
!leg 56834 264479 10 0 1 attackers:264479;victims:56834;type:1;valid_origin:True;recurrent:False;local:True
56834 264479 1 1 0
56834 264479 2 1 0
56834 264479 3 1 0
56834 264479 4 1 0
56834 264479 5 1 0
56834 264479 6 1 0
56834 264479 7 1 0
56834 264479 8 1 0
56834 264479 9 1 0
56834 264479 10 1 0
!sus 47449 202736 3 7 13 attackers:47449;victims:202736;type:1;valid_origin:True;recurrent:True;local:False
47449 202736 1 7 6
47449 202736 2 1 12
47449 202736 3 9 4
47449 202736 4 1 12
47449 202736 5 1 12
47449 202736 6 1 12
47449 202736 7 1 12
47449 202736 8 13 0
47449 202736 9 1 12
47449 202736 10 1 12
!sus 267524 270331 0 10 496 attackers:270331;victims:267524;type:1;valid_origin:True;recurrent:True;local:False
267524 270331 1 28 468
267524 270331 2 31 465
267524 270331 3 36 460
267524 270331 4 31 465
267524 270331 5 34 462
267524 270331 6 81 415
267524 270331 7 193 303
267524 270331 8 216 280
267524 270331 9 230 266
267524 270331 10 215 281
!sus 44570 212948 0 10 2 attackers:44570;victims:212948;type:1;valid_origin:True;recurrent:True;local:False
44570 212948 1 0 2
44570 212948 2 0 2
44570 212948 3 0 2
44570 212948 4 0 2
44570 212948 5 0 2
44570 212948 6 0 2
44570 212948 7 0 2
44570 212948 8 0 2
44570 212948 9 0 2
44570 212948 10 1 1
!leg 48915 264479 10 0 1 attackers:264479;victims:48915;type:1;valid_origin:True;recurrent:False;local:True
48915 264479 1 1 0
48915 264479 2 1 0
48915 264479 3 1 0
48915 264479 4 1 0
48915 264479 5 1 0
48915 264479 6 1 0
48915 264479 7 1 0
48915 264479 8 1 0
48915 264479 9 1 0
48915 264479 10 1 0
!sus 3356 43484 5 5 5 attackers:3356;victims:43484;type:1;valid_origin:True;recurrent:True;local:False
3356 43484 1 0 5
3356 43484 2 0 5
3356 43484 3 4 1
3356 43484 4 3 2
3356 43484 5 0 5
3356 43484 6 0 5
3356 43484 7 5 0
3356 43484 8 5 0
3356 43484 9 4 1
3356 43484 10 0 5
!leg 15830 211096 10 0 201 attackers:15830;victims:211096;type:1;valid_origin:True;recurrent:False;local:False
15830 211096 1 114 87
15830 211096 2 175 26
15830 211096 3 187 14
15830 211096 4 191 10
15830 211096 5 193 8
15830 211096 6 198 3
15830 211096 7 198 3
15830 211096 8 197 4
15830 211096 9 199 2
15830 211096 10 198 3
!sus 47720 205967 1 9 15 attackers:47720;victims:205967;type:1;valid_origin:True;recurrent:True;local:False
47720 205967 1 5 10
47720 205967 2 3 12
47720 205967 3 0 15
47720 205967 4 6 9
47720 205967 5 0 15
47720 205967 6 1 14
47720 205967 7 1 14
47720 205967 8 4 11
47720 205967 9 6 9
47720 205967 10 8 7
!sus 58819 137314 0 10 208 attackers:58819;victims:137314;type:1;valid_origin:True;recurrent:False;local:False
58819 137314 1 0 208
58819 137314 2 0 208
58819 137314 3 0 208
58819 137314 4 0 208
58819 137314 5 0 208
58819 137314 6 0 208
58819 137314 7 0 208
58819 137314 8 0 208
58819 137314 9 0 208
58819 137314 10 0 208
!leg 53087 263641 10 0 642 attackers:53087;victims:265086,271566,269092,270999,23106,268568,263324,62424,268537,270910;type:2,3,4;valid_origin:True;recurrent:False;local:False
53087 263641 1 557 85
53087 263641 2 557 85
53087 263641 3 557 85
53087 263641 4 557 85
53087 263641 5 557 85
53087 263641 6 557 85
53087 263641 7 557 85
53087 263641 8 557 85
53087 263641 9 557 85
53087 263641 10 557 85
!sus 23748 43959 0 10 23 attackers:23748;victims:43959;type:1;valid_origin:True;recurrent:True;local:False
23748 43959 1 0 23
23748 43959 2 0 23
23748 43959 3 0 23
23748 43959 4 0 23
23748 43959 5 0 23
23748 43959 6 0 23
23748 43959 7 0 23
23748 43959 8 0 23
23748 43959 9 0 23
23748 43959 10 0 23
!sus 202485 211619 0 10 5 attackers:211619;victims:202485;type:1;valid_origin:True;recurrent:True;local:False
202485 211619 1 0 5
202485 211619 2 0 5
202485 211619 3 0 5
202485 211619 4 0 5
202485 211619 5 0 5
202485 211619 6 0 5
202485 211619 7 0 5
202485 211619 8 0 5
202485 211619 9 0 5
202485 211619 10 0 5
!sus 10396 395471 8 2 1523 attackers:10396;victims:18895;type:2;valid_origin:True;recurrent:True;local:False
10396 395471 1 767 756
10396 395471 2 771 752
10396 395471 3 1296 227
10396 395471 4 547 976
10396 395471 5 1086 437
10396 395471 6 996 527
10396 395471 7 996 527
10396 395471 8 610 913
10396 395471 9 1243 280
10396 395471 10 841 682
!leg 8732 39156 10 0 1 attackers:8732;victims:44848;type:2;valid_origin:True;recurrent:False;local:False
8732 39156 1 1 0
8732 39156 2 1 0
8732 39156 3 1 0
8732 39156 4 1 0
8732 39156 5 1 0
8732 39156 6 1 0
8732 39156 7 1 0
8732 39156 8 1 0
8732 39156 9 1 0
8732 39156 10 1 0
!leg 9498 399251 10 0 145 attackers:9498;victims:399251;type:1;valid_origin:True;recurrent:False;local:False
9498 399251 1 145 0
9498 399251 2 145 0
9498 399251 3 145 0
9498 399251 4 145 0
9498 399251 5 145 0
9498 399251 6 145 0
9498 399251 7 145 0
9498 399251 8 145 0
9498 399251 9 145 0
9498 399251 10 145 0
!leg 61302 139317 10 0 17 attackers:139317;victims:138211,203472,142031,61302,38281,208753,142158,146958,142553,141011,142634,147028,206271,211358;type:1,2,3;valid_origin:True;recurrent:False;local:True
61302 139317 1 17 0
61302 139317 2 17 0
61302 139317 3 17 0
61302 139317 4 17 0
61302 139317 5 17 0
61302 139317 6 17 0
61302 139317 7 17 0
61302 139317 8 17 0
61302 139317 9 17 0
61302 139317 10 17 0
!sus 29802 44103 9 1 1 attackers:44103;victims:29802;type:1;valid_origin:True;recurrent:True;local:False
29802 44103 1 0 1
29802 44103 2 1 0
29802 44103 3 1 0
29802 44103 4 1 0
29802 44103 5 1 0
29802 44103 6 1 0
29802 44103 7 1 0
29802 44103 8 1 0
29802 44103 9 1 0
29802 44103 10 1 0
!sus 50520 212699 2 8 8 attackers:50520;victims:212699;type:1;valid_origin:True;recurrent:True;local:False
50520 212699 1 8 0
50520 212699 2 0 8
50520 212699 3 0 8
50520 212699 4 2 6
50520 212699 5 0 8
50520 212699 6 0 8
50520 212699 7 0 8
50520 212699 8 5 3
50520 212699 9 0 8
50520 212699 10 3 5
!sus 203458 203967 0 10 10 attackers:203458;victims:203967;type:1;valid_origin:True;recurrent:True;local:False
203458 203967 1 2 8
203458 203967 2 2 8
203458 203967 3 2 8
203458 203967 4 2 8
203458 203967 5 2 8
203458 203967 6 2 8
203458 203967 7 2 8
203458 203967 8 2 8
203458 203967 9 2 8
203458 203967 10 2 8
!sus 7606 32787 0 10 1 attackers:7606;victims:32787;type:1;valid_origin:True;recurrent:False;local:False
7606 32787 1 0 1
7606 32787 2 0 1
7606 32787 3 0 1
7606 32787 4 0 1
7606 32787 5 0 1
7606 32787 6 0 1
7606 32787 7 0 1
7606 32787 8 0 1
7606 32787 9 0 1
7606 32787 10 0 1
!sus 7721 49304 8 2 17 attackers:49304;victims:7721;type:1;valid_origin:True;recurrent:True;local:False
7721 49304 1 2 15
7721 49304 2 10 7
7721 49304 3 14 3
7721 49304 4 6 11
7721 49304 5 15 2
7721 49304 6 15 2
7721 49304 7 16 1
7721 49304 8 14 3
7721 49304 9 15 2
7721 49304 10 15 2
!sus 14499 64254 9 1 34 attackers:14499;victims:14499;type:2;valid_origin:True;recurrent:True;local:False
14499 64254 1 34 0
14499 64254 2 34 0
14499 64254 3 33 1
14499 64254 4 23 11
14499 64254 5 18 16
14499 64254 6 12 22
14499 64254 7 20 14
14499 64254 8 19 15
14499 64254 9 21 13
14499 64254 10 22 12
!sus 3356 55089 0 10 3 attackers:3356;victims:16399;type:2;valid_origin:False;recurrent:True;local:False
3356 55089 1 0 3
3356 55089 2 0 3
3356 55089 3 0 3
3356 55089 4 0 3
3356 55089 5 0 3
3356 55089 6 0 3
3356 55089 7 0 3
3356 55089 8 0 3
3356 55089 9 0 3
3356 55089 10 0 3
!sus 36236 267294 5 5 1 attackers:267294;victims:1508;type:2;valid_origin:True;recurrent:True;local:False
36236 267294 1 0 1
36236 267294 2 0 1
36236 267294 3 0 1
36236 267294 4 0 1
36236 267294 5 0 1
36236 267294 6 1 0
36236 267294 7 1 0
36236 267294 8 1 0
36236 267294 9 1 0
36236 267294 10 1 0
!sus 49304 142164 2 8 14 attackers:49304;victims:142164;type:1;valid_origin:True;recurrent:True;local:False
49304 142164 1 2 12
49304 142164 2 2 12
49304 142164 3 2 12
49304 142164 4 2 12
49304 142164 5 4 10
49304 142164 6 5 9
49304 142164 7 5 9
49304 142164 8 13 1
49304 142164 9 4 10
49304 142164 10 8 6
!sus 7162 268941 0 10 7 attackers:268941;victims:7162;type:1;valid_origin:True;recurrent:True;local:False
7162 268941 1 0 7
7162 268941 2 0 7
7162 268941 3 0 7
7162 268941 4 1 6
7162 268941 5 1 6
7162 268941 6 1 6
7162 268941 7 1 6
7162 268941 8 1 6
7162 268941 9 0 7
7162 268941 10 1 6
!leg 3356 15324 10 0 356 attackers:3356;victims:15324;type:1;valid_origin:True;recurrent:False;local:False
3356 15324 1 347 9
3356 15324 2 350 6
3356 15324 3 355 1
3356 15324 4 355 1
3356 15324 5 355 1
3356 15324 6 355 1
3356 15324 7 356 0
3356 15324 8 355 1
3356 15324 9 356 0
3356 15324 10 356 0
!sus 61302 134478 9 1 1977 attackers:134478;victims:203472,57416,142031,38281,208753,142158,146958,142553,141011,142634,147028,61302,211358;type:1,2,3;valid_origin:False;recurrent:False;local:False
61302 134478 1 860 1117
61302 134478 2 1201 776
61302 134478 3 1102 875
61302 134478 4 1645 332
61302 134478 5 1309 668
61302 134478 6 1292 685
61302 134478 7 1529 448
61302 134478 8 1432 545
61302 134478 9 1481 496
61302 134478 10 1498 479
!sus 264645 272844 0 10 6 attackers:264645;victims:272844;type:1;valid_origin:True;recurrent:True;local:False
264645 272844 1 0 6
264645 272844 2 0 6
264645 272844 3 0 6
264645 272844 4 0 6
264645 272844 5 0 6
264645 272844 6 0 6
264645 272844 7 0 6
264645 272844 8 0 6
264645 272844 9 0 6
264645 272844 10 0 6
!sus 267475 270331 6 4 196 attackers:270331;victims:267475;type:1;valid_origin:True;recurrent:True;local:False
267475 270331 1 9 187
267475 270331 2 12 184
267475 270331 3 78 118
267475 270331 4 84 112
267475 270331 5 111 85
267475 270331 6 118 78
267475 270331 7 162 34
267475 270331 8 152 44
267475 270331 9 171 25
267475 270331 10 175 21
!leg 137409 142116 10 0 1 attackers:137409;victims:142116;type:1;valid_origin:True;recurrent:False;local:True
137409 142116 1 1 0
137409 142116 2 1 0
137409 142116 3 1 0
137409 142116 4 1 0
137409 142116 5 1 0
137409 142116 6 1 0
137409 142116 7 1 0
137409 142116 8 1 0
137409 142116 9 1 0
137409 142116 10 1 0
!leg 17639 59895 10 0 1 attackers:17639;victims:59895;type:1;valid_origin:True;recurrent:False;local:True
17639 59895 1 1 0
17639 59895 2 1 0
17639 59895 3 1 0
17639 59895 4 1 0
17639 59895 5 1 0
17639 59895 6 1 0
17639 59895 7 1 0
17639 59895 8 1 0
17639 59895 9 1 0
17639 59895 10 1 0
!leg 13002 44103 10 0 2 attackers:44103;victims:61327,13002;type:1,2;valid_origin:True;recurrent:True;local:False
13002 44103 1 2 0
13002 44103 2 2 0
13002 44103 3 2 0
13002 44103 4 2 0
13002 44103 5 2 0
13002 44103 6 2 0
13002 44103 7 2 0
13002 44103 8 2 0
13002 44103 9 2 0
13002 44103 10 2 0
!leg 33922 44103 10 0 1 attackers:44103;victims:33922;type:1;valid_origin:True;recurrent:True;local:False
33922 44103 1 1 0
33922 44103 2 1 0
33922 44103 3 1 0
33922 44103 4 1 0
33922 44103 5 1 0
33922 44103 6 1 0
33922 44103 7 1 0
33922 44103 8 1 0
33922 44103 9 1 0
33922 44103 10 1 0
!sus 14537 40676 8 2 1 attackers:40676;victims:14537;type:1;valid_origin:True;recurrent:True;local:False
14537 40676 1 0 1
14537 40676 2 0 1
14537 40676 3 1 0
14537 40676 4 1 0
14537 40676 5 1 0
14537 40676 6 1 0
14537 40676 7 1 0
14537 40676 8 1 0
14537 40676 9 1 0
14537 40676 10 1 0
!sus 9498 204035 0 10 1 attackers:9498;victims:208059;type:3;valid_origin:True;recurrent:True;local:False
9498 204035 1 0 1
9498 204035 2 0 1
9498 204035 3 0 1
9498 204035 4 0 1
9498 204035 5 0 1
9498 204035 6 0 1
9498 204035 7 0 1
9498 204035 8 0 1
9498 204035 9 0 1
9498 204035 10 0 1
!sus 16552 44103 6 4 1 attackers:44103;victims:16552;type:1;valid_origin:True;recurrent:True;local:False
16552 44103 1 0 1
16552 44103 2 0 1
16552 44103 3 0 1
16552 44103 4 1 0
16552 44103 5 0 1
16552 44103 6 1 0
16552 44103 7 1 0
16552 44103 8 1 0
16552 44103 9 1 0
16552 44103 10 1 0
!sus 48732 50058 2 8 6 attackers:50058;victims:48732;type:1;valid_origin:True;recurrent:True;local:False
48732 50058 1 0 6
48732 50058 2 0 6
48732 50058 3 0 6
48732 50058 4 1 5
48732 50058 5 1 5
48732 50058 6 0 6
48732 50058 7 6 0
48732 50058 8 4 2
48732 50058 9 1 5
48732 50058 10 1 5
!sus 271597 272445 0 10 6 attackers:272445;victims:271597;type:1;valid_origin:True;recurrent:True;local:False
271597 272445 1 0 6
271597 272445 2 0 6
271597 272445 3 0 6
271597 272445 4 0 6
271597 272445 5 0 6
271597 272445 6 0 6
271597 272445 7 0 6
271597 272445 8 0 6
271597 272445 9 0 6
271597 272445 10 0 6
!leg 29049 49125 10 0 1 attackers:29049;victims:209139;type:2;valid_origin:True;recurrent:False;local:True
29049 49125 1 1 0
29049 49125 2 1 0
29049 49125 3 1 0
29049 49125 4 1 0
29049 49125 5 1 0
29049 49125 6 1 0
29049 49125 7 1 0
29049 49125 8 1 0
29049 49125 9 1 0
29049 49125 10 1 0
!leg 60667 213362 10 0 7 attackers:60667;victims:213362;type:1;valid_origin:True;recurrent:False;local:False
60667 213362 1 7 0
60667 213362 2 7 0
60667 213362 3 7 0
60667 213362 4 7 0
60667 213362 5 7 0
60667 213362 6 7 0
60667 213362 7 7 0
60667 213362 8 7 0
60667 213362 9 7 0
60667 213362 10 7 0
!sus 17819 30598 9 1 7 attackers:17819;victims:30598;type:1;valid_origin:True;recurrent:True;local:False
17819 30598 1 2 5
17819 30598 2 4 3
17819 30598 3 4 3
17819 30598 4 4 3
17819 30598 5 4 3
17819 30598 6 7 0
17819 30598 7 4 3
17819 30598 8 6 1
17819 30598 9 7 0
17819 30598 10 7 0
!sus 57916 209963 1 9 5 attackers:57916;victims:209963;type:1;valid_origin:False;recurrent:True;local:False
57916 209963 1 3 2
57916 209963 2 0 5
57916 209963 3 0 5
57916 209963 4 0 5
57916 209963 5 0 5
57916 209963 6 0 5
57916 209963 7 0 5
57916 209963 8 0 5
57916 209963 9 0 5
57916 209963 10 0 5
!leg 13150 24961 10 0 2 attackers:24961;victims:13150;type:1;valid_origin:True;recurrent:False;local:False
13150 24961 1 2 0
13150 24961 2 2 0
13150 24961 3 2 0
13150 24961 4 2 0
13150 24961 5 2 0
13150 24961 6 2 0
13150 24961 7 2 0
13150 24961 8 2 0
13150 24961 9 2 0
13150 24961 10 2 0
!leg 202224 212895 10 0 1 attackers:212895;victims:202224;type:1;valid_origin:True;recurrent:False;local:False
202224 212895 1 1 0
202224 212895 2 1 0
202224 212895 3 1 0
202224 212895 4 1 0
202224 212895 5 1 0
202224 212895 6 1 0
202224 212895 7 1 0
202224 212895 8 1 0
202224 212895 9 1 0
202224 212895 10 1 0
!sus 56910 138915 6 4 5 attackers:56910;victims:138915;type:1;valid_origin:True;recurrent:True;local:False
56910 138915 1 0 5
56910 138915 2 0 5
56910 138915 3 1 4
56910 138915 4 2 3
56910 138915 5 4 1
56910 138915 6 4 1
56910 138915 7 5 0
56910 138915 8 5 0
56910 138915 9 5 0
56910 138915 10 5 0
!leg 1916 263084 10 0 1 attackers:1916;victims:263084;type:1;valid_origin:True;recurrent:False;local:False
1916 263084 1 1 0
1916 263084 2 1 0
1916 263084 3 1 0
1916 263084 4 1 0
1916 263084 5 1 0
1916 263084 6 1 0
1916 263084 7 1 0
1916 263084 8 1 0
1916 263084 9 1 0
1916 263084 10 1 0
!sus 260 40934 3 7 7 attackers:260;victims:40934;type:1;valid_origin:True;recurrent:True;local:False
260 40934 1 0 7
260 40934 2 0 7
260 40934 3 0 7
260 40934 4 1 6
260 40934 5 2 5
260 40934 6 3 4
260 40934 7 4 3
260 40934 8 4 3
260 40934 9 3 4
260 40934 10 4 3
!sus 58588 59588 5 5 38 attackers:59588;victims:59588;type:2;valid_origin:True;recurrent:True;local:False
58588 59588 1 38 0
58588 59588 2 37 1
58588 59588 3 38 0
58588 59588 4 32 6
58588 59588 5 21 17
58588 59588 6 0 38
58588 59588 7 1 37
58588 59588 8 0 38
58588 59588 9 1 37
58588 59588 10 0 38
!leg 264592 267294 10 0 5 attackers:267294;victims:266524;type:2;valid_origin:True;recurrent:False;local:False
264592 267294 1 5 0
264592 267294 2 5 0
264592 267294 3 5 0
264592 267294 4 5 0
264592 267294 5 5 0
264592 267294 6 5 0
264592 267294 7 5 0
264592 267294 8 5 0
264592 267294 9 5 0
264592 267294 10 5 0
!sus 140731 212271 0 10 3 attackers:212271;victims:140731;type:1;valid_origin:True;recurrent:True;local:False
140731 212271 1 0 3
140731 212271 2 0 3
140731 212271 3 0 3
140731 212271 4 0 3
140731 212271 5 0 3
140731 212271 6 0 3
140731 212271 7 0 3
140731 212271 8 0 3
140731 212271 9 0 3
140731 212271 10 1 2
!leg 196844 263903 10 0 10 attackers:263903;victims:57476;type:3;valid_origin:True;recurrent:False;local:False
196844 263903 1 10 0
196844 263903 2 10 0
196844 263903 3 10 0
196844 263903 4 10 0
196844 263903 5 10 0
196844 263903 6 10 0
196844 263903 7 10 0
196844 263903 8 10 0
196844 263903 9 10 0
196844 263903 10 10 0
!sus 8849 26383 0 10 22 attackers:8849;victims:26383;type:1;valid_origin:True;recurrent:True;local:False
8849 26383 1 0 22
8849 26383 2 0 22
8849 26383 3 0 22
8849 26383 4 0 22
8849 26383 5 0 22
8849 26383 6 0 22
8849 26383 7 0 22
8849 26383 8 0 22
8849 26383 9 0 22
8849 26383 10 0 22
!leg 15802 197063 10 0 1 attackers:15802;victims:197063;type:1;valid_origin:True;recurrent:False;local:False
15802 197063 1 1 0
15802 197063 2 1 0
15802 197063 3 1 0
15802 197063 4 1 0
15802 197063 5 1 0
15802 197063 6 1 0
15802 197063 7 1 0
15802 197063 8 1 0
15802 197063 9 1 0
15802 197063 10 1 0
!sus 13335 138754 7 3 19 attackers:138754;victims:13335;type:1;valid_origin:True;recurrent:True;local:False
13335 138754 1 0 19
13335 138754 2 0 19
13335 138754 3 3 16
13335 138754 4 16 3
13335 138754 5 19 0
13335 138754 6 19 0
13335 138754 7 19 0
13335 138754 8 18 1
13335 138754 9 19 0
13335 138754 10 19 0
!leg 44103 211024 10 0 1 attackers:44103;victims:211024;type:1;valid_origin:True;recurrent:False;local:False
44103 211024 1 1 0
44103 211024 2 1 0
44103 211024 3 1 0
44103 211024 4 1 0
44103 211024 5 1 0
44103 211024 6 1 0
44103 211024 7 1 0
44103 211024 8 1 0
44103 211024 9 1 0
44103 211024 10 1 0
!leg 49125 57463 10 0 2 attackers:57463;victims:209139;type:2;valid_origin:True;recurrent:False;local:False
49125 57463 1 2 0
49125 57463 2 2 0
49125 57463 3 2 0
49125 57463 4 2 0
49125 57463 5 2 0
49125 57463 6 2 0
49125 57463 7 2 0
49125 57463 8 2 0
49125 57463 9 2 0
49125 57463 10 2 0
!sus 16397 64233 0 10 5 attackers:16397;victims:64233;type:1;valid_origin:True;recurrent:True;local:False
16397 64233 1 0 5
16397 64233 2 0 5
16397 64233 3 0 5
16397 64233 4 0 5
16397 64233 5 0 5
16397 64233 6 0 5
16397 64233 7 0 5
16397 64233 8 0 5
16397 64233 9 1 4
16397 64233 10 0 5
!leg 25933 53132 10 0 1 attackers:25933;victims:265488;type:2;valid_origin:True;recurrent:False;local:False
25933 53132 1 1 0
25933 53132 2 1 0
25933 53132 3 1 0
25933 53132 4 1 0
25933 53132 5 1 0
25933 53132 6 1 0
25933 53132 7 1 0
25933 53132 8 1 0
25933 53132 9 1 0
25933 53132 10 1 0
!sus 6057 264665 4 6 25 attackers:6057;victims:264665;type:1;valid_origin:True;recurrent:True;local:False
6057 264665 1 25 0
6057 264665 2 24 1
6057 264665 3 18 7
6057 264665 4 8 17
6057 264665 5 5 20
6057 264665 6 19 6
6057 264665 7 0 25
6057 264665 8 8 17
6057 264665 9 3 22
6057 264665 10 0 25
!leg 134478 138211 10 0 365 attackers:138211;victims:134478;type:1;valid_origin:True;recurrent:False;local:False
134478 138211 1 365 0
134478 138211 2 365 0
134478 138211 3 365 0
134478 138211 4 365 0
134478 138211 5 365 0
134478 138211 6 365 0
134478 138211 7 365 0
134478 138211 8 365 0
134478 138211 9 365 0
134478 138211 10 365 0
!sus 61218 132335 7 3 15 attackers:132335;victims:61218;type:1;valid_origin:True;recurrent:True;local:False
61218 132335 1 0 15
61218 132335 2 1 14
61218 132335 3 1 14
61218 132335 4 13 2
61218 132335 5 9 6
61218 132335 6 10 5
61218 132335 7 15 0
61218 132335 8 15 0
61218 132335 9 15 0
61218 132335 10 15 0
!sus 6718 58057 0 10 48 attackers:6718;victims:58057;type:1;valid_origin:True;recurrent:True;local:False
6718 58057 1 0 48
6718 58057 2 0 48
6718 58057 3 0 48
6718 58057 4 0 48
6718 58057 5 0 48
6718 58057 6 0 48
6718 58057 7 0 48
6718 58057 8 0 48
6718 58057 9 0 48
6718 58057 10 0 48
!sus 7642 13335 8 2 106 attackers:7642;victims:13335;type:1;valid_origin:True;recurrent:True;local:False
7642 13335 1 0 106
7642 13335 2 0 106
7642 13335 3 82 24
7642 13335 4 74 32
7642 13335 5 70 36
7642 13335 6 83 23
7642 13335 7 87 19
7642 13335 8 92 14
7642 13335 9 88 18
7642 13335 10 90 16
!sus 13335 45916 8 2 20 attackers:45916;victims:13335;type:1;valid_origin:True;recurrent:True;local:False
13335 45916 1 0 20
13335 45916 2 5 15
13335 45916 3 11 9
13335 45916 4 20 0
13335 45916 5 20 0
13335 45916 6 20 0
13335 45916 7 20 0
13335 45916 8 20 0
13335 45916 9 20 0
13335 45916 10 20 0
!leg 8529 61337 10 0 1 attackers:8529;victims:61337;type:1;valid_origin:True;recurrent:False;local:False
8529 61337 1 1 0
8529 61337 2 1 0
8529 61337 3 1 0
8529 61337 4 1 0
8529 61337 5 1 0
8529 61337 6 1 0
8529 61337 7 1 0
8529 61337 8 1 0
8529 61337 9 1 0
8529 61337 10 1 0
!sus 141606 142374 7 3 14 attackers:142374;victims:141606;type:1;valid_origin:True;recurrent:True;local:False
141606 142374 1 14 0
141606 142374 2 14 0
141606 142374 3 14 0
141606 142374 4 9 5
141606 142374 5 9 5
141606 142374 6 1 13
141606 142374 7 2 12
141606 142374 8 9 5
141606 142374 9 9 5
141606 142374 10 2 12
!sus 208830 394144 1 9 14 attackers:394144;victims:208830;type:1;valid_origin:True;recurrent:True;local:False
208830 394144 1 12 2
208830 394144 2 4 10
208830 394144 3 0 14
208830 394144 4 0 14
208830 394144 5 0 14
208830 394144 6 0 14
208830 394144 7 0 14
208830 394144 8 0 14
208830 394144 9 2 12
208830 394144 10 0 14
!sus 139341 203214 4 6 12 attackers:203214;victims:139341;type:3;valid_origin:True;recurrent:True;local:False
139341 203214 1 0 12
139341 203214 2 0 12
139341 203214 3 0 12
139341 203214 4 0 12
139341 203214 5 0 12
139341 203214 6 2 10
139341 203214 7 12 0
139341 203214 8 12 0
139341 203214 9 12 0
139341 203214 10 12 0
!leg 48915 61573 10 0 1 attackers:61573;victims:48915;type:1;valid_origin:True;recurrent:False;local:True
48915 61573 1 1 0
48915 61573 2 1 0
48915 61573 3 1 0
48915 61573 4 1 0
48915 61573 5 1 0
48915 61573 6 1 0
48915 61573 7 1 0
48915 61573 8 1 0
48915 61573 9 1 0
48915 61573 10 1 0
!sus 58057 203442 9 1 176 attackers:58057;victims:203442;type:1;valid_origin:True;recurrent:False;local:False
58057 203442 1 31 145
58057 203442 2 92 84
58057 203442 3 96 80
58057 203442 4 143 33
58057 203442 5 159 17
58057 203442 6 172 4
58057 203442 7 173 3
58057 203442 8 157 19
58057 203442 9 174 2
58057 203442 10 171 5
!leg 53184 268355 10 0 1 attackers:53184;victims:268355;type:1;valid_origin:True;recurrent:False;local:False
53184 268355 1 1 0
53184 268355 2 1 0
53184 268355 3 1 0
53184 268355 4 1 0
53184 268355 5 1 0
53184 268355 6 1 0
53184 268355 7 1 0
53184 268355 8 1 0
53184 268355 9 1 0
53184 268355 10 1 0
!leg 29231 61181 10 0 103 attackers:29231;victims:61181;type:1;valid_origin:True;recurrent:True;local:False
29231 61181 1 71 32
29231 61181 2 62 41
29231 61181 3 91 12
29231 61181 4 92 11
29231 61181 5 92 11
29231 61181 6 99 4
29231 61181 7 101 2
29231 61181 8 102 1
29231 61181 9 103 0
29231 61181 10 103 0
!sus 9299 44103 9 1 2 attackers:44103;victims:10139,9299;type:1,2;valid_origin:True;recurrent:True;local:False
9299 44103 1 1 1
9299 44103 2 2 0
9299 44103 3 2 0
9299 44103 4 2 0
9299 44103 5 2 0
9299 44103 6 2 0
9299 44103 7 2 0
9299 44103 8 2 0
9299 44103 9 2 0
9299 44103 10 2 0
!leg 11432 271538 10 0 22 attackers:11432;victims:271538;type:1;valid_origin:True;recurrent:False;local:False
11432 271538 1 22 0
11432 271538 2 22 0
11432 271538 3 22 0
11432 271538 4 22 0
11432 271538 5 22 0
11432 271538 6 22 0
11432 271538 7 22 0
11432 271538 8 22 0
11432 271538 9 22 0
11432 271538 10 22 0
!sus 34872 51345 8 2 319 attackers:34872;victims:51345;type:1;valid_origin:True;recurrent:False;local:False
34872 51345 1 236 83
34872 51345 2 188 131
34872 51345 3 218 101
34872 51345 4 109 210
34872 51345 5 166 153
34872 51345 6 270 49
34872 51345 7 204 115
34872 51345 8 158 161
34872 51345 9 177 142
34872 51345 10 160 159
!leg 34872 197063 10 0 1 attackers:34872;victims:197063;type:1;valid_origin:True;recurrent:False;local:False
34872 197063 1 1 0
34872 197063 2 1 0
34872 197063 3 1 0
34872 197063 4 1 0
34872 197063 5 1 0
34872 197063 6 1 0
34872 197063 7 1 0
34872 197063 8 1 0
34872 197063 9 1 0
34872 197063 10 1 0
!leg 44103 61745 10 0 27 attackers:44103;victims:270274,267010,264394,267341,271647,271017,271638,61745,269481,263373,266535,270329,269567,271127,52540,272190,270480,52536,270554,263397,264400,266572,272278,52865,269069,263933,264137;type:1,2,3;valid_origin:True;recurrent:False;local:False
44103 61745 1 26 1
44103 61745 2 26 1
44103 61745 3 26 1
44103 61745 4 26 1
44103 61745 5 26 1
44103 61745 6 26 1
44103 61745 7 26 1
44103 61745 8 26 1
44103 61745 9 26 1
44103 61745 10 26 1
!sus 394209 399898 0 10 7 attackers:394209;victims:399898;type:1;valid_origin:True;recurrent:True;local:False
394209 399898 1 0 7
394209 399898 2 0 7
394209 399898 3 0 7
394209 399898 4 0 7
394209 399898 5 0 7
394209 399898 6 0 7
394209 399898 7 0 7
394209 399898 8 0 7
394209 399898 9 0 7
394209 399898 10 0 7
!sus 2 141627 4 6 1 attackers:141627;victims:2;type:1;valid_origin:True;recurrent:True;local:False
2 141627 1 0 1
2 141627 2 0 1
2 141627 3 0 1
2 141627 4 0 1
2 141627 5 0 1
2 141627 6 0 1
2 141627 7 1 0
2 141627 8 1 0
2 141627 9 1 0
2 141627 10 1 0
!leg 7195 26411 10 0 4 attackers:26411;victims:270436;type:3;valid_origin:True;recurrent:False;local:False
7195 26411 1 4 0
7195 26411 2 4 0
7195 26411 3 4 0
7195 26411 4 4 0
7195 26411 5 4 0
7195 26411 6 4 0
7195 26411 7 4 0
7195 26411 8 4 0
7195 26411 9 4 0
7195 26411 10 4 0
!sus 207137 209854 0 10 10 attackers:207137;victims:209854;type:1;valid_origin:True;recurrent:True;local:False
207137 209854 1 0 10
207137 209854 2 0 10
207137 209854 3 0 10
207137 209854 4 0 10
207137 209854 5 0 10
207137 209854 6 0 10
207137 209854 7 0 10
207137 209854 8 0 10
207137 209854 9 0 10
207137 209854 10 0 10
!leg 1820 6663 10 0 1 attackers:6663;victims:57462;type:2;valid_origin:True;recurrent:False;local:False
1820 6663 1 1 0
1820 6663 2 1 0
1820 6663 3 1 0
1820 6663 4 1 0
1820 6663 5 1 0
1820 6663 6 1 0
1820 6663 7 1 0
1820 6663 8 1 0
1820 6663 9 1 0
1820 6663 10 1 0
!leg 19237 137409 10 0 1 attackers:137409;victims:19237;type:1;valid_origin:True;recurrent:False;local:False
19237 137409 1 1 0
19237 137409 2 1 0
19237 137409 3 1 0
19237 137409 4 1 0
19237 137409 5 1 0
19237 137409 6 1 0
19237 137409 7 1 0
19237 137409 8 1 0
19237 137409 9 1 0
19237 137409 10 1 0
!leg 42 328333 10 0 1 attackers:328333;victims:19281;type:2;valid_origin:True;recurrent:False;local:False
42 328333 1 1 0
42 328333 2 1 0
42 328333 3 1 0
42 328333 4 1 0
42 328333 5 1 0
42 328333 6 1 0
42 328333 7 1 0
42 328333 8 1 0
42 328333 9 1 0
42 328333 10 1 0
!sus 61302 142158 6 4 84 attackers:61302;victims:142158;type:1;valid_origin:True;recurrent:False;local:False
61302 142158 1 2 82
61302 142158 2 4 80
61302 142158 3 12 72
61302 142158 4 20 64
61302 142158 5 76 8
61302 142158 6 49 35
61302 142158 7 74 10
61302 142158 8 83 1
61302 142158 9 71 13
61302 142158 10 80 4
!sus 44103 44901 7 3 2 attackers:44103;victims:56577,44901;type:1,2;valid_origin:True;recurrent:True;local:False
44103 44901 1 1 1
44103 44901 2 1 1
44103 44901 3 1 1
44103 44901 4 2 0
44103 44901 5 2 0
44103 44901 6 2 0
44103 44901 7 2 0
44103 44901 8 2 0
44103 44901 9 2 0
44103 44901 10 2 0
!sus 8772 29390 3 7 12 attackers:8772;victims:29390;type:1;valid_origin:True;recurrent:True;local:False
8772 29390 1 12 0
8772 29390 2 1 11
8772 29390 3 12 0
8772 29390 4 12 0
8772 29390 5 2 10
8772 29390 6 3 9
8772 29390 7 0 12
8772 29390 8 0 12
8772 29390 9 0 12
8772 29390 10 4 8
!sus 52468 272859 0 10 116 attackers:52468;victims:272859;type:1;valid_origin:True;recurrent:True;local:False
52468 272859 1 0 116
52468 272859 2 2 114
52468 272859 3 2 114
52468 272859 4 10 106
52468 272859 5 5 111
52468 272859 6 7 109
52468 272859 7 15 101
52468 272859 8 19 97
52468 272859 9 30 86
52468 272859 10 35 81
!leg 3261 263903 10 0 8 attackers:263903;victims:211921;type:3;valid_origin:True;recurrent:False;local:False
3261 263903 1 8 0
3261 263903 2 8 0
3261 263903 3 8 0
3261 263903 4 8 0
3261 263903 5 8 0
3261 263903 6 8 0
3261 263903 7 8 0
3261 263903 8 8 0
3261 263903 9 8 0
3261 263903 10 8 0
!sus 32787 44103 9 1 2 attackers:44103;victims:32787,213120;type:1,2;valid_origin:True;recurrent:True;local:False
32787 44103 1 1 1
32787 44103 2 2 0
32787 44103 3 2 0
32787 44103 4 2 0
32787 44103 5 2 0
32787 44103 6 2 0
32787 44103 7 2 0
32787 44103 8 2 0
32787 44103 9 2 0
32787 44103 10 2 0
!sus 30990 329140 0 10 361 attackers:30990;victims:329140;type:1;valid_origin:True;recurrent:True;local:False
30990 329140 1 113 248
30990 329140 2 0 361
30990 329140 3 0 361
30990 329140 4 0 361
30990 329140 5 0 361
30990 329140 6 0 361
30990 329140 7 0 361
30990 329140 8 0 361
30990 329140 9 0 361
30990 329140 10 0 361
!sus 4609 139341 8 2 9 attackers:4609;victims:139341;type:1;valid_origin:True;recurrent:True;local:False
4609 139341 1 0 9
4609 139341 2 2 7
4609 139341 3 5 4
4609 139341 4 6 3
4609 139341 5 8 1
4609 139341 6 9 0
4609 139341 7 9 0
4609 139341 8 9 0
4609 139341 9 9 0
4609 139341 10 9 0
!sus 133372 140570 0 10 8 attackers:140570;victims:133372;type:1;valid_origin:True;recurrent:True;local:False
133372 140570 1 0 8
133372 140570 2 0 8
133372 140570 3 0 8
133372 140570 4 0 8
133372 140570 5 0 8
133372 140570 6 0 8
133372 140570 7 0 8
133372 140570 8 0 8
133372 140570 9 0 8
133372 140570 10 0 8
!leg 131273 136173 10 0 6 attackers:136173;victims:137443;type:2;valid_origin:True;recurrent:True;local:False
131273 136173 1 4 2
131273 136173 2 6 0
131273 136173 3 6 0
131273 136173 4 6 0
131273 136173 5 6 0
131273 136173 6 6 0
131273 136173 7 6 0
131273 136173 8 6 0
131273 136173 9 6 0
131273 136173 10 6 0
!sus 133676 141265 6 4 8 attackers:141265;victims:133676;type:1;valid_origin:True;recurrent:True;local:False
133676 141265 1 0 8
133676 141265 2 1 7
133676 141265 3 4 4
133676 141265 4 6 2
133676 141265 5 6 2
133676 141265 6 2 6
133676 141265 7 7 1
133676 141265 8 7 1
133676 141265 9 7 1
133676 141265 10 7 1
!leg 3356 40375 10 0 69 attackers:3356;victims:40375,11911;type:1,2;valid_origin:True;recurrent:False;local:False
3356 40375 1 69 0
3356 40375 2 69 0
3356 40375 3 69 0
3356 40375 4 69 0
3356 40375 5 69 0
3356 40375 6 69 0
3356 40375 7 69 0
3356 40375 8 69 0
3356 40375 9 69 0
3356 40375 10 69 0
!leg 44103 46844 10 0 1 attackers:44103;victims:46844;type:1;valid_origin:True;recurrent:True;local:False
44103 46844 1 1 0
44103 46844 2 1 0
44103 46844 3 1 0
44103 46844 4 1 0
44103 46844 5 1 0
44103 46844 6 1 0
44103 46844 7 1 0
44103 46844 8 1 0
44103 46844 9 1 0
44103 46844 10 1 0
