!leg 8966 205530 10 0 1 attackers:8966;victims:205530;type:1;valid_origin:True;recurrent:False;local:False
8966 205530 1 1 0
8966 205530 2 1 0
8966 205530 3 1 0
8966 205530 4 1 0
8966 205530 5 1 0
8966 205530 6 1 0
8966 205530 7 1 0
8966 205530 8 1 0
8966 205530 9 1 0
8966 205530 10 1 0
!sus 262901 270341 0 10 44 attackers:270341;victims:262901;type:1;valid_origin:True;recurrent:False;local:False
262901 270341 1 0 44
262901 270341 2 1 43
262901 270341 3 1 43
262901 270341 4 1 43
262901 270341 5 3 41
262901 270341 6 1 43
262901 270341 7 8 36
262901 270341 8 4 40
262901 270341 9 7 37
262901 270341 10 8 36
!sus 135395 212121 9 1 58 attackers:135395;victims:212121;type:1;valid_origin:True;recurrent:True;local:False
135395 212121 1 3 55
135395 212121 2 54 4
135395 212121 3 40 18
135395 212121 4 54 4
135395 212121 5 58 0
135395 212121 6 56 2
135395 212121 7 58 0
135395 212121 8 57 1
135395 212121 9 58 0
135395 212121 10 58 0
!leg 203347 264479 10 0 1 attackers:264479;victims:203347;type:1;valid_origin:True;recurrent:False;local:True
203347 264479 1 1 0
203347 264479 2 1 0
203347 264479 3 1 0
203347 264479 4 1 0
203347 264479 5 1 0
203347 264479 6 1 0
203347 264479 7 1 0
203347 264479 8 1 0
203347 264479 9 1 0
203347 264479 10 1 0
!sus 263146 267548 2 8 66 attackers:267548;victims:263146;type:1;valid_origin:True;recurrent:False;local:False
263146 267548 1 14 52
263146 267548 2 18 48
263146 267548 3 17 49
263146 267548 4 17 49
263146 267548 5 21 45
263146 267548 6 26 40
263146 267548 7 33 33
263146 267548 8 42 24
263146 267548 9 40 26
263146 267548 10 31 35
!sus 262537 268267 5 5 60 attackers:268267;victims:262537;type:1;valid_origin:True;recurrent:False;local:False
262537 268267 1 2 58
262537 268267 2 10 50
262537 268267 3 20 40
262537 268267 4 21 39
262537 268267 5 33 27
262537 268267 6 33 27
262537 268267 7 40 20
262537 268267 8 46 14
262537 268267 9 30 30
262537 268267 10 48 12
!leg 267212 268267 10 0 1 attackers:268267;victims:267212;type:1;valid_origin:True;recurrent:False;local:False
267212 268267 1 1 0
267212 268267 2 1 0
267212 268267 3 1 0
267212 268267 4 1 0
267212 268267 5 1 0
267212 268267 6 1 0
267212 268267 7 1 0
267212 268267 8 1 0
267212 268267 9 1 0
267212 268267 10 1 0
!sus 7719 18041 9 1 18 attackers:18041;victims:38254;type:2;valid_origin:True;recurrent:True;local:False
7719 18041 1 0 18
7719 18041 2 11 7
7719 18041 3 18 0
7719 18041 4 18 0
7719 18041 5 18 0
7719 18041 6 18 0
7719 18041 7 18 0
7719 18041 8 18 0
7719 18041 9 18 0
7719 18041 10 18 0
!leg 328474 328568 10 0 1 attackers:328474;victims:328568;type:1;valid_origin:True;recurrent:False;local:True
328474 328568 1 1 0
328474 328568 2 1 0
328474 328568 3 1 0
328474 328568 4 1 0
328474 328568 5 1 0
328474 328568 6 1 0
328474 328568 7 1 0
328474 328568 8 1 0
328474 328568 9 1 0
328474 328568 10 1 0
!leg 53202 61844 10 0 23 attackers:53202;victims:271453,264326,262523,263269,271532,265434,271119,263557,266233;type:2,3,4;valid_origin:True;recurrent:False;local:False
53202 61844 1 22 1
53202 61844 2 23 0
53202 61844 3 23 0
53202 61844 4 23 0
53202 61844 5 23 0
53202 61844 6 23 0
53202 61844 7 23 0
53202 61844 8 23 0
53202 61844 9 23 0
53202 61844 10 23 0
!leg 200365 266925 10 0 15 attackers:266925;victims:200365;type:1;valid_origin:True;recurrent:False;local:False
200365 266925 1 12 3
200365 266925 2 15 0
200365 266925 3 15 0
200365 266925 4 15 0
200365 266925 5 15 0
200365 266925 6 15 0
200365 266925 7 15 0
200365 266925 8 15 0
200365 266925 9 15 0
200365 266925 10 15 0
!leg 266448 268267 10 0 46 attackers:268267;victims:268507;type:2;valid_origin:True;recurrent:False;local:False
266448 268267 1 46 0
266448 268267 2 46 0
266448 268267 3 46 0
266448 268267 4 46 0
266448 268267 5 46 0
266448 268267 6 46 0
266448 268267 7 46 0
266448 268267 8 46 0
266448 268267 9 46 0
266448 268267 10 46 0
!leg 28283 205530 10 0 7 attackers:28283;victims:205530;type:1;valid_origin:True;recurrent:False;local:False
28283 205530 1 6 1
28283 205530 2 6 1
28283 205530 3 7 0
28283 205530 4 7 0
28283 205530 5 7 0
28283 205530 6 7 0
28283 205530 7 7 0
28283 205530 8 7 0
28283 205530 9 7 0
28283 205530 10 7 0
!leg 264223 268267 10 0 1 attackers:268267;victims:264223;type:1;valid_origin:True;recurrent:False;local:False
264223 268267 1 1 0
264223 268267 2 1 0
264223 268267 3 1 0
264223 268267 4 1 0
264223 268267 5 1 0
264223 268267 6 1 0
264223 268267 7 1 0
264223 268267 8 1 0
264223 268267 9 1 0
264223 268267 10 1 0
!leg 45899 212508 10 0 71 attackers:212508;victims:56142,140770,131131,131379,131343,131364,17916,135900,63733,23962,45900,131402,24089,135962,131413,24066,131381,131362,45899,131397,55306,131363,131347,131348,131342,4237,13150,38730,63747,63752,23902,55508,135939,63751,131430,55317,63754,24174,38737,131408,131365,135963,7643,63731,45548,131126,131418,135905,23900,135956,38736,131122,131415,135957,45557,7602,131125,135911,135926,23999,131419,131429,55323,17804,131414,56155,24085,131387,38735,131130,56148;type:1,2,3;valid_origin:False;recurrent:False;local:False
45899 212508 1 71 0
45899 212508 2 71 0
45899 212508 3 71 0
45899 212508 4 71 0
45899 212508 5 71 0
45899 212508 6 71 0
45899 212508 7 71 0
45899 212508 8 71 0
45899 212508 9 71 0
45899 212508 10 71 0
!sus 262787 267548 5 5 1 attackers:267548;victims:262787;type:1;valid_origin:True;recurrent:False;local:False
262787 267548 1 0 1
262787 267548 2 0 1
262787 267548 3 0 1
262787 267548 4 0 1
262787 267548 5 0 1
262787 267548 6 1 0
262787 267548 7 1 0
262787 267548 8 1 0
262787 267548 9 1 0
262787 267548 10 1 0
!leg 266394 268851 10 0 1 attackers:266394;victims:268851;type:1;valid_origin:True;recurrent:False;local:False
266394 268851 1 1 0
266394 268851 2 1 0
266394 268851 3 1 0
266394 268851 4 1 0
266394 268851 5 1 0
266394 268851 6 1 0
266394 268851 7 1 0
266394 268851 8 1 0
266394 268851 9 1 0
266394 268851 10 1 0
!leg 264500 268267 10 0 1 attackers:268267;victims:264500;type:1;valid_origin:True;recurrent:False;local:False
264500 268267 1 1 0
264500 268267 2 1 0
264500 268267 3 1 0
264500 268267 4 1 0
264500 268267 5 1 0
264500 268267 6 1 0
264500 268267 7 1 0
264500 268267 8 1 0
264500 268267 9 1 0
264500 268267 10 1 0
!leg 13058 20485 10 0 1 attackers:20485;victims:13058;type:1;valid_origin:False;recurrent:False;local:False
13058 20485 1 1 0
13058 20485 2 1 0
13058 20485 3 1 0
13058 20485 4 1 0
13058 20485 5 1 0
13058 20485 6 1 0
13058 20485 7 1 0
13058 20485 8 1 0
13058 20485 9 1 0
13058 20485 10 1 0
!leg 28283 47172 10 0 7 attackers:28283;victims:47172;type:1;valid_origin:True;recurrent:False;local:False
28283 47172 1 6 1
28283 47172 2 7 0
28283 47172 3 7 0
28283 47172 4 7 0
28283 47172 5 7 0
28283 47172 6 7 0
28283 47172 7 7 0
28283 47172 8 7 0
28283 47172 9 7 0
28283 47172 10 7 0
!leg 41871 264479 10 0 1 attackers:264479;victims:41871;type:1;valid_origin:True;recurrent:False;local:True
41871 264479 1 1 0
41871 264479 2 1 0
41871 264479 3 1 0
41871 264479 4 1 0
41871 264479 5 1 0
41871 264479 6 1 0
41871 264479 7 1 0
41871 264479 8 1 0
41871 264479 9 1 0
41871 264479 10 1 0
!leg 53356 210902 10 0 166 attackers:53356;victims:210902;type:1;valid_origin:True;recurrent:False;local:False
53356 210902 1 166 0
53356 210902 2 166 0
53356 210902 3 166 0
53356 210902 4 166 0
53356 210902 5 166 0
53356 210902 6 166 0
53356 210902 7 166 0
53356 210902 8 166 0
53356 210902 9 166 0
53356 210902 10 166 0
!leg 44103 202418 10 0 1 attackers:44103;victims:202418;type:1;valid_origin:True;recurrent:False;local:False
44103 202418 1 1 0
44103 202418 2 1 0
44103 202418 3 1 0
44103 202418 4 1 0
44103 202418 5 1 0
44103 202418 6 1 0
44103 202418 7 1 0
44103 202418 8 1 0
44103 202418 9 1 0
44103 202418 10 1 0
!sus 53131 267548 5 5 1 attackers:267548;victims:53131;type:1;valid_origin:True;recurrent:False;local:False
53131 267548 1 0 1
53131 267548 2 0 1
53131 267548 3 0 1
53131 267548 4 0 1
53131 267548 5 0 1
53131 267548 6 1 0
53131 267548 7 1 0
53131 267548 8 1 0
53131 267548 9 1 0
53131 267548 10 1 0
!leg 28604 271096 10 0 13 attackers:28604;victims:271096;type:1;valid_origin:True;recurrent:False;local:False
28604 271096 1 8 5
28604 271096 2 9 4
28604 271096 3 9 4
28604 271096 4 9 4
28604 271096 5 11 2
28604 271096 6 12 1
28604 271096 7 13 0
28604 271096 8 12 1
28604 271096 9 13 0
28604 271096 10 13 0
!leg 37623 328303 10 0 4 attackers:328303;victims:37623;type:1;valid_origin:True;recurrent:False;local:False
37623 328303 1 4 0
37623 328303 2 4 0
37623 328303 3 4 0
37623 328303 4 4 0
37623 328303 5 4 0
37623 328303 6 4 0
37623 328303 7 4 0
37623 328303 8 4 0
37623 328303 9 4 0
37623 328303 10 4 0
!sus 37282 328303 9 1 78 attackers:328303;victims:37714,33786,328240,37269,327898,328367,328175,327803,37008,37682,328574,327721,37282,327985,328215;type:1,2,3;valid_origin:True;recurrent:False;local:False
37282 328303 1 31 47
37282 328303 2 73 5
37282 328303 3 73 5
37282 328303 4 73 5
37282 328303 5 73 5
37282 328303 6 73 5
37282 328303 7 73 5
37282 328303 8 73 5
37282 328303 9 73 5
37282 328303 10 73 5
!leg 37350 328303 10 0 11 attackers:328303;victims:37350,328957;type:1,2;valid_origin:True;recurrent:False;local:False
37350 328303 1 8 3
37350 328303 2 11 0
37350 328303 3 11 0
37350 328303 4 11 0
37350 328303 5 11 0
37350 328303 6 11 0
37350 328303 7 11 0
37350 328303 8 11 0
37350 328303 9 11 0
37350 328303 10 11 0
!sus 139341 267548 0 10 1 attackers:267548;victims:139341;type:1;valid_origin:True;recurrent:False;local:False
139341 267548 1 0 1
139341 267548 2 0 1
139341 267548 3 0 1
139341 267548 4 0 1
139341 267548 5 0 1
139341 267548 6 0 1
139341 267548 7 0 1
139341 267548 8 0 1
139341 267548 9 0 1
139341 267548 10 0 1
!sus 55818 328303 9 1 3 attackers:328303;victims:45727;type:3;valid_origin:True;recurrent:False;local:False
55818 328303 1 1 2
55818 328303 2 2 1
55818 328303 3 3 0
55818 328303 4 3 0
55818 328303 5 3 0
55818 328303 6 3 0
55818 328303 7 3 0
55818 328303 8 3 0
55818 328303 9 3 0
55818 328303 10 3 0
!sus 4809 328474 0 10 1 attackers:328474;victims:4809;type:1;valid_origin:True;recurrent:False;local:True
4809 328474 1 0 1
4809 328474 2 0 1
4809 328474 3 0 1
4809 328474 4 0 1
4809 328474 5 0 1
4809 328474 6 0 1
4809 328474 7 0 1
4809 328474 8 0 1
4809 328474 9 0 1
4809 328474 10 0 1
!leg 264145 268267 10 0 72 attackers:268267;victims:264145;type:1;valid_origin:True;recurrent:False;local:False
264145 268267 1 56 16
264145 268267 2 72 0
264145 268267 3 72 0
264145 268267 4 72 0
264145 268267 5 72 0
264145 268267 6 72 0
264145 268267 7 72 0
264145 268267 8 72 0
264145 268267 9 72 0
264145 268267 10 72 0
!leg 3701 395823 10 0 1 attackers:3701;victims:398960;type:2;valid_origin:True;recurrent:False;local:False
3701 395823 1 1 0
3701 395823 2 1 0
3701 395823 3 1 0
3701 395823 4 1 0
3701 395823 5 1 0
3701 395823 6 1 0
3701 395823 7 1 0
3701 395823 8 1 0
3701 395823 9 1 0
3701 395823 10 1 0
!leg 36040 328303 10 0 2 attackers:328303;victims:36040;type:1;valid_origin:True;recurrent:False;local:False
36040 328303 1 2 0
36040 328303 2 2 0
36040 328303 3 2 0
36040 328303 4 2 0
36040 328303 5 2 0
36040 328303 6 2 0
36040 328303 7 2 0
36040 328303 8 2 0
36040 328303 9 2 0
36040 328303 10 2 0
!leg 210902 394256 10 0 1 attackers:394256;victims:210902;type:1;valid_origin:True;recurrent:False;local:False
210902 394256 1 1 0
210902 394256 2 1 0
210902 394256 3 1 0
210902 394256 4 1 0
210902 394256 5 1 0
210902 394256 6 1 0
210902 394256 7 1 0
210902 394256 8 1 0
210902 394256 9 1 0
210902 394256 10 1 0
!leg 29396 197219 10 0 1 attackers:29396;victims:197219;type:1;valid_origin:True;recurrent:False;local:False
29396 197219 1 1 0
29396 197219 2 1 0
29396 197219 3 1 0
29396 197219 4 1 0
29396 197219 5 1 0
29396 197219 6 1 0
29396 197219 7 1 0
29396 197219 8 1 0
29396 197219 9 1 0
29396 197219 10 1 0
!leg 9002 45296 10 0 61 attackers:9002;victims:135471;type:4;valid_origin:True;recurrent:False;local:False
9002 45296 1 61 0
9002 45296 2 61 0
9002 45296 3 61 0
9002 45296 4 61 0
9002 45296 5 61 0
9002 45296 6 61 0
9002 45296 7 61 0
9002 45296 8 61 0
9002 45296 9 61 0
9002 45296 10 61 0
!leg 50607 206282 10 0 1 attackers:50607;victims:206282;type:1;valid_origin:True;recurrent:False;local:False
50607 206282 1 1 0
50607 206282 2 1 0
50607 206282 3 1 0
50607 206282 4 1 0
50607 206282 5 1 0
50607 206282 6 1 0
50607 206282 7 1 0
50607 206282 8 1 0
50607 206282 9 1 0
50607 206282 10 1 0
!leg 52777 268267 10 0 47 attackers:268267,52777;victims:52777;type:1,4;valid_origin:True;recurrent:False;local:False
52777 268267 1 47 0
52777 268267 2 47 0
52777 268267 3 47 0
52777 268267 4 47 0
52777 268267 5 47 0
52777 268267 6 47 0
52777 268267 7 47 0
52777 268267 8 47 0
52777 268267 9 47 0
52777 268267 10 47 0
!leg 132203 267548 10 0 1 attackers:267548;victims:139341;type:2;valid_origin:True;recurrent:False;local:False
132203 267548 1 1 0
132203 267548 2 1 0
132203 267548 3 1 0
132203 267548 4 1 0
132203 267548 5 1 0
132203 267548 6 1 0
132203 267548 7 1 0
132203 267548 8 1 0
132203 267548 9 1 0
132203 267548 10 1 0
!leg 38230 61844 10 0 1 attackers:38230;victims:263269;type:2;valid_origin:True;recurrent:False;local:False
38230 61844 1 1 0
38230 61844 2 1 0
38230 61844 3 1 0
38230 61844 4 1 0
38230 61844 5 1 0
38230 61844 6 1 0
38230 61844 7 1 0
38230 61844 8 1 0
38230 61844 9 1 0
38230 61844 10 1 0
!leg 264147 268267 10 0 128 attackers:268267;victims:264147;type:1;valid_origin:True;recurrent:False;local:False
264147 268267 1 128 0
264147 268267 2 128 0
264147 268267 3 128 0
264147 268267 4 128 0
264147 268267 5 128 0
264147 268267 6 128 0
264147 268267 7 128 0
264147 268267 8 128 0
264147 268267 9 128 0
264147 268267 10 128 0
!leg 13000 28283 10 0 7 attackers:28283;victims:13000;type:1;valid_origin:True;recurrent:False;local:False
13000 28283 1 7 0
13000 28283 2 7 0
13000 28283 3 7 0
13000 28283 4 7 0
13000 28283 5 7 0
13000 28283 6 7 0
13000 28283 7 7 0
13000 28283 8 7 0
13000 28283 9 7 0
13000 28283 10 7 0
!leg 41047 264430 10 0 1 attackers:41047;victims:264430;type:1;valid_origin:True;recurrent:False;local:False
41047 264430 1 1 0
41047 264430 2 1 0
41047 264430 3 1 0
41047 264430 4 1 0
41047 264430 5 1 0
41047 264430 6 1 0
41047 264430 7 1 0
41047 264430 8 1 0
41047 264430 9 1 0
41047 264430 10 1 0
!sus 52580 267548 9 1 3 attackers:267548;victims:52580;type:1;valid_origin:True;recurrent:False;local:False
52580 267548 1 1 2
52580 267548 2 2 1
52580 267548 3 2 1
52580 267548 4 2 1
52580 267548 5 2 1
52580 267548 6 2 1
52580 267548 7 2 1
52580 267548 8 2 1
52580 267548 9 3 0
52580 267548 10 3 0
!leg 28283 31242 10 0 6 attackers:28283;victims:31242;type:1;valid_origin:True;recurrent:False;local:False
28283 31242 1 6 0
28283 31242 2 6 0
28283 31242 3 6 0
28283 31242 4 6 0
28283 31242 5 6 0
28283 31242 6 6 0
28283 31242 7 6 0
28283 31242 8 6 0
28283 31242 9 6 0
28283 31242 10 6 0
!leg 20764 40545 10 0 1 attackers:20764;victims:397427;type:2;valid_origin:True;recurrent:False;local:False
20764 40545 1 1 0
20764 40545 2 1 0
20764 40545 3 1 0
20764 40545 4 1 0
20764 40545 5 1 0
20764 40545 6 1 0
20764 40545 7 1 0
20764 40545 8 1 0
20764 40545 9 1 0
20764 40545 10 1 0
!leg 41047 49134 10 0 1 attackers:41047;victims:49134;type:1;valid_origin:True;recurrent:False;local:False
41047 49134 1 1 0
41047 49134 2 1 0
41047 49134 3 1 0
41047 49134 4 1 0
41047 49134 5 1 0
41047 49134 6 1 0
41047 49134 7 1 0
41047 49134 8 1 0
41047 49134 9 1 0
41047 49134 10 1 0
!leg 34854 40545 10 0 1 attackers:34854;victims:397427;type:2;valid_origin:True;recurrent:False;local:False
34854 40545 1 1 0
34854 40545 2 1 0
34854 40545 3 1 0
34854 40545 4 1 0
34854 40545 5 1 0
34854 40545 6 1 0
34854 40545 7 1 0
34854 40545 8 1 0
34854 40545 9 1 0
34854 40545 10 1 0
!leg 41412 43350 10 0 28 attackers:41412;victims:207778;type:2;valid_origin:True;recurrent:False;local:False
41412 43350 1 28 0
41412 43350 2 28 0
41412 43350 3 28 0
41412 43350 4 28 0
41412 43350 5 28 0
41412 43350 6 28 0
41412 43350 7 28 0
41412 43350 8 28 0
41412 43350 9 28 0
41412 43350 10 28 0
!leg 263541 269305 10 0 1 attackers:263541;victims:269305;type:1;valid_origin:True;recurrent:False;local:True
263541 269305 1 1 0
263541 269305 2 1 0
263541 269305 3 1 0
263541 269305 4 1 0
263541 269305 5 1 0
263541 269305 6 1 0
263541 269305 7 1 0
263541 269305 8 1 0
263541 269305 9 1 0
263541 269305 10 1 0
!sus 267548 271466 5 5 1 attackers:267548;victims:271466;type:1;valid_origin:True;recurrent:False;local:False
267548 271466 1 0 1
267548 271466 2 0 1
267548 271466 3 0 1
267548 271466 4 0 1
267548 271466 5 0 1
267548 271466 6 1 0
267548 271466 7 1 0
267548 271466 8 1 0
267548 271466 9 1 0
267548 271466 10 1 0
!sus 264996 268267 0 10 86 attackers:268267;victims:264996;type:1;valid_origin:True;recurrent:False;local:False
264996 268267 1 11 75
264996 268267 2 21 65
264996 268267 3 22 64
264996 268267 4 24 62
264996 268267 5 31 55
264996 268267 6 23 63
264996 268267 7 30 56
264996 268267 8 33 53
264996 268267 9 26 60
264996 268267 10 35 51
!leg 7018 32593 10 0 190 attackers:7018;victims:32593;type:1;valid_origin:True;recurrent:False;local:False
7018 32593 1 189 1
7018 32593 2 189 1
7018 32593 3 189 1
7018 32593 4 189 1
7018 32593 5 189 1
7018 32593 6 190 0
7018 32593 7 190 0
7018 32593 8 189 1
7018 32593 9 189 1
7018 32593 10 190 0
!leg 28283 39647 10 0 6 attackers:28283;victims:39647;type:1;valid_origin:True;recurrent:False;local:False
28283 39647 1 6 0
28283 39647 2 6 0
28283 39647 3 6 0
28283 39647 4 6 0
28283 39647 5 6 0
28283 39647 6 6 0
28283 39647 7 6 0
28283 39647 8 6 0
28283 39647 9 6 0
28283 39647 10 6 0
!leg 327992 328303 10 0 417 attackers:328303;victims:328439,327947,328212,328054,328184,328752,328662,328353,328530,328224,328264,327992,328647,328076;type:1,2;valid_origin:True;recurrent:False;local:False
327992 328303 1 381 36
327992 328303 2 387 30
327992 328303 3 381 36
327992 328303 4 381 36
327992 328303 5 381 36
327992 328303 6 392 25
327992 328303 7 391 26
327992 328303 8 389 28
327992 328303 9 391 26
327992 328303 10 391 26
!leg 18106 41047 10 0 1 attackers:41047;victims:132277;type:2;valid_origin:True;recurrent:False;local:False
18106 41047 1 1 0
18106 41047 2 1 0
18106 41047 3 1 0
18106 41047 4 1 0
18106 41047 5 1 0
18106 41047 6 1 0
18106 41047 7 1 0
18106 41047 8 1 0
18106 41047 9 1 0
18106 41047 10 1 0
!leg 41095 328608 10 0 1 attackers:41095;victims:328608;type:1;valid_origin:True;recurrent:False;local:False
41095 328608 1 1 0
41095 328608 2 1 0
41095 328608 3 1 0
41095 328608 4 1 0
41095 328608 5 1 0
41095 328608 6 1 0
41095 328608 7 1 0
41095 328608 8 1 0
41095 328608 9 1 0
41095 328608 10 1 0
!sus 28308 267548 2 8 74 attackers:267548;victims:28308;type:1;valid_origin:True;recurrent:False;local:False
28308 267548 1 13 61
28308 267548 2 17 57
28308 267548 3 16 58
28308 267548 4 16 58
28308 267548 5 19 55
28308 267548 6 21 53
28308 267548 7 30 44
28308 267548 8 46 28
28308 267548 9 46 28
28308 267548 10 33 41
!leg 267548 268897 10 0 18 attackers:267548;victims:268897,271308;type:1,2;valid_origin:True;recurrent:False;local:False
267548 268897 1 16 2
267548 268897 2 17 1
267548 268897 3 17 1
267548 268897 4 18 0
267548 268897 5 18 0
267548 268897 6 18 0
267548 268897 7 18 0
267548 268897 8 18 0
267548 268897 9 18 0
267548 268897 10 18 0
!leg 268108 268267 10 0 1 attackers:268267;victims:268108;type:1;valid_origin:True;recurrent:False;local:False
268108 268267 1 1 0
268108 268267 2 1 0
268108 268267 3 1 0
268108 268267 4 1 0
268108 268267 5 1 0
268108 268267 6 1 0
268108 268267 7 1 0
268108 268267 8 1 0
268108 268267 9 1 0
268108 268267 10 1 0
!sus 28126 268267 0 10 48 attackers:268267;victims:28126;type:1;valid_origin:True;recurrent:False;local:False
28126 268267 1 0 48
28126 268267 2 0 48
28126 268267 3 2 46
28126 268267 4 3 45
28126 268267 5 5 43
28126 268267 6 4 44
28126 268267 7 8 40
28126 268267 8 10 38
28126 268267 9 4 44
28126 268267 10 9 39
!leg 208189 264479 10 0 1 attackers:264479;victims:208189;type:1;valid_origin:True;recurrent:False;local:True
208189 264479 1 1 0
208189 264479 2 1 0
208189 264479 3 1 0
208189 264479 4 1 0
208189 264479 5 1 0
208189 264479 6 1 0
208189 264479 7 1 0
208189 264479 8 1 0
208189 264479 9 1 0
208189 264479 10 1 0
!leg 134026 137650 10 0 1 attackers:134026;victims:133318;type:2;valid_origin:True;recurrent:False;local:False
134026 137650 1 1 0
134026 137650 2 1 0
134026 137650 3 1 0
134026 137650 4 1 0
134026 137650 5 1 0
134026 137650 6 1 0
134026 137650 7 1 0
134026 137650 8 1 0
134026 137650 9 1 0
134026 137650 10 1 0
!leg 28340 41047 10 0 1 attackers:41047;victims:53224;type:2;valid_origin:True;recurrent:False;local:False
28340 41047 1 1 0
28340 41047 2 1 0
28340 41047 3 1 0
28340 41047 4 1 0
28340 41047 5 1 0
28340 41047 6 1 0
28340 41047 7 1 0
28340 41047 8 1 0
28340 41047 9 1 0
28340 41047 10 1 0
!leg 267168 268267 10 0 1 attackers:268267;victims:267168;type:1;valid_origin:True;recurrent:False;local:False
267168 268267 1 1 0
267168 268267 2 1 0
267168 268267 3 1 0
267168 268267 4 1 0
267168 268267 5 1 0
267168 268267 6 1 0
267168 268267 7 1 0
267168 268267 8 1 0
267168 268267 9 1 0
267168 268267 10 1 0
!leg 28283 55270 10 0 7 attackers:28283;victims:55270;type:1;valid_origin:True;recurrent:False;local:False
28283 55270 1 7 0
28283 55270 2 7 0
28283 55270 3 7 0
28283 55270 4 7 0
28283 55270 5 7 0
28283 55270 6 7 0
28283 55270 7 7 0
28283 55270 8 7 0
28283 55270 9 7 0
28283 55270 10 7 0
!leg 63293 328303 10 0 4 attackers:328303;victims:63293;type:1;valid_origin:True;recurrent:False;local:False
63293 328303 1 4 0
63293 328303 2 4 0
63293 328303 3 4 0
63293 328303 4 4 0
63293 328303 5 4 0
63293 328303 6 4 0
63293 328303 7 4 0
63293 328303 8 4 0
63293 328303 9 4 0
63293 328303 10 4 0
!leg 52765 268267 10 0 1 attackers:268267;victims:52765;type:1;valid_origin:True;recurrent:False;local:False
52765 268267 1 1 0
52765 268267 2 1 0
52765 268267 3 1 0
52765 268267 4 1 0
52765 268267 5 1 0
52765 268267 6 1 0
52765 268267 7 1 0
52765 268267 8 1 0
52765 268267 9 1 0
52765 268267 10 1 0
!leg 263482 270341 10 0 1 attackers:263482;victims:268669;type:6;valid_origin:True;recurrent:False;local:False
263482 270341 1 1 0
263482 270341 2 1 0
263482 270341 3 1 0
263482 270341 4 1 0
263482 270341 5 1 0
263482 270341 6 1 0
263482 270341 7 1 0
263482 270341 8 1 0
263482 270341 9 1 0
263482 270341 10 1 0
!sus 44684 271253 2 8 1 attackers:44684;victims:270960;type:3;valid_origin:True;recurrent:False;local:False
44684 271253 1 0 1
44684 271253 2 0 1
44684 271253 3 0 1
44684 271253 4 0 1
44684 271253 5 0 1
44684 271253 6 1 0
44684 271253 7 0 1
44684 271253 8 1 0
44684 271253 9 0 1
44684 271253 10 0 1
!leg 268267 270374 10 0 62 attackers:268267;victims:270374;type:1;valid_origin:True;recurrent:False;local:False
268267 270374 1 62 0
268267 270374 2 62 0
268267 270374 3 62 0
268267 270374 4 62 0
268267 270374 5 62 0
268267 270374 6 62 0
268267 270374 7 62 0
268267 270374 8 62 0
268267 270374 9 62 0
268267 270374 10 62 0
!leg 264496 268267 10 0 1 attackers:268267;victims:264496;type:1;valid_origin:True;recurrent:False;local:False
264496 268267 1 1 0
264496 268267 2 1 0
264496 268267 3 1 0
264496 268267 4 1 0
264496 268267 5 1 0
264496 268267 6 1 0
264496 268267 7 1 0
264496 268267 8 1 0
264496 268267 9 1 0
264496 268267 10 1 0
!sus 266135 267548 8 2 1 attackers:267548;victims:266135;type:1;valid_origin:True;recurrent:False;local:False
266135 267548 1 0 1
266135 267548 2 0 1
266135 267548 3 1 0
266135 267548 4 1 0
266135 267548 5 1 0
266135 267548 6 1 0
266135 267548 7 1 0
266135 267548 8 1 0
266135 267548 9 1 0
266135 267548 10 1 0
!leg 137409 210977 10 0 34 attackers:137409;victims:210977;type:1;valid_origin:False;recurrent:True;local:False
137409 210977 1 33 1
137409 210977 2 33 1
137409 210977 3 32 2
137409 210977 4 33 1
137409 210977 5 33 1
137409 210977 6 34 0
137409 210977 7 33 1
137409 210977 8 33 1
137409 210977 9 33 1
137409 210977 10 33 1
!leg 328126 328303 10 0 10 attackers:328303;victims:328126;type:1;valid_origin:True;recurrent:False;local:False
328126 328303 1 9 1
328126 328303 2 10 0
328126 328303 3 10 0
328126 328303 4 10 0
328126 328303 5 10 0
328126 328303 6 10 0
328126 328303 7 10 0
328126 328303 8 10 0
328126 328303 9 10 0
328126 328303 10 10 0
!leg 267181 268267 10 0 73 attackers:268267;victims:267181;type:1;valid_origin:True;recurrent:False;local:False
267181 268267 1 49 24
267181 268267 2 73 0
267181 268267 3 73 0
267181 268267 4 73 0
267181 268267 5 73 0
267181 268267 6 73 0
267181 268267 7 73 0
267181 268267 8 73 0
267181 268267 9 73 0
267181 268267 10 73 0
!leg 41047 61266 10 0 1 attackers:41047;victims:61266;type:1;valid_origin:True;recurrent:False;local:False
41047 61266 1 1 0
41047 61266 2 1 0
41047 61266 3 1 0
41047 61266 4 1 0
41047 61266 5 1 0
41047 61266 6 1 0
41047 61266 7 1 0
41047 61266 8 1 0
41047 61266 9 1 0
41047 61266 10 1 0
!leg 328333 328501 10 0 1 attackers:328333;victims:328501;type:1;valid_origin:True;recurrent:False;local:False
328333 328501 1 1 0
328333 328501 2 1 0
328333 328501 3 1 0
328333 328501 4 1 0
328333 328501 5 1 0
328333 328501 6 1 0
328333 328501 7 1 0
328333 328501 8 1 0
328333 328501 9 1 0
328333 328501 10 1 0
!leg 262740 270341 10 0 7 attackers:270341;victims:263283;type:2;valid_origin:True;recurrent:False;local:False
262740 270341 1 7 0
262740 270341 2 7 0
262740 270341 3 7 0
262740 270341 4 7 0
262740 270341 5 7 0
262740 270341 6 7 0
262740 270341 7 7 0
262740 270341 8 7 0
262740 270341 9 7 0
262740 270341 10 7 0
!leg 8298 40138 10 0 1 attackers:8298;victims:40138;type:1;valid_origin:True;recurrent:False;local:False
8298 40138 1 1 0
8298 40138 2 1 0
8298 40138 3 1 0
8298 40138 4 1 0
8298 40138 5 1 0
8298 40138 6 1 0
8298 40138 7 1 0
8298 40138 8 1 0
8298 40138 9 1 0
8298 40138 10 1 0
!leg 8298 34924 10 0 1 attackers:8298;victims:34924;type:1;valid_origin:True;recurrent:False;local:False
8298 34924 1 1 0
8298 34924 2 1 0
8298 34924 3 1 0
8298 34924 4 1 0
8298 34924 5 1 0
8298 34924 6 1 0
8298 34924 7 1 0
8298 34924 8 1 0
8298 34924 9 1 0
8298 34924 10 1 0
!leg 60171 203347 10 0 1 attackers:60171;victims:203347;type:1;valid_origin:True;recurrent:False;local:False
60171 203347 1 1 0
60171 203347 2 1 0
60171 203347 3 1 0
60171 203347 4 1 0
60171 203347 5 1 0
60171 203347 6 1 0
60171 203347 7 1 0
60171 203347 8 1 0
60171 203347 9 1 0
60171 203347 10 1 0
!leg 262669 268267 10 0 1 attackers:268267;victims:262669;type:1;valid_origin:True;recurrent:False;local:False
262669 268267 1 1 0
262669 268267 2 1 0
262669 268267 3 1 0
262669 268267 4 1 0
262669 268267 5 1 0
262669 268267 6 1 0
262669 268267 7 1 0
262669 268267 8 1 0
262669 268267 9 1 0
262669 268267 10 1 0
!leg 328303 328457 10 0 3 attackers:328303;victims:328457;type:1;valid_origin:False;recurrent:False;local:False
328303 328457 1 3 0
328303 328457 2 3 0
328303 328457 3 3 0
328303 328457 4 3 0
328303 328457 5 3 0
328303 328457 6 3 0
328303 328457 7 3 0
328303 328457 8 3 0
328303 328457 9 3 0
328303 328457 10 3 0
!leg 13058 34171 10 0 2 attackers:13058;victims:34171;type:1;valid_origin:True;recurrent:False;local:False
13058 34171 1 2 0
13058 34171 2 2 0
13058 34171 3 2 0
13058 34171 4 2 0
13058 34171 5 2 0
13058 34171 6 2 0
13058 34171 7 2 0
13058 34171 8 2 0
13058 34171 9 2 0
13058 34171 10 2 0
!leg 8732 15703 10 0 1 attackers:15703;victims:31514;type:2;valid_origin:True;recurrent:False;local:False
8732 15703 1 1 0
8732 15703 2 1 0
8732 15703 3 1 0
8732 15703 4 1 0
8732 15703 5 1 0
8732 15703 6 1 0
8732 15703 7 1 0
8732 15703 8 1 0
8732 15703 9 1 0
8732 15703 10 1 0
!leg 263541 268205 10 0 2 attackers:263541;victims:268205,263651;type:1,2;valid_origin:True;recurrent:False;local:True
263541 268205 1 2 0
263541 268205 2 2 0
263541 268205 3 2 0
263541 268205 4 2 0
263541 268205 5 2 0
263541 268205 6 2 0
263541 268205 7 2 0
263541 268205 8 2 0
263541 268205 9 2 0
263541 268205 10 2 0
!leg 268083 268267 10 0 1 attackers:268267;victims:268083;type:1;valid_origin:True;recurrent:False;local:False
268083 268267 1 1 0
268083 268267 2 1 0
268083 268267 3 1 0
268083 268267 4 1 0
268083 268267 5 1 0
268083 268267 6 1 0
268083 268267 7 1 0
268083 268267 8 1 0
268083 268267 9 1 0
268083 268267 10 1 0
!sus 28604 267548 8 2 1 attackers:267548;victims:28604;type:1;valid_origin:True;recurrent:False;local:False
28604 267548 1 0 1
28604 267548 2 0 1
28604 267548 3 1 0
28604 267548 4 1 0
28604 267548 5 1 0
28604 267548 6 1 0
28604 267548 7 1 0
28604 267548 8 1 0
28604 267548 9 1 0
28604 267548 10 1 0
!leg 9269 136800 10 0 1 attackers:9269;victims:131685;type:2;valid_origin:False;recurrent:False;local:False
9269 136800 1 1 0
9269 136800 2 1 0
9269 136800 3 1 0
9269 136800 4 1 0
9269 136800 5 1 0
9269 136800 6 1 0
9269 136800 7 1 0
9269 136800 8 1 0
9269 136800 9 1 0
9269 136800 10 1 0
!sus 20940 328303 0 10 132 attackers:328303;victims:20940;type:1;valid_origin:True;recurrent:False;local:False
20940 328303 1 0 132
20940 328303 2 0 132
20940 328303 3 0 132
20940 328303 4 0 132
20940 328303 5 0 132
20940 328303 6 3 129
20940 328303 7 5 127
20940 328303 8 14 118
20940 328303 9 18 114
20940 328303 10 22 110
!leg 268267 271343 10 0 1 attackers:268267;victims:271343;type:1;valid_origin:True;recurrent:False;local:False
268267 271343 1 1 0
268267 271343 2 1 0
268267 271343 3 1 0
268267 271343 4 1 0
268267 271343 5 1 0
268267 271343 6 1 0
268267 271343 7 1 0
268267 271343 8 1 0
268267 271343 9 1 0
268267 271343 10 1 0
!sus 266247 268267 5 5 63 attackers:268267;victims:266247;type:1;valid_origin:True;recurrent:False;local:False
266247 268267 1 2 61
266247 268267 2 8 55
266247 268267 3 21 42
266247 268267 4 28 35
266247 268267 5 34 29
266247 268267 6 27 36
266247 268267 7 39 24
266247 268267 8 44 19
266247 268267 9 38 25
266247 268267 10 44 19
!leg 44684 328748 10 0 1 attackers:44684;victims:328748;type:1;valid_origin:True;recurrent:False;local:False
44684 328748 1 1 0
44684 328748 2 1 0
44684 328748 3 1 0
44684 328748 4 1 0
44684 328748 5 1 0
44684 328748 6 1 0
44684 328748 7 1 0
44684 328748 8 1 0
44684 328748 9 1 0
44684 328748 10 1 0
!leg 9115 29632 10 0 1 attackers:29632;victims:9115;type:1;valid_origin:True;recurrent:False;local:False
9115 29632 1 1 0
9115 29632 2 1 0
9115 29632 3 1 0
9115 29632 4 1 0
9115 29632 5 1 0
9115 29632 6 1 0
9115 29632 7 1 0
9115 29632 8 1 0
9115 29632 9 1 0
9115 29632 10 1 0
!sus 267426 267548 3 7 66 attackers:267548;victims:267426;type:1;valid_origin:True;recurrent:False;local:False
267426 267548 1 11 55
267426 267548 2 13 53
267426 267548 3 14 52
267426 267548 4 15 51
267426 267548 5 19 47
267426 267548 6 26 40
267426 267548 7 38 28
267426 267548 8 42 24
267426 267548 9 43 23
267426 267548 10 32 34
!leg 36868 41095 10 0 1 attackers:41095;victims:36868;type:1;valid_origin:True;recurrent:False;local:False
36868 41095 1 1 0
36868 41095 2 1 0
36868 41095 3 1 0
36868 41095 4 1 0
36868 41095 5 1 0
36868 41095 6 1 0
36868 41095 7 1 0
36868 41095 8 1 0
36868 41095 9 1 0
36868 41095 10 1 0
!leg 14026 53202 10 0 61 attackers:53202;victims:14026;type:1;valid_origin:True;recurrent:False;local:False
14026 53202 1 61 0
14026 53202 2 61 0
14026 53202 3 61 0
14026 53202 4 61 0
14026 53202 5 61 0
14026 53202 6 61 0
14026 53202 7 61 0
14026 53202 8 61 0
14026 53202 9 61 0
14026 53202 10 61 0
!sus 267386 267548 5 5 1 attackers:267548;victims:267386;type:1;valid_origin:True;recurrent:False;local:False
267386 267548 1 0 1
267386 267548 2 0 1
267386 267548 3 0 1
267386 267548 4 0 1
267386 267548 5 0 1
267386 267548 6 1 0
267386 267548 7 1 0
267386 267548 8 1 0
267386 267548 9 1 0
267386 267548 10 1 0
!leg 28283 29226 10 0 7 attackers:28283;victims:29226;type:1;valid_origin:True;recurrent:False;local:False
28283 29226 1 7 0
28283 29226 2 7 0
28283 29226 3 7 0
28283 29226 4 7 0
28283 29226 5 7 0
28283 29226 6 7 0
28283 29226 7 7 0
28283 29226 8 7 0
28283 29226 9 7 0
28283 29226 10 7 0
!sus 263601 268267 9 1 39 attackers:268267;victims:263601;type:1;valid_origin:True;recurrent:False;local:False
263601 268267 1 9 30
263601 268267 2 38 1
263601 268267 3 39 0
263601 268267 4 39 0
263601 268267 5 39 0
263601 268267 6 39 0
263601 268267 7 39 0
263601 268267 8 39 0
263601 268267 9 39 0
263601 268267 10 39 0
!leg 18186 140224 10 0 8 attackers:140224;victims:18186;type:1;valid_origin:True;recurrent:False;local:False
18186 140224 1 8 0
18186 140224 2 8 0
18186 140224 3 8 0
18186 140224 4 8 0
18186 140224 5 8 0
18186 140224 6 8 0
18186 140224 7 8 0
18186 140224 8 8 0
18186 140224 9 8 0
18186 140224 10 8 0
!leg 49780 213045 10 0 1 attackers:213045;victims:49780;type:1;valid_origin:True;recurrent:False;local:True
49780 213045 1 1 0
49780 213045 2 1 0
49780 213045 3 1 0
49780 213045 4 1 0
49780 213045 5 1 0
49780 213045 6 1 0
49780 213045 7 1 0
49780 213045 8 1 0
49780 213045 9 1 0
49780 213045 10 1 0
!leg 52666 267548 10 0 162 attackers:267548;victims:270479,270665,52666;type:1,2,3;valid_origin:True;recurrent:False;local:False
52666 267548 1 127 35
52666 267548 2 129 33
52666 267548 3 131 31
52666 267548 4 130 32
52666 267548 5 132 30
52666 267548 6 132 30
52666 267548 7 132 30
52666 267548 8 132 30
52666 267548 9 132 30
52666 267548 10 132 30
!sus 267548 271500 6 4 1 attackers:267548;victims:271500;type:1;valid_origin:True;recurrent:False;local:False
267548 271500 1 0 1
267548 271500 2 0 1
267548 271500 3 0 1
267548 271500 4 0 1
267548 271500 5 1 0
267548 271500 6 1 0
267548 271500 7 1 0
267548 271500 8 1 0
267548 271500 9 1 0
267548 271500 10 1 0
!sus 267548 270606 5 5 1 attackers:267548;victims:270606;type:1;valid_origin:True;recurrent:False;local:False
267548 270606 1 0 1
267548 270606 2 0 1
267548 270606 3 0 1
267548 270606 4 0 1
267548 270606 5 0 1
267548 270606 6 1 0
267548 270606 7 1 0
267548 270606 8 1 0
267548 270606 9 1 0
267548 270606 10 1 0
!leg 11014 268267 10 0 1 attackers:268267;victims:270054;type:2;valid_origin:True;recurrent:False;local:False
11014 268267 1 1 0
11014 268267 2 1 0
11014 268267 3 1 0
11014 268267 4 1 0
11014 268267 5 1 0
11014 268267 6 1 0
11014 268267 7 1 0
11014 268267 8 1 0
11014 268267 9 1 0
11014 268267 10 1 0
!leg 6830 202744 10 0 12 attackers:6830;victims:202744;type:1;valid_origin:True;recurrent:False;local:False
6830 202744 1 12 0
6830 202744 2 12 0
6830 202744 3 12 0
6830 202744 4 12 0
6830 202744 5 12 0
6830 202744 6 12 0
6830 202744 7 12 0
6830 202744 8 12 0
6830 202744 9 12 0
6830 202744 10 12 0
!leg 37030 328303 10 0 45 attackers:328303;victims:37030,37140;type:1,2;valid_origin:True;recurrent:False;local:False
37030 328303 1 45 0
37030 328303 2 45 0
37030 328303 3 45 0
37030 328303 4 45 0
37030 328303 5 45 0
37030 328303 6 45 0
37030 328303 7 45 0
37030 328303 8 45 0
37030 328303 9 45 0
37030 328303 10 45 0
!sus 10474 328303 4 6 5 attackers:328303;victims:10474;type:1;valid_origin:True;recurrent:False;local:False
10474 328303 1 0 5
10474 328303 2 0 5
10474 328303 3 0 5
10474 328303 4 0 5
10474 328303 5 1 4
10474 328303 6 0 5
10474 328303 7 3 2
10474 328303 8 4 1
10474 328303 9 5 0
10474 328303 10 5 0
!leg 139341 268267 10 0 1 attackers:268267;victims:139341;type:1;valid_origin:True;recurrent:False;local:False
139341 268267 1 1 0
139341 268267 2 1 0
139341 268267 3 1 0
139341 268267 4 1 0
139341 268267 5 1 0
139341 268267 6 1 0
139341 268267 7 1 0
139341 268267 8 1 0
139341 268267 9 1 0
139341 268267 10 1 0
!leg 262848 268267 10 0 1 attackers:268267;victims:271378;type:2;valid_origin:True;recurrent:False;local:False
262848 268267 1 1 0
262848 268267 2 1 0
262848 268267 3 1 0
262848 268267 4 1 0
262848 268267 5 1 0
262848 268267 6 1 0
262848 268267 7 1 0
262848 268267 8 1 0
262848 268267 9 1 0
262848 268267 10 1 0
!leg 1916 268205 10 0 1 attackers:1916;victims:268205;type:1;valid_origin:True;recurrent:False;local:False
1916 268205 1 1 0
1916 268205 2 1 0
1916 268205 3 1 0
1916 268205 4 1 0
1916 268205 5 1 0
1916 268205 6 1 0
1916 268205 7 1 0
1916 268205 8 1 0
1916 268205 9 1 0
1916 268205 10 1 0
!leg 33786 328303 10 0 217 attackers:328303;victims:327848,33786;type:1,2;valid_origin:False;recurrent:False;local:False
33786 328303 1 217 0
33786 328303 2 217 0
33786 328303 3 217 0
33786 328303 4 217 0
33786 328303 5 217 0
33786 328303 6 217 0
33786 328303 7 217 0
33786 328303 8 217 0
33786 328303 9 217 0
33786 328303 10 217 0
!leg 8298 201746 10 0 1 attackers:8298;victims:201746;type:1;valid_origin:True;recurrent:False;local:False
8298 201746 1 1 0
8298 201746 2 1 0
8298 201746 3 1 0
8298 201746 4 1 0
8298 201746 5 1 0
8298 201746 6 1 0
8298 201746 7 1 0
8298 201746 8 1 0
8298 201746 9 1 0
8298 201746 10 1 0
!sus 267548 271347 5 5 1 attackers:267548;victims:271347;type:1;valid_origin:True;recurrent:False;local:False
267548 271347 1 0 1
267548 271347 2 0 1
267548 271347 3 0 1
267548 271347 4 0 1
267548 271347 5 0 1
267548 271347 6 1 0
267548 271347 7 1 0
267548 271347 8 1 0
267548 271347 9 1 0
267548 271347 10 1 0
!leg 268106 268267 10 0 1 attackers:268267;victims:268106;type:1;valid_origin:True;recurrent:False;local:False
268106 268267 1 1 0
268106 268267 2 1 0
268106 268267 3 1 0
268106 268267 4 1 0
268106 268267 5 1 0
268106 268267 6 1 0
268106 268267 7 1 0
268106 268267 8 1 0
268106 268267 9 1 0
268106 268267 10 1 0
!leg 4657 212034 10 0 1 attackers:4657;victims:212034;type:1;valid_origin:True;recurrent:False;local:False
4657 212034 1 1 0
4657 212034 2 1 0
4657 212034 3 1 0
4657 212034 4 1 0
4657 212034 5 1 0
4657 212034 6 1 0
4657 212034 7 1 0
4657 212034 8 1 0
4657 212034 9 1 0
4657 212034 10 1 0
!leg 16265 197219 10 0 1 attackers:16265;victims:197219;type:1;valid_origin:True;recurrent:False;local:False
16265 197219 1 1 0
16265 197219 2 1 0
16265 197219 3 1 0
16265 197219 4 1 0
16265 197219 5 1 0
16265 197219 6 1 0
16265 197219 7 1 0
16265 197219 8 1 0
16265 197219 9 1 0
16265 197219 10 1 0
!leg 268267 270771 10 0 1 attackers:268267;victims:271380;type:2;valid_origin:True;recurrent:False;local:False
268267 270771 1 1 0
268267 270771 2 1 0
268267 270771 3 1 0
268267 270771 4 1 0
268267 270771 5 1 0
268267 270771 6 1 0
268267 270771 7 1 0
268267 270771 8 1 0
268267 270771 9 1 0
268267 270771 10 1 0
!leg 265892 268267 10 0 1 attackers:268267;victims:270591;type:2;valid_origin:True;recurrent:False;local:False
265892 268267 1 1 0
265892 268267 2 1 0
265892 268267 3 1 0
265892 268267 4 1 0
265892 268267 5 1 0
265892 268267 6 1 0
265892 268267 7 1 0
265892 268267 8 1 0
265892 268267 9 1 0
265892 268267 10 1 0
!sus 61753 267548 7 3 68 attackers:267548;victims:61753;type:1;valid_origin:True;recurrent:False;local:False
61753 267548 1 13 55
61753 267548 2 17 51
61753 267548 3 18 50
61753 267548 4 37 31
61753 267548 5 50 18
61753 267548 6 60 8
61753 267548 7 57 11
61753 267548 8 64 4
61753 267548 9 64 4
61753 267548 10 59 9
!sus 61888 268267 7 3 66 attackers:268267;victims:61888;type:1;valid_origin:True;recurrent:False;local:False
61888 268267 1 12 54
61888 268267 2 21 45
61888 268267 3 27 39
61888 268267 4 34 32
61888 268267 5 65 1
61888 268267 6 66 0
61888 268267 7 66 0
61888 268267 8 66 0
61888 268267 9 66 0
61888 268267 10 66 0
!leg 52631 268267 10 0 1 attackers:268267;victims:52631;type:1;valid_origin:True;recurrent:False;local:False
52631 268267 1 1 0
52631 268267 2 1 0
52631 268267 3 1 0
52631 268267 4 1 0
52631 268267 5 1 0
52631 268267 6 1 0
52631 268267 7 1 0
52631 268267 8 1 0
52631 268267 9 1 0
52631 268267 10 1 0
!leg 37087 328303 10 0 35 attackers:328303;victims:37087;type:1;valid_origin:True;recurrent:False;local:False
37087 328303 1 35 0
37087 328303 2 35 0
37087 328303 3 35 0
37087 328303 4 35 0
37087 328303 5 35 0
37087 328303 6 35 0
37087 328303 7 35 0
37087 328303 8 35 0
37087 328303 9 35 0
37087 328303 10 35 0
!leg 1916 263003 10 0 1 attackers:1916;victims:263003;type:1;valid_origin:True;recurrent:False;local:False
1916 263003 1 1 0
1916 263003 2 1 0
1916 263003 3 1 0
1916 263003 4 1 0
1916 263003 5 1 0
1916 263003 6 1 0
1916 263003 7 1 0
1916 263003 8 1 0
1916 263003 9 1 0
1916 263003 10 1 0
!leg 204543 266925 10 0 15 attackers:266925;victims:204543;type:1;valid_origin:True;recurrent:False;local:False
204543 266925 1 15 0
204543 266925 2 15 0
204543 266925 3 15 0
204543 266925 4 15 0
204543 266925 5 15 0
204543 266925 6 15 0
204543 266925 7 15 0
204543 266925 8 15 0
204543 266925 9 15 0
204543 266925 10 15 0
!sus 30986 328303 9 1 222 attackers:328303;victims:327947,30986;type:1,2;valid_origin:True;recurrent:False;local:False
30986 328303 1 103 119
30986 328303 2 179 43
30986 328303 3 198 24
30986 328303 4 221 1
30986 328303 5 208 14
30986 328303 6 205 17
30986 328303 7 220 2
30986 328303 8 219 3
30986 328303 9 222 0
30986 328303 10 222 0
!leg 8298 61461 10 0 1 attackers:8298;victims:271951;type:3;valid_origin:True;recurrent:False;local:False
8298 61461 1 1 0
8298 61461 2 1 0
8298 61461 3 1 0
8298 61461 4 1 0
8298 61461 5 1 0
8298 61461 6 1 0
8298 61461 7 1 0
8298 61461 8 1 0
8298 61461 9 1 0
8298 61461 10 1 0
!leg 265207 268267 10 0 1 attackers:268267;victims:268085;type:2;valid_origin:True;recurrent:False;local:False
265207 268267 1 1 0
265207 268267 2 1 0
265207 268267 3 1 0
265207 268267 4 1 0
265207 268267 5 1 0
265207 268267 6 1 0
265207 268267 7 1 0
265207 268267 8 1 0
265207 268267 9 1 0
265207 268267 10 1 0
!leg 52974 268267 10 0 1 attackers:268267;victims:52974;type:1;valid_origin:True;recurrent:False;local:False
52974 268267 1 1 0
52974 268267 2 1 0
52974 268267 3 1 0
52974 268267 4 1 0
52974 268267 5 1 0
52974 268267 6 1 0
52974 268267 7 1 0
52974 268267 8 1 0
52974 268267 9 1 0
52974 268267 10 1 0
!sus 264144 268267 0 10 71 attackers:268267;victims:264144;type:1;valid_origin:True;recurrent:False;local:False
264144 268267 1 2 69
264144 268267 2 13 58
264144 268267 3 13 58
264144 268267 4 16 55
264144 268267 5 17 54
264144 268267 6 17 54
264144 268267 7 17 54
264144 268267 8 21 50
264144 268267 9 17 54
264144 268267 10 20 51
!sus 270341 271478 1 9 13 attackers:270341;victims:271478;type:1;valid_origin:True;recurrent:False;local:False
270341 271478 1 0 13
270341 271478 2 1 12
270341 271478 3 1 12
270341 271478 4 2 11
270341 271478 5 3 10
270341 271478 6 4 9
270341 271478 7 4 9
270341 271478 8 5 8
270341 271478 9 6 7
270341 271478 10 8 5
!sus 265442 267548 0 10 68 attackers:267548;victims:265442;type:1;valid_origin:True;recurrent:True;local:False
265442 267548 1 1 67
265442 267548 2 6 62
265442 267548 3 7 61
265442 267548 4 5 63
265442 267548 5 7 61
265442 267548 6 12 56
265442 267548 7 7 61
265442 267548 8 7 61
265442 267548 9 9 59
265442 267548 10 7 61
!leg 18881 53152 10 0 5 attackers:18881;victims:262890,269155;type:2;valid_origin:True;recurrent:False;local:False
18881 53152 1 5 0
18881 53152 2 5 0
18881 53152 3 5 0
18881 53152 4 5 0
18881 53152 5 5 0
18881 53152 6 5 0
18881 53152 7 5 0
18881 53152 8 5 0
18881 53152 9 5 0
18881 53152 10 5 0
!sus 262862 267548 5 5 1 attackers:267548;victims:262862;type:1;valid_origin:True;recurrent:False;local:False
262862 267548 1 0 1
262862 267548 2 0 1
262862 267548 3 0 1
262862 267548 4 0 1
262862 267548 5 0 1
262862 267548 6 1 0
262862 267548 7 1 0
262862 267548 8 1 0
262862 267548 9 1 0
262862 267548 10 1 0
!leg 61832 263948 10 0 1 attackers:61832;victims:263948;type:1;valid_origin:True;recurrent:False;local:True
61832 263948 1 1 0
61832 263948 2 1 0
61832 263948 3 1 0
61832 263948 4 1 0
61832 263948 5 1 0
61832 263948 6 1 0
61832 263948 7 1 0
61832 263948 8 1 0
61832 263948 9 1 0
61832 263948 10 1 0
!leg 262462 266931 10 0 4 attackers:266931;victims:264525;type:2;valid_origin:True;recurrent:False;local:False
262462 266931 1 4 0
262462 266931 2 4 0
262462 266931 3 4 0
262462 266931 4 4 0
262462 266931 5 4 0
262462 266931 6 4 0
262462 266931 7 4 0
262462 266931 8 4 0
262462 266931 9 4 0
262462 266931 10 4 0
!leg 268267 271347 10 0 1 attackers:268267;victims:271347;type:1;valid_origin:True;recurrent:False;local:False
268267 271347 1 1 0
268267 271347 2 1 0
268267 271347 3 1 0
268267 271347 4 1 0
268267 271347 5 1 0
268267 271347 6 1 0
268267 271347 7 1 0
268267 271347 8 1 0
268267 271347 9 1 0
268267 271347 10 1 0
!sus 267548 272478 8 2 67 attackers:267548;victims:272478;type:1;valid_origin:True;recurrent:False;local:False
267548 272478 1 12 55
267548 272478 2 40 27
267548 272478 3 42 25
267548 272478 4 21 46
267548 272478 5 38 29
267548 272478 6 37 30
267548 272478 7 58 9
267548 272478 8 65 2
267548 272478 9 63 4
267548 272478 10 59 8
!leg 63490 133840 10 0 1 attackers:133840;victims:63490;type:1;valid_origin:True;recurrent:False;local:False
63490 133840 1 1 0
63490 133840 2 1 0
63490 133840 3 1 0
63490 133840 4 1 0
63490 133840 5 1 0
63490 133840 6 1 0
63490 133840 7 1 0
63490 133840 8 1 0
63490 133840 9 1 0
63490 133840 10 1 0
!leg 41047 57782 10 0 1 attackers:41047;victims:57782;type:1;valid_origin:True;recurrent:False;local:False
41047 57782 1 1 0
41047 57782 2 1 0
41047 57782 3 1 0
41047 57782 4 1 0
41047 57782 5 1 0
41047 57782 6 1 0
41047 57782 7 1 0
41047 57782 8 1 0
41047 57782 9 1 0
41047 57782 10 1 0
!sus 53147 267548 0 10 54 attackers:267548;victims:53147;type:1;valid_origin:True;recurrent:False;local:False
53147 267548 1 7 47
53147 267548 2 11 43
53147 267548 3 12 42
53147 267548 4 12 42
53147 267548 5 15 39
53147 267548 6 15 39
53147 267548 7 18 36
53147 267548 8 18 36
53147 267548 9 20 34
53147 267548 10 21 33
!leg 267548 270928 10 0 1 attackers:267548;victims:271192;type:2;valid_origin:True;recurrent:False;local:False
267548 270928 1 1 0
267548 270928 2 1 0
267548 270928 3 1 0
267548 270928 4 1 0
267548 270928 5 1 0
267548 270928 6 1 0
267548 270928 7 1 0
267548 270928 8 1 0
267548 270928 9 1 0
267548 270928 10 1 0
!leg 34659 200780 10 0 1 attackers:200780;victims:50796;type:2;valid_origin:True;recurrent:False;local:False
34659 200780 1 1 0
34659 200780 2 1 0
34659 200780 3 1 0
34659 200780 4 1 0
34659 200780 5 1 0
34659 200780 6 1 0
34659 200780 7 1 0
34659 200780 8 1 0
34659 200780 9 1 0
34659 200780 10 1 0
!leg 266160 268267 10 0 1 attackers:268267;victims:266160;type:1;valid_origin:True;recurrent:False;local:False
266160 268267 1 1 0
266160 268267 2 1 0
266160 268267 3 1 0
266160 268267 4 1 0
266160 268267 5 1 0
266160 268267 6 1 0
266160 268267 7 1 0
266160 268267 8 1 0
266160 268267 9 1 0
266160 268267 10 1 0
!sus 268267 268485 7 3 48 attackers:268267;victims:272163;type:2;valid_origin:True;recurrent:False;local:False
268267 268485 1 2 46
268267 268485 2 2 46
268267 268485 3 2 46
268267 268485 4 47 1
268267 268485 5 48 0
268267 268485 6 48 0
268267 268485 7 48 0
268267 268485 8 48 0
268267 268485 9 48 0
268267 268485 10 48 0
!leg 52579 267548 10 0 1 attackers:267548;victims:271361;type:3;valid_origin:True;recurrent:False;local:False
52579 267548 1 1 0
52579 267548 2 1 0
52579 267548 3 1 0
52579 267548 4 1 0
52579 267548 5 1 0
52579 267548 6 1 0
52579 267548 7 1 0
52579 267548 8 1 0
52579 267548 9 1 0
52579 267548 10 1 0
!leg 1916 267124 10 0 1 attackers:1916;victims:267124;type:1;valid_origin:True;recurrent:False;local:False
1916 267124 1 1 0
1916 267124 2 1 0
1916 267124 3 1 0
1916 267124 4 1 0
1916 267124 5 1 0
1916 267124 6 1 0
1916 267124 7 1 0
1916 267124 8 1 0
1916 267124 9 1 0
1916 267124 10 1 0
!leg 262970 267548 10 0 2 attackers:262970;victims:268911;type:3;valid_origin:True;recurrent:False;local:False
262970 267548 1 2 0
262970 267548 2 2 0
262970 267548 3 2 0
262970 267548 4 2 0
262970 267548 5 2 0
262970 267548 6 2 0
262970 267548 7 2 0
262970 267548 8 2 0
262970 267548 9 2 0
262970 267548 10 2 0
!leg 267205 268267 10 0 1 attackers:268267;victims:267205;type:1;valid_origin:True;recurrent:False;local:False
267205 268267 1 1 0
267205 268267 2 1 0
267205 268267 3 1 0
267205 268267 4 1 0
267205 268267 5 1 0
267205 268267 6 1 0
267205 268267 7 1 0
267205 268267 8 1 0
267205 268267 9 1 0
267205 268267 10 1 0
!sus 52711 267548 0 10 76 attackers:267548;victims:52711;type:1;valid_origin:True;recurrent:False;local:False
52711 267548 1 8 68
52711 267548 2 13 63
52711 267548 3 15 61
52711 267548 4 17 59
52711 267548 5 17 59
52711 267548 6 17 59
52711 267548 7 17 59
52711 267548 8 17 59
52711 267548 9 17 59
52711 267548 10 18 58
!leg 52780 268267 10 0 2 attackers:268267;victims:52780,267206;type:1,2;valid_origin:True;recurrent:False;local:False
52780 268267 1 2 0
52780 268267 2 2 0
52780 268267 3 2 0
52780 268267 4 2 0
52780 268267 5 2 0
52780 268267 6 2 0
52780 268267 7 2 0
52780 268267 8 2 0
52780 268267 9 2 0
52780 268267 10 2 0
!sus 265144 266087 9 1 1 attackers:266087;victims:265144;type:1;valid_origin:True;recurrent:False;local:False
265144 266087 1 0 1
265144 266087 2 1 0
265144 266087 3 1 0
265144 266087 4 1 0
265144 266087 5 1 0
265144 266087 6 1 0
265144 266087 7 1 0
265144 266087 8 1 0
265144 266087 9 1 0
265144 266087 10 1 0
!leg 1916 269366 10 0 1 attackers:1916;victims:269366;type:1;valid_origin:True;recurrent:False;local:False
1916 269366 1 1 0
1916 269366 2 1 0
1916 269366 3 1 0
1916 269366 4 1 0
1916 269366 5 1 0
1916 269366 6 1 0
1916 269366 7 1 0
1916 269366 8 1 0
1916 269366 9 1 0
1916 269366 10 1 0
!leg 7719 34872 10 0 1 attackers:7719;victims:210189;type:2;valid_origin:True;recurrent:False;local:False
7719 34872 1 1 0
7719 34872 2 1 0
7719 34872 3 1 0
7719 34872 4 1 0
7719 34872 5 1 0
7719 34872 6 1 0
7719 34872 7 1 0
7719 34872 8 1 0
7719 34872 9 1 0
7719 34872 10 1 0
!sus 14026 268267 9 1 54 attackers:268267;victims:14026;type:1;valid_origin:True;recurrent:False;local:False
14026 268267 1 13 41
14026 268267 2 54 0
14026 268267 3 54 0
14026 268267 4 54 0
14026 268267 5 54 0
14026 268267 6 54 0
14026 268267 7 54 0
14026 268267 8 54 0
14026 268267 9 54 0
14026 268267 10 54 0
!leg 24889 28669 10 0 1 attackers:24889;victims:28669;type:1;valid_origin:True;recurrent:False;local:False
24889 28669 1 1 0
24889 28669 2 1 0
24889 28669 3 1 0
24889 28669 4 1 0
24889 28669 5 1 0
24889 28669 6 1 0
24889 28669 7 1 0
24889 28669 8 1 0
24889 28669 9 1 0
24889 28669 10 1 0
!leg 39120 47917 10 0 1 attackers:39120;victims:47917;type:1;valid_origin:True;recurrent:False;local:True
39120 47917 1 1 0
39120 47917 2 1 0
39120 47917 3 1 0
39120 47917 4 1 0
39120 47917 5 1 0
39120 47917 6 1 0
39120 47917 7 1 0
39120 47917 8 1 0
39120 47917 9 1 0
39120 47917 10 1 0
!leg 56630 201290 10 0 1 attackers:56630;victims:205538;type:2;valid_origin:True;recurrent:False;local:False
56630 201290 1 1 0
56630 201290 2 1 0
56630 201290 3 1 0
56630 201290 4 1 0
56630 201290 5 1 0
56630 201290 6 1 0
56630 201290 7 1 0
56630 201290 8 1 0
56630 201290 9 1 0
56630 201290 10 1 0
!sus 40676 267548 0 10 1 attackers:267548;victims:40676;type:1;valid_origin:True;recurrent:False;local:False
40676 267548 1 0 1
40676 267548 2 0 1
40676 267548 3 0 1
40676 267548 4 0 1
40676 267548 5 0 1
40676 267548 6 0 1
40676 267548 7 0 1
40676 267548 8 0 1
40676 267548 9 0 1
40676 267548 10 0 1
!leg 44684 61844 10 0 4 attackers:44684;victims:264326,271525,266233,268513;type:2,3;valid_origin:True;recurrent:False;local:False
44684 61844 1 3 1
44684 61844 2 3 1
44684 61844 3 3 1
44684 61844 4 3 1
44684 61844 5 3 1
44684 61844 6 3 1
44684 61844 7 3 1
44684 61844 8 3 1
44684 61844 9 3 1
44684 61844 10 3 1
!leg 36868 328474 10 0 5 attackers:328474;victims:328699,36868,328623,327821,328476;type:1,2;valid_origin:True;recurrent:False;local:True
36868 328474 1 5 0
36868 328474 2 5 0
36868 328474 3 5 0
36868 328474 4 5 0
36868 328474 5 5 0
36868 328474 6 5 0
36868 328474 7 5 0
36868 328474 8 5 0
36868 328474 9 5 0
36868 328474 10 5 0
!leg 328474 328802 10 0 1 attackers:328474;victims:328802;type:1;valid_origin:True;recurrent:False;local:True
328474 328802 1 1 0
328474 328802 2 1 0
328474 328802 3 1 0
328474 328802 4 1 0
328474 328802 5 1 0
328474 328802 6 1 0
328474 328802 7 1 0
328474 328802 8 1 0
328474 328802 9 1 0
328474 328802 10 1 0
!leg 13058 34854 10 0 1 attackers:34854;victims:13058;type:1;valid_origin:False;recurrent:False;local:False
13058 34854 1 1 0
13058 34854 2 1 0
13058 34854 3 1 0
13058 34854 4 1 0
13058 34854 5 1 0
13058 34854 6 1 0
13058 34854 7 1 0
13058 34854 8 1 0
13058 34854 9 1 0
13058 34854 10 1 0
!leg 51326 198507 10 0 1 attackers:198507;victims:51326;type:1;valid_origin:True;recurrent:False;local:False
51326 198507 1 1 0
51326 198507 2 1 0
51326 198507 3 1 0
51326 198507 4 1 0
51326 198507 5 1 0
51326 198507 6 1 0
51326 198507 7 1 0
51326 198507 8 1 0
51326 198507 9 1 0
51326 198507 10 1 0
!leg 265318 268267 10 0 1 attackers:268267;victims:265318;type:1;valid_origin:True;recurrent:False;local:False
265318 268267 1 1 0
265318 268267 2 1 0
265318 268267 3 1 0
265318 268267 4 1 0
265318 268267 5 1 0
265318 268267 6 1 0
265318 268267 7 1 0
265318 268267 8 1 0
265318 268267 9 1 0
265318 268267 10 1 0
!leg 138087 141626 10 0 302 attackers:138087;victims:138087;type:4;valid_origin:True;recurrent:False;local:False
138087 141626 1 302 0
138087 141626 2 302 0
138087 141626 3 302 0
138087 141626 4 302 0
138087 141626 5 302 0
138087 141626 6 302 0
138087 141626 7 302 0
138087 141626 8 302 0
138087 141626 9 302 0
138087 141626 10 302 0
!leg 34872 41412 10 0 23 attackers:41412;victims:207300;type:2;valid_origin:True;recurrent:False;local:False
34872 41412 1 23 0
34872 41412 2 23 0
34872 41412 3 23 0
34872 41412 4 23 0
34872 41412 5 23 0
34872 41412 6 23 0
34872 41412 7 23 0
34872 41412 8 23 0
34872 41412 9 23 0
34872 41412 10 23 0
!leg 6057 264430 10 0 1 attackers:6057;victims:264430;type:1;valid_origin:True;recurrent:False;local:True
6057 264430 1 1 0
6057 264430 2 1 0
6057 264430 3 1 0
6057 264430 4 1 0
6057 264430 5 1 0
6057 264430 6 1 0
6057 264430 7 1 0
6057 264430 8 1 0
6057 264430 9 1 0
6057 264430 10 1 0
!sus 2 142558 0 10 130 attackers:142558;victims:2;type:1;valid_origin:True;recurrent:True;local:False
2 142558 1 0 130
2 142558 2 0 130
2 142558 3 0 130
2 142558 4 0 130
2 142558 5 0 130
2 142558 6 0 130
2 142558 7 0 130
2 142558 8 1 129
2 142558 9 1 129
2 142558 10 1 129
!leg 41047 270294 10 0 1 attackers:41047;victims:270294;type:1;valid_origin:True;recurrent:False;local:False
41047 270294 1 1 0
41047 270294 2 1 0
41047 270294 3 1 0
41047 270294 4 1 0
41047 270294 5 1 0
41047 270294 6 1 0
41047 270294 7 1 0
41047 270294 8 1 0
41047 270294 9 1 0
41047 270294 10 1 0
!sus 28590 267548 5 5 1 attackers:267548;victims:28590;type:1;valid_origin:True;recurrent:False;local:False
28590 267548 1 0 1
28590 267548 2 0 1
28590 267548 3 0 1
28590 267548 4 0 1
28590 267548 5 0 1
28590 267548 6 1 0
28590 267548 7 1 0
28590 267548 8 1 0
28590 267548 9 1 0
28590 267548 10 1 0
!sus 264285 267548 4 6 2 attackers:267548;victims:264285;type:1;valid_origin:True;recurrent:False;local:False
264285 267548 1 0 2
264285 267548 2 0 2
264285 267548 3 0 2
264285 267548 4 0 2
264285 267548 5 0 2
264285 267548 6 1 1
264285 267548 7 2 0
264285 267548 8 2 0
264285 267548 9 2 0
264285 267548 10 2 0
!leg 45040 266925 10 0 16 attackers:266925;victims:45040;type:1;valid_origin:True;recurrent:False;local:False
45040 266925 1 16 0
45040 266925 2 16 0
45040 266925 3 16 0
45040 266925 4 16 0
45040 266925 5 16 0
45040 266925 6 16 0
45040 266925 7 16 0
45040 266925 8 16 0
45040 266925 9 16 0
45040 266925 10 16 0
!sus 267548 269175 5 5 66 attackers:267548;victims:269175;type:1;valid_origin:True;recurrent:False;local:False
267548 269175 1 14 52
267548 269175 2 16 50
267548 269175 3 17 49
267548 269175 4 19 47
267548 269175 5 20 46
267548 269175 6 35 31
267548 269175 7 39 27
267548 269175 8 45 21
267548 269175 9 40 26
267548 269175 10 40 26
!leg 327814 328303 10 0 12 attackers:328303;victims:29340;type:2;valid_origin:True;recurrent:False;local:False
327814 328303 1 12 0
327814 328303 2 12 0
327814 328303 3 12 0
327814 328303 4 12 0
327814 328303 5 12 0
327814 328303 6 12 0
327814 328303 7 12 0
327814 328303 8 12 0
327814 328303 9 12 0
327814 328303 10 12 0
!leg 268126 268267 10 0 1 attackers:268267;victims:268126;type:1;valid_origin:True;recurrent:False;local:False
268126 268267 1 1 0
268126 268267 2 1 0
268126 268267 3 1 0
268126 268267 4 1 0
268126 268267 5 1 0
268126 268267 6 1 0
268126 268267 7 1 0
268126 268267 8 1 0
268126 268267 9 1 0
268126 268267 10 1 0
!leg 268267 270704 10 0 1 attackers:268267;victims:265157;type:2;valid_origin:True;recurrent:False;local:False
268267 270704 1 1 0
268267 270704 2 1 0
268267 270704 3 1 0
268267 270704 4 1 0
268267 270704 5 1 0
268267 270704 6 1 0
268267 270704 7 1 0
268267 270704 8 1 0
268267 270704 9 1 0
268267 270704 10 1 0
!leg 29424 200780 10 0 1 attackers:200780;victims:29424;type:1;valid_origin:True;recurrent:False;local:False
29424 200780 1 1 0
29424 200780 2 1 0
29424 200780 3 1 0
29424 200780 4 1 0
29424 200780 5 1 0
29424 200780 6 1 0
29424 200780 7 1 0
29424 200780 8 1 0
29424 200780 9 1 0
29424 200780 10 1 0
!leg 267120 268267 10 0 1 attackers:268267;victims:267120;type:1;valid_origin:True;recurrent:False;local:False
267120 268267 1 1 0
267120 268267 2 1 0
267120 268267 3 1 0
267120 268267 4 1 0
267120 268267 5 1 0
267120 268267 6 1 0
267120 268267 7 1 0
267120 268267 8 1 0
267120 268267 9 1 0
267120 268267 10 1 0
!sus 267197 268267 9 1 51 attackers:268267;victims:267197;type:1;valid_origin:True;recurrent:False;local:False
267197 268267 1 12 39
267197 268267 2 50 1
267197 268267 3 51 0
267197 268267 4 51 0
267197 268267 5 51 0
267197 268267 6 51 0
267197 268267 7 51 0
267197 268267 8 51 0
267197 268267 9 51 0
267197 268267 10 51 0
!sus 266076 267548 9 1 31 attackers:267548;victims:269375;type:2;valid_origin:True;recurrent:False;local:False
266076 267548 1 13 18
266076 267548 2 17 14
266076 267548 3 23 8
266076 267548 4 28 3
266076 267548 5 31 0
266076 267548 6 31 0
266076 267548 7 31 0
266076 267548 8 31 0
266076 267548 9 31 0
266076 267548 10 31 0
!sus 266921 267548 5 5 1 attackers:267548;victims:266921;type:1;valid_origin:True;recurrent:False;local:False
266921 267548 1 0 1
266921 267548 2 0 1
266921 267548 3 0 1
266921 267548 4 0 1
266921 267548 5 0 1
266921 267548 6 1 0
266921 267548 7 1 0
266921 267548 8 1 0
266921 267548 9 1 0
266921 267548 10 1 0
!leg 45899 56662 10 0 2 attackers:56662;victims:45899,135905;type:1,2;valid_origin:True;recurrent:False;local:True
45899 56662 1 2 0
45899 56662 2 2 0
45899 56662 3 2 0
45899 56662 4 2 0
45899 56662 5 2 0
45899 56662 6 2 0
45899 56662 7 2 0
45899 56662 8 2 0
45899 56662 9 2 0
45899 56662 10 2 0
!leg 61591 268267 10 0 1 attackers:268267;victims:268131;type:2;valid_origin:True;recurrent:False;local:False
61591 268267 1 1 0
61591 268267 2 1 0
61591 268267 3 1 0
61591 268267 4 1 0
61591 268267 5 1 0
61591 268267 6 1 0
61591 268267 7 1 0
61591 268267 8 1 0
61591 268267 9 1 0
61591 268267 10 1 0
!leg 41230 60171 10 0 1 attackers:60171;victims:30933;type:2;valid_origin:True;recurrent:False;local:False
41230 60171 1 1 0
41230 60171 2 1 0
41230 60171 3 1 0
41230 60171 4 1 0
41230 60171 5 1 0
41230 60171 6 1 0
41230 60171 7 1 0
41230 60171 8 1 0
41230 60171 9 1 0
41230 60171 10 1 0
!leg 3491 6134 10 0 1 attackers:3491;victims:139659;type:2;valid_origin:True;recurrent:False;local:False
3491 6134 1 1 0
3491 6134 2 1 0
3491 6134 3 1 0
3491 6134 4 1 0
3491 6134 5 1 0
3491 6134 6 1 0
3491 6134 7 1 0
3491 6134 8 1 0
3491 6134 9 1 0
3491 6134 10 1 0
!leg 56662 213383 10 0 1 attackers:56662;victims:213383;type:1;valid_origin:True;recurrent:False;local:True
56662 213383 1 1 0
56662 213383 2 1 0
56662 213383 3 1 0
56662 213383 4 1 0
56662 213383 5 1 0
56662 213383 6 1 0
56662 213383 7 1 0
56662 213383 8 1 0
56662 213383 9 1 0
56662 213383 10 1 0
!leg 52747 262773 10 0 1 attackers:262773;victims:52747;type:1;valid_origin:True;recurrent:False;local:False
52747 262773 1 1 0
52747 262773 2 1 0
52747 262773 3 1 0
52747 262773 4 1 0
52747 262773 5 1 0
52747 262773 6 1 0
52747 262773 7 1 0
52747 262773 8 1 0
52747 262773 9 1 0
52747 262773 10 1 0
!leg 202365 210537 10 0 1 attackers:202365;victims:210537;type:1;valid_origin:True;recurrent:False;local:True
202365 210537 1 1 0
202365 210537 2 1 0
202365 210537 3 1 0
202365 210537 4 1 0
202365 210537 5 1 0
202365 210537 6 1 0
202365 210537 7 1 0
202365 210537 8 1 0
202365 210537 9 1 0
202365 210537 10 1 0
!leg 6696 15557 10 0 1 attackers:6696;victims:208820;type:2;valid_origin:True;recurrent:False;local:False
6696 15557 1 1 0
6696 15557 2 1 0
6696 15557 3 1 0
6696 15557 4 1 0
6696 15557 5 1 0
6696 15557 6 1 0
6696 15557 7 1 0
6696 15557 8 1 0
6696 15557 9 1 0
6696 15557 10 1 0
!sus 267440 267548 5 5 70 attackers:267548;victims:267440;type:1;valid_origin:True;recurrent:False;local:False
267440 267548 1 13 57
267440 267548 2 18 52
267440 267548 3 18 52
267440 267548 4 19 51
267440 267548 5 25 45
267440 267548 6 38 32
267440 267548 7 41 29
267440 267548 8 46 24
267440 267548 9 46 24
267440 267548 10 38 32
!leg 4809 37329 10 0 1 attackers:4809;victims:37329;type:1;valid_origin:True;recurrent:False;local:False
4809 37329 1 1 0
4809 37329 2 1 0
4809 37329 3 1 0
4809 37329 4 1 0
4809 37329 5 1 0
4809 37329 6 1 0
4809 37329 7 1 0
4809 37329 8 1 0
4809 37329 9 1 0
4809 37329 10 1 0
!sus 267548 270980 4 6 67 attackers:267548;victims:270980;type:1;valid_origin:True;recurrent:False;local:False
267548 270980 1 14 53
267548 270980 2 15 52
267548 270980 3 17 50
267548 270980 4 18 49
267548 270980 5 19 48
267548 270980 6 25 42
267548 270980 7 39 28
267548 270980 8 47 20
267548 270980 9 40 27
267548 270980 10 41 26
!sus 262900 268267 9 1 23 attackers:268267;victims:262900;type:1;valid_origin:True;recurrent:False;local:False
262900 268267 1 2 21
262900 268267 2 20 3
262900 268267 3 23 0
262900 268267 4 23 0
262900 268267 5 23 0
262900 268267 6 23 0
262900 268267 7 23 0
262900 268267 8 23 0
262900 268267 9 23 0
262900 268267 10 23 0
!sus 5 142558 0 10 18 attackers:142558;victims:5;type:1;valid_origin:True;recurrent:True;local:False
5 142558 1 0 18
5 142558 2 0 18
5 142558 3 0 18
5 142558 4 3 15
5 142558 5 4 14
5 142558 6 4 14
5 142558 7 4 14
5 142558 8 4 14
5 142558 9 4 14
5 142558 10 4 14
!leg 61832 269305 10 0 1 attackers:61832;victims:269305;type:1;valid_origin:True;recurrent:False;local:True
61832 269305 1 1 0
61832 269305 2 1 0
61832 269305 3 1 0
61832 269305 4 1 0
61832 269305 5 1 0
61832 269305 6 1 0
61832 269305 7 1 0
61832 269305 8 1 0
61832 269305 9 1 0
61832 269305 10 1 0
!sus 54113 328303 7 3 1 attackers:328303;victims:54113;type:1;valid_origin:True;recurrent:False;local:False
54113 328303 1 0 1
54113 328303 2 0 1
54113 328303 3 0 1
54113 328303 4 1 0
54113 328303 5 1 0
54113 328303 6 1 0
54113 328303 7 1 0
54113 328303 8 1 0
54113 328303 9 1 0
54113 328303 10 1 0
!leg 7738 13786 10 0 1 attackers:7738;victims:262578;type:4;valid_origin:True;recurrent:False;local:False
7738 13786 1 1 0
7738 13786 2 1 0
7738 13786 3 1 0
7738 13786 4 1 0
7738 13786 5 1 0
7738 13786 6 1 0
7738 13786 7 1 0
7738 13786 8 1 0
7738 13786 9 1 0
7738 13786 10 1 0
!sus 61726 267548 5 5 1 attackers:267548;victims:61726;type:1;valid_origin:True;recurrent:False;local:False
61726 267548 1 0 1
61726 267548 2 0 1
61726 267548 3 0 1
61726 267548 4 0 1
61726 267548 5 0 1
61726 267548 6 1 0
61726 267548 7 1 0
61726 267548 8 1 0
61726 267548 9 1 0
61726 267548 10 1 0
!sus 61871 267548 0 10 72 attackers:267548;victims:61871;type:1;valid_origin:True;recurrent:False;local:False
61871 267548 1 12 60
61871 267548 2 15 57
61871 267548 3 16 56
61871 267548 4 17 55
61871 267548 5 17 55
61871 267548 6 18 54
61871 267548 7 19 53
61871 267548 8 21 51
61871 267548 9 21 51
61871 267548 10 22 50
!sus 264491 268267 9 1 39 attackers:268267;victims:264491;type:1;valid_origin:True;recurrent:False;local:False
264491 268267 1 12 27
264491 268267 2 38 1
264491 268267 3 38 1
264491 268267 4 39 0
264491 268267 5 39 0
264491 268267 6 39 0
264491 268267 7 39 0
264491 268267 8 39 0
264491 268267 9 39 0
264491 268267 10 39 0
!leg 266130 267548 10 0 1 attackers:267548;victims:272516;type:2;valid_origin:True;recurrent:False;local:False
266130 267548 1 1 0
266130 267548 2 1 0
266130 267548 3 1 0
266130 267548 4 1 0
266130 267548 5 1 0
266130 267548 6 1 0
266130 267548 7 1 0
266130 267548 8 1 0
266130 267548 9 1 0
266130 267548 10 1 0
!leg 16265 42295 10 0 1 attackers:16265;victims:42295;type:1;valid_origin:True;recurrent:False;local:False
16265 42295 1 1 0
16265 42295 2 1 0
16265 42295 3 1 0
16265 42295 4 1 0
16265 42295 5 1 0
16265 42295 6 1 0
16265 42295 7 1 0
16265 42295 8 1 0
16265 42295 9 1 0
16265 42295 10 1 0
!leg 3255 41871 10 0 1 attackers:41871;victims:39445;type:3;valid_origin:True;recurrent:False;local:False
3255 41871 1 1 0
3255 41871 2 1 0
3255 41871 3 1 0
3255 41871 4 1 0
3255 41871 5 1 0
3255 41871 6 1 0
3255 41871 7 1 0
3255 41871 8 1 0
3255 41871 9 1 0
3255 41871 10 1 0
!leg 23106 267548 10 0 2 attackers:267548;victims:266071;type:3;valid_origin:True;recurrent:False;local:False
23106 267548 1 2 0
23106 267548 2 2 0
23106 267548 3 2 0
23106 267548 4 2 0
23106 267548 5 2 0
23106 267548 6 2 0
23106 267548 7 2 0
23106 267548 8 2 0
23106 267548 9 2 0
23106 267548 10 2 0
!sus 45899 48646 9 1 1 attackers:48646;victims:45899;type:1;valid_origin:True;recurrent:False;local:True
45899 48646 1 0 1
45899 48646 2 1 0
45899 48646 3 1 0
45899 48646 4 1 0
45899 48646 5 1 0
45899 48646 6 1 0
45899 48646 7 1 0
45899 48646 8 1 0
45899 48646 9 1 0
45899 48646 10 1 0
!sus 264398 267548 0 10 28 attackers:267548;victims:264398;type:1;valid_origin:True;recurrent:False;local:False
264398 267548 1 7 21
264398 267548 2 8 20
264398 267548 3 9 19
264398 267548 4 9 19
264398 267548 5 10 18
264398 267548 6 10 18
264398 267548 7 10 18
264398 267548 8 11 17
264398 267548 9 11 17
264398 267548 10 10 18
!leg 22691 28283 10 0 8 attackers:28283;victims:22691;type:1;valid_origin:True;recurrent:False;local:False
22691 28283 1 8 0
22691 28283 2 8 0
22691 28283 3 8 0
22691 28283 4 8 0
22691 28283 5 8 0
22691 28283 6 8 0
22691 28283 7 8 0
22691 28283 8 8 0
22691 28283 9 8 0
22691 28283 10 8 0
!leg 37313 328303 10 0 10 attackers:328303;victims:37313;type:1;valid_origin:True;recurrent:False;local:False
37313 328303 1 10 0
37313 328303 2 10 0
37313 328303 3 10 0
37313 328303 4 10 0
37313 328303 5 10 0
37313 328303 6 10 0
37313 328303 7 10 0
37313 328303 8 10 0
37313 328303 9 10 0
37313 328303 10 10 0
!sus 266583 267548 5 5 1 attackers:267548;victims:266583;type:1;valid_origin:True;recurrent:False;local:False
266583 267548 1 0 1
266583 267548 2 0 1
266583 267548 3 0 1
266583 267548 4 0 1
266583 267548 5 0 1
266583 267548 6 1 0
266583 267548 7 1 0
266583 267548 8 1 0
266583 267548 9 1 0
266583 267548 10 1 0
!leg 20810 264479 10 0 2 attackers:264479;victims:212367,20810;type:1,2;valid_origin:True;recurrent:False;local:True
20810 264479 1 2 0
20810 264479 2 2 0
20810 264479 3 2 0
20810 264479 4 2 0
20810 264479 5 2 0
20810 264479 6 2 0
20810 264479 7 2 0
20810 264479 8 2 0
20810 264479 9 2 0
20810 264479 10 2 0
!sus 265061 268267 6 4 63 attackers:268267;victims:265061;type:1;valid_origin:True;recurrent:False;local:False
265061 268267 1 5 58
265061 268267 2 11 52
265061 268267 3 25 38
265061 268267 4 26 37
265061 268267 5 35 28
265061 268267 6 33 30
265061 268267 7 36 27
265061 268267 8 41 22
265061 268267 9 33 30
265061 268267 10 46 17
!sus 268267 269552 9 1 34 attackers:268267;victims:269552;type:1;valid_origin:True;recurrent:False;local:False
268267 269552 1 7 27
268267 269552 2 34 0
268267 269552 3 34 0
268267 269552 4 34 0
268267 269552 5 34 0
268267 269552 6 34 0
268267 269552 7 34 0
268267 269552 8 34 0
268267 269552 9 34 0
268267 269552 10 34 0
!leg 8298 207080 10 0 1 attackers:8298;victims:207080;type:1;valid_origin:True;recurrent:False;local:False
8298 207080 1 1 0
8298 207080 2 1 0
8298 207080 3 1 0
8298 207080 4 1 0
8298 207080 5 1 0
8298 207080 6 1 0
8298 207080 7 1 0
8298 207080 8 1 0
8298 207080 9 1 0
8298 207080 10 1 0
!sus 267548 268523 5 5 1 attackers:267548;victims:268523;type:1;valid_origin:True;recurrent:False;local:False
267548 268523 1 0 1
267548 268523 2 0 1
267548 268523 3 0 1
267548 268523 4 0 1
267548 268523 5 0 1
267548 268523 6 1 0
267548 268523 7 1 0
267548 268523 8 1 0
267548 268523 9 1 0
267548 268523 10 1 0
!leg 37100 37177 10 0 1 attackers:37100;victims:37177;type:1;valid_origin:True;recurrent:False;local:False
37100 37177 1 1 0
37100 37177 2 1 0
37100 37177 3 1 0
37100 37177 4 1 0
37100 37177 5 1 0
37100 37177 6 1 0
37100 37177 7 1 0
37100 37177 8 1 0
37100 37177 9 1 0
37100 37177 10 1 0
!leg 28285 268267 10 0 1 attackers:268267;victims:28285;type:1;valid_origin:True;recurrent:False;local:False
28285 268267 1 1 0
28285 268267 2 1 0
28285 268267 3 1 0
28285 268267 4 1 0
28285 268267 5 1 0
28285 268267 6 1 0
28285 268267 7 1 0
28285 268267 8 1 0
28285 268267 9 1 0
28285 268267 10 1 0
!leg 3257 24173 10 0 1 attackers:3257;victims:24173;type:1;valid_origin:True;recurrent:False;local:False
3257 24173 1 1 0
3257 24173 2 1 0
3257 24173 3 1 0
3257 24173 4 1 0
3257 24173 5 1 0
3257 24173 6 1 0
3257 24173 7 1 0
3257 24173 8 1 0
3257 24173 9 1 0
3257 24173 10 1 0
!leg 37662 41230 10 0 1 attackers:37662;victims:30933;type:2;valid_origin:True;recurrent:False;local:False
37662 41230 1 1 0
37662 41230 2 1 0
37662 41230 3 1 0
37662 41230 4 1 0
37662 41230 5 1 0
37662 41230 6 1 0
37662 41230 7 1 0
37662 41230 8 1 0
37662 41230 9 1 0
37662 41230 10 1 0
!sus 53080 267548 5 5 1 attackers:267548;victims:53080;type:1;valid_origin:True;recurrent:False;local:False
53080 267548 1 0 1
53080 267548 2 0 1
53080 267548 3 0 1
53080 267548 4 0 1
53080 267548 5 0 1
53080 267548 6 1 0
53080 267548 7 1 0
53080 267548 8 1 0
53080 267548 9 1 0
53080 267548 10 1 0
!sus 264525 268829 2 8 42 attackers:268829;victims:264525;type:1;valid_origin:True;recurrent:False;local:False
264525 268829 1 2 40
264525 268829 2 5 37
264525 268829 3 4 38
264525 268829 4 5 37
264525 268829 5 10 32
264525 268829 6 7 35
264525 268829 7 24 18
264525 268829 8 15 27
264525 268829 9 15 27
264525 268829 10 26 16
!leg 11338 268267 10 0 1 attackers:268267;victims:11338;type:1;valid_origin:True;recurrent:False;local:False
11338 268267 1 1 0
11338 268267 2 1 0
11338 268267 3 1 0
11338 268267 4 1 0
11338 268267 5 1 0
11338 268267 6 1 0
11338 268267 7 1 0
11338 268267 8 1 0
11338 268267 9 1 0
11338 268267 10 1 0
!sus 53135 267548 5 5 1 attackers:267548;victims:53135;type:1;valid_origin:True;recurrent:False;local:False
53135 267548 1 0 1
53135 267548 2 0 1
53135 267548 3 0 1
53135 267548 4 0 1
53135 267548 5 1 0
53135 267548 6 0 1
53135 267548 7 1 0
53135 267548 8 1 0
53135 267548 9 1 0
53135 267548 10 1 0
!leg 7719 59598 10 0 9 attackers:7719;victims:59598,9516,9886,142164,209870,139328,210815,211686;type:1,2,3;valid_origin:True;recurrent:False;local:False
7719 59598 1 9 0
7719 59598 2 9 0
7719 59598 3 9 0
7719 59598 4 9 0
7719 59598 5 9 0
7719 59598 6 9 0
7719 59598 7 9 0
7719 59598 8 9 0
7719 59598 9 9 0
7719 59598 10 9 0
!sus 266107 267548 5 5 1 attackers:267548;victims:266107;type:1;valid_origin:True;recurrent:False;local:False
266107 267548 1 0 1
266107 267548 2 0 1
266107 267548 3 0 1
266107 267548 4 0 1
266107 267548 5 0 1
266107 267548 6 1 0
266107 267548 7 1 0
266107 267548 8 1 0
266107 267548 9 1 0
266107 267548 10 1 0
!leg 28283 266256 10 0 10 attackers:28283;victims:266256;type:1;valid_origin:True;recurrent:False;local:False
28283 266256 1 9 1
28283 266256 2 10 0
28283 266256 3 10 0
28283 266256 4 10 0
28283 266256 5 10 0
28283 266256 6 10 0
28283 266256 7 10 0
28283 266256 8 10 0
28283 266256 9 10 0
28283 266256 10 10 0
!leg 41047 263948 10 0 1 attackers:41047;victims:263948;type:1;valid_origin:True;recurrent:False;local:False
41047 263948 1 1 0
41047 263948 2 1 0
41047 263948 3 1 0
41047 263948 4 1 0
41047 263948 5 1 0
41047 263948 6 1 0
41047 263948 7 1 0
41047 263948 8 1 0
41047 263948 9 1 0
41047 263948 10 1 0
!leg 37103 328303 10 0 19 attackers:328303;victims:37103;type:1;valid_origin:True;recurrent:False;local:False
37103 328303 1 19 0
37103 328303 2 19 0
37103 328303 3 19 0
37103 328303 4 19 0
37103 328303 5 19 0
37103 328303 6 19 0
37103 328303 7 19 0
37103 328303 8 19 0
37103 328303 9 19 0
37103 328303 10 19 0
!leg 33891 51326 10 0 1 attackers:33891;victims:51326;type:1;valid_origin:True;recurrent:False;local:False
33891 51326 1 1 0
33891 51326 2 1 0
33891 51326 3 1 0
33891 51326 4 1 0
33891 51326 5 1 0
33891 51326 6 1 0
33891 51326 7 1 0
33891 51326 8 1 0
33891 51326 9 1 0
33891 51326 10 1 0
!sus 264127 268267 9 1 48 attackers:268267;victims:264127;type:1;valid_origin:True;recurrent:False;local:False
264127 268267 1 8 40
264127 268267 2 47 1
264127 268267 3 48 0
264127 268267 4 48 0
264127 268267 5 48 0
264127 268267 6 48 0
264127 268267 7 48 0
264127 268267 8 48 0
264127 268267 9 48 0
264127 268267 10 48 0
!sus 267548 270795 5 5 1 attackers:267548;victims:270795;type:1;valid_origin:True;recurrent:False;local:False
267548 270795 1 0 1
267548 270795 2 0 1
267548 270795 3 0 1
267548 270795 4 0 1
267548 270795 5 0 1
267548 270795 6 1 0
267548 270795 7 1 0
267548 270795 8 1 0
267548 270795 9 1 0
267548 270795 10 1 0
!leg 263966 268267 10 0 1 attackers:268267;victims:267171;type:2;valid_origin:True;recurrent:False;local:False
263966 268267 1 1 0
263966 268267 2 1 0
263966 268267 3 1 0
263966 268267 4 1 0
263966 268267 5 1 0
263966 268267 6 1 0
263966 268267 7 1 0
263966 268267 8 1 0
263966 268267 9 1 0
263966 268267 10 1 0
!sus 22689 267548 5 5 1 attackers:267548;victims:22689;type:1;valid_origin:True;recurrent:False;local:False
22689 267548 1 0 1
22689 267548 2 0 1
22689 267548 3 0 1
22689 267548 4 0 1
22689 267548 5 0 1
22689 267548 6 1 0
22689 267548 7 1 0
22689 267548 8 1 0
22689 267548 9 1 0
22689 267548 10 1 0
!sus 267548 271478 0 10 33 attackers:267548;victims:271478;type:1;valid_origin:True;recurrent:False;local:False
267548 271478 1 1 32
267548 271478 2 1 32
267548 271478 3 2 31
267548 271478 4 2 31
267548 271478 5 2 31
267548 271478 6 3 30
267548 271478 7 6 27
267548 271478 8 6 27
267548 271478 9 4 29
267548 271478 10 3 30
!leg 44684 47836 10 0 1 attackers:44684;victims:47836;type:1;valid_origin:True;recurrent:False;local:False
44684 47836 1 1 0
44684 47836 2 1 0
44684 47836 3 1 0
44684 47836 4 1 0
44684 47836 5 1 0
44684 47836 6 1 0
44684 47836 7 1 0
44684 47836 8 1 0
44684 47836 9 1 0
44684 47836 10 1 0
!leg 7719 212793 10 0 1 attackers:7719;victims:212793;type:1;valid_origin:True;recurrent:False;local:False
7719 212793 1 1 0
7719 212793 2 1 0
7719 212793 3 1 0
7719 212793 4 1 0
7719 212793 5 1 0
7719 212793 6 1 0
7719 212793 7 1 0
7719 212793 8 1 0
7719 212793 9 1 0
7719 212793 10 1 0
!leg 7719 20473 10 0 3 attackers:7719;victims:39618,210426,207834;type:2;valid_origin:True;recurrent:False;local:False
7719 20473 1 3 0
7719 20473 2 3 0
7719 20473 3 3 0
7719 20473 4 3 0
7719 20473 5 3 0
7719 20473 6 3 0
7719 20473 7 3 0
7719 20473 8 3 0
7719 20473 9 3 0
7719 20473 10 3 0
