!sus 3737 13335 0 10 26 attackers:3737;victims:13335;type:1;valid_origin:True;recurrent:True;local:False
3737 13335 1 0 26
3737 13335 2 3 23
3737 13335 3 7 19
3737 13335 4 7 19
3737 13335 5 8 18
3737 13335 6 9 17
3737 13335 7 9 17
3737 13335 8 9 17
3737 13335 9 11 15
3737 13335 10 13 13
!sus 57152 211612 8 2 9 attackers:57152;victims:211612;type:1;valid_origin:True;recurrent:True;local:False
57152 211612 1 0 9
57152 211612 2 3 6
57152 211612 3 9 0
57152 211612 4 9 0
57152 211612 5 9 0
57152 211612 6 9 0
57152 211612 7 9 0
57152 211612 8 9 0
57152 211612 9 9 0
57152 211612 10 9 0
!sus 50058 203226 0 10 10 attackers:50058;victims:203226;type:1;valid_origin:True;recurrent:True;local:False
50058 203226 1 0 10
50058 203226 2 0 10
50058 203226 3 0 10
50058 203226 4 0 10
50058 203226 5 0 10
50058 203226 6 0 10
50058 203226 7 0 10
50058 203226 8 0 10
50058 203226 9 0 10
50058 203226 10 0 10
!sus 264420 269486 0 10 13 attackers:264420;victims:269486;type:1;valid_origin:True;recurrent:True;local:False
264420 269486 1 0 13
264420 269486 2 0 13
264420 269486 3 0 13
264420 269486 4 0 13
264420 269486 5 0 13
264420 269486 6 0 13
264420 269486 7 0 13
264420 269486 8 0 13
264420 269486 9 0 13
264420 269486 10 0 13
!sus 57463 61152 9 1 1 attackers:57463;victims:61152;type:1;valid_origin:True;recurrent:True;local:True
57463 61152 1 0 1
57463 61152 2 1 0
57463 61152 3 1 0
57463 61152 4 1 0
57463 61152 5 1 0
57463 61152 6 1 0
57463 61152 7 1 0
57463 61152 8 1 0
57463 61152 9 1 0
57463 61152 10 1 0
!leg 852 208690 10 0 1 attackers:852;victims:208690;type:1;valid_origin:True;recurrent:False;local:True
852 208690 1 1 0
852 208690 2 1 0
852 208690 3 1 0
852 208690 4 1 0
852 208690 5 1 0
852 208690 6 1 0
852 208690 7 1 0
852 208690 8 1 0
852 208690 9 1 0
852 208690 10 1 0
!leg 202218 202888 10 0 1 attackers:202888;victims:202218;type:1;valid_origin:True;recurrent:False;local:False
202218 202888 1 1 0
202218 202888 2 1 0
202218 202888 3 1 0
202218 202888 4 1 0
202218 202888 5 1 0
202218 202888 6 1 0
202218 202888 7 1 0
202218 202888 8 1 0
202218 202888 9 1 0
202218 202888 10 1 0
!leg 29049 44882 10 0 1 attackers:29049;victims:44882;type:1;valid_origin:True;recurrent:False;local:True
29049 44882 1 1 0
29049 44882 2 1 0
29049 44882 3 1 0
29049 44882 4 1 0
29049 44882 5 1 0
29049 44882 6 1 0
29049 44882 7 1 0
29049 44882 8 1 0
29049 44882 9 1 0
29049 44882 10 1 0
!leg 29049 29588 10 0 1 attackers:29049;victims:29588;type:1;valid_origin:True;recurrent:False;local:True
29049 29588 1 1 0
29049 29588 2 1 0
29049 29588 3 1 0
29049 29588 4 1 0
29049 29588 5 1 0
29049 29588 6 1 0
29049 29588 7 1 0
29049 29588 8 1 0
29049 29588 9 1 0
29049 29588 10 1 0
!sus 8772 24206 8 2 1 attackers:8772;victims:24206;type:1;valid_origin:True;recurrent:True;local:False
8772 24206 1 0 1
8772 24206 2 0 1
8772 24206 3 1 0
8772 24206 4 1 0
8772 24206 5 1 0
8772 24206 6 1 0
8772 24206 7 1 0
8772 24206 8 1 0
8772 24206 9 1 0
8772 24206 10 1 0
!leg 3267 51612 10 0 1 attackers:3267;victims:51612;type:1;valid_origin:True;recurrent:False;local:True
3267 51612 1 1 0
3267 51612 2 1 0
3267 51612 3 1 0
3267 51612 4 1 0
3267 51612 5 1 0
3267 51612 6 1 0
3267 51612 7 1 0
3267 51612 8 1 0
3267 51612 9 1 0
3267 51612 10 1 0
!leg 14570 208690 10 0 1 attackers:14570;victims:208690;type:1;valid_origin:True;recurrent:False;local:False
14570 208690 1 1 0
14570 208690 2 1 0
14570 208690 3 1 0
14570 208690 4 1 0
14570 208690 5 1 0
14570 208690 6 1 0
14570 208690 7 1 0
14570 208690 8 1 0
14570 208690 9 1 0
14570 208690 10 1 0
!sus 262791 273617 0 10 474 attackers:262791;victims:273617;type:1;valid_origin:True;recurrent:True;local:False
262791 273617 1 0 474
262791 273617 2 0 474
262791 273617 3 0 474
262791 273617 4 0 474
262791 273617 5 0 474
262791 273617 6 0 474
262791 273617 7 0 474
262791 273617 8 0 474
262791 273617 9 0 474
262791 273617 10 0 474
!sus 202886 208753 0 10 2 attackers:208753;victims:202886;type:1;valid_origin:True;recurrent:True;local:False
202886 208753 1 0 2
202886 208753 2 0 2
202886 208753 3 0 2
202886 208753 4 0 2
202886 208753 5 0 2
202886 208753 6 0 2
202886 208753 7 0 2
202886 208753 8 0 2
202886 208753 9 0 2
202886 208753 10 0 2
!sus 56655 398415 0 10 6 attackers:56655;victims:398415;type:1;valid_origin:True;recurrent:True;local:False
56655 398415 1 0 6
56655 398415 2 0 6
56655 398415 3 2 4
56655 398415 4 2 4
56655 398415 5 3 3
56655 398415 6 3 3
56655 398415 7 2 4
56655 398415 8 3 3
56655 398415 9 3 3
56655 398415 10 3 3
!sus 132088 149522 0 10 279 attackers:149522;victims:132088;type:1;valid_origin:True;recurrent:True;local:False
132088 149522 1 0 279
132088 149522 2 0 279
132088 149522 3 0 279
132088 149522 4 0 279
132088 149522 5 0 279
132088 149522 6 0 279
132088 149522 7 0 279
132088 149522 8 0 279
132088 149522 9 0 279
132088 149522 10 0 279
!sus 835 8674 0 10 2 attackers:835;victims:29216,8674;type:1,2;valid_origin:True;recurrent:True;local:False
835 8674 1 0 2
835 8674 2 0 2
835 8674 3 1 1
835 8674 4 1 1
835 8674 5 1 1
835 8674 6 1 1
835 8674 7 1 1
835 8674 8 1 1
835 8674 9 1 1
835 8674 10 1 1
!sus 1828 23693 7 3 1 attackers:1828;victims:23693;type:1;valid_origin:True;recurrent:True;local:True
1828 23693 1 0 1
1828 23693 2 0 1
1828 23693 3 0 1
1828 23693 4 1 0
1828 23693 5 1 0
1828 23693 6 1 0
1828 23693 7 1 0
1828 23693 8 1 0
1828 23693 9 1 0
1828 23693 10 1 0
!sus 3 205329 6 4 11 attackers:205329;victims:3;type:1;valid_origin:False;recurrent:False;local:False
3 205329 1 0 11
3 205329 2 0 11
3 205329 3 0 11
3 205329 4 5 6
3 205329 5 7 4
3 205329 6 7 4
3 205329 7 7 4
3 205329 8 7 4
3 205329 9 7 4
3 205329 10 8 3
!leg 36236 395466 10 0 1 attackers:36236;victims:395466;type:1;valid_origin:True;recurrent:False;local:False
36236 395466 1 1 0
36236 395466 2 1 0
36236 395466 3 1 0
36236 395466 4 1 0
36236 395466 5 1 0
36236 395466 6 1 0
36236 395466 7 1 0
36236 395466 8 1 0
36236 395466 9 1 0
36236 395466 10 1 0
!sus 56655 213316 5 5 1632 attackers:56655;victims:213316;type:1;valid_origin:True;recurrent:True;local:False
56655 213316 1 105 1527
56655 213316 2 147 1485
56655 213316 3 472 1160
56655 213316 4 777 855
56655 213316 5 721 911
56655 213316 6 891 741
56655 213316 7 846 786
56655 213316 8 1016 616
56655 213316 9 942 690
56655 213316 10 1412 220
!sus 50238 57523 0 10 6 attackers:57523;victims:50238;type:1;valid_origin:True;recurrent:True;local:False
50238 57523 1 0 6
50238 57523 2 0 6
50238 57523 3 0 6
50238 57523 4 0 6
50238 57523 5 0 6
50238 57523 6 0 6
50238 57523 7 0 6
50238 57523 8 0 6
50238 57523 9 0 6
50238 57523 10 0 6
!sus 32787 53184 8 2 1 attackers:53184;victims:2516;type:2;valid_origin:True;recurrent:True;local:False
32787 53184 1 0 1
32787 53184 2 0 1
32787 53184 3 1 0
32787 53184 4 1 0
32787 53184 5 1 0
32787 53184 6 1 0
32787 53184 7 1 0
32787 53184 8 1 0
32787 53184 9 1 0
32787 53184 10 1 0
!sus 2914 52842 1 9 9 attackers:2914;victims:52842;type:1;valid_origin:True;recurrent:True;local:False
2914 52842 1 0 9
2914 52842 2 0 9
2914 52842 3 0 9
2914 52842 4 1 8
2914 52842 5 0 9
2914 52842 6 0 9
2914 52842 7 2 7
2914 52842 8 3 6
2914 52842 9 1 8
2914 52842 10 5 4
!sus 9 150021 0 10 4 attackers:150021;victims:9;type:1;valid_origin:True;recurrent:True;local:False
9 150021 1 0 4
9 150021 2 0 4
9 150021 3 0 4
9 150021 4 0 4
9 150021 5 0 4
9 150021 6 0 4
9 150021 7 0 4
9 150021 8 1 3
9 150021 9 0 4
9 150021 10 0 4
!leg 53013 266006 10 0 1 attackers:53013;victims:266006;type:1;valid_origin:True;recurrent:False;local:False
53013 266006 1 1 0
53013 266006 2 1 0
53013 266006 3 1 0
53013 266006 4 1 0
53013 266006 5 1 0
53013 266006 6 1 0
53013 266006 7 1 0
53013 266006 8 1 0
53013 266006 9 1 0
53013 266006 10 1 0
!sus 2 139041 0 10 71 attackers:139041;victims:2;type:1;valid_origin:False;recurrent:False;local:False
2 139041 1 0 71
2 139041 2 0 71
2 139041 3 0 71
2 139041 4 0 71
2 139041 5 0 71
2 139041 6 0 71
2 139041 7 0 71
2 139041 8 0 71
2 139041 9 0 71
2 139041 10 2 69
!leg 52573 263394 10 0 10 attackers:52573;victims:263394;type:1;valid_origin:True;recurrent:False;local:False
52573 263394 1 10 0
52573 263394 2 10 0
52573 263394 3 10 0
52573 263394 4 10 0
52573 263394 5 10 0
52573 263394 6 10 0
52573 263394 7 10 0
52573 263394 8 10 0
52573 263394 9 10 0
52573 263394 10 10 0
!sus 60798 207713 8 2 10 attackers:60798;victims:207713;type:1;valid_origin:True;recurrent:True;local:False
60798 207713 1 0 10
60798 207713 2 0 10
60798 207713 3 10 0
60798 207713 4 10 0
60798 207713 5 10 0
60798 207713 6 10 0
60798 207713 7 10 0
60798 207713 8 10 0
60798 207713 9 10 0
60798 207713 10 10 0
!leg 29286 196610 10 0 1 attackers:196610;victims:29286;type:1;valid_origin:True;recurrent:False;local:False
29286 196610 1 1 0
29286 196610 2 1 0
29286 196610 3 1 0
29286 196610 4 1 0
29286 196610 5 1 0
29286 196610 6 1 0
29286 196610 7 1 0
29286 196610 8 1 0
29286 196610 9 1 0
29286 196610 10 1 0
!leg 9299 15133 10 0 742 attackers:9299;victims:15133;type:1;valid_origin:True;recurrent:False;local:False
9299 15133 1 488 254
9299 15133 2 742 0
9299 15133 3 742 0
9299 15133 4 742 0
9299 15133 5 742 0
9299 15133 6 742 0
9299 15133 7 742 0
9299 15133 8 742 0
9299 15133 9 742 0
9299 15133 10 742 0
!sus 17139 396026 0 10 11 attackers:396026;victims:17139;type:3;valid_origin:True;recurrent:True;local:False
17139 396026 1 0 11
17139 396026 2 0 11
17139 396026 3 0 11
17139 396026 4 0 11
17139 396026 5 0 11
17139 396026 6 0 11
17139 396026 7 0 11
17139 396026 8 0 11
17139 396026 9 3 8
17139 396026 10 1 10
!leg 48646 200959 10 0 1 attackers:48646;victims:200959;type:1;valid_origin:True;recurrent:False;local:False
48646 200959 1 1 0
48646 200959 2 1 0
48646 200959 3 1 0
48646 200959 4 1 0
48646 200959 5 1 0
48646 200959 6 1 0
48646 200959 7 1 0
48646 200959 8 1 0
48646 200959 9 1 0
48646 200959 10 1 0
!sus 36236 133296 0 10 31 attackers:133296;victims:36236;type:1;valid_origin:True;recurrent:True;local:False
36236 133296 1 0 31
36236 133296 2 0 31
36236 133296 3 0 31
36236 133296 4 0 31
36236 133296 5 0 31
36236 133296 6 0 31
36236 133296 7 0 31
36236 133296 8 0 31
36236 133296 9 0 31
36236 133296 10 0 31
!sus 61302 147028 0 10 146 attackers:61302;victims:147028;type:1;valid_origin:True;recurrent:True;local:False
61302 147028 1 0 146
61302 147028 2 0 146
61302 147028 3 0 146
61302 147028 4 0 146
61302 147028 5 0 146
61302 147028 6 1 145
61302 147028 7 2 144
61302 147028 8 2 144
61302 147028 9 4 142
61302 147028 10 1 145
!sus 1299 57829 0 10 20 attackers:1299;victims:57829;type:1;valid_origin:True;recurrent:True;local:False
1299 57829 1 0 20
1299 57829 2 0 20
1299 57829 3 0 20
1299 57829 4 0 20
1299 57829 5 0 20
1299 57829 6 0 20
1299 57829 7 0 20
1299 57829 8 1 19
1299 57829 9 0 20
1299 57829 10 0 20
!leg 53132 61595 10 0 1 attackers:61595;victims:52945;type:2;valid_origin:True;recurrent:False;local:False
53132 61595 1 1 0
53132 61595 2 1 0
53132 61595 3 1 0
53132 61595 4 1 0
53132 61595 5 1 0
53132 61595 6 1 0
53132 61595 7 1 0
53132 61595 8 1 0
53132 61595 9 1 0
53132 61595 10 1 0
!leg 29049 49954 10 0 1 attackers:29049;victims:49954;type:1;valid_origin:True;recurrent:False;local:True
29049 49954 1 1 0
29049 49954 2 1 0
29049 49954 3 1 0
29049 49954 4 1 0
29049 49954 5 1 0
29049 49954 6 1 0
29049 49954 7 1 0
29049 49954 8 1 0
29049 49954 9 1 0
29049 49954 10 1 0
!leg 43521 61573 10 0 1 attackers:61573;victims:43521;type:1;valid_origin:True;recurrent:False;local:True
43521 61573 1 1 0
43521 61573 2 1 0
43521 61573 3 1 0
43521 61573 4 1 0
43521 61573 5 1 0
43521 61573 6 1 0
43521 61573 7 1 0
43521 61573 8 1 0
43521 61573 9 1 0
43521 61573 10 1 0
!sus 50058 150249 0 10 26 attackers:50058;victims:150249;type:1;valid_origin:True;recurrent:True;local:False
50058 150249 1 0 26
50058 150249 2 0 26
50058 150249 3 0 26
50058 150249 4 0 26
50058 150249 5 0 26
50058 150249 6 0 26
50058 150249 7 0 26
50058 150249 8 0 26
50058 150249 9 0 26
50058 150249 10 2 24
!leg 36369 208690 10 0 1 attackers:36369;victims:208690;type:1;valid_origin:True;recurrent:False;local:False
36369 208690 1 1 0
36369 208690 2 1 0
36369 208690 3 1 0
36369 208690 4 1 0
36369 208690 5 1 0
36369 208690 6 1 0
36369 208690 7 1 0
36369 208690 8 1 0
36369 208690 9 1 0
36369 208690 10 1 0
!sus 9198 21859 3 7 1 attackers:9198;victims:21859;type:1;valid_origin:True;recurrent:True;local:False
9198 21859 1 0 1
9198 21859 2 0 1
9198 21859 3 0 1
9198 21859 4 0 1
9198 21859 5 0 1
9198 21859 6 0 1
9198 21859 7 0 1
9198 21859 8 1 0
9198 21859 9 1 0
9198 21859 10 1 0
!sus 18577 64100 0 10 7 attackers:18577;victims:64100;type:1;valid_origin:True;recurrent:True;local:False
18577 64100 1 0 7
18577 64100 2 0 7
18577 64100 3 0 7
18577 64100 4 0 7
18577 64100 5 0 7
18577 64100 6 0 7
18577 64100 7 0 7
18577 64100 8 0 7
18577 64100 9 0 7
18577 64100 10 0 7
!sus 138986 149522 1 9 14 attackers:149522;victims:138986;type:1;valid_origin:True;recurrent:True;local:False
138986 149522 1 11 3
138986 149522 2 0 14
138986 149522 3 0 14
138986 149522 4 0 14
138986 149522 5 0 14
138986 149522 6 0 14
138986 149522 7 0 14
138986 149522 8 0 14
138986 149522 9 0 14
138986 149522 10 0 14
!sus 23520 272831 1 9 17 attackers:23520;victims:272831;type:1;valid_origin:True;recurrent:True;local:False
23520 272831 1 2 15
23520 272831 2 4 13
23520 272831 3 5 12
23520 272831 4 10 7
23520 272831 5 0 17
23520 272831 6 0 17
23520 272831 7 5 12
23520 272831 8 0 17
23520 272831 9 6 11
23520 272831 10 4 13
!leg 6461 54511 10 0 377 attackers:6461;victims:54511;type:1;valid_origin:True;recurrent:False;local:False
6461 54511 1 377 0
6461 54511 2 377 0
6461 54511 3 377 0
6461 54511 4 377 0
6461 54511 5 377 0
6461 54511 6 377 0
6461 54511 7 377 0
6461 54511 8 377 0
6461 54511 9 377 0
6461 54511 10 377 0
!leg 47522 61573 10 0 1 attackers:61573;victims:47522;type:1;valid_origin:True;recurrent:False;local:True
47522 61573 1 1 0
47522 61573 2 1 0
47522 61573 3 1 0
47522 61573 4 1 0
47522 61573 5 1 0
47522 61573 6 1 0
47522 61573 7 1 0
47522 61573 8 1 0
47522 61573 9 1 0
47522 61573 10 1 0
!leg 201106 208690 10 0 1 attackers:201106;victims:208690;type:1;valid_origin:True;recurrent:False;local:False
201106 208690 1 1 0
201106 208690 2 1 0
201106 208690 3 1 0
201106 208690 4 1 0
201106 208690 5 1 0
201106 208690 6 1 0
201106 208690 7 1 0
201106 208690 8 1 0
201106 208690 9 1 0
201106 208690 10 1 0
!leg 174 264814 10 0 345 attackers:174;victims:264814;type:1;valid_origin:True;recurrent:False;local:False
174 264814 1 342 3
174 264814 2 344 1
174 264814 3 345 0
174 264814 4 345 0
174 264814 5 345 0
174 264814 6 345 0
174 264814 7 345 0
174 264814 8 345 0
174 264814 9 345 0
174 264814 10 345 0
!leg 29049 47522 10 0 1 attackers:29049;victims:47522;type:1;valid_origin:True;recurrent:False;local:True
29049 47522 1 1 0
29049 47522 2 1 0
29049 47522 3 1 0
29049 47522 4 1 0
29049 47522 5 1 0
29049 47522 6 1 0
29049 47522 7 1 0
29049 47522 8 1 0
29049 47522 9 1 0
29049 47522 10 1 0
!sus 254389 263326 0 10 3 attackers:254389;victims:263326;type:1;valid_origin:True;recurrent:True;local:False
254389 263326 1 0 3
254389 263326 2 0 3
254389 263326 3 0 3
254389 263326 4 0 3
254389 263326 5 0 3
254389 263326 6 0 3
254389 263326 7 0 3
254389 263326 8 0 3
254389 263326 9 0 3
254389 263326 10 0 3
!sus 4651 35661 9 1 1 attackers:35661;victims:141015;type:7;valid_origin:True;recurrent:True;local:False
4651 35661 1 0 1
4651 35661 2 1 0
4651 35661 3 1 0
4651 35661 4 1 0
4651 35661 5 1 0
4651 35661 6 1 0
4651 35661 7 1 0
4651 35661 8 1 0
4651 35661 9 1 0
4651 35661 10 1 0
!leg 29049 201825 10 0 2 attackers:29049;victims:207473,201825;type:1,2;valid_origin:True;recurrent:False;local:True
29049 201825 1 2 0
29049 201825 2 2 0
29049 201825 3 2 0
29049 201825 4 2 0
29049 201825 5 2 0
29049 201825 6 2 0
29049 201825 7 2 0
29049 201825 8 2 0
29049 201825 9 2 0
29049 201825 10 2 0
!sus 61912 269308 9 1 10 attackers:269308;victims:61912;type:1;valid_origin:True;recurrent:True;local:False
61912 269308 1 10 0
61912 269308 2 10 0
61912 269308 3 10 0
61912 269308 4 10 0
61912 269308 5 10 0
61912 269308 6 10 0
61912 269308 7 7 3
61912 269308 8 0 10
61912 269308 9 10 0
61912 269308 10 10 0
!leg 29049 49120 10 0 2 attackers:29049;victims:49120,51070;type:1,2;valid_origin:True;recurrent:False;local:True
29049 49120 1 2 0
29049 49120 2 2 0
29049 49120 3 2 0
29049 49120 4 2 0
29049 49120 5 2 0
29049 49120 6 2 0
29049 49120 7 2 0
29049 49120 8 2 0
29049 49120 9 2 0
29049 49120 10 2 0
!sus 44570 201733 9 1 20 attackers:44570;victims:201733;type:1;valid_origin:True;recurrent:True;local:False
44570 201733 1 8 12
44570 201733 2 18 2
44570 201733 3 20 0
44570 201733 4 20 0
44570 201733 5 20 0
44570 201733 6 20 0
44570 201733 7 20 0
44570 201733 8 20 0
44570 201733 9 20 0
44570 201733 10 20 0
!sus 24121 54825 0 10 17 attackers:24121;victims:54825;type:1;valid_origin:True;recurrent:True;local:False
24121 54825 1 0 17
24121 54825 2 0 17
24121 54825 3 1 16
24121 54825 4 1 16
24121 54825 5 3 14
24121 54825 6 5 12
24121 54825 7 4 13
24121 54825 8 5 12
24121 54825 9 5 12
24121 54825 10 6 11
!leg 25933 267536 10 0 1 attackers:25933;victims:267536;type:1;valid_origin:True;recurrent:False;local:False
25933 267536 1 1 0
25933 267536 2 1 0
25933 267536 3 1 0
25933 267536 4 1 0
25933 267536 5 1 0
25933 267536 6 1 0
25933 267536 7 1 0
25933 267536 8 1 0
25933 267536 9 1 0
25933 267536 10 1 0
!leg 52694 265928 10 0 1 attackers:52694;victims:265928;type:1;valid_origin:True;recurrent:False;local:True
52694 265928 1 1 0
52694 265928 2 1 0
52694 265928 3 1 0
52694 265928 4 1 0
52694 265928 5 1 0
52694 265928 6 1 0
52694 265928 7 1 0
52694 265928 8 1 0
52694 265928 9 1 0
52694 265928 10 1 0
!sus 38984 51185 9 1 1 attackers:51185;victims:38984;type:1;valid_origin:True;recurrent:False;local:True
38984 51185 1 0 1
38984 51185 2 1 0
38984 51185 3 1 0
38984 51185 4 1 0
38984 51185 5 1 0
38984 51185 6 1 0
38984 51185 7 1 0
38984 51185 8 1 0
38984 51185 9 1 0
38984 51185 10 1 0
!sus 50058 213367 6 4 13 attackers:50058;victims:213367;type:1;valid_origin:True;recurrent:True;local:False
50058 213367 1 0 13
50058 213367 2 0 13
50058 213367 3 0 13
50058 213367 4 0 13
50058 213367 5 12 1
50058 213367 6 13 0
50058 213367 7 13 0
50058 213367 8 13 0
50058 213367 9 13 0
50058 213367 10 13 0
!leg 10029 45117 10 0 15 attackers:45117;victims:45851;type:2;valid_origin:True;recurrent:False;local:False
10029 45117 1 15 0
10029 45117 2 15 0
10029 45117 3 15 0
10029 45117 4 15 0
10029 45117 5 15 0
10029 45117 6 15 0
10029 45117 7 15 0
10029 45117 8 15 0
10029 45117 9 15 0
10029 45117 10 15 0
!leg 210 29933 10 0 55 attackers:29933;victims:6510;type:2;valid_origin:True;recurrent:False;local:False
210 29933 1 55 0
210 29933 2 55 0
210 29933 3 55 0
210 29933 4 55 0
210 29933 5 55 0
210 29933 6 55 0
210 29933 7 55 0
210 29933 8 55 0
210 29933 9 55 0
210 29933 10 55 0
!sus 3 271988 2 8 3 attackers:3;victims:271988;type:1;valid_origin:True;recurrent:True;local:False
3 271988 1 0 3
3 271988 2 0 3
3 271988 3 1 2
3 271988 4 0 3
3 271988 5 1 2
3 271988 6 0 3
3 271988 7 1 2
3 271988 8 2 1
3 271988 9 0 3
3 271988 10 3 0
!leg 55554 58453 10 0 1 attackers:55554;victims:134976;type:5;valid_origin:True;recurrent:False;local:False
55554 58453 1 1 0
55554 58453 2 1 0
55554 58453 3 1 0
55554 58453 4 1 0
55554 58453 5 1 0
55554 58453 6 1 0
55554 58453 7 1 0
55554 58453 8 1 0
55554 58453 9 1 0
55554 58453 10 1 0
!sus 36369 199524 0 10 1 attackers:36369;victims:199524;type:1;valid_origin:True;recurrent:True;local:False
36369 199524 1 0 1
36369 199524 2 0 1
36369 199524 3 0 1
36369 199524 4 0 1
36369 199524 5 0 1
36369 199524 6 0 1
36369 199524 7 0 1
36369 199524 8 0 1
36369 199524 9 0 1
36369 199524 10 0 1
!leg 29049 39476 10 0 1 attackers:29049;victims:39476;type:1;valid_origin:True;recurrent:False;local:True
29049 39476 1 1 0
29049 39476 2 1 0
29049 39476 3 1 0
29049 39476 4 1 0
29049 39476 5 1 0
29049 39476 6 1 0
29049 39476 7 1 0
29049 39476 8 1 0
29049 39476 9 1 0
29049 39476 10 1 0
!leg 60326 202218 10 0 1 attackers:60326;victims:202218;type:1;valid_origin:True;recurrent:False;local:True
60326 202218 1 1 0
60326 202218 2 1 0
60326 202218 3 1 0
60326 202218 4 1 0
60326 202218 5 1 0
60326 202218 6 1 0
60326 202218 7 1 0
60326 202218 8 1 0
60326 202218 9 1 0
60326 202218 10 1 0
!leg 10029 45851 10 0 151 attackers:10029;victims:45851;type:1;valid_origin:True;recurrent:False;local:False
10029 45851 1 151 0
10029 45851 2 151 0
10029 45851 3 151 0
10029 45851 4 151 0
10029 45851 5 151 0
10029 45851 6 151 0
10029 45851 7 151 0
10029 45851 8 151 0
10029 45851 9 151 0
10029 45851 10 151 0
!leg 29049 48061 10 0 1 attackers:29049;victims:48061;type:1;valid_origin:True;recurrent:False;local:True
29049 48061 1 1 0
29049 48061 2 1 0
29049 48061 3 1 0
29049 48061 4 1 0
29049 48061 5 1 0
29049 48061 6 1 0
29049 48061 7 1 0
29049 48061 8 1 0
29049 48061 9 1 0
29049 48061 10 1 0
!sus 209 400650 0 10 8 attackers:209;victims:400650;type:1;valid_origin:True;recurrent:True;local:False
209 400650 1 4 4
209 400650 2 4 4
209 400650 3 0 8
209 400650 4 4 4
209 400650 5 0 8
209 400650 6 4 4
209 400650 7 0 8
209 400650 8 4 4
209 400650 9 4 4
209 400650 10 4 4
!leg 29049 43567 10 0 1 attackers:29049;victims:43567;type:1;valid_origin:True;recurrent:False;local:True
29049 43567 1 1 0
29049 43567 2 1 0
29049 43567 3 1 0
29049 43567 4 1 0
29049 43567 5 1 0
29049 43567 6 1 0
29049 43567 7 1 0
29049 43567 8 1 0
29049 43567 9 1 0
29049 43567 10 1 0
!sus 706 16807 0 10 6 attackers:16807;victims:706;type:1;valid_origin:True;recurrent:True;local:False
706 16807 1 0 6
706 16807 2 0 6
706 16807 3 0 6
706 16807 4 0 6
706 16807 5 0 6
706 16807 6 0 6
706 16807 7 0 6
706 16807 8 0 6
706 16807 9 0 6
706 16807 10 0 6
!leg 16397 266006 10 0 1 attackers:16397;victims:266006;type:1;valid_origin:True;recurrent:False;local:False
16397 266006 1 1 0
16397 266006 2 1 0
16397 266006 3 1 0
16397 266006 4 1 0
16397 266006 5 1 0
16397 266006 6 1 0
16397 266006 7 1 0
16397 266006 8 1 0
16397 266006 9 1 0
16397 266006 10 1 0
!leg 49722 61573 10 0 1 attackers:61573;victims:49722;type:1;valid_origin:True;recurrent:False;local:True
49722 61573 1 1 0
49722 61573 2 1 0
49722 61573 3 1 0
49722 61573 4 1 0
49722 61573 5 1 0
49722 61573 6 1 0
49722 61573 7 1 0
49722 61573 8 1 0
49722 61573 9 1 0
49722 61573 10 1 0
!leg 44103 200959 10 0 1 attackers:44103;victims:200959;type:1;valid_origin:True;recurrent:False;local:False
44103 200959 1 1 0
44103 200959 2 1 0
44103 200959 3 1 0
44103 200959 4 1 0
44103 200959 5 1 0
44103 200959 6 1 0
44103 200959 7 1 0
44103 200959 8 1 0
44103 200959 9 1 0
44103 200959 10 1 0
!leg 20473 328512 10 0 1 attackers:328512;victims:47065;type:2;valid_origin:True;recurrent:True;local:True
20473 328512 1 1 0
20473 328512 2 1 0
20473 328512 3 1 0
20473 328512 4 1 0
20473 328512 5 1 0
20473 328512 6 1 0
20473 328512 7 1 0
20473 328512 8 1 0
20473 328512 9 1 0
20473 328512 10 1 0
!leg 8758 61363 10 0 1 attackers:8758;victims:61363;type:1;valid_origin:True;recurrent:False;local:False
8758 61363 1 1 0
8758 61363 2 1 0
8758 61363 3 1 0
8758 61363 4 1 0
8758 61363 5 1 0
8758 61363 6 1 0
8758 61363 7 1 0
8758 61363 8 1 0
8758 61363 9 1 0
8758 61363 10 1 0
!sus 61599 267294 9 1 17 attackers:267294;victims:53115;type:2;valid_origin:True;recurrent:False;local:False
61599 267294 1 5 12
61599 267294 2 17 0
61599 267294 3 12 5
61599 267294 4 17 0
61599 267294 5 17 0
61599 267294 6 16 1
61599 267294 7 17 0
61599 267294 8 17 0
61599 267294 9 17 0
61599 267294 10 17 0
!leg 18771 396422 10 0 38 attackers:396422;victims:18771;type:1;valid_origin:True;recurrent:False;local:False
18771 396422 1 38 0
18771 396422 2 38 0
18771 396422 3 38 0
18771 396422 4 38 0
18771 396422 5 38 0
18771 396422 6 38 0
18771 396422 7 38 0
18771 396422 8 38 0
18771 396422 9 38 0
18771 396422 10 38 0
!leg 16 12952 10 0 6 attackers:12952;victims:16;type:1;valid_origin:False;recurrent:True;local:False
16 12952 1 6 0
16 12952 2 6 0
16 12952 3 6 0
16 12952 4 6 0
16 12952 5 6 0
16 12952 6 6 0
16 12952 7 6 0
16 12952 8 6 0
16 12952 9 6 0
16 12952 10 6 0
!leg 29049 34527 10 0 1 attackers:29049;victims:34527;type:1;valid_origin:True;recurrent:False;local:True
29049 34527 1 1 0
29049 34527 2 1 0
29049 34527 3 1 0
29049 34527 4 1 0
29049 34527 5 1 0
29049 34527 6 1 0
29049 34527 7 1 0
29049 34527 8 1 0
29049 34527 9 1 0
29049 34527 10 1 0
!leg 53184 262377 10 0 1 attackers:53184;victims:262377;type:1;valid_origin:True;recurrent:False;local:False
53184 262377 1 1 0
53184 262377 2 1 0
53184 262377 3 1 0
53184 262377 4 1 0
53184 262377 5 1 0
53184 262377 6 1 0
53184 262377 7 1 0
53184 262377 8 1 0
53184 262377 9 1 0
53184 262377 10 1 0
!leg 38984 264479 10 0 1 attackers:264479;victims:38984;type:1;valid_origin:True;recurrent:False;local:True
38984 264479 1 1 0
38984 264479 2 1 0
38984 264479 3 1 0
38984 264479 4 1 0
38984 264479 5 1 0
38984 264479 6 1 0
38984 264479 7 1 0
38984 264479 8 1 0
38984 264479 9 1 0
38984 264479 10 1 0
!sus 13335 28201 0 10 22 attackers:28201;victims:13335;type:1;valid_origin:True;recurrent:True;local:False
13335 28201 1 0 22
13335 28201 2 0 22
13335 28201 3 0 22
13335 28201 4 0 22
13335 28201 5 0 22
13335 28201 6 0 22
13335 28201 7 0 22
13335 28201 8 0 22
13335 28201 9 0 22
13335 28201 10 0 22
!leg 3223 53180 10 0 1 attackers:3223;victims:262973;type:2;valid_origin:True;recurrent:False;local:False
3223 53180 1 1 0
3223 53180 2 1 0
3223 53180 3 1 0
3223 53180 4 1 0
3223 53180 5 1 0
3223 53180 6 1 0
3223 53180 7 1 0
3223 53180 8 1 0
3223 53180 9 1 0
3223 53180 10 1 0
!sus 35619 203888 6 4 89 attackers:35619;victims:203888;type:1;valid_origin:True;recurrent:True;local:False
35619 203888 1 1 88
35619 203888 2 11 78
35619 203888 3 3 86
35619 203888 4 11 78
35619 203888 5 77 12
35619 203888 6 80 9
35619 203888 7 73 16
35619 203888 8 83 6
35619 203888 9 89 0
35619 203888 10 78 11
!sus 9886 49304 4 6 21 attackers:49304;victims:9886;type:1;valid_origin:True;recurrent:True;local:False
9886 49304 1 2 19
9886 49304 2 3 18
9886 49304 3 8 13
9886 49304 4 8 13
9886 49304 5 9 12
9886 49304 6 9 12
9886 49304 7 13 8
9886 49304 8 12 9
9886 49304 9 16 5
9886 49304 10 18 3
!sus 20940 55685 5 5 1 attackers:55685;victims:20940;type:1;valid_origin:True;recurrent:True;local:False
20940 55685 1 0 1
20940 55685 2 0 1
20940 55685 3 0 1
20940 55685 4 0 1
20940 55685 5 0 1
20940 55685 6 1 0
20940 55685 7 1 0
20940 55685 8 1 0
20940 55685 9 1 0
20940 55685 10 1 0
!leg 29049 38984 10 0 1 attackers:29049;victims:38984;type:1;valid_origin:True;recurrent:False;local:True
29049 38984 1 1 0
29049 38984 2 1 0
29049 38984 3 1 0
29049 38984 4 1 0
29049 38984 5 1 0
29049 38984 6 1 0
29049 38984 7 1 0
29049 38984 8 1 0
29049 38984 9 1 0
29049 38984 10 1 0
!sus 39421 204186 0 10 17 attackers:39421;victims:204186;type:1;valid_origin:True;recurrent:True;local:False
39421 204186 1 0 17
39421 204186 2 0 17
39421 204186 3 0 17
39421 204186 4 0 17
39421 204186 5 0 17
39421 204186 6 0 17
39421 204186 7 0 17
39421 204186 8 0 17
39421 204186 9 0 17
39421 204186 10 0 17
!sus 8866 51859 9 1 15 attackers:8866;victims:51859;type:1;valid_origin:True;recurrent:True;local:False
8866 51859 1 0 15
8866 51859 2 10 5
8866 51859 3 9 6
8866 51859 4 15 0
8866 51859 5 15 0
8866 51859 6 15 0
8866 51859 7 15 0
8866 51859 8 15 0
8866 51859 9 15 0
8866 51859 10 15 0
!leg 265187 269060 10 0 1 attackers:265187;victims:268397;type:2;valid_origin:True;recurrent:False;local:True
265187 269060 1 1 0
265187 269060 2 1 0
265187 269060 3 1 0
265187 269060 4 1 0
265187 269060 5 1 0
265187 269060 6 1 0
265187 269060 7 1 0
265187 269060 8 1 0
265187 269060 9 1 0
265187 269060 10 1 0
!sus 1836 43100 7 3 1 attackers:1836;victims:212983;type:3;valid_origin:True;recurrent:True;local:False
1836 43100 1 0 1
1836 43100 2 0 1
1836 43100 3 0 1
1836 43100 4 1 0
1836 43100 5 1 0
1836 43100 6 1 0
1836 43100 7 1 0
1836 43100 8 1 0
1836 43100 9 1 0
1836 43100 10 1 0
!sus 3 272054 5 5 71 attackers:3;victims:272054;type:1;valid_origin:True;recurrent:True;local:False
3 272054 1 0 71
3 272054 2 0 71
3 272054 3 15 56
3 272054 4 0 71
3 272054 5 9 62
3 272054 6 64 7
3 272054 7 55 16
3 272054 8 69 2
3 272054 9 71 0
3 272054 10 67 4
!sus 4713 54415 7 3 20 attackers:4713;victims:54415;type:1;valid_origin:True;recurrent:True;local:False
4713 54415 1 0 20
4713 54415 2 2 18
4713 54415 3 9 11
4713 54415 4 18 2
4713 54415 5 19 1
4713 54415 6 19 1
4713 54415 7 19 1
4713 54415 8 19 1
4713 54415 9 19 1
4713 54415 10 19 1
!leg 56662 200959 10 0 1 attackers:56662;victims:200959;type:1;valid_origin:True;recurrent:False;local:True
56662 200959 1 1 0
56662 200959 2 1 0
56662 200959 3 1 0
56662 200959 4 1 0
56662 200959 5 1 0
56662 200959 6 1 0
56662 200959 7 1 0
56662 200959 8 1 0
56662 200959 9 1 0
56662 200959 10 1 0
!leg 13101 396998 10 0 2 attackers:13101;victims:131745,35913;type:2;valid_origin:True;recurrent:False;local:False
13101 396998 1 2 0
13101 396998 2 2 0
13101 396998 3 2 0
13101 396998 4 2 0
13101 396998 5 2 0
13101 396998 6 2 0
13101 396998 7 2 0
13101 396998 8 2 0
13101 396998 9 2 0
13101 396998 10 2 0
!sus 35661 212271 8 2 8 attackers:35661;victims:212271;type:1;valid_origin:True;recurrent:True;local:False
35661 212271 1 3 5
35661 212271 2 4 4
35661 212271 3 6 2
35661 212271 4 6 2
35661 212271 5 6 2
35661 212271 6 6 2
35661 212271 7 6 2
35661 212271 8 6 2
35661 212271 9 6 2
35661 212271 10 6 2
!sus 9232 62853 0 10 11 attackers:62853;victims:9232;type:1;valid_origin:True;recurrent:True;local:False
9232 62853 1 0 11
9232 62853 2 0 11
9232 62853 3 0 11
9232 62853 4 0 11
9232 62853 5 0 11
9232 62853 6 1 10
9232 62853 7 0 11
9232 62853 8 0 11
9232 62853 9 1 10
9232 62853 10 0 11
!sus 1273 42385 0 10 17 attackers:1273;victims:42385;type:1;valid_origin:True;recurrent:True;local:False
1273 42385 1 0 17
1273 42385 2 0 17
1273 42385 3 0 17
1273 42385 4 0 17
1273 42385 5 1 16
1273 42385 6 3 14
1273 42385 7 3 14
1273 42385 8 6 11
1273 42385 9 5 12
1273 42385 10 6 11
!leg 42291 61573 10 0 5 attackers:61573;victims:44093,51507,51138,57421,62426;type:2;valid_origin:True;recurrent:False;local:True
42291 61573 1 5 0
42291 61573 2 5 0
42291 61573 3 5 0
42291 61573 4 5 0
42291 61573 5 5 0
42291 61573 6 5 0
42291 61573 7 5 0
42291 61573 8 5 0
42291 61573 9 5 0
42291 61573 10 5 0
!sus 43852 44356 4 6 385 attackers:44356;victims:21050;type:2;valid_origin:True;recurrent:True;local:False
43852 44356 1 3 382
43852 44356 2 6 379
43852 44356 3 40 345
43852 44356 4 59 326
43852 44356 5 109 276
43852 44356 6 240 145
43852 44356 7 263 122
43852 44356 8 119 266
43852 44356 9 296 89
43852 44356 10 376 9
!sus 1064 149522 1 9 6 attackers:149522;victims:1064;type:1;valid_origin:True;recurrent:True;local:False
1064 149522 1 5 1
1064 149522 2 0 6
1064 149522 3 0 6
1064 149522 4 0 6
1064 149522 5 0 6
1064 149522 6 0 6
1064 149522 7 0 6
1064 149522 8 0 6
1064 149522 9 0 6
1064 149522 10 0 6
!leg 29049 51437 10 0 1 attackers:29049;victims:51437;type:1;valid_origin:True;recurrent:False;local:True
29049 51437 1 1 0
29049 51437 2 1 0
29049 51437 3 1 0
29049 51437 4 1 0
29049 51437 5 1 0
29049 51437 6 1 0
29049 51437 7 1 0
29049 51437 8 1 0
29049 51437 9 1 0
29049 51437 10 1 0
!sus 149522 204091 0 10 18 attackers:149522;victims:204091;type:1;valid_origin:True;recurrent:True;local:False
149522 204091 1 0 18
149522 204091 2 0 18
149522 204091 3 0 18
149522 204091 4 0 18
149522 204091 5 0 18
149522 204091 6 0 18
149522 204091 7 0 18
149522 204091 8 0 18
149522 204091 9 0 18
149522 204091 10 0 18
!sus 46962 59796 3 7 135 attackers:59796;victims:46962;type:1;valid_origin:True;recurrent:True;local:False
46962 59796 1 0 135
46962 59796 2 0 135
46962 59796 3 0 135
46962 59796 4 0 135
46962 59796 5 44 91
46962 59796 6 45 90
46962 59796 7 12 123
46962 59796 8 109 26
46962 59796 9 100 35
46962 59796 10 92 43
!leg 11264 55002 10 0 135 attackers:55002;victims:11264;type:1;valid_origin:True;recurrent:False;local:False
11264 55002 1 135 0
11264 55002 2 135 0
11264 55002 3 135 0
11264 55002 4 135 0
11264 55002 5 135 0
11264 55002 6 135 0
11264 55002 7 135 0
11264 55002 8 135 0
11264 55002 9 135 0
11264 55002 10 135 0
!sus 4755 32787 0 10 18 attackers:4755;victims:32787;type:1;valid_origin:True;recurrent:True;local:False
4755 32787 1 0 18
4755 32787 2 0 18
4755 32787 3 0 18
4755 32787 4 0 18
4755 32787 5 0 18
4755 32787 6 0 18
4755 32787 7 1 17
4755 32787 8 0 18
4755 32787 9 1 17
4755 32787 10 0 18
!sus 55933 62853 0 10 11 attackers:55933;victims:9232;type:2;valid_origin:True;recurrent:True;local:False
55933 62853 1 0 11
55933 62853 2 3 8
55933 62853 3 3 8
55933 62853 4 1 10
55933 62853 5 3 8
55933 62853 6 2 9
55933 62853 7 3 8
55933 62853 8 3 8
55933 62853 9 3 8
55933 62853 10 3 8
!sus 29966 396828 3 7 7 attackers:396828;victims:29966;type:1;valid_origin:True;recurrent:True;local:False
29966 396828 1 2 5
29966 396828 2 3 4
29966 396828 3 5 2
29966 396828 4 3 4
29966 396828 5 3 4
29966 396828 6 3 4
29966 396828 7 4 3
29966 396828 8 5 2
29966 396828 9 1 6
29966 396828 10 2 5
!sus 30132 51375 7 3 1 attackers:30132;victims:51375;type:1;valid_origin:True;recurrent:True;local:True
30132 51375 1 0 1
30132 51375 2 0 1
30132 51375 3 0 1
30132 51375 4 1 0
30132 51375 5 1 0
30132 51375 6 1 0
30132 51375 7 1 0
30132 51375 8 1 0
30132 51375 9 1 0
30132 51375 10 1 0
!leg 61573 212236 10 0 1 attackers:61573;victims:212236;type:1;valid_origin:True;recurrent:False;local:True
61573 212236 1 1 0
61573 212236 2 1 0
61573 212236 3 1 0
61573 212236 4 1 0
61573 212236 5 1 0
61573 212236 6 1 0
61573 212236 7 1 0
61573 212236 8 1 0
61573 212236 9 1 0
61573 212236 10 1 0
!leg 29049 49368 10 0 1 attackers:29049;victims:49368;type:1;valid_origin:True;recurrent:False;local:True
29049 49368 1 1 0
29049 49368 2 1 0
29049 49368 3 1 0
29049 49368 4 1 0
29049 49368 5 1 0
29049 49368 6 1 0
29049 49368 7 1 0
29049 49368 8 1 0
29049 49368 9 1 0
29049 49368 10 1 0
!sus 10099 25818 8 2 53 attackers:25818;victims:10099;type:1;valid_origin:True;recurrent:True;local:False
10099 25818 1 3 50
10099 25818 2 22 31
10099 25818 3 31 22
10099 25818 4 35 18
10099 25818 5 34 19
10099 25818 6 37 16
10099 25818 7 35 18
10099 25818 8 39 14
10099 25818 9 39 14
10099 25818 10 39 14
!sus 1 397095 5 5 6 attackers:397095;victims:1;type:1;valid_origin:False;recurrent:True;local:False
1 397095 1 0 6
1 397095 2 0 6
1 397095 3 0 6
1 397095 4 2 4
1 397095 5 2 4
1 397095 6 4 2
1 397095 7 4 2
1 397095 8 4 2
1 397095 9 4 2
1 397095 10 6 0
!sus 267023 273613 0 10 86 attackers:267023;victims:273613;type:1;valid_origin:True;recurrent:True;local:False
267023 273613 1 16 70
267023 273613 2 17 69
267023 273613 3 17 69
267023 273613 4 16 70
267023 273613 5 17 69
267023 273613 6 17 69
267023 273613 7 16 70
267023 273613 8 5 81
267023 273613 9 0 86
267023 273613 10 17 69
!leg 4766 17605 10 0 140 attackers:4766;victims:17605;type:1;valid_origin:True;recurrent:False;local:False
4766 17605 1 140 0
4766 17605 2 140 0
4766 17605 3 140 0
4766 17605 4 140 0
4766 17605 5 140 0
4766 17605 6 140 0
4766 17605 7 140 0
4766 17605 8 140 0
4766 17605 9 140 0
4766 17605 10 140 0
!leg 49120 61573 10 0 2 attackers:61573;victims:49120,51070;type:1,2;valid_origin:True;recurrent:False;local:True
49120 61573 1 2 0
49120 61573 2 2 0
49120 61573 3 2 0
49120 61573 4 2 0
49120 61573 5 2 0
49120 61573 6 2 0
49120 61573 7 2 0
49120 61573 8 2 0
49120 61573 9 2 0
49120 61573 10 2 0
!sus 3 273606 0 10 123 attackers:273606;victims:3;type:1;valid_origin:False;recurrent:True;local:False
3 273606 1 0 123
3 273606 2 0 123
3 273606 3 1 122
3 273606 4 0 123
3 273606 5 1 122
3 273606 6 1 122
3 273606 7 1 122
3 273606 8 1 122
3 273606 9 1 122
3 273606 10 1 122
!sus 3356 270203 0 10 4 attackers:3356;victims:270103;type:2;valid_origin:True;recurrent:True;local:False
3356 270203 1 0 4
3356 270203 2 0 4
3356 270203 3 0 4
3356 270203 4 0 4
3356 270203 5 0 4
3356 270203 6 0 4
3356 270203 7 0 4
3356 270203 8 0 4
3356 270203 9 0 4
3356 270203 10 0 4
!sus 3573 6799 0 10 14 attackers:6799;victims:3573;type:1;valid_origin:True;recurrent:True;local:False
3573 6799 1 0 14
3573 6799 2 0 14
3573 6799 3 1 13
3573 6799 4 1 13
3573 6799 5 2 12
3573 6799 6 3 11
3573 6799 7 3 11
3573 6799 8 3 11
3573 6799 9 6 8
3573 6799 10 6 8
!sus 16509 139464 7 3 1 attackers:139464;victims:16509;type:1;valid_origin:True;recurrent:True;local:False
16509 139464 1 0 1
16509 139464 2 0 1
16509 139464 3 0 1
16509 139464 4 1 0
16509 139464 5 1 0
16509 139464 6 1 0
16509 139464 7 1 0
16509 139464 8 1 0
16509 139464 9 1 0
16509 139464 10 1 0
!leg 56401 57463 10 0 1 attackers:57463;victims:56401;type:1;valid_origin:True;recurrent:False;local:True
56401 57463 1 1 0
56401 57463 2 1 0
56401 57463 3 1 0
56401 57463 4 1 0
56401 57463 5 1 0
56401 57463 6 1 0
56401 57463 7 1 0
56401 57463 8 1 0
56401 57463 9 1 0
56401 57463 10 1 0
!sus 3 265695 6 4 63 attackers:3;victims:265695;type:1;valid_origin:True;recurrent:True;local:False
3 265695 1 40 23
3 265695 2 6 57
3 265695 3 60 3
3 265695 4 25 38
3 265695 5 10 53
3 265695 6 10 53
3 265695 7 59 4
3 265695 8 50 13
3 265695 9 47 16
3 265695 10 63 0
!leg 22356 200278 10 0 1 attackers:22356;victims:200278;type:1;valid_origin:True;recurrent:False;local:False
22356 200278 1 1 0
22356 200278 2 1 0
22356 200278 3 1 0
22356 200278 4 1 0
22356 200278 5 1 0
22356 200278 6 1 0
22356 200278 7 1 0
22356 200278 8 1 0
22356 200278 9 1 0
22356 200278 10 1 0
!sus 58955 142565 3 7 23 attackers:58955;victims:142565;type:1;valid_origin:True;recurrent:True;local:False
58955 142565 1 4 19
58955 142565 2 5 18
58955 142565 3 9 14
58955 142565 4 0 23
58955 142565 5 0 23
58955 142565 6 0 23
58955 142565 7 17 6
58955 142565 8 17 6
58955 142565 9 0 23
58955 142565 10 12 11
!leg 8309 208690 10 0 1 attackers:8309;victims:208690;type:1;valid_origin:True;recurrent:False;local:False
8309 208690 1 1 0
8309 208690 2 1 0
8309 208690 3 1 0
8309 208690 4 1 0
8309 208690 5 1 0
8309 208690 6 1 0
8309 208690 7 1 0
8309 208690 8 1 0
8309 208690 9 1 0
8309 208690 10 1 0
!leg 34872 200959 10 0 1 attackers:34872;victims:200959;type:1;valid_origin:True;recurrent:False;local:False
34872 200959 1 1 0
34872 200959 2 1 0
34872 200959 3 1 0
34872 200959 4 1 0
34872 200959 5 1 0
34872 200959 6 1 0
34872 200959 7 1 0
34872 200959 8 1 0
34872 200959 9 1 0
34872 200959 10 1 0
!leg 34927 200959 10 0 1 attackers:34927;victims:200959;type:1;valid_origin:True;recurrent:False;local:False
34927 200959 1 1 0
34927 200959 2 1 0
34927 200959 3 1 0
34927 200959 4 1 0
34927 200959 5 1 0
34927 200959 6 1 0
34927 200959 7 1 0
34927 200959 8 1 0
34927 200959 9 1 0
34927 200959 10 1 0
!leg 3214 200959 10 0 1 attackers:3214;victims:200959;type:1;valid_origin:True;recurrent:False;local:True
3214 200959 1 1 0
3214 200959 2 1 0
3214 200959 3 1 0
3214 200959 4 1 0
3214 200959 5 1 0
3214 200959 6 1 0
3214 200959 7 1 0
3214 200959 8 1 0
3214 200959 9 1 0
3214 200959 10 1 0
!leg 21453 62410 10 0 1 attackers:62410;victims:49608;type:2;valid_origin:True;recurrent:False;local:False
21453 62410 1 1 0
21453 62410 2 1 0
21453 62410 3 1 0
21453 62410 4 1 0
21453 62410 5 1 0
21453 62410 6 1 0
21453 62410 7 1 0
21453 62410 8 1 0
21453 62410 9 1 0
21453 62410 10 1 0
!sus 137409 270735 3 7 8161 attackers:137409;victims:270305,28223,265053,265245,266096,268531,269255,262490,267339,53153,263284,268687,266394,270924,262550,263601,263320,268172,267330,268085,268824,263920,270344;type:2,3,4;valid_origin:True;recurrent:True;local:False
137409 270735 1 1973 6188
137409 270735 2 2733 5428
137409 270735 3 3349 4812
137409 270735 4 3803 4358
137409 270735 5 3221 4940
137409 270735 6 3444 4717
137409 270735 7 3570 4591
137409 270735 8 4262 3899
137409 270735 9 5688 2473
137409 270735 10 6643 1518
!sus 37100 329021 8 2 117 attackers:37100;victims:329021;type:1;valid_origin:True;recurrent:True;local:False
37100 329021 1 0 117
37100 329021 2 48 69
37100 329021 3 95 22
37100 329021 4 112 5
37100 329021 5 113 4
37100 329021 6 115 2
37100 329021 7 114 3
37100 329021 8 116 1
37100 329021 9 116 1
37100 329021 10 116 1
!leg 51437 61573 10 0 1 attackers:61573;victims:51437;type:1;valid_origin:True;recurrent:False;local:True
51437 61573 1 1 0
51437 61573 2 1 0
51437 61573 3 1 0
51437 61573 4 1 0
51437 61573 5 1 0
51437 61573 6 1 0
51437 61573 7 1 0
51437 61573 8 1 0
51437 61573 9 1 0
51437 61573 10 1 0
!leg 200959 208753 10 0 1 attackers:208753;victims:200959;type:1;valid_origin:True;recurrent:False;local:True
200959 208753 1 1 0
200959 208753 2 1 0
200959 208753 3 1 0
200959 208753 4 1 0
200959 208753 5 1 0
200959 208753 6 1 0
200959 208753 7 1 0
200959 208753 8 1 0
200959 208753 9 1 0
200959 208753 10 1 0
!leg 37035 37412 10 0 3 attackers:37412;victims:37035;type:1;valid_origin:True;recurrent:False;local:False
37035 37412 1 3 0
37035 37412 2 3 0
37035 37412 3 3 0
37035 37412 4 3 0
37035 37412 5 3 0
37035 37412 6 3 0
37035 37412 7 3 0
37035 37412 8 3 0
37035 37412 9 3 0
37035 37412 10 3 0
!sus 10 328032 6 4 15 attackers:328032;victims:10;type:1;valid_origin:False;recurrent:True;local:False
10 328032 1 1 14
10 328032 2 3 12
10 328032 3 7 8
10 328032 4 7 8
10 328032 5 10 5
10 328032 6 10 5
10 328032 7 10 5
10 328032 8 10 5
10 328032 9 10 5
10 328032 10 10 5
!leg 136105 147106 10 0 126 attackers:147106;victims:136105;type:1;valid_origin:True;recurrent:True;local:False
136105 147106 1 126 0
136105 147106 2 126 0
136105 147106 3 126 0
136105 147106 4 126 0
136105 147106 5 126 0
136105 147106 6 126 0
136105 147106 7 126 0
136105 147106 8 126 0
136105 147106 9 126 0
136105 147106 10 126 0
!sus 44570 210562 0 10 23 attackers:44570;victims:210562;type:1;valid_origin:True;recurrent:True;local:False
44570 210562 1 9 14
44570 210562 2 9 14
44570 210562 3 9 14
44570 210562 4 10 13
44570 210562 5 11 12
44570 210562 6 10 13
44570 210562 7 11 12
44570 210562 8 11 12
44570 210562 9 11 12
44570 210562 10 11 12
!sus 46997 54197 0 10 17 attackers:54197;victims:46997;type:1;valid_origin:True;recurrent:True;local:False
46997 54197 1 0 17
46997 54197 2 0 17
46997 54197 3 0 17
46997 54197 4 0 17
46997 54197 5 0 17
46997 54197 6 0 17
46997 54197 7 0 17
46997 54197 8 0 17
46997 54197 9 0 17
46997 54197 10 0 17
!sus 13335 24550 0 10 53 attackers:24550;victims:13335;type:1;valid_origin:True;recurrent:True;local:False
13335 24550 1 0 53
13335 24550 2 0 53
13335 24550 3 0 53
13335 24550 4 0 53
13335 24550 5 0 53
13335 24550 6 0 53
13335 24550 7 0 53
13335 24550 8 0 53
13335 24550 9 0 53
13335 24550 10 1 52
!leg 23033 208690 10 0 1 attackers:23033;victims:208690;type:1;valid_origin:True;recurrent:False;local:False
23033 208690 1 1 0
23033 208690 2 1 0
23033 208690 3 1 0
23033 208690 4 1 0
23033 208690 5 1 0
23033 208690 6 1 0
23033 208690 7 1 0
23033 208690 8 1 0
23033 208690 9 1 0
23033 208690 10 1 0
!sus 49304 201217 9 1 23 attackers:49304;victims:201217;type:1;valid_origin:True;recurrent:True;local:False
49304 201217 1 3 20
49304 201217 2 18 5
49304 201217 3 23 0
49304 201217 4 23 0
49304 201217 5 23 0
49304 201217 6 23 0
49304 201217 7 23 0
49304 201217 8 23 0
49304 201217 9 23 0
49304 201217 10 23 0
!leg 131471 136981 10 0 32 attackers:131471;victims:136981;type:1;valid_origin:True;recurrent:True;local:False
131471 136981 1 32 0
131471 136981 2 32 0
131471 136981 3 32 0
131471 136981 4 32 0
131471 136981 5 32 0
131471 136981 6 32 0
131471 136981 7 32 0
131471 136981 8 32 0
131471 136981 9 32 0
131471 136981 10 32 0
!leg 20473 31713 10 0 1 attackers:31713;victims:47065;type:2;valid_origin:True;recurrent:True;local:False
20473 31713 1 1 0
20473 31713 2 1 0
20473 31713 3 1 0
20473 31713 4 1 0
20473 31713 5 1 0
20473 31713 6 1 0
20473 31713 7 1 0
20473 31713 8 1 0
20473 31713 9 1 0
20473 31713 10 1 0
!leg 29049 57583 10 0 1 attackers:29049;victims:57583;type:1;valid_origin:True;recurrent:False;local:True
29049 57583 1 1 0
29049 57583 2 1 0
29049 57583 3 1 0
29049 57583 4 1 0
29049 57583 5 1 0
29049 57583 6 1 0
29049 57583 7 1 0
29049 57583 8 1 0
29049 57583 9 1 0
29049 57583 10 1 0
!leg 200959 213045 10 0 1 attackers:213045;victims:200959;type:1;valid_origin:True;recurrent:False;local:True
200959 213045 1 1 0
200959 213045 2 1 0
200959 213045 3 1 0
200959 213045 4 1 0
200959 213045 5 1 0
200959 213045 6 1 0
200959 213045 7 1 0
200959 213045 8 1 0
200959 213045 9 1 0
200959 213045 10 1 0
!leg 200959 212508 10 0 1 attackers:212508;victims:200959;type:1;valid_origin:True;recurrent:False;local:False
200959 212508 1 1 0
200959 212508 2 1 0
200959 212508 3 1 0
200959 212508 4 1 0
200959 212508 5 1 0
200959 212508 6 1 0
200959 212508 7 1 0
200959 212508 8 1 0
200959 212508 9 1 0
200959 212508 10 1 0
!leg 38984 61573 10 0 1 attackers:61573;victims:38984;type:1;valid_origin:True;recurrent:False;local:True
38984 61573 1 1 0
38984 61573 2 1 0
38984 61573 3 1 0
38984 61573 4 1 0
38984 61573 5 1 0
38984 61573 6 1 0
38984 61573 7 1 0
38984 61573 8 1 0
38984 61573 9 1 0
38984 61573 10 1 0
!sus 44477 49434 8 2 71 attackers:49434;victims:44477;type:1;valid_origin:True;recurrent:True;local:False
44477 49434 1 8 63
44477 49434 2 15 56
44477 49434 3 57 14
44477 49434 4 61 10
44477 49434 5 66 5
44477 49434 6 68 3
44477 49434 7 68 3
44477 49434 8 67 4
44477 49434 9 68 3
44477 49434 10 68 3
!sus 56630 202673 0 10 9 attackers:56630;victims:202673;type:1;valid_origin:True;recurrent:True;local:False
56630 202673 1 0 9
56630 202673 2 0 9
56630 202673 3 0 9
56630 202673 4 0 9
56630 202673 5 0 9
56630 202673 6 0 9
56630 202673 7 0 9
56630 202673 8 0 9
56630 202673 9 0 9
56630 202673 10 0 9
!leg 20473 328137 10 0 1 attackers:328137;victims:47065;type:2;valid_origin:True;recurrent:True;local:True
20473 328137 1 1 0
20473 328137 2 1 0
20473 328137 3 1 0
20473 328137 4 1 0
20473 328137 5 1 0
20473 328137 6 1 0
20473 328137 7 1 0
20473 328137 8 1 0
20473 328137 9 1 0
20473 328137 10 1 0
!sus 17439 60664 1 9 8 attackers:17439;victims:60664;type:1;valid_origin:True;recurrent:True;local:False
17439 60664 1 0 8
17439 60664 2 0 8
17439 60664 3 0 8
17439 60664 4 0 8
17439 60664 5 0 8
17439 60664 6 0 8
17439 60664 7 0 8
17439 60664 8 0 8
17439 60664 9 6 2
17439 60664 10 2 6
!sus 59796 63516 6 4 36 attackers:63516;victims:133337;type:2;valid_origin:True;recurrent:True;local:False
59796 63516 1 1 35
59796 63516 2 1 35
59796 63516 3 1 35
59796 63516 4 1 35
59796 63516 5 36 0
59796 63516 6 36 0
59796 63516 7 36 0
59796 63516 8 36 0
59796 63516 9 36 0
59796 63516 10 36 0
!leg 16397 267452 10 0 1 attackers:16397;victims:268603;type:2;valid_origin:True;recurrent:False;local:False
16397 267452 1 1 0
16397 267452 2 1 0
16397 267452 3 1 0
16397 267452 4 1 0
16397 267452 5 1 0
16397 267452 6 1 0
16397 267452 7 1 0
16397 267452 8 1 0
16397 267452 9 1 0
16397 267452 10 1 0
!leg 13101 25133 10 0 1 attackers:13101;victims:25133;type:1;valid_origin:True;recurrent:False;local:False
13101 25133 1 1 0
13101 25133 2 1 0
13101 25133 3 1 0
13101 25133 4 1 0
13101 25133 5 1 0
13101 25133 6 1 0
13101 25133 7 1 0
13101 25133 8 1 0
13101 25133 9 1 0
13101 25133 10 1 0
!sus 52455 269310 7 3 66 attackers:269310;victims:52455;type:1;valid_origin:True;recurrent:True;local:False
52455 269310 1 4 62
52455 269310 2 11 55
52455 269310 3 31 35
52455 269310 4 35 31
52455 269310 5 64 2
52455 269310 6 51 15
52455 269310 7 60 6
52455 269310 8 63 3
52455 269310 9 65 1
52455 269310 10 65 1
!sus 49304 212483 0 10 19 attackers:49304;victims:212483;type:1;valid_origin:True;recurrent:True;local:False
49304 212483 1 0 19
49304 212483 2 1 18
49304 212483 3 1 18
49304 212483 4 2 17
49304 212483 5 2 17
49304 212483 6 2 17
49304 212483 7 2 17
49304 212483 8 2 17
49304 212483 9 2 17
49304 212483 10 2 17
!leg 29049 43521 10 0 1 attackers:29049;victims:43521;type:1;valid_origin:True;recurrent:False;local:True
29049 43521 1 1 0
29049 43521 2 1 0
29049 43521 3 1 0
29049 43521 4 1 0
29049 43521 5 1 0
29049 43521 6 1 0
29049 43521 7 1 0
29049 43521 8 1 0
29049 43521 9 1 0
29049 43521 10 1 0
!leg 38984 57463 10 0 1 attackers:57463;victims:38984;type:1;valid_origin:True;recurrent:False;local:True
38984 57463 1 1 0
38984 57463 2 1 0
38984 57463 3 1 0
38984 57463 4 1 0
38984 57463 5 1 0
38984 57463 6 1 0
38984 57463 7 1 0
38984 57463 8 1 0
38984 57463 9 1 0
38984 57463 10 1 0
!leg 56401 61568 10 0 2 attackers:61568;victims:56401;type:1;valid_origin:True;recurrent:False;local:False
56401 61568 1 2 0
56401 61568 2 2 0
56401 61568 3 2 0
56401 61568 4 2 0
56401 61568 5 2 0
56401 61568 6 2 0
56401 61568 7 2 0
56401 61568 8 2 0
56401 61568 9 2 0
56401 61568 10 2 0
!sus 49304 211946 0 10 17 attackers:49304;victims:211946;type:1;valid_origin:True;recurrent:True;local:False
49304 211946 1 0 17
49304 211946 2 2 15
49304 211946 3 2 15
49304 211946 4 2 15
49304 211946 5 3 14
49304 211946 6 2 15
49304 211946 7 2 15
49304 211946 8 3 14
49304 211946 9 3 14
49304 211946 10 3 14
!sus 211760 213250 2 8 11 attackers:213250;victims:211760;type:1;valid_origin:True;recurrent:True;local:False
211760 213250 1 0 11
211760 213250 2 0 11
211760 213250 3 0 11
211760 213250 4 0 11
211760 213250 5 6 5
211760 213250 6 0 11
211760 213250 7 1 10
211760 213250 8 0 11
211760 213250 9 3 8
211760 213250 10 9 2
!sus 13335 55915 0 10 50 attackers:55915;victims:13335;type:1;valid_origin:True;recurrent:True;local:False
13335 55915 1 0 50
13335 55915 2 0 50
13335 55915 3 0 50
13335 55915 4 1 49
13335 55915 5 3 47
13335 55915 6 3 47
13335 55915 7 4 46
13335 55915 8 7 43
13335 55915 9 5 45
13335 55915 10 3 47
!leg 41750 196610 10 0 1 attackers:196610;victims:29061;type:4;valid_origin:True;recurrent:False;local:False
41750 196610 1 1 0
41750 196610 2 1 0
41750 196610 3 1 0
41750 196610 4 1 0
41750 196610 5 1 0
41750 196610 6 1 0
41750 196610 7 1 0
41750 196610 8 1 0
41750 196610 9 1 0
41750 196610 10 1 0
!sus 18103 131728 8 2 11 attackers:131728;victims:18103;type:1;valid_origin:True;recurrent:True;local:False
18103 131728 1 1 10
18103 131728 2 4 7
18103 131728 3 8 3
18103 131728 4 8 3
18103 131728 5 11 0
18103 131728 6 11 0
18103 131728 7 11 0
18103 131728 8 11 0
18103 131728 9 11 0
18103 131728 10 11 0
!leg 138070 138072 10 0 9 attackers:138070;victims:138072;type:1;valid_origin:True;recurrent:True;local:False
138070 138072 1 8 1
138070 138072 2 9 0
138070 138072 3 9 0
138070 138072 4 9 0
138070 138072 5 9 0
138070 138072 6 9 0
138070 138072 7 9 0
138070 138072 8 9 0
138070 138072 9 9 0
138070 138072 10 9 0
!sus 9158 211676 7 3 2 attackers:9158;victims:211676;type:1;valid_origin:True;recurrent:True;local:False
9158 211676 1 0 2
9158 211676 2 0 2
9158 211676 3 0 2
9158 211676 4 2 0
9158 211676 5 2 0
9158 211676 6 2 0
9158 211676 7 2 0
9158 211676 8 2 0
9158 211676 9 2 0
9158 211676 10 2 0
!leg 29049 42291 10 0 7 attackers:29049;victims:44093,51507,42291,51138,205439,57421,62426;type:1,2;valid_origin:True;recurrent:False;local:True
29049 42291 1 7 0
29049 42291 2 7 0
29049 42291 3 7 0
29049 42291 4 7 0
29049 42291 5 7 0
29049 42291 6 7 0
29049 42291 7 7 0
29049 42291 8 7 0
29049 42291 9 7 0
29049 42291 10 7 0
!leg 29049 212236 10 0 1 attackers:29049;victims:212236;type:1;valid_origin:True;recurrent:False;local:True
29049 212236 1 1 0
29049 212236 2 1 0
29049 212236 3 1 0
29049 212236 4 1 0
29049 212236 5 1 0
29049 212236 6 1 0
29049 212236 7 1 0
29049 212236 8 1 0
29049 212236 9 1 0
29049 212236 10 1 0
!sus 50058 62309 0 10 122 attackers:50058;victims:62309;type:1;valid_origin:True;recurrent:True;local:False
50058 62309 1 0 122
50058 62309 2 0 122
50058 62309 3 0 122
50058 62309 4 0 122
50058 62309 5 0 122
50058 62309 6 0 122
50058 62309 7 0 122
50058 62309 8 0 122
50058 62309 9 0 122
50058 62309 10 0 122
!sus 61317 133398 0 10 21 attackers:133398;victims:61317;type:1;valid_origin:True;recurrent:True;local:False
61317 133398 1 0 21
61317 133398 2 0 21
61317 133398 3 0 21
61317 133398 4 0 21
61317 133398 5 0 21
61317 133398 6 0 21
61317 133398 7 0 21
61317 133398 8 0 21
61317 133398 9 0 21
61317 133398 10 1 20
!sus 47957 64001 2 8 11 attackers:47957;victims:64001;type:1;valid_origin:True;recurrent:True;local:False
47957 64001 1 0 11
47957 64001 2 3 8
47957 64001 3 2 9
47957 64001 4 4 7
47957 64001 5 3 8
47957 64001 6 3 8
47957 64001 7 3 8
47957 64001 8 6 5
47957 64001 9 3 8
47957 64001 10 7 4
!sus 51185 61152 8 2 1 attackers:51185;victims:61152;type:1;valid_origin:True;recurrent:True;local:True
51185 61152 1 0 1
51185 61152 2 0 1
51185 61152 3 1 0
51185 61152 4 1 0
51185 61152 5 1 0
51185 61152 6 1 0
51185 61152 7 1 0
51185 61152 8 1 0
51185 61152 9 1 0
51185 61152 10 1 0
!sus 13335 266445 0 10 26 attackers:266445;victims:13335;type:1;valid_origin:True;recurrent:True;local:False
13335 266445 1 0 26
13335 266445 2 0 26
13335 266445 3 0 26
13335 266445 4 3 23
13335 266445 5 2 24
13335 266445 6 3 23
13335 266445 7 3 23
13335 266445 8 3 23
13335 266445 9 4 22
13335 266445 10 3 23
!sus 4755 35280 3 7 862 attackers:4755,35280;victims:263966,27066,31549,32586,45625,269255,31148,55564,270142,328325,19940,133717,35908,264660,263583,269213,32787,61465,4755,12455,150404,131322,263256,135036,208230,147071,211431,270343,142553,27046,206843,37228,45184,63249,49673,132160,209605,268603,8402,208135,6871,204382,134674,4758,146966,395339,58057,20473,136404,133255,13489,6147,38182,203857,37475,55836,150312,60735,8551,397267,59288,208753,146928,39074,43845,25221,134840,272121,14299,40676,140865,49959,61638,262504,61789,137090,328015,15092,272137,58405,268715,57893,31514,48696,26405,209862,45411,398962,49094,138634,64264,45804,20773,200770,263375,5839,149549,205414,7480,137554,45148,46997,45773,2046,45117,37269,197373,45245,19429,134684,25119,264369,42,139027,2856,211392,13824,52760,196641,37705,21433,140849,135130,637,138754,9583,270785,11556,61500,9829,204291,264525,30548,141484,149275,262404,202827,58715,139279,3573,24634,47855,140131,27659,213073,9498,270388,38191,53115,367,138801,134756,398549,213316,205329,201217,5650,131090,262787,17908,8452,49581,197454,212995,2894,32798,272716,263435,3838,61302,10392,43447,52382,138762,138596,24186,132761,29571,137093,36914,132960,209105,149011,38266,263268,204693,61333,328999,136033,14477,26793,268795,38573,200969,409,149557,207930,328510,212034,45769,36924,37182,146869,59446,37568,17072,28133,140506,8987,132215,139328,58256,19180,16925,134478,202256,37301,63293,7725,9551,8094,138211,5408,131171,203737,38201,200984,199953,668,37250,211188,7602,18002,209375,140926,263985,211840,140098,213035,132686,16509,263320,202888,26130,213115,142407,27983,21527,264898,205980,135177,19181,45287,142449,27822,14618,45899,266151,2018,20912,6428,142551,37616,264836,27855,137033,266445,4249,147289,56264,399060,212761,17625,139995,3475,136224,22284,204784,45916,14501,9430,41244,37187,139216,7018,38008,267593,267318,139698,138548,209218,146917,49662,212227,263650,53168,327700,210384,268824,37294,35104,1916,270469,210815,136093,136395,137449,47609,264328,136333,45560,48292,137116,133663,271319,205183,150159,139518,139858,1501,25500,54900,272672,37453,268646,203899,203843,31898,207889,328264,131705,210445,13341,132566,271192,12025,8868,17451,138225,52878,3909,37677,212332,34984,5385,268644,13335,19635,150331,41029,212460,270971,138517,212888,1221,35913,264459,13977,29146,207445,25818,208139,41707,270151,205398,264960,4833,202218,328636,6713,7610,52375,141689,8369,12189,203852,270535,714,134307,210850,53139,397892,58369,8895,140425,18779,137606,36913,133866,149822,51040,264668,12654,9038,272627,4621,266566,263499,36947,55824,213105,36352,61898,72,147084,269041,209557,140731,52297,269409,135679,21570,262428,135172,131775,17501,202776,210370,272654,2603,136342,139690,33660;type:1,2,3,4,5,6,7,8,9,10,11,17;valid_origin:False;recurrent:True;local:False
4755 35280 1 862 0
4755 35280 2 754 108
4755 35280 3 491 371
4755 35280 4 356 506
4755 35280 5 408 454
4755 35280 6 208 654
4755 35280 7 248 614
4755 35280 8 225 637
4755 35280 9 209 653
4755 35280 10 249 613
!leg 4755 138225 10 0 1 attackers:4755;victims:138225;type:1;valid_origin:True;recurrent:False;local:False
4755 138225 1 1 0
4755 138225 2 1 0
4755 138225 3 1 0
4755 138225 4 1 0
4755 138225 5 1 0
4755 138225 6 1 0
4755 138225 7 1 0
4755 138225 8 1 0
4755 138225 9 1 0
4755 138225 10 1 0
!leg 58299 202427 10 0 1 attackers:58299;victims:202427;type:1;valid_origin:True;recurrent:False;local:True
58299 202427 1 1 0
58299 202427 2 1 0
58299 202427 3 1 0
58299 202427 4 1 0
58299 202427 5 1 0
58299 202427 6 1 0
58299 202427 7 1 0
58299 202427 8 1 0
58299 202427 9 1 0
58299 202427 10 1 0
!sus 22659 395648 0 10 15 attackers:395648;victims:22659;type:1;valid_origin:True;recurrent:True;local:False
22659 395648 1 0 15
22659 395648 2 0 15
22659 395648 3 0 15
22659 395648 4 1 14
22659 395648 5 0 15
22659 395648 6 1 14
22659 395648 7 1 14
22659 395648 8 1 14
22659 395648 9 1 14
22659 395648 10 1 14
!sus 1828 141608 9 1 1 attackers:1828;victims:141608;type:1;valid_origin:True;recurrent:True;local:True
1828 141608 1 0 1
1828 141608 2 1 0
1828 141608 3 1 0
1828 141608 4 1 0
1828 141608 5 1 0
1828 141608 6 1 0
1828 141608 7 1 0
1828 141608 8 1 0
1828 141608 9 1 0
1828 141608 10 1 0
!sus 41051 201377 9 1 17 attackers:41051;victims:201377;type:1;valid_origin:True;recurrent:True;local:False
41051 201377 1 0 17
41051 201377 2 9 8
41051 201377 3 10 7
41051 201377 4 12 5
41051 201377 5 16 1
41051 201377 6 17 0
41051 201377 7 17 0
41051 201377 8 17 0
41051 201377 9 17 0
41051 201377 10 17 0
!sus 2 199811 0 10 8 attackers:199811;victims:2;type:1;valid_origin:True;recurrent:True;local:False
2 199811 1 0 8
2 199811 2 0 8
2 199811 3 0 8
2 199811 4 0 8
2 199811 5 0 8
2 199811 6 0 8
2 199811 7 0 8
2 199811 8 0 8
2 199811 9 0 8
2 199811 10 0 8
!sus 9304 18116 0 10 3 attackers:18116;victims:9304;type:1;valid_origin:True;recurrent:True;local:False
9304 18116 1 0 3
9304 18116 2 0 3
9304 18116 3 0 3
9304 18116 4 0 3
9304 18116 5 0 3
9304 18116 6 0 3
9304 18116 7 0 3
9304 18116 8 0 3
9304 18116 9 0 3
9304 18116 10 0 3
!sus 23947 59796 9 1 9 attackers:23947;victims:139456;type:2;valid_origin:True;recurrent:False;local:False
23947 59796 1 0 9
23947 59796 2 9 0
23947 59796 3 9 0
23947 59796 4 9 0
23947 59796 5 9 0
23947 59796 6 9 0
23947 59796 7 9 0
23947 59796 8 9 0
23947 59796 9 9 0
23947 59796 10 9 0
!sus 1828 55653 9 1 1 attackers:1828;victims:55653;type:1;valid_origin:True;recurrent:True;local:True
1828 55653 1 0 1
1828 55653 2 1 0
1828 55653 3 1 0
1828 55653 4 1 0
1828 55653 5 1 0
1828 55653 6 1 0
1828 55653 7 1 0
1828 55653 8 1 0
1828 55653 9 1 0
1828 55653 10 1 0
!leg 29049 207952 10 0 1 attackers:29049;victims:207952;type:1;valid_origin:True;recurrent:False;local:True
29049 207952 1 1 0
29049 207952 2 1 0
29049 207952 3 1 0
29049 207952 4 1 0
29049 207952 5 1 0
29049 207952 6 1 0
29049 207952 7 1 0
29049 207952 8 1 0
29049 207952 9 1 0
29049 207952 10 1 0
!sus 44570 60391 1 9 25 attackers:44570;victims:60391;type:1;valid_origin:True;recurrent:True;local:False
44570 60391 1 11 14
44570 60391 2 11 14
44570 60391 3 11 14
44570 60391 4 11 14
44570 60391 5 11 14
44570 60391 6 11 14
44570 60391 7 11 14
44570 60391 8 11 14
44570 60391 9 20 5
44570 60391 10 11 14
!leg 7721 201217 10 0 1 attackers:7721;victims:201217;type:1;valid_origin:True;recurrent:False;local:True
7721 201217 1 1 0
7721 201217 2 1 0
7721 201217 3 1 0
7721 201217 4 1 0
7721 201217 5 1 0
7721 201217 6 1 0
7721 201217 7 1 0
7721 201217 8 1 0
7721 201217 9 1 0
7721 201217 10 1 0
!leg 29049 59482 10 0 1 attackers:29049;victims:59482;type:1;valid_origin:True;recurrent:False;local:True
29049 59482 1 1 0
29049 59482 2 1 0
29049 59482 3 1 0
29049 59482 4 1 0
29049 59482 5 1 0
29049 59482 6 1 0
29049 59482 7 1 0
29049 59482 8 1 0
29049 59482 9 1 0
29049 59482 10 1 0
!sus 11232 13335 0 10 32 attackers:11232;victims:13335;type:1;valid_origin:True;recurrent:True;local:False
11232 13335 1 0 32
11232 13335 2 0 32
11232 13335 3 0 32
11232 13335 4 0 32
11232 13335 5 0 32
11232 13335 6 5 27
11232 13335 7 5 27
11232 13335 8 5 27
11232 13335 9 7 25
11232 13335 10 6 26
!leg 812 13150 10 0 4 attackers:812;victims:13150;type:1;valid_origin:True;recurrent:True;local:False
812 13150 1 3 1
812 13150 2 3 1
812 13150 3 3 1
812 13150 4 3 1
812 13150 5 3 1
812 13150 6 3 1
812 13150 7 3 1
812 13150 8 3 1
812 13150 9 3 1
812 13150 10 3 1
!sus 49121 212147 5 5 16 attackers:49121;victims:212147;type:1;valid_origin:True;recurrent:True;local:False
49121 212147 1 6 10
49121 212147 2 7 9
49121 212147 3 7 9
49121 212147 4 12 4
49121 212147 5 0 16
49121 212147 6 9 7
49121 212147 7 7 9
49121 212147 8 13 3
49121 212147 9 13 3
49121 212147 10 13 3
!leg 10 206316 10 0 32 attackers:206316;victims:39691,10;type:1,2;valid_origin:True;recurrent:True;local:False
10 206316 1 17 15
10 206316 2 17 15
10 206316 3 28 4
10 206316 4 28 4
10 206316 5 29 3
10 206316 6 29 3
10 206316 7 29 3
10 206316 8 31 1
10 206316 9 30 2
10 206316 10 31 1
!sus 12491 35710 8 2 1 attackers:35710;victims:12491;type:1;valid_origin:True;recurrent:True;local:True
12491 35710 1 0 1
12491 35710 2 0 1
12491 35710 3 1 0
12491 35710 4 1 0
12491 35710 5 1 0
12491 35710 6 1 0
12491 35710 7 1 0
12491 35710 8 1 0
12491 35710 9 1 0
12491 35710 10 1 0
!leg 29049 49722 10 0 1 attackers:29049;victims:49722;type:1;valid_origin:True;recurrent:False;local:True
29049 49722 1 1 0
29049 49722 2 1 0
29049 49722 3 1 0
29049 49722 4 1 0
29049 49722 5 1 0
29049 49722 6 1 0
29049 49722 7 1 0
29049 49722 8 1 0
29049 49722 9 1 0
29049 49722 10 1 0
!leg 12912 50606 10 0 2 attackers:50606;victims:204559;type:2;valid_origin:True;recurrent:False;local:False
12912 50606 1 2 0
12912 50606 2 2 0
12912 50606 3 2 0
12912 50606 4 2 0
12912 50606 5 2 0
12912 50606 6 2 0
12912 50606 7 2 0
12912 50606 8 2 0
12912 50606 9 2 0
12912 50606 10 2 0
!sus 36058 36958 4 6 12 attackers:36958;victims:36958;type:2;valid_origin:True;recurrent:True;local:False
36058 36958 1 12 0
36058 36958 2 12 0
36058 36958 3 5 7
36058 36958 4 8 4
36058 36958 5 6 6
36058 36958 6 0 12
36058 36958 7 9 3
36058 36958 8 0 12
36058 36958 9 0 12
36058 36958 10 0 12
!sus 53158 269587 5 5 68 attackers:53158;victims:271729;type:2;valid_origin:True;recurrent:True;local:False
53158 269587 1 1 67
53158 269587 2 2 66
53158 269587 3 8 60
53158 269587 4 9 59
53158 269587 5 37 31
53158 269587 6 51 17
53158 269587 7 25 43
53158 269587 8 48 20
53158 269587 9 58 10
53158 269587 10 58 10
!leg 53184 266006 10 0 1 attackers:53184;victims:266006;type:1;valid_origin:True;recurrent:False;local:False
53184 266006 1 1 0
53184 266006 2 1 0
53184 266006 3 1 0
53184 266006 4 1 0
53184 266006 5 1 0
53184 266006 6 1 0
53184 266006 7 1 0
53184 266006 8 1 0
53184 266006 9 1 0
53184 266006 10 1 0
!leg 44800 57463 10 0 1 attackers:57463;victims:44800;type:1;valid_origin:True;recurrent:False;local:True
44800 57463 1 1 0
44800 57463 2 1 0
44800 57463 3 1 0
44800 57463 4 1 0
44800 57463 5 1 0
44800 57463 6 1 0
44800 57463 7 1 0
44800 57463 8 1 0
44800 57463 9 1 0
44800 57463 10 1 0
!sus 49870 393644 0 10 6 attackers:393644;victims:49870;type:1;valid_origin:True;recurrent:True;local:False
49870 393644 1 0 6
49870 393644 2 0 6
49870 393644 3 1 5
49870 393644 4 1 5
49870 393644 5 1 5
49870 393644 6 1 5
49870 393644 7 1 5
49870 393644 8 1 5
49870 393644 9 1 5
49870 393644 10 1 5
!sus 149007 202888 0 10 12 attackers:202888;victims:149007;type:1;valid_origin:True;recurrent:True;local:False
149007 202888 1 0 12
149007 202888 2 0 12
149007 202888 3 0 12
149007 202888 4 0 12
149007 202888 5 0 12
149007 202888 6 0 12
149007 202888 7 0 12
149007 202888 8 0 12
149007 202888 9 0 12
149007 202888 10 0 12
!sus 4549 11664 8 2 11 attackers:11664;victims:4549;type:1;valid_origin:True;recurrent:True;local:False
4549 11664 1 0 11
4549 11664 2 0 11
4549 11664 3 9 2
4549 11664 4 10 1
4549 11664 5 9 2
4549 11664 6 10 1
4549 11664 7 10 1
4549 11664 8 10 1
4549 11664 9 10 1
4549 11664 10 9 2
!sus 2607 44901 6 4 1 attackers:2607;victims:20911;type:2;valid_origin:True;recurrent:True;local:False
2607 44901 1 0 1
2607 44901 2 0 1
2607 44901 3 0 1
2607 44901 4 0 1
2607 44901 5 1 0
2607 44901 6 1 0
2607 44901 7 1 0
2607 44901 8 1 0
2607 44901 9 1 0
2607 44901 10 1 0
!sus 135817 140641 9 1 1 attackers:135817;victims:140641;type:1;valid_origin:True;recurrent:True;local:False
135817 140641 1 0 1
135817 140641 2 1 0
135817 140641 3 1 0
135817 140641 4 1 0
135817 140641 5 1 0
135817 140641 6 1 0
135817 140641 7 1 0
135817 140641 8 1 0
135817 140641 9 1 0
135817 140641 10 1 0
!sus 49304 140731 0 10 408 attackers:49304;victims:140731;type:1;valid_origin:True;recurrent:True;local:False
49304 140731 1 0 408
49304 140731 2 0 408
49304 140731 3 0 408
49304 140731 4 0 408
49304 140731 5 0 408
49304 140731 6 0 408
49304 140731 7 0 408
49304 140731 8 0 408
49304 140731 9 0 408
49304 140731 10 0 408
!leg 61573 207952 10 0 1 attackers:61573;victims:207952;type:1;valid_origin:True;recurrent:False;local:True
61573 207952 1 1 0
61573 207952 2 1 0
61573 207952 3 1 0
61573 207952 4 1 0
61573 207952 5 1 0
61573 207952 6 1 0
61573 207952 7 1 0
61573 207952 8 1 0
61573 207952 9 1 0
61573 207952 10 1 0
!sus 34872 212488 7 3 6 attackers:34872;victims:212488;type:1;valid_origin:True;recurrent:True;local:False
34872 212488 1 0 6
34872 212488 2 0 6
34872 212488 3 1 5
34872 212488 4 5 1
34872 212488 5 5 1
34872 212488 6 5 1
34872 212488 7 5 1
34872 212488 8 5 1
34872 212488 9 5 1
34872 212488 10 5 1
!leg 39120 266006 10 0 1 attackers:39120;victims:266006;type:1;valid_origin:True;recurrent:False;local:True
39120 266006 1 1 0
39120 266006 2 1 0
39120 266006 3 1 0
39120 266006 4 1 0
39120 266006 5 1 0
39120 266006 6 1 0
39120 266006 7 1 0
39120 266006 8 1 0
39120 266006 9 1 0
39120 266006 10 1 0
!sus 141130 141639 0 10 5 attackers:141639;victims:141130;type:1;valid_origin:True;recurrent:True;local:False
141130 141639 1 0 5
141130 141639 2 0 5
141130 141639 3 0 5
141130 141639 4 0 5
141130 141639 5 0 5
141130 141639 6 1 4
141130 141639 7 2 3
141130 141639 8 2 3
141130 141639 9 2 3
141130 141639 10 2 3
!sus 8360 16397 0 10 11 attackers:16397;victims:8360;type:1;valid_origin:True;recurrent:True;local:False
8360 16397 1 0 11
8360 16397 2 0 11
8360 16397 3 0 11
8360 16397 4 0 11
8360 16397 5 0 11
8360 16397 6 0 11
8360 16397 7 0 11
8360 16397 8 0 11
8360 16397 9 0 11
8360 16397 10 0 11
!sus 7070 23402 4 6 6 attackers:23402;victims:7070;type:1;valid_origin:True;recurrent:True;local:False
7070 23402 1 4 2
7070 23402 2 6 0
7070 23402 3 6 0
7070 23402 4 0 6
7070 23402 5 3 3
7070 23402 6 6 0
7070 23402 7 0 6
7070 23402 8 0 6
7070 23402 9 2 4
7070 23402 10 2 4
!sus 41051 202776 9 1 22 attackers:41051;victims:202776;type:1;valid_origin:True;recurrent:True;local:False
41051 202776 1 0 22
41051 202776 2 14 8
41051 202776 3 17 5
41051 202776 4 18 4
41051 202776 5 21 1
41051 202776 6 21 1
41051 202776 7 21 1
41051 202776 8 22 0
41051 202776 9 22 0
41051 202776 10 22 0
!sus 207941 212934 7 3 18 attackers:212934;victims:207941;type:1;valid_origin:True;recurrent:True;local:False
207941 212934 1 0 18
207941 212934 2 0 18
207941 212934 3 2 16
207941 212934 4 10 8
207941 212934 5 14 4
207941 212934 6 13 5
207941 212934 7 13 5
207941 212934 8 15 3
207941 212934 9 17 1
207941 212934 10 17 1
!leg 45287 138876 10 0 1 attackers:138876;victims:140442;type:2;valid_origin:True;recurrent:False;local:False
45287 138876 1 1 0
45287 138876 2 1 0
45287 138876 3 1 0
45287 138876 4 1 0
45287 138876 5 1 0
45287 138876 6 1 0
45287 138876 7 1 0
45287 138876 8 1 0
45287 138876 9 1 0
45287 138876 10 1 0
!sus 1321 10753 2 8 543 attackers:1321;victims:10753;type:1;valid_origin:True;recurrent:False;local:False
1321 10753 1 22 521
1321 10753 2 104 439
1321 10753 3 112 431
1321 10753 4 174 369
1321 10753 5 252 291
1321 10753 6 221 322
1321 10753 7 218 325
1321 10753 8 253 290
1321 10753 9 276 267
1321 10753 10 277 266
!leg 6334 32787 10 0 518 attackers:32787;victims:6334;type:1;valid_origin:True;recurrent:False;local:False
6334 32787 1 475 43
6334 32787 2 489 29
6334 32787 3 491 27
6334 32787 4 493 25
6334 32787 5 496 22
6334 32787 6 504 14
6334 32787 7 508 10
6334 32787 8 498 20
6334 32787 9 496 22
6334 32787 10 505 13
!sus 50607 197592 0 10 1 attackers:50607;victims:1;type:2;valid_origin:False;recurrent:True;local:False
50607 197592 1 0 1
50607 197592 2 0 1
50607 197592 3 0 1
50607 197592 4 0 1
50607 197592 5 0 1
50607 197592 6 0 1
50607 197592 7 0 1
50607 197592 8 0 1
50607 197592 9 0 1
50607 197592 10 0 1
!sus 138211 212483 0 10 326 attackers:138211;victims:212483;type:1;valid_origin:True;recurrent:True;local:False
138211 212483 1 12 314
138211 212483 2 12 314
138211 212483 3 13 313
138211 212483 4 23 303
138211 212483 5 57 269
138211 212483 6 44 282
138211 212483 7 53 273
138211 212483 8 52 274
138211 212483 9 119 207
138211 212483 10 127 199
!leg 9752 55836 10 0 54 attackers:55836;victims:9752;type:1;valid_origin:True;recurrent:False;local:False
9752 55836 1 54 0
9752 55836 2 54 0
9752 55836 3 54 0
9752 55836 4 54 0
9752 55836 5 54 0
9752 55836 6 54 0
9752 55836 7 54 0
9752 55836 8 54 0
9752 55836 9 54 0
9752 55836 10 54 0
!sus 24768 212609 8 2 8 attackers:24768;victims:212609;type:1;valid_origin:True;recurrent:True;local:False
24768 212609 1 0 8
24768 212609 2 4 4
24768 212609 3 8 0
24768 212609 4 8 0
24768 212609 5 8 0
24768 212609 6 8 0
24768 212609 7 8 0
24768 212609 8 8 0
24768 212609 9 8 0
24768 212609 10 8 0
!leg 205329 210633 10 0 1 attackers:210633;victims:205329;type:1;valid_origin:True;recurrent:False;local:False
205329 210633 1 1 0
205329 210633 2 1 0
205329 210633 3 1 0
205329 210633 4 1 0
205329 210633 5 1 0
205329 210633 6 1 0
205329 210633 7 1 0
205329 210633 8 1 0
205329 210633 9 1 0
205329 210633 10 1 0
!sus 3356 55089 0 10 7 attackers:3356;victims:16399;type:2;valid_origin:True;recurrent:True;local:False
3356 55089 1 0 7
3356 55089 2 0 7
3356 55089 3 0 7
3356 55089 4 0 7
3356 55089 5 0 7
3356 55089 6 0 7
3356 55089 7 0 7
3356 55089 8 0 7
3356 55089 9 0 7
3356 55089 10 0 7
!sus 5511 35313 8 2 13 attackers:5511;victims:35313;type:1;valid_origin:True;recurrent:True;local:False
5511 35313 1 6 7
5511 35313 2 5 8
5511 35313 3 9 4
5511 35313 4 10 3
5511 35313 5 13 0
5511 35313 6 13 0
5511 35313 7 12 1
5511 35313 8 12 1
5511 35313 9 13 0
5511 35313 10 13 0
!leg 36193 54004 10 0 6 attackers:54004;victims:28209,36193;type:1,3;valid_origin:True;recurrent:False;local:False
36193 54004 1 6 0
36193 54004 2 6 0
36193 54004 3 6 0
36193 54004 4 6 0
36193 54004 5 6 0
36193 54004 6 6 0
36193 54004 7 6 0
36193 54004 8 6 0
36193 54004 9 6 0
36193 54004 10 6 0
!leg 38984 264409 10 0 1 attackers:264409;victims:38984;type:1;valid_origin:True;recurrent:False;local:True
38984 264409 1 1 0
38984 264409 2 1 0
38984 264409 3 1 0
38984 264409 4 1 0
38984 264409 5 1 0
38984 264409 6 1 0
38984 264409 7 1 0
38984 264409 8 1 0
38984 264409 9 1 0
38984 264409 10 1 0
!sus 5511 328317 8 2 6 attackers:5511;victims:328317;type:1;valid_origin:True;recurrent:True;local:False
5511 328317 1 2 4
5511 328317 2 3 3
5511 328317 3 4 2
5511 328317 4 5 1
5511 328317 5 6 0
5511 328317 6 6 0
5511 328317 7 6 0
5511 328317 8 6 0
5511 328317 9 6 0
5511 328317 10 6 0
!sus 4229 56258 6 4 1 attackers:4229;victims:45725;type:3;valid_origin:True;recurrent:True;local:False
4229 56258 1 0 1
4229 56258 2 0 1
4229 56258 3 0 1
4229 56258 4 0 1
4229 56258 5 1 0
4229 56258 6 1 0
4229 56258 7 1 0
4229 56258 8 1 0
4229 56258 9 1 0
4229 56258 10 1 0
!sus 2 273606 0 10 10 attackers:273606;victims:2;type:1;valid_origin:True;recurrent:True;local:False
2 273606 1 0 10
2 273606 2 0 10
2 273606 3 0 10
2 273606 4 0 10
2 273606 5 0 10
2 273606 6 0 10
2 273606 7 0 10
2 273606 8 0 10
2 273606 9 0 10
2 273606 10 0 10
!sus 14907 51375 8 2 1 attackers:14907;victims:51375;type:1;valid_origin:True;recurrent:True;local:True
14907 51375 1 0 1
14907 51375 2 0 1
14907 51375 3 1 0
14907 51375 4 1 0
14907 51375 5 1 0
14907 51375 6 1 0
14907 51375 7 1 0
14907 51375 8 1 0
14907 51375 9 1 0
14907 51375 10 1 0
!leg 44800 61568 10 0 2 attackers:61568;victims:44800;type:1;valid_origin:True;recurrent:False;local:False
44800 61568 1 2 0
44800 61568 2 2 0
44800 61568 3 2 0
44800 61568 4 2 0
44800 61568 5 2 0
44800 61568 6 2 0
44800 61568 7 2 0
44800 61568 8 2 0
44800 61568 9 2 0
44800 61568 10 2 0
!leg 25091 51612 10 0 2 attackers:25091;victims:51612;type:1;valid_origin:True;recurrent:False;local:False
25091 51612 1 2 0
25091 51612 2 2 0
25091 51612 3 2 0
25091 51612 4 2 0
25091 51612 5 2 0
25091 51612 6 2 0
25091 51612 7 2 0
25091 51612 8 2 0
25091 51612 9 2 0
25091 51612 10 2 0
!sus 49346 51666 7 3 35 attackers:49346;victims:51666;type:1;valid_origin:True;recurrent:True;local:False
49346 51666 1 33 2
49346 51666 2 35 0
49346 51666 3 35 0
49346 51666 4 7 28
49346 51666 5 33 2
49346 51666 6 35 0
49346 51666 7 29 6
49346 51666 8 10 25
49346 51666 9 2 33
49346 51666 10 31 4
!leg 906 60068 10 0 1 attackers:60068;victims:906;type:1;valid_origin:True;recurrent:False;local:False
906 60068 1 1 0
906 60068 2 1 0
906 60068 3 1 0
906 60068 4 1 0
906 60068 5 1 0
906 60068 6 1 0
906 60068 7 1 0
906 60068 8 1 0
906 60068 9 1 0
906 60068 10 1 0
!leg 32787 39550 10 0 601 attackers:32787;victims:39550;type:1;valid_origin:True;recurrent:False;local:False
32787 39550 1 597 4
32787 39550 2 601 0
32787 39550 3 601 0
32787 39550 4 601 0
32787 39550 5 601 0
32787 39550 6 601 0
32787 39550 7 601 0
32787 39550 8 601 0
32787 39550 9 601 0
32787 39550 10 601 0
!sus 269587 271729 0 10 170 attackers:269587;victims:271729;type:1;valid_origin:True;recurrent:True;local:False
269587 271729 1 29 141
269587 271729 2 38 132
269587 271729 3 46 124
269587 271729 4 45 125
269587 271729 5 55 115
269587 271729 6 54 116
269587 271729 7 51 119
269587 271729 8 49 121
269587 271729 9 64 106
269587 271729 10 73 97
!sus 9198 16509 9 1 1 attackers:9198;victims:16509;type:1;valid_origin:True;recurrent:True;local:False
9198 16509 1 0 1
9198 16509 2 1 0
9198 16509 3 1 0
9198 16509 4 1 0
9198 16509 5 1 0
9198 16509 6 1 0
9198 16509 7 1 0
9198 16509 8 1 0
9198 16509 9 1 0
9198 16509 10 1 0
!leg 207656 212483 10 0 3 attackers:207656;victims:212483;type:1;valid_origin:True;recurrent:True;local:False
207656 212483 1 2 1
207656 212483 2 3 0
207656 212483 3 3 0
207656 212483 4 3 0
207656 212483 5 3 0
207656 212483 6 3 0
207656 212483 7 3 0
207656 212483 8 3 0
207656 212483 9 3 0
207656 212483 10 3 0
!leg 6582 12011 10 0 55 attackers:6582;victims:12011;type:1;valid_origin:True;recurrent:False;local:False
6582 12011 1 55 0
6582 12011 2 55 0
6582 12011 3 55 0
6582 12011 4 55 0
6582 12011 5 55 0
6582 12011 6 55 0
6582 12011 7 55 0
6582 12011 8 55 0
6582 12011 9 55 0
6582 12011 10 55 0
!sus 9002 393644 0 10 6 attackers:9002;victims:49870;type:2;valid_origin:True;recurrent:True;local:False
9002 393644 1 0 6
9002 393644 2 0 6
9002 393644 3 1 5
9002 393644 4 1 5
9002 393644 5 1 5
9002 393644 6 1 5
9002 393644 7 1 5
9002 393644 8 1 5
9002 393644 9 1 5
9002 393644 10 1 5
!sus 207756 208869 0 10 63 attackers:208869;victims:207756;type:1;valid_origin:True;recurrent:True;local:False
207756 208869 1 0 63
207756 208869 2 0 63
207756 208869 3 0 63
207756 208869 4 0 63
207756 208869 5 0 63
207756 208869 6 0 63
207756 208869 7 0 63
207756 208869 8 0 63
207756 208869 9 0 63
207756 208869 10 0 63
!sus 9038 60849 1 9 93 attackers:60849;victims:9038;type:1;valid_origin:True;recurrent:True;local:False
9038 60849 1 0 93
9038 60849 2 0 93
9038 60849 3 0 93
9038 60849 4 0 93
9038 60849 5 29 64
9038 60849 6 6 87
9038 60849 7 42 51
9038 60849 8 37 56
9038 60849 9 18 75
9038 60849 10 51 42
!sus 61302 212271 0 10 999 attackers:212271;victims:202952,138211,57416,206271,142031,38281,146958,147002,142158,208753,142553,204508,141011,142634,147028,61302;type:1,2,3;valid_origin:False;recurrent:True;local:False
61302 212271 1 0 999
61302 212271 2 2 997
61302 212271 3 68 931
61302 212271 4 38 961
61302 212271 5 140 859
61302 212271 6 238 761
61302 212271 7 228 771
61302 212271 8 257 742
61302 212271 9 255 744
61302 212271 10 266 733
!sus 44570 200993 0 10 475 attackers:44570;victims:200993;type:1;valid_origin:False;recurrent:True;local:False
44570 200993 1 211 264
44570 200993 2 140 335
44570 200993 3 175 300
44570 200993 4 125 350
44570 200993 5 179 296
44570 200993 6 144 331
44570 200993 7 40 435
44570 200993 8 101 374
44570 200993 9 169 306
44570 200993 10 225 250
!sus 1299 270111 8 2 5 attackers:1299;victims:270111;type:1;valid_origin:True;recurrent:True;local:False
1299 270111 1 1 4
1299 270111 2 1 4
1299 270111 3 4 1
1299 270111 4 4 1
1299 270111 5 4 1
1299 270111 6 3 2
1299 270111 7 4 1
1299 270111 8 4 1
1299 270111 9 5 0
1299 270111 10 4 1
!leg 20647 29838 10 0 1 attackers:29838;victims:200770;type:2;valid_origin:True;recurrent:False;local:False
20647 29838 1 1 0
20647 29838 2 1 0
20647 29838 3 1 0
20647 29838 4 1 0
20647 29838 5 1 0
20647 29838 6 1 0
20647 29838 7 1 0
20647 29838 8 1 0
20647 29838 9 1 0
20647 29838 10 1 0
!leg 34854 397005 10 0 1 attackers:34854;victims:397005;type:1;valid_origin:True;recurrent:False;local:False
34854 397005 1 1 0
34854 397005 2 1 0
34854 397005 3 1 0
34854 397005 4 1 0
34854 397005 5 1 0
34854 397005 6 1 0
34854 397005 7 1 0
34854 397005 8 1 0
34854 397005 9 1 0
34854 397005 10 1 0
!sus 9318 62663 0 10 1 attackers:62663;victims:9318;type:1;valid_origin:True;recurrent:True;local:False
9318 62663 1 0 1
9318 62663 2 0 1
9318 62663 3 0 1
9318 62663 4 0 1
9318 62663 5 0 1
9318 62663 6 0 1
9318 62663 7 0 1
9318 62663 8 0 1
9318 62663 9 0 1
9318 62663 10 0 1
!sus 42649 51375 0 10 8 attackers:51375;victims:5416;type:2;valid_origin:True;recurrent:True;local:False
42649 51375 1 0 8
42649 51375 2 0 8
42649 51375 3 0 8
42649 51375 4 0 8
42649 51375 5 0 8
42649 51375 6 0 8
42649 51375 7 0 8
42649 51375 8 0 8
42649 51375 9 0 8
42649 51375 10 0 8
!sus 31103 60326 9 1 1 attackers:60326;victims:31103;type:1;valid_origin:True;recurrent:False;local:True
31103 60326 1 0 1
31103 60326 2 1 0
31103 60326 3 1 0
31103 60326 4 1 0
31103 60326 5 1 0
31103 60326 6 1 0
31103 60326 7 1 0
31103 60326 8 1 0
31103 60326 9 1 0
31103 60326 10 1 0
!leg 37922 45489 10 0 1 attackers:45489;victims:37922;type:1;valid_origin:True;recurrent:False;local:True
37922 45489 1 1 0
37922 45489 2 1 0
37922 45489 3 1 0
37922 45489 4 1 0
37922 45489 5 1 0
37922 45489 6 1 0
37922 45489 7 1 0
37922 45489 8 1 0
37922 45489 9 1 0
37922 45489 10 1 0
!sus 43289 57935 2 8 15 attackers:43289;victims:57935;type:1;valid_origin:True;recurrent:True;local:False
43289 57935 1 0 15
43289 57935 2 0 15
43289 57935 3 0 15
43289 57935 4 0 15
43289 57935 5 0 15
43289 57935 6 0 15
43289 57935 7 0 15
43289 57935 8 13 2
43289 57935 9 0 15
43289 57935 10 11 4
!sus 1031 24940 9 1 6 attackers:1031;victims:24940;type:1;valid_origin:True;recurrent:True;local:False
1031 24940 1 0 6
1031 24940 2 4 2
1031 24940 3 6 0
1031 24940 4 6 0
1031 24940 5 6 0
1031 24940 6 6 0
1031 24940 7 6 0
1031 24940 8 6 0
1031 24940 9 6 0
1031 24940 10 6 0
!leg 20473 328474 10 0 1 attackers:328474;victims:47065;type:2;valid_origin:True;recurrent:True;local:True
20473 328474 1 1 0
20473 328474 2 1 0
20473 328474 3 1 0
20473 328474 4 1 0
20473 328474 5 1 0
20473 328474 6 1 0
20473 328474 7 1 0
20473 328474 8 1 0
20473 328474 9 1 0
20473 328474 10 1 0
!leg 58299 200959 10 0 1 attackers:58299;victims:200959;type:1;valid_origin:True;recurrent:False;local:True
58299 200959 1 1 0
58299 200959 2 1 0
58299 200959 3 1 0
58299 200959 4 1 0
58299 200959 5 1 0
58299 200959 6 1 0
58299 200959 7 1 0
58299 200959 8 1 0
58299 200959 9 1 0
58299 200959 10 1 0
!sus 149522 150414 0 10 15 attackers:149522;victims:150414;type:1;valid_origin:True;recurrent:True;local:False
149522 150414 1 1 14
149522 150414 2 0 15
149522 150414 3 0 15
149522 150414 4 0 15
149522 150414 5 0 15
149522 150414 6 0 15
149522 150414 7 0 15
149522 150414 8 0 15
149522 150414 9 0 15
149522 150414 10 0 15
!sus 9886 138211 3 7 370 attackers:138211;victims:9886;type:1;valid_origin:True;recurrent:True;local:False
9886 138211 1 14 356
9886 138211 2 39 331
9886 138211 3 31 339
9886 138211 4 33 337
9886 138211 5 187 183
9886 138211 6 112 258
9886 138211 7 123 247
9886 138211 8 195 175
9886 138211 9 249 121
9886 138211 10 168 202
!leg 200959 210633 10 0 1 attackers:210633;victims:200959;type:1;valid_origin:True;recurrent:False;local:False
200959 210633 1 1 0
200959 210633 2 1 0
200959 210633 3 1 0
200959 210633 4 1 0
200959 210633 5 1 0
200959 210633 6 1 0
200959 210633 7 1 0
200959 210633 8 1 0
200959 210633 9 1 0
200959 210633 10 1 0
!sus 40676 56971 7 3 8 attackers:40676;victims:56971;type:1;valid_origin:True;recurrent:True;local:False
40676 56971 1 0 8
40676 56971 2 0 8
40676 56971 3 4 4
40676 56971 4 6 2
40676 56971 5 5 3
40676 56971 6 6 2
40676 56971 7 6 2
40676 56971 8 6 2
40676 56971 9 6 2
40676 56971 10 6 2
!leg 12578 13101 10 0 1 attackers:13101;victims:15911;type:3;valid_origin:True;recurrent:False;local:False
12578 13101 1 1 0
12578 13101 2 1 0
12578 13101 3 1 0
12578 13101 4 1 0
12578 13101 5 1 0
12578 13101 6 1 0
12578 13101 7 1 0
12578 13101 8 1 0
12578 13101 9 1 0
12578 13101 10 1 0
!leg 29049 57712 10 0 1 attackers:29049;victims:57712;type:1;valid_origin:True;recurrent:False;local:True
29049 57712 1 1 0
29049 57712 2 1 0
29049 57712 3 1 0
29049 57712 4 1 0
29049 57712 5 1 0
29049 57712 6 1 0
29049 57712 7 1 0
29049 57712 8 1 0
29049 57712 9 1 0
29049 57712 10 1 0
!leg 203458 212294 10 0 5 attackers:203458;victims:212294;type:1;valid_origin:True;recurrent:False;local:False
203458 212294 1 5 0
203458 212294 2 5 0
203458 212294 3 5 0
203458 212294 4 5 0
203458 212294 5 5 0
203458 212294 6 5 0
203458 212294 7 5 0
203458 212294 8 5 0
203458 212294 9 5 0
203458 212294 10 5 0
!leg 60326 200959 10 0 1 attackers:60326;victims:200959;type:1;valid_origin:True;recurrent:False;local:True
60326 200959 1 1 0
60326 200959 2 1 0
60326 200959 3 1 0
60326 200959 4 1 0
60326 200959 5 1 0
60326 200959 6 1 0
60326 200959 7 1 0
60326 200959 8 1 0
60326 200959 9 1 0
60326 200959 10 1 0
!leg 7004 266830 10 0 1 attackers:266830;victims:265851;type:4;valid_origin:True;recurrent:False;local:False
7004 266830 1 1 0
7004 266830 2 1 0
7004 266830 3 1 0
7004 266830 4 1 0
7004 266830 5 1 0
7004 266830 6 1 0
7004 266830 7 1 0
7004 266830 8 1 0
7004 266830 9 1 0
7004 266830 10 1 0
!leg 1251 266006 10 0 1 attackers:1251;victims:266006;type:1;valid_origin:True;recurrent:False;local:False
1251 266006 1 1 0
1251 266006 2 1 0
1251 266006 3 1 0
1251 266006 4 1 0
1251 266006 5 1 0
1251 266006 6 1 0
1251 266006 7 1 0
1251 266006 8 1 0
1251 266006 9 1 0
1251 266006 10 1 0
!sus 8772 62309 5 5 11 attackers:8772;victims:62309;type:1;valid_origin:True;recurrent:True;local:False
8772 62309 1 0 11
8772 62309 2 0 11
8772 62309 3 0 11
8772 62309 4 1 10
8772 62309 5 1 10
8772 62309 6 10 1
8772 62309 7 10 1
8772 62309 8 11 0
8772 62309 9 11 0
8772 62309 10 11 0
!leg 45117 146917 10 0 3 attackers:45117;victims:146917;type:1;valid_origin:True;recurrent:False;local:False
45117 146917 1 3 0
45117 146917 2 3 0
45117 146917 3 3 0
45117 146917 4 3 0
45117 146917 5 3 0
45117 146917 6 3 0
45117 146917 7 3 0
45117 146917 8 3 0
45117 146917 9 3 0
45117 146917 10 3 0
!leg 22470 33659 10 0 6 attackers:33659;victims:22470;type:1;valid_origin:True;recurrent:False;local:False
22470 33659 1 6 0
22470 33659 2 6 0
22470 33659 3 6 0
22470 33659 4 6 0
22470 33659 5 6 0
22470 33659 6 6 0
22470 33659 7 6 0
22470 33659 8 6 0
22470 33659 9 6 0
22470 33659 10 6 0
!leg 17922 56258 10 0 76 attackers:17922;victims:45725;type:3;valid_origin:True;recurrent:False;local:False
17922 56258 1 76 0
17922 56258 2 76 0
17922 56258 3 76 0
17922 56258 4 76 0
17922 56258 5 76 0
17922 56258 6 76 0
17922 56258 7 76 0
17922 56258 8 76 0
17922 56258 9 76 0
17922 56258 10 76 0
!leg 46997 200959 10 0 1 attackers:46997;victims:200959;type:1;valid_origin:True;recurrent:False;local:True
46997 200959 1 1 0
46997 200959 2 1 0
46997 200959 3 1 0
46997 200959 4 1 0
46997 200959 5 1 0
46997 200959 6 1 0
46997 200959 7 1 0
46997 200959 8 1 0
46997 200959 9 1 0
46997 200959 10 1 0
!leg 34872 210023 10 0 1 attackers:34872;victims:210023;type:1;valid_origin:True;recurrent:False;local:False
34872 210023 1 1 0
34872 210023 2 1 0
34872 210023 3 1 0
34872 210023 4 1 0
34872 210023 5 1 0
34872 210023 6 1 0
34872 210023 7 1 0
34872 210023 8 1 0
34872 210023 9 1 0
34872 210023 10 1 0
!sus 47343 206892 0 10 13 attackers:206892;victims:47343;type:1;valid_origin:True;recurrent:True;local:False
47343 206892 1 2 11
47343 206892 2 0 13
47343 206892 3 0 13
47343 206892 4 0 13
47343 206892 5 0 13
47343 206892 6 0 13
47343 206892 7 0 13
47343 206892 8 0 13
47343 206892 9 0 13
47343 206892 10 0 13
!sus 58819 137314 0 10 130 attackers:58819;victims:137314;type:1;valid_origin:True;recurrent:True;local:False
58819 137314 1 0 130
58819 137314 2 0 130
58819 137314 3 1 129
58819 137314 4 0 130
58819 137314 5 1 129
58819 137314 6 0 130
58819 137314 7 1 129
58819 137314 8 1 129
58819 137314 9 1 129
58819 137314 10 1 129
!sus 44570 202218 4 6 577 attackers:44570;victims:202218;type:1;valid_origin:True;recurrent:True;local:False
44570 202218 1 73 504
44570 202218 2 89 488
44570 202218 3 224 353
44570 202218 4 196 381
44570 202218 5 227 350
44570 202218 6 319 258
44570 202218 7 281 296
44570 202218 8 324 253
44570 202218 9 430 147
44570 202218 10 401 176
!sus 61317 266795 8 2 8 attackers:61317;victims:266795;type:1;valid_origin:True;recurrent:True;local:False
61317 266795 1 0 8
61317 266795 2 3 5
61317 266795 3 7 1
61317 266795 4 7 1
61317 266795 5 7 1
61317 266795 6 7 1
61317 266795 7 8 0
61317 266795 8 7 1
61317 266795 9 8 0
61317 266795 10 7 1
!sus 9678 212921 0 10 9 attackers:212921;victims:9678;type:1;valid_origin:True;recurrent:True;local:False
9678 212921 1 0 9
9678 212921 2 0 9
9678 212921 3 0 9
9678 212921 4 0 9
9678 212921 5 0 9
9678 212921 6 0 9
9678 212921 7 0 9
9678 212921 8 0 9
9678 212921 9 0 9
9678 212921 10 0 9
!sus 25486 31168 0 10 21 attackers:25486;victims:31168;type:1;valid_origin:True;recurrent:True;local:False
25486 31168 1 0 21
25486 31168 2 2 19
25486 31168 3 2 19
25486 31168 4 0 21
25486 31168 5 2 19
25486 31168 6 2 19
25486 31168 7 2 19
25486 31168 8 4 17
25486 31168 9 0 21
25486 31168 10 4 17
!sus 34879 49800 8 2 10 attackers:49800;victims:34879;type:1;valid_origin:True;recurrent:True;local:False
34879 49800 1 3 7
34879 49800 2 5 5
34879 49800 3 10 0
34879 49800 4 10 0
34879 49800 5 10 0
34879 49800 6 10 0
34879 49800 7 10 0
34879 49800 8 10 0
34879 49800 9 10 0
34879 49800 10 10 0
!leg 20119 395466 10 0 1 attackers:20119;victims:395466;type:1;valid_origin:True;recurrent:False;local:False
20119 395466 1 1 0
20119 395466 2 1 0
20119 395466 3 1 0
20119 395466 4 1 0
20119 395466 5 1 0
20119 395466 6 1 0
20119 395466 7 1 0
20119 395466 8 1 0
20119 395466 9 1 0
20119 395466 10 1 0
