!sus 4637 137990 0 10 2 attackers:4637;victims:136918,140731;type:2,3;valid_origin:True;recurrent:True;local:False
4637 137990 1 0 2
4637 137990 2 0 2
4637 137990 3 0 2
4637 137990 4 0 2
4637 137990 5 0 2
4637 137990 6 0 2
4637 137990 7 0 2
4637 137990 8 0 2
4637 137990 9 0 2
4637 137990 10 0 2
!leg 1351 34465 10 0 6 attackers:1351;victims:49316,57351,57097,34465,50917,207084;type:1,2;valid_origin:True;recurrent:False;local:True
1351 34465 1 6 0
1351 34465 2 6 0
1351 34465 3 6 0
1351 34465 4 6 0
1351 34465 5 6 0
1351 34465 6 6 0
1351 34465 7 6 0
1351 34465 8 6 0
1351 34465 9 6 0
1351 34465 10 6 0
!leg 57344 203917 10 0 191 attackers:57344;victims:203917;type:1;valid_origin:True;recurrent:False;local:False
57344 203917 1 191 0
57344 203917 2 191 0
57344 203917 3 191 0
57344 203917 4 191 0
57344 203917 5 191 0
57344 203917 6 191 0
57344 203917 7 191 0
57344 203917 8 191 0
57344 203917 9 191 0
57344 203917 10 191 0
!sus 41241 204922 0 10 2 attackers:204922;victims:41241;type:1;valid_origin:True;recurrent:True;local:False
41241 204922 1 0 2
41241 204922 2 1 1
41241 204922 3 0 2
41241 204922 4 1 1
41241 204922 5 0 2
41241 204922 6 1 1
41241 204922 7 1 1
41241 204922 8 0 2
41241 204922 9 1 1
41241 204922 10 1 1
!sus 60503 204914 0 10 22 attackers:60503;victims:204914;type:1;valid_origin:True;recurrent:True;local:False
60503 204914 1 0 22
60503 204914 2 0 22
60503 204914 3 0 22
60503 204914 4 0 22
60503 204914 5 0 22
60503 204914 6 0 22
60503 204914 7 0 22
60503 204914 8 0 22
60503 204914 9 0 22
60503 204914 10 0 22
!sus 23947 138070 0 10 25 attackers:23947;victims:138072;type:2;valid_origin:True;recurrent:True;local:False
23947 138070 1 0 25
23947 138070 2 0 25
23947 138070 3 0 25
23947 138070 4 3 22
23947 138070 5 0 25
23947 138070 6 3 22
23947 138070 7 7 18
23947 138070 8 12 13
23947 138070 9 9 16
23947 138070 10 6 19
!leg 34872 44620 10 0 160 attackers:34872;victims:44620;type:1;valid_origin:True;recurrent:False;local:False
34872 44620 1 160 0
34872 44620 2 160 0
34872 44620 3 160 0
34872 44620 4 160 0
34872 44620 5 160 0
34872 44620 6 160 0
34872 44620 7 160 0
34872 44620 8 160 0
34872 44620 9 160 0
34872 44620 10 160 0
!sus 26383 63023 4 6 9 attackers:63023;victims:26383;type:1;valid_origin:True;recurrent:True;local:False
26383 63023 1 0 9
26383 63023 2 0 9
26383 63023 3 0 9
26383 63023 4 1 8
26383 63023 5 5 4
26383 63023 6 6 3
26383 63023 7 2 7
26383 63023 8 8 1
26383 63023 9 7 2
26383 63023 10 4 5
!leg 135848 150079 10 0 295 attackers:135848;victims:150079;type:1;valid_origin:True;recurrent:False;local:False
135848 150079 1 295 0
135848 150079 2 295 0
135848 150079 3 295 0
135848 150079 4 295 0
135848 150079 5 295 0
135848 150079 6 295 0
135848 150079 7 295 0
135848 150079 8 295 0
135848 150079 9 295 0
135848 150079 10 295 0
!sus 34918 202029 0 10 17 attackers:34918;victims:202029;type:1;valid_origin:True;recurrent:True;local:False
34918 202029 1 0 17
34918 202029 2 0 17
34918 202029 3 0 17
34918 202029 4 0 17
34918 202029 5 0 17
34918 202029 6 0 17
34918 202029 7 0 17
34918 202029 8 0 17
34918 202029 9 0 17
34918 202029 10 0 17
!sus 1031 52814 7 3 5 attackers:1031;victims:52814;type:1;valid_origin:True;recurrent:True;local:False
1031 52814 1 5 0
1031 52814 2 4 1
1031 52814 3 5 0
1031 52814 4 4 1
1031 52814 5 0 5
1031 52814 6 4 1
1031 52814 7 4 1
1031 52814 8 0 5
1031 52814 9 4 1
1031 52814 10 1 4
!sus 44570 150249 0 10 12 attackers:44570;victims:150249;type:1;valid_origin:True;recurrent:True;local:False
44570 150249 1 0 12
44570 150249 2 0 12
44570 150249 3 0 12
44570 150249 4 0 12
44570 150249 5 0 12
44570 150249 6 1 11
44570 150249 7 1 11
44570 150249 8 1 11
44570 150249 9 1 11
44570 150249 10 1 11
!sus 56655 398415 0 10 3 attackers:56655;victims:398415;type:1;valid_origin:True;recurrent:True;local:False
56655 398415 1 0 3
56655 398415 2 0 3
56655 398415 3 0 3
56655 398415 4 0 3
56655 398415 5 0 3
56655 398415 6 0 3
56655 398415 7 0 3
56655 398415 8 0 3
56655 398415 9 0 3
56655 398415 10 0 3
!sus 52548 262423 0 10 4 attackers:52548;victims:262423;type:1;valid_origin:True;recurrent:True;local:False
52548 262423 1 0 4
52548 262423 2 0 4
52548 262423 3 0 4
52548 262423 4 0 4
52548 262423 5 0 4
52548 262423 6 0 4
52548 262423 7 0 4
52548 262423 8 0 4
52548 262423 9 0 4
52548 262423 10 0 4
!sus 136318 136712 0 10 6 attackers:136712;victims:136318;type:1;valid_origin:True;recurrent:True;local:False
136318 136712 1 0 6
136318 136712 2 0 6
136318 136712 3 1 5
136318 136712 4 1 5
136318 136712 5 1 5
136318 136712 6 1 5
136318 136712 7 2 4
136318 136712 8 1 5
136318 136712 9 1 5
136318 136712 10 2 4
!sus 3 146988 0 10 190 attackers:146988;victims:3;type:1;valid_origin:False;recurrent:False;local:False
3 146988 1 0 190
3 146988 2 0 190
3 146988 3 0 190
3 146988 4 0 190
3 146988 5 0 190
3 146988 6 0 190
3 146988 7 0 190
3 146988 8 0 190
3 146988 9 0 190
3 146988 10 0 190
!sus 132088 149522 0 10 10 attackers:149522;victims:132088;type:1;valid_origin:True;recurrent:True;local:False
132088 149522 1 0 10
132088 149522 2 0 10
132088 149522 3 0 10
132088 149522 4 0 10
132088 149522 5 0 10
132088 149522 6 0 10
132088 149522 7 0 10
132088 149522 8 0 10
132088 149522 9 0 10
132088 149522 10 0 10
!sus 132337 328146 9 1 1 attackers:132337;victims:328146;type:1;valid_origin:True;recurrent:False;local:True
132337 328146 1 0 1
132337 328146 2 1 0
132337 328146 3 1 0
132337 328146 4 1 0
132337 328146 5 1 0
132337 328146 6 1 0
132337 328146 7 1 0
132337 328146 8 1 0
132337 328146 9 1 0
132337 328146 10 1 0
!sus 8452 24429 0 10 4 attackers:8452;victims:24429;type:1;valid_origin:True;recurrent:True;local:False
8452 24429 1 0 4
8452 24429 2 0 4
8452 24429 3 0 4
8452 24429 4 0 4
8452 24429 5 0 4
8452 24429 6 0 4
8452 24429 7 0 4
8452 24429 8 0 4
8452 24429 9 0 4
8452 24429 10 0 4
!leg 53237 263362 10 0 1 attackers:53237;victims:271084;type:3;valid_origin:True;recurrent:False;local:False
53237 263362 1 1 0
53237 263362 2 1 0
53237 263362 3 1 0
53237 263362 4 1 0
53237 263362 5 1 0
53237 263362 6 1 0
53237 263362 7 1 0
53237 263362 8 1 0
53237 263362 9 1 0
53237 263362 10 1 0
!leg 8529 13037 10 0 1 attackers:8529;victims:204945;type:2;valid_origin:True;recurrent:False;local:False
8529 13037 1 1 0
8529 13037 2 1 0
8529 13037 3 1 0
8529 13037 4 1 0
8529 13037 5 1 0
8529 13037 6 1 0
8529 13037 7 1 0
8529 13037 8 1 0
8529 13037 9 1 0
8529 13037 10 1 0
!leg 3356 46256 10 0 64 attackers:3356;victims:46256;type:1;valid_origin:True;recurrent:False;local:False
3356 46256 1 58 6
3356 46256 2 61 3
3356 46256 3 58 6
3356 46256 4 62 2
3356 46256 5 64 0
3356 46256 6 64 0
3356 46256 7 63 1
3356 46256 8 63 1
3356 46256 9 59 5
3356 46256 10 63 1
!leg 174 54892 10 0 124 attackers:174;victims:54892;type:1;valid_origin:True;recurrent:False;local:False
174 54892 1 124 0
174 54892 2 123 1
174 54892 3 124 0
174 54892 4 124 0
174 54892 5 124 0
174 54892 6 124 0
174 54892 7 124 0
174 54892 8 124 0
174 54892 9 124 0
174 54892 10 124 0
!leg 45820 55507 10 0 190 attackers:45820;victims:55507;type:1;valid_origin:True;recurrent:False;local:False
45820 55507 1 190 0
45820 55507 2 190 0
45820 55507 3 190 0
45820 55507 4 190 0
45820 55507 5 190 0
45820 55507 6 190 0
45820 55507 7 190 0
45820 55507 8 190 0
45820 55507 9 190 0
45820 55507 10 190 0
!leg 3292 29156 10 0 261 attackers:3292;victims:29156;type:1;valid_origin:False;recurrent:False;local:False
3292 29156 1 261 0
3292 29156 2 261 0
3292 29156 3 261 0
3292 29156 4 261 0
3292 29156 5 261 0
3292 29156 6 261 0
3292 29156 7 261 0
3292 29156 8 261 0
3292 29156 9 261 0
3292 29156 10 261 0
!sus 13786 28277 7 3 13 attackers:13786;victims:28277;type:1;valid_origin:True;recurrent:True;local:False
13786 28277 1 3 10
13786 28277 2 6 7
13786 28277 3 6 7
13786 28277 4 7 6
13786 28277 5 8 5
13786 28277 6 9 4
13786 28277 7 9 4
13786 28277 8 11 2
13786 28277 9 11 2
13786 28277 10 9 4
!sus 61302 142553 5 5 361 attackers:61302;victims:142553;type:1;valid_origin:True;recurrent:True;local:False
61302 142553 1 17 344
61302 142553 2 25 336
61302 142553 3 66 295
61302 142553 4 239 122
61302 142553 5 63 298
61302 142553 6 278 83
61302 142553 7 139 222
61302 142553 8 281 80
61302 142553 9 257 104
61302 142553 10 269 92
!sus 53073 53703 0 10 1 attackers:53073;victims:53073;type:2;valid_origin:True;recurrent:True;local:False
53073 53703 1 0 1
53073 53703 2 0 1
53073 53703 3 0 1
53073 53703 4 0 1
53073 53703 5 0 1
53073 53703 6 0 1
53073 53703 7 0 1
53073 53703 8 0 1
53073 53703 9 0 1
53073 53703 10 0 1
!sus 1798 60326 7 3 1 attackers:1798;victims:60326;type:1;valid_origin:True;recurrent:True;local:True
1798 60326 1 0 1
1798 60326 2 0 1
1798 60326 3 0 1
1798 60326 4 1 0
1798 60326 5 1 0
1798 60326 6 1 0
1798 60326 7 1 0
1798 60326 8 1 0
1798 60326 9 1 0
1798 60326 10 1 0
!sus 34695 59829 4 6 5 attackers:59829;victims:34695;type:1;valid_origin:True;recurrent:True;local:False
34695 59829 1 0 5
34695 59829 2 1 4
34695 59829 3 1 4
34695 59829 4 2 3
34695 59829 5 3 2
34695 59829 6 3 2
34695 59829 7 2 3
34695 59829 8 3 2
34695 59829 9 2 3
34695 59829 10 3 2
!sus 26427 400511 0 10 5 attackers:400511;victims:26427;type:1;valid_origin:True;recurrent:True;local:False
26427 400511 1 0 5
26427 400511 2 0 5
26427 400511 3 0 5
26427 400511 4 0 5
26427 400511 5 0 5
26427 400511 6 0 5
26427 400511 7 0 5
26427 400511 8 0 5
26427 400511 9 0 5
26427 400511 10 0 5
!sus 19257 139341 0 10 3 attackers:139341;victims:19257;type:1;valid_origin:True;recurrent:True;local:False
19257 139341 1 0 3
19257 139341 2 0 3
19257 139341 3 0 3
19257 139341 4 0 3
19257 139341 5 0 3
19257 139341 6 1 2
19257 139341 7 0 3
19257 139341 8 1 2
19257 139341 9 1 2
19257 139341 10 1 2
!sus 9 150021 0 10 6 attackers:150021;victims:9;type:1;valid_origin:True;recurrent:True;local:False
9 150021 1 0 6
9 150021 2 0 6
9 150021 3 0 6
9 150021 4 0 6
9 150021 5 0 6
9 150021 6 0 6
9 150021 7 0 6
9 150021 8 0 6
9 150021 9 0 6
9 150021 10 0 6
!leg 262749 263903 10 0 11 attackers:263903;victims:262749;type:1;valid_origin:True;recurrent:False;local:False
262749 263903 1 11 0
262749 263903 2 11 0
262749 263903 3 11 0
262749 263903 4 11 0
262749 263903 5 11 0
262749 263903 6 11 0
262749 263903 7 11 0
262749 263903 8 11 0
262749 263903 9 11 0
262749 263903 10 11 0
!leg 701 46763 10 0 207 attackers:701;victims:46763;type:1;valid_origin:True;recurrent:False;local:False
701 46763 1 206 1
701 46763 2 206 1
701 46763 3 207 0
701 46763 4 207 0
701 46763 5 207 0
701 46763 6 207 0
701 46763 7 207 0
701 46763 8 207 0
701 46763 9 207 0
701 46763 10 207 0
!sus 61302 147028 0 10 67 attackers:61302;victims:147028;type:1;valid_origin:True;recurrent:True;local:False
61302 147028 1 0 67
61302 147028 2 0 67
61302 147028 3 0 67
61302 147028 4 0 67
61302 147028 5 0 67
61302 147028 6 0 67
61302 147028 7 0 67
61302 147028 8 1 66
61302 147028 9 0 67
61302 147028 10 5 62
!leg 53112 53184 10 0 1 attackers:53184;victims:53112;type:1;valid_origin:True;recurrent:False;local:False
53112 53184 1 1 0
53112 53184 2 1 0
53112 53184 3 1 0
53112 53184 4 1 0
53112 53184 5 1 0
53112 53184 6 1 0
53112 53184 7 1 0
53112 53184 8 1 0
53112 53184 9 1 0
53112 53184 10 1 0
!sus 49904 142616 8 2 8 attackers:142616;victims:49904;type:1;valid_origin:True;recurrent:True;local:False
49904 142616 1 8 0
49904 142616 2 8 0
49904 142616 3 5 3
49904 142616 4 0 8
49904 142616 5 6 2
49904 142616 6 8 0
49904 142616 7 6 2
49904 142616 8 3 5
49904 142616 9 8 0
49904 142616 10 8 0
!sus 1299 57829 0 10 11 attackers:1299;victims:57829;type:1;valid_origin:True;recurrent:True;local:False
1299 57829 1 0 11
1299 57829 2 0 11
1299 57829 3 0 11
1299 57829 4 0 11
1299 57829 5 0 11
1299 57829 6 0 11
1299 57829 7 1 10
1299 57829 8 0 11
1299 57829 9 0 11
1299 57829 10 0 11
!leg 3356 398733 10 0 15 attackers:3356;victims:398733;type:1;valid_origin:False;recurrent:False;local:False
3356 398733 1 15 0
3356 398733 2 15 0
3356 398733 3 15 0
3356 398733 4 15 0
3356 398733 5 15 0
3356 398733 6 15 0
3356 398733 7 15 0
3356 398733 8 15 0
3356 398733 9 15 0
3356 398733 10 15 0
!sus 207598 208548 0 10 8 attackers:208548;victims:207598;type:1;valid_origin:True;recurrent:True;local:False
207598 208548 1 0 8
207598 208548 2 0 8
207598 208548 3 0 8
207598 208548 4 0 8
207598 208548 5 0 8
207598 208548 6 0 8
207598 208548 7 0 8
207598 208548 8 0 8
207598 208548 9 0 8
207598 208548 10 0 8
!sus 7606 16509 5 5 1 attackers:7606;victims:16509;type:1;valid_origin:True;recurrent:True;local:False
7606 16509 1 0 1
7606 16509 2 0 1
7606 16509 3 0 1
7606 16509 4 0 1
7606 16509 5 0 1
7606 16509 6 1 0
7606 16509 7 1 0
7606 16509 8 1 0
7606 16509 9 1 0
7606 16509 10 1 0
!sus 52871 262706 0 10 366 attackers:262706;victims:52871;type:1;valid_origin:True;recurrent:True;local:False
52871 262706 1 1 365
52871 262706 2 14 352
52871 262706 3 24 342
52871 262706 4 33 333
52871 262706 5 51 315
52871 262706 6 56 310
52871 262706 7 46 320
52871 262706 8 55 311
52871 262706 9 49 317
52871 262706 10 100 266
!sus 30900 44477 0 10 5 attackers:30900;victims:44477;type:1;valid_origin:True;recurrent:True;local:False
30900 44477 1 0 5
30900 44477 2 0 5
30900 44477 3 0 5
30900 44477 4 0 5
30900 44477 5 0 5
30900 44477 6 0 5
30900 44477 7 0 5
30900 44477 8 0 5
30900 44477 9 0 5
30900 44477 10 0 5
!leg 36351 59554 10 0 1 attackers:36351;victims:208751;type:2;valid_origin:True;recurrent:False;local:True
36351 59554 1 1 0
36351 59554 2 1 0
36351 59554 3 1 0
36351 59554 4 1 0
36351 59554 5 1 0
36351 59554 6 1 0
36351 59554 7 1 0
36351 59554 8 1 0
36351 59554 9 1 0
36351 59554 10 1 0
!leg 51018 200865 10 0 97 attackers:51018;victims:200865;type:1;valid_origin:True;recurrent:False;local:False
51018 200865 1 97 0
51018 200865 2 97 0
51018 200865 3 97 0
51018 200865 4 97 0
51018 200865 5 97 0
51018 200865 6 97 0
51018 200865 7 97 0
51018 200865 8 97 0
51018 200865 9 97 0
51018 200865 10 97 0
!leg 32098 265602 10 0 171 attackers:32098;victims:265602;type:1;valid_origin:True;recurrent:False;local:False
32098 265602 1 154 17
32098 265602 2 171 0
32098 265602 3 168 3
32098 265602 4 169 2
32098 265602 5 171 0
32098 265602 6 171 0
32098 265602 7 171 0
32098 265602 8 171 0
32098 265602 9 171 0
32098 265602 10 171 0
!sus 18577 64100 0 10 5 attackers:18577;victims:64100;type:1;valid_origin:False;recurrent:True;local:False
18577 64100 1 0 5
18577 64100 2 0 5
18577 64100 3 0 5
18577 64100 4 0 5
18577 64100 5 0 5
18577 64100 6 0 5
18577 64100 7 0 5
18577 64100 8 0 5
18577 64100 9 0 5
18577 64100 10 0 5
!sus 138986 149522 0 10 54 attackers:149522;victims:138986;type:1;valid_origin:True;recurrent:True;local:False
138986 149522 1 25 29
138986 149522 2 0 54
138986 149522 3 0 54
138986 149522 4 0 54
138986 149522 5 0 54
138986 149522 6 0 54
138986 149522 7 0 54
138986 149522 8 0 54
138986 149522 9 0 54
138986 149522 10 0 54
!sus 269918 400317 0 10 41 attackers:400317;victims:269918;type:1;valid_origin:True;recurrent:True;local:False
269918 400317 1 4 37
269918 400317 2 4 37
269918 400317 3 4 37
269918 400317 4 4 37
269918 400317 5 4 37
269918 400317 6 4 37
269918 400317 7 4 37
269918 400317 8 4 37
269918 400317 9 4 37
269918 400317 10 4 37
!leg 10098 137557 10 0 1 attackers:137557;victims:10132;type:2;valid_origin:True;recurrent:False;local:False
10098 137557 1 1 0
10098 137557 2 1 0
10098 137557 3 1 0
10098 137557 4 1 0
10098 137557 5 1 0
10098 137557 6 1 0
10098 137557 7 1 0
10098 137557 8 1 0
10098 137557 9 1 0
10098 137557 10 1 0
!leg 58656 59249 10 0 244 attackers:58656;victims:59249;type:1;valid_origin:True;recurrent:False;local:False
58656 59249 1 244 0
58656 59249 2 244 0
58656 59249 3 244 0
58656 59249 4 244 0
58656 59249 5 244 0
58656 59249 6 244 0
58656 59249 7 244 0
58656 59249 8 244 0
58656 59249 9 244 0
58656 59249 10 244 0
!sus 32787 53184 8 2 1 attackers:53184;victims:2516;type:2;valid_origin:True;recurrent:True;local:False
32787 53184 1 0 1
32787 53184 2 0 1
32787 53184 3 1 0
32787 53184 4 1 0
32787 53184 5 1 0
32787 53184 6 1 0
32787 53184 7 1 0
32787 53184 8 1 0
32787 53184 9 1 0
32787 53184 10 1 0
!sus 6019 60139 3 7 3 attackers:60139;victims:60139;type:2;valid_origin:True;recurrent:True;local:False
6019 60139 1 3 0
6019 60139 2 3 0
6019 60139 3 0 3
6019 60139 4 3 0
6019 60139 5 0 3
6019 60139 6 0 3
6019 60139 7 0 3
6019 60139 8 0 3
6019 60139 9 0 3
6019 60139 10 0 3
!leg 13335 39216 10 0 6 attackers:39216;victims:13335,209242;type:1,2;valid_origin:True;recurrent:False;local:False
13335 39216 1 5 1
13335 39216 2 6 0
13335 39216 3 6 0
13335 39216 4 6 0
13335 39216 5 6 0
13335 39216 6 6 0
13335 39216 7 6 0
13335 39216 8 6 0
13335 39216 9 6 0
13335 39216 10 6 0
!sus 262907 268210 0 10 14 attackers:268210;victims:262907;type:1;valid_origin:True;recurrent:True;local:False
262907 268210 1 0 14
262907 268210 2 0 14
262907 268210 3 0 14
262907 268210 4 0 14
262907 268210 5 1 13
262907 268210 6 1 13
262907 268210 7 1 13
262907 268210 8 0 14
262907 268210 9 1 13
262907 268210 10 1 13
!sus 53667 209606 8 2 7 attackers:53667;victims:209606;type:1;valid_origin:True;recurrent:True;local:False
53667 209606 1 0 7
53667 209606 2 0 7
53667 209606 3 7 0
53667 209606 4 7 0
53667 209606 5 7 0
53667 209606 6 7 0
53667 209606 7 7 0
53667 209606 8 7 0
53667 209606 9 7 0
53667 209606 10 7 0
!sus 44570 202197 6 4 12 attackers:44570;victims:202197;type:1;valid_origin:True;recurrent:True;local:False
44570 202197 1 3 9
44570 202197 2 3 9
44570 202197 3 3 9
44570 202197 4 7 5
44570 202197 5 8 4
44570 202197 6 4 8
44570 202197 7 12 0
44570 202197 8 12 0
44570 202197 9 12 0
44570 202197 10 12 0
!leg 26618 32098 10 0 263 attackers:32098;victims:26618;type:1;valid_origin:True;recurrent:False;local:False
26618 32098 1 234 29
26618 32098 2 252 11
26618 32098 3 250 13
26618 32098 4 257 6
26618 32098 5 255 8
26618 32098 6 258 5
26618 32098 7 258 5
26618 32098 8 257 6
26618 32098 9 258 5
26618 32098 10 263 0
!leg 45430 131744 10 0 1 attackers:45430;victims:59288;type:5;valid_origin:True;recurrent:False;local:False
45430 131744 1 1 0
45430 131744 2 1 0
45430 131744 3 1 0
45430 131744 4 1 0
45430 131744 5 1 0
45430 131744 6 1 0
45430 131744 7 1 0
45430 131744 8 1 0
45430 131744 9 1 0
45430 131744 10 1 0
!sus 17819 134594 9 1 6 attackers:17819;victims:134594;type:1;valid_origin:True;recurrent:True;local:False
17819 134594 1 0 6
17819 134594 2 4 2
17819 134594 3 4 2
17819 134594 4 4 2
17819 134594 5 4 2
17819 134594 6 4 2
17819 134594 7 4 2
17819 134594 8 4 2
17819 134594 9 4 2
17819 134594 10 5 1
!sus 150127 150398 0 10 3 attackers:150127;victims:150398;type:1;valid_origin:False;recurrent:True;local:False
150127 150398 1 0 3
150127 150398 2 0 3
150127 150398 3 0 3
150127 150398 4 0 3
150127 150398 5 0 3
150127 150398 6 0 3
150127 150398 7 0 3
150127 150398 8 0 3
150127 150398 9 0 3
150127 150398 10 0 3
!leg 34636 49100 10 0 193 attackers:49100;victims:39308;type:2;valid_origin:True;recurrent:False;local:False
34636 49100 1 193 0
34636 49100 2 193 0
34636 49100 3 193 0
34636 49100 4 193 0
34636 49100 5 193 0
34636 49100 6 193 0
34636 49100 7 193 0
34636 49100 8 193 0
34636 49100 9 193 0
34636 49100 10 193 0
!sus 263761 272853 0 10 5 attackers:263761;victims:272853;type:1;valid_origin:True;recurrent:True;local:False
263761 272853 1 0 5
263761 272853 2 0 5
263761 272853 3 0 5
263761 272853 4 0 5
263761 272853 5 0 5
263761 272853 6 1 4
263761 272853 7 0 5
263761 272853 8 1 4
263761 272853 9 0 5
263761 272853 10 0 5
!leg 17494 149829 10 0 323 attackers:17494;victims:149829;type:1;valid_origin:False;recurrent:False;local:False
17494 149829 1 319 4
17494 149829 2 321 2
17494 149829 3 321 2
17494 149829 4 323 0
17494 149829 5 323 0
17494 149829 6 323 0
17494 149829 7 323 0
17494 149829 8 323 0
17494 149829 9 323 0
17494 149829 10 323 0
!sus 16509 55644 0 10 552 attackers:55644;victims:16509;type:1;valid_origin:True;recurrent:True;local:False
16509 55644 1 0 552
16509 55644 2 0 552
16509 55644 3 3 549
16509 55644 4 11 541
16509 55644 5 11 541
16509 55644 6 11 541
16509 55644 7 12 540
16509 55644 8 24 528
16509 55644 9 23 529
16509 55644 10 18 534
!sus 132335 206216 9 1 1018 attackers:132335;victims:206216;type:1;valid_origin:True;recurrent:True;local:False
132335 206216 1 0 1018
132335 206216 2 864 154
132335 206216 3 1003 15
132335 206216 4 1018 0
132335 206216 5 1018 0
132335 206216 6 1018 0
132335 206216 7 1018 0
132335 206216 8 1018 0
132335 206216 9 1018 0
132335 206216 10 1018 0
!sus 174 56327 0 10 8 attackers:174;victims:50627,212938,199042,56327;type:1,2;valid_origin:False;recurrent:True;local:False
174 56327 1 1 7
174 56327 2 1 7
174 56327 3 1 7
174 56327 4 1 7
174 56327 5 1 7
174 56327 6 2 6
174 56327 7 1 7
174 56327 8 2 6
174 56327 9 2 6
174 56327 10 2 6
!sus 32934 39216 2 8 3 attackers:39216;victims:32934;type:1;valid_origin:True;recurrent:False;local:False
32934 39216 1 0 3
32934 39216 2 0 3
32934 39216 3 0 3
32934 39216 4 0 3
32934 39216 5 0 3
32934 39216 6 0 3
32934 39216 7 2 1
32934 39216 8 0 3
32934 39216 9 2 1
32934 39216 10 1 2
!sus 50058 213367 2 8 122 attackers:50058;victims:213367;type:1;valid_origin:True;recurrent:True;local:False
50058 213367 1 0 122
50058 213367 2 0 122
50058 213367 3 4 118
50058 213367 4 4 118
50058 213367 5 3 119
50058 213367 6 12 110
50058 213367 7 11 111
50058 213367 8 30 92
50058 213367 9 112 10
50058 213367 10 103 19
!sus 137409 207841 0 10 1 attackers:207841;victims:137409;type:1;valid_origin:True;recurrent:True;local:True
137409 207841 1 0 1
137409 207841 2 0 1
137409 207841 3 0 1
137409 207841 4 0 1
137409 207841 5 0 1
137409 207841 6 0 1
137409 207841 7 0 1
137409 207841 8 0 1
137409 207841 9 0 1
137409 207841 10 0 1
!sus 272112 272882 0 10 13 attackers:272112;victims:272882;type:1;valid_origin:True;recurrent:True;local:False
272112 272882 1 0 13
272112 272882 2 0 13
272112 272882 3 0 13
272112 272882 4 0 13
272112 272882 5 0 13
272112 272882 6 0 13
272112 272882 7 0 13
272112 272882 8 0 13
272112 272882 9 0 13
272112 272882 10 0 13
!leg 9790 58941 10 0 1 attackers:58941;victims:23977;type:3;valid_origin:True;recurrent:False;local:False
9790 58941 1 1 0
9790 58941 2 1 0
9790 58941 3 1 0
9790 58941 4 1 0
9790 58941 5 1 0
9790 58941 6 1 0
9790 58941 7 1 0
9790 58941 8 1 0
9790 58941 9 1 0
9790 58941 10 1 0
!leg 263903 264162 10 0 123 attackers:263903;victims:264162;type:1;valid_origin:True;recurrent:False;local:False
263903 264162 1 111 12
263903 264162 2 121 2
263903 264162 3 123 0
263903 264162 4 123 0
263903 264162 5 123 0
263903 264162 6 123 0
263903 264162 7 123 0
263903 264162 8 123 0
263903 264162 9 123 0
263903 264162 10 123 0
!leg 52777 263903 10 0 2 attackers:263903;victims:28135;type:2;valid_origin:True;recurrent:False;local:False
52777 263903 1 2 0
52777 263903 2 2 0
52777 263903 3 2 0
52777 263903 4 2 0
52777 263903 5 2 0
52777 263903 6 2 0
52777 263903 7 2 0
52777 263903 8 2 0
52777 263903 9 2 0
52777 263903 10 2 0
!sus 50058 202222 0 10 490 attackers:50058;victims:202222;type:1;valid_origin:True;recurrent:True;local:False
50058 202222 1 0 490
50058 202222 2 0 490
50058 202222 3 0 490
50058 202222 4 0 490
50058 202222 5 0 490
50058 202222 6 0 490
50058 202222 7 0 490
50058 202222 8 0 490
50058 202222 9 2 488
50058 202222 10 4 486
!leg 174 19771 10 0 442 attackers:174;victims:19771;type:1;valid_origin:True;recurrent:False;local:False
174 19771 1 442 0
174 19771 2 442 0
174 19771 3 442 0
174 19771 4 442 0
174 19771 5 442 0
174 19771 6 442 0
174 19771 7 442 0
174 19771 8 442 0
174 19771 9 442 0
174 19771 10 442 0
!sus 40676 204213 9 1 240 attackers:40676;victims:204213;type:1;valid_origin:True;recurrent:True;local:False
40676 204213 1 2 238
40676 204213 2 159 81
40676 204213 3 189 51
40676 204213 4 213 27
40676 204213 5 223 17
40676 204213 6 235 5
40676 204213 7 235 5
40676 204213 8 239 1
40676 204213 9 239 1
40676 204213 10 239 1
!leg 49100 57218 10 0 599 attackers:49100;victims:25124;type:2;valid_origin:True;recurrent:False;local:False
49100 57218 1 599 0
49100 57218 2 599 0
49100 57218 3 599 0
49100 57218 4 599 0
49100 57218 5 599 0
49100 57218 6 599 0
49100 57218 7 599 0
49100 57218 8 599 0
49100 57218 9 599 0
49100 57218 10 599 0
!sus 1 3356 0 10 8 attackers:3356;victims:46652,14061;type:2,3;valid_origin:True;recurrent:True;local:False
1 3356 1 0 8
1 3356 2 0 8
1 3356 3 0 8
1 3356 4 0 8
1 3356 5 0 8
1 3356 6 1 7
1 3356 7 1 7
1 3356 8 1 7
1 3356 9 1 7
1 3356 10 1 7
!sus 394144 395231 0 10 12 attackers:394144;victims:395231;type:1;valid_origin:True;recurrent:True;local:False
394144 395231 1 0 12
394144 395231 2 0 12
394144 395231 3 0 12
394144 395231 4 0 12
394144 395231 5 0 12
394144 395231 6 0 12
394144 395231 7 0 12
394144 395231 8 0 12
394144 395231 9 0 12
394144 395231 10 0 12
!sus 24429 58470 0 10 15 attackers:58470;victims:24429;type:1;valid_origin:True;recurrent:True;local:False
24429 58470 1 0 15
24429 58470 2 0 15
24429 58470 3 0 15
24429 58470 4 0 15
24429 58470 5 0 15
24429 58470 6 1 14
24429 58470 7 3 12
24429 58470 8 2 13
24429 58470 9 5 10
24429 58470 10 1 14
!leg 268955 270573 10 0 55 attackers:268955;victims:270573;type:1;valid_origin:True;recurrent:True;local:False
268955 270573 1 28 27
268955 270573 2 51 4
268955 270573 3 53 2
268955 270573 4 47 8
268955 270573 5 55 0
268955 270573 6 55 0
268955 270573 7 55 0
268955 270573 8 55 0
268955 270573 9 55 0
268955 270573 10 55 0
!sus 39421 204186 0 10 7 attackers:39421;victims:204186;type:1;valid_origin:True;recurrent:True;local:False
39421 204186 1 0 7
39421 204186 2 0 7
39421 204186 3 0 7
39421 204186 4 0 7
39421 204186 5 0 7
39421 204186 6 1 6
39421 204186 7 1 6
39421 204186 8 1 6
39421 204186 9 1 6
39421 204186 10 1 6
!leg 52320 328146 10 0 2 attackers:52320;victims:328146;type:1;valid_origin:True;recurrent:False;local:False
52320 328146 1 2 0
52320 328146 2 2 0
52320 328146 3 2 0
52320 328146 4 2 0
52320 328146 5 2 0
52320 328146 6 2 0
52320 328146 7 2 0
52320 328146 8 2 0
52320 328146 9 2 0
52320 328146 10 2 0
!sus 61302 146989 0 10 301 attackers:61302;victims:147002;type:2;valid_origin:True;recurrent:True;local:False
61302 146989 1 1 300
61302 146989 2 26 275
61302 146989 3 20 281
61302 146989 4 118 183
61302 146989 5 26 275
61302 146989 6 26 275
61302 146989 7 24 277
61302 146989 8 3 298
61302 146989 9 19 282
61302 146989 10 67 234
!sus 45903 133210 5 5 1 attackers:133210;victims:45903;type:1;valid_origin:True;recurrent:True;local:False
45903 133210 1 0 1
45903 133210 2 0 1
45903 133210 3 0 1
45903 133210 4 0 1
45903 133210 5 0 1
45903 133210 6 1 0
45903 133210 7 1 0
45903 133210 8 1 0
45903 133210 9 1 0
45903 133210 10 1 0
!leg 268430 270309 10 0 5 attackers:268430;victims:270309;type:1;valid_origin:True;recurrent:True;local:False
268430 270309 1 3 2
268430 270309 2 3 2
268430 270309 3 3 2
268430 270309 4 3 2
268430 270309 5 3 2
268430 270309 6 3 2
268430 270309 7 3 2
268430 270309 8 3 2
268430 270309 9 4 1
268430 270309 10 4 1
!sus 50058 211685 0 10 6 attackers:50058;victims:211685;type:1;valid_origin:True;recurrent:True;local:False
50058 211685 1 0 6
50058 211685 2 0 6
50058 211685 3 0 6
50058 211685 4 0 6
50058 211685 5 0 6
50058 211685 6 0 6
50058 211685 7 0 6
50058 211685 8 0 6
50058 211685 9 0 6
50058 211685 10 0 6
!leg 7057 11700 10 0 25 attackers:7057;victims:11700;type:1;valid_origin:True;recurrent:False;local:False
7057 11700 1 25 0
7057 11700 2 25 0
7057 11700 3 25 0
7057 11700 4 25 0
7057 11700 5 25 0
7057 11700 6 25 0
7057 11700 7 25 0
7057 11700 8 25 0
7057 11700 9 25 0
7057 11700 10 25 0
!leg 23671 59276 10 0 64 attackers:23671;victims:59276;type:1;valid_origin:True;recurrent:False;local:False
23671 59276 1 64 0
23671 59276 2 64 0
23671 59276 3 64 0
23671 59276 4 64 0
23671 59276 5 64 0
23671 59276 6 64 0
23671 59276 7 64 0
23671 59276 8 64 0
23671 59276 9 64 0
23671 59276 10 64 0
!sus 203458 206016 9 1 2 attackers:203458;victims:203967;type:3;valid_origin:True;recurrent:False;local:False
203458 206016 1 1 1
203458 206016 2 2 0
203458 206016 3 2 0
203458 206016 4 2 0
203458 206016 5 2 0
203458 206016 6 2 0
203458 206016 7 2 0
203458 206016 8 2 0
203458 206016 9 2 0
203458 206016 10 2 0
!sus 61302 142031 2 8 245 attackers:61302;victims:38281,142031,142158;type:1,2;valid_origin:True;recurrent:True;local:False
61302 142031 1 44 201
61302 142031 2 108 137
61302 142031 3 115 130
61302 142031 4 245 0
61302 142031 5 216 29
61302 142031 6 71 174
61302 142031 7 96 149
61302 142031 8 58 187
61302 142031 9 66 179
61302 142031 10 68 177
!sus 131171 209988 0 10 24 attackers:131171;victims:209988;type:1;valid_origin:True;recurrent:True;local:False
131171 209988 1 0 24
131171 209988 2 0 24
131171 209988 3 0 24
131171 209988 4 0 24
131171 209988 5 0 24
131171 209988 6 0 24
131171 209988 7 0 24
131171 209988 8 0 24
131171 209988 9 0 24
131171 209988 10 0 24
!sus 9232 62853 0 10 8 attackers:62853;victims:9232;type:1;valid_origin:True;recurrent:True;local:False
9232 62853 1 0 8
9232 62853 2 0 8
9232 62853 3 0 8
9232 62853 4 0 8
9232 62853 5 0 8
9232 62853 6 0 8
9232 62853 7 0 8
9232 62853 8 0 8
9232 62853 9 0 8
9232 62853 10 0 8
!leg 133311 135848 10 0 60 attackers:135848;victims:150079;type:3;valid_origin:True;recurrent:False;local:False
133311 135848 1 60 0
133311 135848 2 60 0
133311 135848 3 60 0
133311 135848 4 60 0
133311 135848 5 60 0
133311 135848 6 60 0
133311 135848 7 60 0
133311 135848 8 60 0
133311 135848 9 60 0
133311 135848 10 60 0
!sus 266490 272757 0 10 9 attackers:272757;victims:266490;type:1;valid_origin:True;recurrent:True;local:False
266490 272757 1 2 7
266490 272757 2 2 7
266490 272757 3 2 7
266490 272757 4 2 7
266490 272757 5 2 7
266490 272757 6 2 7
266490 272757 7 2 7
266490 272757 8 2 7
266490 272757 9 2 7
266490 272757 10 2 7
!leg 35758 50673 10 0 239 attackers:50673;victims:35758;type:1;valid_origin:True;recurrent:False;local:False
35758 50673 1 209 30
35758 50673 2 222 17
35758 50673 3 233 6
35758 50673 4 232 7
35758 50673 5 232 7
35758 50673 6 233 6
35758 50673 7 234 5
35758 50673 8 236 3
35758 50673 9 235 4
35758 50673 10 238 1
!sus 1273 42385 0 10 5 attackers:1273;victims:42385;type:1;valid_origin:True;recurrent:True;local:False
1273 42385 1 0 5
1273 42385 2 0 5
1273 42385 3 0 5
1273 42385 4 0 5
1273 42385 5 1 4
1273 42385 6 2 3
1273 42385 7 1 4
1273 42385 8 1 4
1273 42385 9 2 3
1273 42385 10 2 3
!leg 12713 43142 10 0 1 attackers:12713;victims:60502;type:2;valid_origin:True;recurrent:False;local:False
12713 43142 1 1 0
12713 43142 2 1 0
12713 43142 3 1 0
12713 43142 4 1 0
12713 43142 5 1 0
12713 43142 6 1 0
12713 43142 7 1 0
12713 43142 8 1 0
12713 43142 9 1 0
12713 43142 10 1 0
!leg 4826 45179 10 0 1 attackers:4826;victims:45179;type:1;valid_origin:True;recurrent:False;local:False
4826 45179 1 1 0
4826 45179 2 1 0
4826 45179 3 1 0
4826 45179 4 1 0
4826 45179 5 1 0
4826 45179 6 1 0
4826 45179 7 1 0
4826 45179 8 1 0
4826 45179 9 1 0
4826 45179 10 1 0
!leg 38320 55701 10 0 1 attackers:38320;victims:45316;type:2;valid_origin:True;recurrent:False;local:False
38320 55701 1 1 0
38320 55701 2 1 0
38320 55701 3 1 0
38320 55701 4 1 0
38320 55701 5 1 0
38320 55701 6 1 0
38320 55701 7 1 0
38320 55701 8 1 0
38320 55701 9 1 0
38320 55701 10 1 0
!leg 22356 270738 10 0 1 attackers:22356;victims:7575;type:5;valid_origin:True;recurrent:False;local:False
22356 270738 1 1 0
22356 270738 2 1 0
22356 270738 3 1 0
22356 270738 4 1 0
22356 270738 5 1 0
22356 270738 6 1 0
22356 270738 7 1 0
22356 270738 8 1 0
22356 270738 9 1 0
22356 270738 10 1 0
!sus 55933 62853 1 9 8 attackers:55933;victims:9232;type:2;valid_origin:True;recurrent:True;local:False
55933 62853 1 0 8
55933 62853 2 7 1
55933 62853 3 0 8
55933 62853 4 0 8
55933 62853 5 2 6
55933 62853 6 0 8
55933 62853 7 1 7
55933 62853 8 1 7
55933 62853 9 1 7
55933 62853 10 1 7
!sus 62864 400506 0 10 11 attackers:400506;victims:62864;type:1;valid_origin:False;recurrent:True;local:False
62864 400506 1 0 11
62864 400506 2 0 11
62864 400506 3 0 11
62864 400506 4 0 11
62864 400506 5 0 11
62864 400506 6 0 11
62864 400506 7 0 11
62864 400506 8 0 11
62864 400506 9 0 11
62864 400506 10 0 11
!sus 44477 200590 8 2 24 attackers:200590;victims:44477;type:1;valid_origin:False;recurrent:True;local:False
44477 200590 1 0 24
44477 200590 2 1 23
44477 200590 3 23 1
44477 200590 4 23 1
44477 200590 5 24 0
44477 200590 6 24 0
44477 200590 7 24 0
44477 200590 8 24 0
44477 200590 9 24 0
44477 200590 10 24 0
!sus 50058 212270 9 1 29 attackers:50058;victims:212270;type:1;valid_origin:True;recurrent:True;local:False
50058 212270 1 14 15
50058 212270 2 26 3
50058 212270 3 28 1
50058 212270 4 29 0
50058 212270 5 29 0
50058 212270 6 29 0
50058 212270 7 29 0
50058 212270 8 29 0
50058 212270 9 29 0
50058 212270 10 29 0
!sus 56047 131562 0 10 19 attackers:56047;victims:131562;type:1;valid_origin:True;recurrent:True;local:False
56047 131562 1 0 19
56047 131562 2 0 19
56047 131562 3 0 19
56047 131562 4 0 19
56047 131562 5 0 19
56047 131562 6 0 19
56047 131562 7 0 19
56047 131562 8 0 19
56047 131562 9 0 19
56047 131562 10 0 19
!sus 150184 206016 0 10 84 attackers:206016;victims:150184;type:1;valid_origin:True;recurrent:True;local:False
150184 206016 1 0 84
150184 206016 2 0 84
150184 206016 3 0 84
150184 206016 4 0 84
150184 206016 5 1 83
150184 206016 6 0 84
150184 206016 7 0 84
150184 206016 8 2 82
150184 206016 9 11 73
150184 206016 10 11 73
!sus 8714 41000 9 1 3 attackers:8714;victims:41000;type:1;valid_origin:True;recurrent:False;local:False
8714 41000 1 1 2
8714 41000 2 2 1
8714 41000 3 2 1
8714 41000 4 3 0
8714 41000 5 3 0
8714 41000 6 3 0
8714 41000 7 3 0
8714 41000 8 3 0
8714 41000 9 3 0
8714 41000 10 3 0
!leg 142551 149292 10 0 1 attackers:142551;victims:149292;type:1;valid_origin:True;recurrent:False;local:False
142551 149292 1 1 0
142551 149292 2 1 0
142551 149292 3 1 0
142551 149292 4 1 0
142551 149292 5 1 0
142551 149292 6 1 0
142551 149292 7 1 0
142551 149292 8 1 0
142551 149292 9 1 0
142551 149292 10 1 0
!sus 35619 132335 6 4 19 attackers:132335;victims:35619;type:1;valid_origin:True;recurrent:True;local:False
35619 132335 1 1 18
35619 132335 2 2 17
35619 132335 3 8 11
35619 132335 4 9 10
35619 132335 5 19 0
35619 132335 6 19 0
35619 132335 7 19 0
35619 132335 8 19 0
35619 132335 9 19 0
35619 132335 10 19 0
!sus 16509 139464 6 4 1 attackers:139464;victims:16509;type:1;valid_origin:True;recurrent:True;local:False
16509 139464 1 0 1
16509 139464 2 0 1
16509 139464 3 0 1
16509 139464 4 0 1
16509 139464 5 1 0
16509 139464 6 1 0
16509 139464 7 1 0
16509 139464 8 1 0
16509 139464 9 1 0
16509 139464 10 1 0
!sus 24723 197427 9 1 2 attackers:24723;victims:197427;type:1;valid_origin:True;recurrent:True;local:False
24723 197427 1 0 2
24723 197427 2 2 0
24723 197427 3 2 0
24723 197427 4 2 0
24723 197427 5 2 0
24723 197427 6 2 0
24723 197427 7 2 0
24723 197427 8 2 0
24723 197427 9 2 0
24723 197427 10 2 0
!sus 1221 1828 0 10 1 attackers:1221;victims:140905;type:2;valid_origin:True;recurrent:True;local:False
1221 1828 1 0 1
1221 1828 2 0 1
1221 1828 3 0 1
1221 1828 4 0 1
1221 1828 5 0 1
1221 1828 6 0 1
1221 1828 7 0 1
1221 1828 8 0 1
1221 1828 9 0 1
1221 1828 10 0 1
!sus 3573 6799 1 9 6 attackers:6799;victims:3573;type:1;valid_origin:True;recurrent:True;local:False
3573 6799 1 0 6
3573 6799 2 0 6
3573 6799 3 0 6
3573 6799 4 0 6
3573 6799 5 2 4
3573 6799 6 4 2
3573 6799 7 1 5
3573 6799 8 2 4
3573 6799 9 2 4
3573 6799 10 2 4
!leg 58945 137704 10 0 182 attackers:58945;victims:137704;type:1;valid_origin:True;recurrent:False;local:False
58945 137704 1 182 0
58945 137704 2 182 0
58945 137704 3 182 0
58945 137704 4 182 0
58945 137704 5 182 0
58945 137704 6 182 0
58945 137704 7 182 0
58945 137704 8 182 0
58945 137704 9 182 0
58945 137704 10 182 0
!leg 38235 132730 10 0 139 attackers:38235;victims:132730;type:1;valid_origin:True;recurrent:False;local:False
38235 132730 1 139 0
38235 132730 2 139 0
38235 132730 3 139 0
38235 132730 4 139 0
38235 132730 5 139 0
38235 132730 6 139 0
38235 132730 7 139 0
38235 132730 8 139 0
38235 132730 9 139 0
38235 132730 10 139 0
!leg 41000 137409 10 0 1 attackers:137409;victims:41000;type:1;valid_origin:True;recurrent:False;local:False
41000 137409 1 1 0
41000 137409 2 1 0
41000 137409 3 1 0
41000 137409 4 1 0
41000 137409 5 1 0
41000 137409 6 1 0
41000 137409 7 1 0
41000 137409 8 1 0
41000 137409 9 1 0
41000 137409 10 1 0
!sus 5377 37101 2 8 5 attackers:5377;victims:37101;type:1;valid_origin:True;recurrent:True;local:False
5377 37101 1 0 5
5377 37101 2 0 5
5377 37101 3 0 5
5377 37101 4 0 5
5377 37101 5 0 5
5377 37101 6 1 4
5377 37101 7 0 5
5377 37101 8 2 3
5377 37101 9 5 0
5377 37101 10 3 2
!leg 25424 44001 10 0 2 attackers:25424;victims:44001;type:1;valid_origin:True;recurrent:False;local:False
25424 44001 1 2 0
25424 44001 2 2 0
25424 44001 3 2 0
25424 44001 4 2 0
25424 44001 5 2 0
25424 44001 6 2 0
25424 44001 7 2 0
25424 44001 8 2 0
25424 44001 9 2 0
25424 44001 10 2 0
!sus 33711 61573 8 2 8 attackers:61573;victims:33711;type:1;valid_origin:True;recurrent:True;local:False
33711 61573 1 8 0
33711 61573 2 4 4
33711 61573 3 6 2
33711 61573 4 5 3
33711 61573 5 6 2
33711 61573 6 4 4
33711 61573 7 8 0
33711 61573 8 8 0
33711 61573 9 6 2
33711 61573 10 8 0
!sus 137409 270735 6 4 2405 attackers:137409;victims:265728,28223,262490,263601,265147,267080,265245,263284,268085,61512,52584,268687;type:2,3;valid_origin:True;recurrent:True;local:False
137409 270735 1 704 1701
137409 270735 2 876 1529
137409 270735 3 1075 1330
137409 270735 4 1133 1272
137409 270735 5 1601 804
137409 270735 6 1910 495
137409 270735 7 2005 400
137409 270735 8 2189 216
137409 270735 9 2062 343
137409 270735 10 2161 244
!sus 37100 329021 9 1 1 attackers:37100;victims:329021;type:1;valid_origin:True;recurrent:True;local:False
37100 329021 1 0 1
37100 329021 2 1 0
37100 329021 3 1 0
37100 329021 4 1 0
37100 329021 5 1 0
37100 329021 6 1 0
37100 329021 7 1 0
37100 329021 8 1 0
37100 329021 9 1 0
37100 329021 10 1 0
!sus 8928 48339 7 3 2 attackers:48339;victims:8547;type:4;valid_origin:True;recurrent:False;local:False
8928 48339 1 0 2
8928 48339 2 1 1
8928 48339 3 1 1
8928 48339 4 2 0
8928 48339 5 2 0
8928 48339 6 2 0
8928 48339 7 2 0
8928 48339 8 2 0
8928 48339 9 2 0
8928 48339 10 2 0
!sus 262745 268910 0 10 5 attackers:268910;victims:262745;type:1;valid_origin:True;recurrent:True;local:False
262745 268910 1 1 4
262745 268910 2 1 4
262745 268910 3 1 4
262745 268910 4 1 4
262745 268910 5 1 4
262745 268910 6 2 3
262745 268910 7 1 4
262745 268910 8 1 4
262745 268910 9 1 4
262745 268910 10 2 3
!sus 202412 205329 0 10 21 attackers:205329;victims:202412;type:1;valid_origin:True;recurrent:True;local:False
202412 205329 1 3 18
202412 205329 2 2 19
202412 205329 3 3 18
202412 205329 4 1 20
202412 205329 5 3 18
202412 205329 6 0 21
202412 205329 7 1 20
202412 205329 8 3 18
202412 205329 9 3 18
202412 205329 10 0 21
!sus 10 328032 0 10 1 attackers:328032;victims:10;type:1;valid_origin:False;recurrent:True;local:False
10 328032 1 0 1
10 328032 2 0 1
10 328032 3 0 1
10 328032 4 0 1
10 328032 5 0 1
10 328032 6 0 1
10 328032 7 0 1
10 328032 8 0 1
10 328032 9 0 1
10 328032 10 0 1
!sus 268636 270818 0 10 10 attackers:268636;victims:270818;type:1;valid_origin:True;recurrent:True;local:False
268636 270818 1 3 7
268636 270818 2 3 7
268636 270818 3 3 7
268636 270818 4 3 7
268636 270818 5 3 7
268636 270818 6 3 7
268636 270818 7 3 7
268636 270818 8 3 7
268636 270818 9 3 7
268636 270818 10 3 7
!leg 2715 263903 10 0 8 attackers:263903;victims:262829;type:2;valid_origin:True;recurrent:False;local:False
2715 263903 1 8 0
2715 263903 2 8 0
2715 263903 3 8 0
2715 263903 4 8 0
2715 263903 5 8 0
2715 263903 6 8 0
2715 263903 7 8 0
2715 263903 8 8 0
2715 263903 9 8 0
2715 263903 10 8 0
!leg 13150 24889 10 0 1 attackers:24889;victims:13150;type:1;valid_origin:True;recurrent:False;local:False
13150 24889 1 1 0
13150 24889 2 1 0
13150 24889 3 1 0
13150 24889 4 1 0
13150 24889 5 1 0
13150 24889 6 1 0
13150 24889 7 1 0
13150 24889 8 1 0
13150 24889 9 1 0
13150 24889 10 1 0
!sus 13335 55821 0 10 14 attackers:55821;victims:13335;type:1;valid_origin:True;recurrent:True;local:False
13335 55821 1 1 13
13335 55821 2 1 13
13335 55821 3 1 13
13335 55821 4 2 12
13335 55821 5 3 11
13335 55821 6 2 12
13335 55821 7 3 11
13335 55821 8 2 12
13335 55821 9 3 11
13335 55821 10 4 10
!sus 28263 263641 0 10 2 attackers:28263;victims:264510,23106;type:2,3;valid_origin:True;recurrent:True;local:False
28263 263641 1 1 1
28263 263641 2 1 1
28263 263641 3 1 1
28263 263641 4 1 1
28263 263641 5 1 1
28263 263641 6 1 1
28263 263641 7 1 1
28263 263641 8 1 1
28263 263641 9 1 1
28263 263641 10 1 1
!leg 8530 12713 10 0 1 attackers:12713;victims:8530;type:1;valid_origin:True;recurrent:False;local:False
8530 12713 1 1 0
8530 12713 2 1 0
8530 12713 3 1 0
8530 12713 4 1 0
8530 12713 5 1 0
8530 12713 6 1 0
8530 12713 7 1 0
8530 12713 8 1 0
8530 12713 9 1 0
8530 12713 10 1 0
!sus 44477 49434 8 2 48 attackers:49434;victims:44477;type:1;valid_origin:True;recurrent:True;local:False
44477 49434 1 7 41
44477 49434 2 14 34
44477 49434 3 40 8
44477 49434 4 43 5
44477 49434 5 44 4
44477 49434 6 45 3
44477 49434 7 45 3
44477 49434 8 46 2
44477 49434 9 47 1
44477 49434 10 46 2
!leg 134478 204508 10 0 140 attackers:134478;victims:204508;type:1;valid_origin:True;recurrent:False;local:False
134478 204508 1 140 0
134478 204508 2 140 0
134478 204508 3 140 0
134478 204508 4 140 0
134478 204508 5 140 0
134478 204508 6 140 0
134478 204508 7 140 0
134478 204508 8 139 1
134478 204508 9 140 0
134478 204508 10 140 0
!leg 15169 53184 10 0 1 attackers:53184;victims:395973;type:2;valid_origin:True;recurrent:False;local:False
15169 53184 1 1 0
15169 53184 2 1 0
15169 53184 3 1 0
15169 53184 4 1 0
15169 53184 5 1 0
15169 53184 6 1 0
15169 53184 7 1 0
15169 53184 8 1 0
15169 53184 9 1 0
15169 53184 10 1 0
!leg 9002 23951 10 0 1 attackers:9002;victims:23951;type:1;valid_origin:True;recurrent:False;local:False
9002 23951 1 1 0
9002 23951 2 1 0
9002 23951 3 1 0
9002 23951 4 1 0
9002 23951 5 1 0
9002 23951 6 1 0
9002 23951 7 1 0
9002 23951 8 1 0
9002 23951 9 1 0
9002 23951 10 1 0
!leg 5650 397632 10 0 76 attackers:5650;victims:397632;type:1;valid_origin:True;recurrent:False;local:False
5650 397632 1 76 0
5650 397632 2 76 0
5650 397632 3 76 0
5650 397632 4 76 0
5650 397632 5 76 0
5650 397632 6 76 0
5650 397632 7 76 0
5650 397632 8 76 0
5650 397632 9 76 0
5650 397632 10 76 0
!sus 270966 272460 0 10 4 attackers:272460;victims:270966;type:1;valid_origin:True;recurrent:True;local:False
270966 272460 1 0 4
270966 272460 2 0 4
270966 272460 3 0 4
270966 272460 4 0 4
270966 272460 5 0 4
270966 272460 6 0 4
270966 272460 7 0 4
270966 272460 8 0 4
270966 272460 9 0 4
270966 272460 10 0 4
!sus 44570 62485 5 5 21 attackers:44570;victims:62485;type:1;valid_origin:True;recurrent:True;local:False
44570 62485 1 0 21
44570 62485 2 0 21
44570 62485 3 0 21
44570 62485 4 2 19
44570 62485 5 11 10
44570 62485 6 0 21
44570 62485 7 20 1
44570 62485 8 20 1
44570 62485 9 20 1
44570 62485 10 21 0
!sus 3324 12479 8 2 6 attackers:12479;victims:3324;type:1;valid_origin:True;recurrent:True;local:False
3324 12479 1 1 5
3324 12479 2 3 3
3324 12479 3 6 0
3324 12479 4 6 0
3324 12479 5 6 0
3324 12479 6 6 0
3324 12479 7 6 0
3324 12479 8 6 0
3324 12479 9 6 0
3324 12479 10 6 0
!sus 393294 399823 0 10 8 attackers:393294;victims:399823;type:1;valid_origin:True;recurrent:True;local:False
393294 399823 1 0 8
393294 399823 2 0 8
393294 399823 3 0 8
393294 399823 4 0 8
393294 399823 5 0 8
393294 399823 6 0 8
393294 399823 7 0 8
393294 399823 8 0 8
393294 399823 9 0 8
393294 399823 10 0 8
!sus 142553 202888 0 10 2 attackers:202888;victims:142553;type:1;valid_origin:True;recurrent:True;local:False
142553 202888 1 0 2
142553 202888 2 0 2
142553 202888 3 0 2
142553 202888 4 0 2
142553 202888 5 0 2
142553 202888 6 0 2
142553 202888 7 0 2
142553 202888 8 1 1
142553 202888 9 0 2
142553 202888 10 1 1
!leg 53667 209489 10 0 309 attackers:53667;victims:209489;type:1;valid_origin:True;recurrent:False;local:False
53667 209489 1 278 31
53667 209489 2 307 2
53667 209489 3 273 36
53667 209489 4 287 22
53667 209489 5 286 23
53667 209489 6 306 3
53667 209489 7 309 0
53667 209489 8 305 4
53667 209489 9 282 27
53667 209489 10 304 5
!leg 174 32136 10 0 108 attackers:174;victims:32136;type:1;valid_origin:True;recurrent:False;local:False
174 32136 1 108 0
174 32136 2 108 0
174 32136 3 108 0
174 32136 4 108 0
174 32136 5 108 0
174 32136 6 108 0
174 32136 7 108 0
174 32136 8 108 0
174 32136 9 108 0
174 32136 10 108 0
!sus 268430 272683 1 9 5 attackers:268430;victims:272683;type:1;valid_origin:True;recurrent:True;local:False
268430 272683 1 1 4
268430 272683 2 1 4
268430 272683 3 1 4
268430 272683 4 1 4
268430 272683 5 1 4
268430 272683 6 1 4
268430 272683 7 1 4
268430 272683 8 1 4
268430 272683 9 3 2
268430 272683 10 1 4
!leg 28665 53184 10 0 1 attackers:53184;victims:28665;type:1;valid_origin:True;recurrent:False;local:False
28665 53184 1 1 0
28665 53184 2 1 0
28665 53184 3 1 0
28665 53184 4 1 0
28665 53184 5 1 0
28665 53184 6 1 0
28665 53184 7 1 0
28665 53184 8 1 0
28665 53184 9 1 0
28665 53184 10 1 0
!sus 26449 264498 0 10 1 attackers:264498;victims:270867;type:2;valid_origin:True;recurrent:True;local:False
26449 264498 1 0 1
26449 264498 2 0 1
26449 264498 3 0 1
26449 264498 4 0 1
26449 264498 5 0 1
26449 264498 6 0 1
26449 264498 7 0 1
26449 264498 8 0 1
26449 264498 9 0 1
26449 264498 10 0 1
!sus 3573 44381 0 10 10 attackers:44381;victims:3573;type:1;valid_origin:True;recurrent:True;local:False
3573 44381 1 0 10
3573 44381 2 0 10
3573 44381 3 1 9
3573 44381 4 2 8
3573 44381 5 2 8
3573 44381 6 2 8
3573 44381 7 3 7
3573 44381 8 2 8
3573 44381 9 5 5
3573 44381 10 5 5
!sus 8854 56766 0 10 80 attackers:8854;victims:56766;type:1;valid_origin:True;recurrent:True;local:False
8854 56766 1 0 80
8854 56766 2 0 80
8854 56766 3 0 80
8854 56766 4 0 80
8854 56766 5 0 80
8854 56766 6 0 80
8854 56766 7 0 80
8854 56766 8 0 80
8854 56766 9 0 80
8854 56766 10 0 80
!leg 58629 58778 10 0 150 attackers:58629;victims:133034;type:3;valid_origin:True;recurrent:False;local:False
58629 58778 1 150 0
58629 58778 2 150 0
58629 58778 3 150 0
58629 58778 4 150 0
58629 58778 5 150 0
58629 58778 6 150 0
58629 58778 7 150 0
58629 58778 8 150 0
58629 58778 9 150 0
58629 58778 10 150 0
!leg 6695 206313 10 0 1 attackers:6695;victims:206313;type:1;valid_origin:True;recurrent:False;local:False
6695 206313 1 1 0
6695 206313 2 1 0
6695 206313 3 1 0
6695 206313 4 1 0
6695 206313 5 1 0
6695 206313 6 1 0
6695 206313 7 1 0
6695 206313 8 1 0
6695 206313 9 1 0
6695 206313 10 1 0
!sus 138070 138072 0 10 25 attackers:138070;victims:138072;type:1;valid_origin:True;recurrent:True;local:False
138070 138072 1 0 25
138070 138072 2 0 25
138070 138072 3 0 25
138070 138072 4 0 25
138070 138072 5 0 25
138070 138072 6 0 25
138070 138072 7 0 25
138070 138072 8 0 25
138070 138072 9 0 25
138070 138072 10 0 25
!leg 18002 147247 10 0 5 attackers:18002;victims:147247;type:1;valid_origin:True;recurrent:False;local:False
18002 147247 1 5 0
18002 147247 2 5 0
18002 147247 3 5 0
18002 147247 4 5 0
18002 147247 5 5 0
18002 147247 6 5 0
18002 147247 7 5 0
18002 147247 8 5 0
18002 147247 9 5 0
18002 147247 10 5 0
!sus 56655 201744 6 4 3 attackers:56655;victims:201744;type:1;valid_origin:False;recurrent:True;local:False
56655 201744 1 2 1
56655 201744 2 3 0
56655 201744 3 1 2
56655 201744 4 0 3
56655 201744 5 3 0
56655 201744 6 1 2
56655 201744 7 2 1
56655 201744 8 3 0
56655 201744 9 0 3
56655 201744 10 3 0
!sus 9158 211676 8 2 34 attackers:9158;victims:211676;type:1;valid_origin:True;recurrent:True;local:False
9158 211676 1 0 34
9158 211676 2 0 34
9158 211676 3 19 15
9158 211676 4 19 15
9158 211676 5 20 14
9158 211676 6 23 11
9158 211676 7 34 0
9158 211676 8 31 3
9158 211676 9 34 0
9158 211676 10 33 1
!sus 28593 28953 3 7 4 attackers:28953;victims:28593;type:1;valid_origin:False;recurrent:False;local:False
28593 28953 1 3 1
28593 28953 2 1 3
28593 28953 3 1 3
28593 28953 4 1 3
28593 28953 5 1 3
28593 28953 6 1 3
28593 28953 7 4 0
28593 28953 8 1 3
28593 28953 9 1 3
28593 28953 10 3 1
!sus 140405 396998 9 1 70 attackers:140405;victims:131745;type:2;valid_origin:True;recurrent:True;local:False
140405 396998 1 11 59
140405 396998 2 67 3
140405 396998 3 70 0
140405 396998 4 70 0
140405 396998 5 70 0
140405 396998 6 70 0
140405 396998 7 70 0
140405 396998 8 70 0
140405 396998 9 70 0
140405 396998 10 70 0
!leg 1251 272713 10 0 1 attackers:1251;victims:272713;type:1;valid_origin:True;recurrent:False;local:False
1251 272713 1 1 0
1251 272713 2 1 0
1251 272713 3 1 0
1251 272713 4 1 0
1251 272713 5 1 0
1251 272713 6 1 0
1251 272713 7 1 0
1251 272713 8 1 0
1251 272713 9 1 0
1251 272713 10 1 0
!sus 50058 62309 0 10 209 attackers:50058;victims:62309;type:1;valid_origin:True;recurrent:True;local:False
50058 62309 1 0 209
50058 62309 2 0 209
50058 62309 3 0 209
50058 62309 4 0 209
50058 62309 5 0 209
50058 62309 6 0 209
50058 62309 7 0 209
50058 62309 8 0 209
50058 62309 9 0 209
50058 62309 10 0 209
!sus 40380 397074 0 10 6 attackers:40380;victims:397074;type:1;valid_origin:False;recurrent:True;local:False
40380 397074 1 0 6
40380 397074 2 0 6
40380 397074 3 0 6
40380 397074 4 0 6
40380 397074 5 0 6
40380 397074 6 0 6
40380 397074 7 0 6
40380 397074 8 0 6
40380 397074 9 0 6
40380 397074 10 1 5
!leg 44436 47330 10 0 662 attackers:47330;victims:44436;type:1;valid_origin:True;recurrent:False;local:False
44436 47330 1 662 0
44436 47330 2 662 0
44436 47330 3 662 0
44436 47330 4 662 0
44436 47330 5 662 0
44436 47330 6 662 0
44436 47330 7 662 0
44436 47330 8 662 0
44436 47330 9 662 0
44436 47330 10 662 0
!leg 263903 269311 10 0 2 attackers:263903;victims:269311;type:1;valid_origin:True;recurrent:False;local:False
263903 269311 1 2 0
263903 269311 2 2 0
263903 269311 3 2 0
263903 269311 4 2 0
263903 269311 5 2 0
263903 269311 6 2 0
263903 269311 7 2 0
263903 269311 8 2 0
263903 269311 9 2 0
263903 269311 10 2 0
!sus 44570 208059 4 6 2539 attackers:44570;victims:208059;type:1;valid_origin:True;recurrent:True;local:False
44570 208059 1 304 2235
44570 208059 2 489 2050
44570 208059 3 540 1999
44570 208059 4 912 1627
44570 208059 5 668 1871
44570 208059 6 1716 823
44570 208059 7 1161 1378
44570 208059 8 1919 620
44570 208059 9 2164 375
44570 208059 10 2322 217
!sus 208548 213239 0 10 8 attackers:208548;victims:213239;type:1;valid_origin:True;recurrent:True;local:False
208548 213239 1 0 8
208548 213239 2 0 8
208548 213239 3 0 8
208548 213239 4 0 8
208548 213239 5 0 8
208548 213239 6 0 8
208548 213239 7 0 8
208548 213239 8 0 8
208548 213239 9 0 8
208548 213239 10 0 8
!sus 13335 58941 5 5 1 attackers:58941;victims:13335;type:1;valid_origin:True;recurrent:False;local:False
13335 58941 1 0 1
13335 58941 2 0 1
13335 58941 3 0 1
13335 58941 4 0 1
13335 58941 5 0 1
13335 58941 6 1 0
13335 58941 7 1 0
13335 58941 8 1 0
13335 58941 9 1 0
13335 58941 10 1 0
!sus 201996 205254 0 10 1 attackers:201996;victims:205254;type:1;valid_origin:True;recurrent:True;local:False
201996 205254 1 0 1
201996 205254 2 0 1
201996 205254 3 0 1
201996 205254 4 0 1
201996 205254 5 0 1
201996 205254 6 0 1
201996 205254 7 0 1
201996 205254 8 0 1
201996 205254 9 0 1
201996 205254 10 0 1
!sus 1828 329126 8 2 1 attackers:1828;victims:329126;type:1;valid_origin:True;recurrent:True;local:True
1828 329126 1 0 1
1828 329126 2 0 1
1828 329126 3 1 0
1828 329126 4 1 0
1828 329126 5 1 0
1828 329126 6 1 0
1828 329126 7 1 0
1828 329126 8 1 0
1828 329126 9 1 0
1828 329126 10 1 0
!leg 12847 31214 10 0 17 attackers:31214;victims:205370;type:8,9,2;valid_origin:True;recurrent:False;local:False
12847 31214 1 17 0
12847 31214 2 17 0
12847 31214 3 17 0
12847 31214 4 17 0
12847 31214 5 17 0
12847 31214 6 17 0
12847 31214 7 17 0
12847 31214 8 17 0
12847 31214 9 17 0
12847 31214 10 17 0
!sus 6762 45903 9 1 798 attackers:6762;victims:45903;type:1;valid_origin:True;recurrent:True;local:False
6762 45903 1 214 584
6762 45903 2 511 287
6762 45903 3 690 108
6762 45903 4 737 61
6762 45903 5 754 44
6762 45903 6 770 28
6762 45903 7 795 3
6762 45903 8 795 3
6762 45903 9 795 3
6762 45903 10 798 0
!sus 44570 150184 2 8 276 attackers:44570;victims:150184;type:1;valid_origin:True;recurrent:True;local:False
44570 150184 1 2 274
44570 150184 2 9 267
44570 150184 3 21 255
44570 150184 4 49 227
44570 150184 5 54 222
44570 150184 6 50 226
44570 150184 7 97 179
44570 150184 8 126 150
44570 150184 9 164 112
44570 150184 10 198 78
!sus 4809 53046 1 9 1 attackers:53046;victims:4809;type:1;valid_origin:True;recurrent:True;local:True
4809 53046 1 0 1
4809 53046 2 0 1
4809 53046 3 0 1
4809 53046 4 0 1
4809 53046 5 0 1
4809 53046 6 0 1
4809 53046 7 0 1
4809 53046 8 0 1
4809 53046 9 0 1
4809 53046 10 1 0
!leg 262632 268330 10 0 1 attackers:268330;victims:271073;type:2;valid_origin:True;recurrent:False;local:False
262632 268330 1 1 0
262632 268330 2 1 0
262632 268330 3 1 0
262632 268330 4 1 0
262632 268330 5 1 0
262632 268330 6 1 0
262632 268330 7 1 0
262632 268330 8 1 0
262632 268330 9 1 0
262632 268330 10 1 0
!sus 63293 141864 0 10 15 attackers:141864;victims:63293;type:1;valid_origin:True;recurrent:True;local:False
63293 141864 1 0 15
63293 141864 2 0 15
63293 141864 3 0 15
63293 141864 4 0 15
63293 141864 5 0 15
63293 141864 6 0 15
63293 141864 7 0 15
63293 141864 8 0 15
63293 141864 9 0 15
63293 141864 10 0 15
!sus 263327 264221 3 7 379 attackers:264221;victims:263327;type:1;valid_origin:True;recurrent:True;local:False
263327 264221 1 73 306
263327 264221 2 155 224
263327 264221 3 141 238
263327 264221 4 143 236
263327 264221 5 182 197
263327 264221 6 160 219
263327 264221 7 152 227
263327 264221 8 206 173
263327 264221 9 206 173
263327 264221 10 207 172
!leg 203458 208548 10 0 19 attackers:203458;victims:209263,203967;type:3,4;valid_origin:True;recurrent:False;local:False
203458 208548 1 19 0
203458 208548 2 19 0
203458 208548 3 19 0
203458 208548 4 19 0
203458 208548 5 19 0
203458 208548 6 19 0
203458 208548 7 19 0
203458 208548 8 19 0
203458 208548 9 19 0
203458 208548 10 19 0
!leg 22773 32056 10 0 125 attackers:22773;victims:32056;type:1;valid_origin:True;recurrent:False;local:False
22773 32056 1 122 3
22773 32056 2 124 1
22773 32056 3 124 1
22773 32056 4 124 1
22773 32056 5 124 1
22773 32056 6 125 0
22773 32056 7 124 1
22773 32056 8 125 0
22773 32056 9 124 1
22773 32056 10 125 0
!leg 58826 63984 10 0 679 attackers:58826;victims:63984;type:1;valid_origin:True;recurrent:False;local:False
58826 63984 1 679 0
58826 63984 2 679 0
58826 63984 3 679 0
58826 63984 4 679 0
58826 63984 5 679 0
58826 63984 6 679 0
58826 63984 7 679 0
58826 63984 8 679 0
58826 63984 9 679 0
58826 63984 10 679 0
!leg 35559 35661 10 0 64 attackers:35661;victims:35559;type:1;valid_origin:True;recurrent:False;local:False
35559 35661 1 54 10
35559 35661 2 64 0
35559 35661 3 64 0
35559 35661 4 64 0
35559 35661 5 63 1
35559 35661 6 64 0
35559 35661 7 64 0
35559 35661 8 62 2
35559 35661 9 64 0
35559 35661 10 64 0
!sus 812 13150 7 3 29 attackers:812;victims:13150;type:1;valid_origin:True;recurrent:False;local:False
812 13150 1 6 23
812 13150 2 7 22
812 13150 3 10 19
812 13150 4 20 9
812 13150 5 21 8
812 13150 6 24 5
812 13150 7 24 5
812 13150 8 28 1
812 13150 9 27 2
812 13150 10 26 3
!leg 7992 11700 10 0 75 attackers:7992;victims:11700;type:1;valid_origin:True;recurrent:False;local:False
7992 11700 1 75 0
7992 11700 2 75 0
7992 11700 3 75 0
7992 11700 4 75 0
7992 11700 5 75 0
7992 11700 6 75 0
7992 11700 7 75 0
7992 11700 8 75 0
7992 11700 9 75 0
7992 11700 10 75 0
!leg 1251 262434 10 0 1 attackers:1251;victims:273591;type:2;valid_origin:True;recurrent:False;local:False
1251 262434 1 1 0
1251 262434 2 1 0
1251 262434 3 1 0
1251 262434 4 1 0
1251 262434 5 1 0
1251 262434 6 1 0
1251 262434 7 1 0
1251 262434 8 1 0
1251 262434 9 1 0
1251 262434 10 1 0
!leg 266671 394625 10 0 11 attackers:394625;victims:266671;type:1;valid_origin:True;recurrent:True;local:False
266671 394625 1 8 3
266671 394625 2 11 0
266671 394625 3 11 0
266671 394625 4 11 0
266671 394625 5 11 0
266671 394625 6 11 0
266671 394625 7 11 0
266671 394625 8 11 0
266671 394625 9 11 0
266671 394625 10 11 0
!sus 19969 139742 8 2 9 attackers:19969;victims:209650,139742;type:1,2;valid_origin:True;recurrent:True;local:False
19969 139742 1 1 8
19969 139742 2 4 5
19969 139742 3 6 3
19969 139742 4 8 1
19969 139742 5 8 1
19969 139742 6 9 0
19969 139742 7 8 1
19969 139742 8 9 0
19969 139742 9 9 0
19969 139742 10 9 0
!sus 49304 142553 8 2 9 attackers:49304;victims:142553;type:1;valid_origin:True;recurrent:True;local:False
49304 142553 1 3 6
49304 142553 2 3 6
49304 142553 3 5 4
49304 142553 4 5 4
49304 142553 5 7 2
49304 142553 6 9 0
49304 142553 7 6 3
49304 142553 8 6 3
49304 142553 9 7 2
49304 142553 10 9 0
!sus 52468 272823 0 10 30 attackers:52468;victims:272823;type:1;valid_origin:True;recurrent:True;local:False
52468 272823 1 0 30
52468 272823 2 0 30
52468 272823 3 0 30
52468 272823 4 0 30
52468 272823 5 0 30
52468 272823 6 0 30
52468 272823 7 1 29
52468 272823 8 3 27
52468 272823 9 3 27
52468 272823 10 1 29
!sus 138262 149535 0 10 215 attackers:149535;victims:138262;type:1;valid_origin:True;recurrent:True;local:False
138262 149535 1 0 215
138262 149535 2 0 215
138262 149535 3 0 215
138262 149535 4 0 215
138262 149535 5 0 215
138262 149535 6 0 215
138262 149535 7 0 215
138262 149535 8 0 215
138262 149535 9 0 215
138262 149535 10 0 215
!sus 13335 37105 6 4 54 attackers:37105;victims:13335;type:1;valid_origin:True;recurrent:True;local:False
13335 37105 1 8 46
13335 37105 2 24 30
13335 37105 3 24 30
13335 37105 4 27 27
13335 37105 5 52 2
13335 37105 6 32 22
13335 37105 7 52 2
13335 37105 8 54 0
13335 37105 9 54 0
13335 37105 10 54 0
!sus 53158 269587 2 8 2 attackers:53158;victims:271729;type:2;valid_origin:True;recurrent:True;local:False
53158 269587 1 0 2
53158 269587 2 0 2
53158 269587 3 0 2
53158 269587 4 0 2
53158 269587 5 1 1
53158 269587 6 2 0
53158 269587 7 1 1
53158 269587 8 1 1
53158 269587 9 1 1
53158 269587 10 2 0
!leg 12713 51043 10 0 1 attackers:12713;victims:204945;type:2;valid_origin:True;recurrent:False;local:False
12713 51043 1 1 0
12713 51043 2 1 0
12713 51043 3 1 0
12713 51043 4 1 0
12713 51043 5 1 0
12713 51043 6 1 0
12713 51043 7 1 0
12713 51043 8 1 0
12713 51043 9 1 0
12713 51043 10 1 0
!sus 4549 11664 2 8 4 attackers:11664;victims:4549;type:1;valid_origin:True;recurrent:True;local:False
4549 11664 1 0 4
4549 11664 2 0 4
4549 11664 3 1 3
4549 11664 4 0 4
4549 11664 5 0 4
4549 11664 6 3 1
4549 11664 7 0 4
4549 11664 8 1 3
4549 11664 9 3 1
4549 11664 10 0 4
!sus 28232 273609 0 10 7 attackers:28232;victims:273609;type:1;valid_origin:True;recurrent:True;local:False
28232 273609 1 2 5
28232 273609 2 2 5
28232 273609 3 2 5
28232 273609 4 2 5
28232 273609 5 2 5
28232 273609 6 2 5
28232 273609 7 2 5
28232 273609 8 2 5
28232 273609 9 2 5
28232 273609 10 2 5
!sus 27189 271897 1 9 2 attackers:271897;victims:271897;type:2;valid_origin:True;recurrent:True;local:False
27189 271897 1 2 0
27189 271897 2 1 1
27189 271897 3 0 2
27189 271897 4 0 2
27189 271897 5 0 2
27189 271897 6 0 2
27189 271897 7 0 2
27189 271897 8 0 2
27189 271897 9 0 2
27189 271897 10 0 2
!leg 5624 29156 10 0 379 attackers:5624;victims:29156;type:1;valid_origin:False;recurrent:False;local:False
5624 29156 1 333 46
5624 29156 2 372 7
5624 29156 3 318 61
5624 29156 4 372 7
5624 29156 5 360 19
5624 29156 6 376 3
5624 29156 7 375 4
5624 29156 8 363 16
5624 29156 9 371 8
5624 29156 10 377 2
!leg 24532 133840 10 0 10 attackers:24532;victims:131739;type:2;valid_origin:True;recurrent:False;local:False
24532 133840 1 10 0
24532 133840 2 10 0
24532 133840 3 10 0
24532 133840 4 10 0
24532 133840 5 10 0
24532 133840 6 10 0
24532 133840 7 10 0
24532 133840 8 10 0
24532 133840 9 10 0
24532 133840 10 10 0
!leg 47787 204773 10 0 1 attackers:47787;victims:204773;type:1;valid_origin:True;recurrent:False;local:True
47787 204773 1 1 0
47787 204773 2 1 0
47787 204773 3 1 0
47787 204773 4 1 0
47787 204773 5 1 0
47787 204773 6 1 0
47787 204773 7 1 0
47787 204773 8 1 0
47787 204773 9 1 0
47787 204773 10 1 0
!leg 140399 147137 10 0 150 attackers:147137;victims:136121;type:2;valid_origin:True;recurrent:False;local:False
140399 147137 1 149 1
140399 147137 2 150 0
140399 147137 3 150 0
140399 147137 4 150 0
140399 147137 5 150 0
140399 147137 6 150 0
140399 147137 7 150 0
140399 147137 8 150 0
140399 147137 9 150 0
140399 147137 10 150 0
!sus 270244 270356 5 5 3 attackers:270244;victims:270356;type:1;valid_origin:True;recurrent:True;local:False
270244 270356 1 0 3
270244 270356 2 0 3
270244 270356 3 0 3
270244 270356 4 0 3
270244 270356 5 3 0
270244 270356 6 0 3
270244 270356 7 2 1
270244 270356 8 3 0
270244 270356 9 2 1
270244 270356 10 3 0
!sus 267524 270331 5 5 4 attackers:270331;victims:267524;type:1;valid_origin:True;recurrent:True;local:False
267524 270331 1 2 2
267524 270331 2 2 2
267524 270331 3 2 2
267524 270331 4 2 2
267524 270331 5 2 2
267524 270331 6 3 1
267524 270331 7 3 1
267524 270331 8 3 1
267524 270331 9 4 0
267524 270331 10 3 1
!leg 11338 53184 10 0 1 attackers:53184;victims:11338;type:1;valid_origin:True;recurrent:False;local:False
11338 53184 1 1 0
11338 53184 2 1 0
11338 53184 3 1 0
11338 53184 4 1 0
11338 53184 5 1 0
11338 53184 6 1 0
11338 53184 7 1 0
11338 53184 8 1 0
11338 53184 9 1 0
11338 53184 10 1 0
!leg 41108 59752 10 0 214 attackers:41108;victims:59752;type:1;valid_origin:True;recurrent:False;local:False
41108 59752 1 214 0
41108 59752 2 214 0
41108 59752 3 214 0
41108 59752 4 214 0
41108 59752 5 214 0
41108 59752 6 214 0
41108 59752 7 214 0
41108 59752 8 214 0
41108 59752 9 214 0
41108 59752 10 214 0
!sus 3356 43484 5 5 5 attackers:3356;victims:43484;type:1;valid_origin:True;recurrent:True;local:False
3356 43484 1 0 5
3356 43484 2 1 4
3356 43484 3 1 4
3356 43484 4 0 5
3356 43484 5 4 1
3356 43484 6 4 1
3356 43484 7 4 1
3356 43484 8 3 2
3356 43484 9 4 1
3356 43484 10 2 3
!sus 47720 205967 0 10 10 attackers:47720;victims:205967;type:1;valid_origin:True;recurrent:True;local:False
47720 205967 1 0 10
47720 205967 2 1 9
47720 205967 3 0 10
47720 205967 4 0 10
47720 205967 5 0 10
47720 205967 6 3 7
47720 205967 7 0 10
47720 205967 8 0 10
47720 205967 9 0 10
47720 205967 10 0 10
!leg 59191 134034 10 0 175 attackers:59191;victims:134034;type:1;valid_origin:True;recurrent:False;local:False
59191 134034 1 175 0
59191 134034 2 175 0
59191 134034 3 175 0
59191 134034 4 175 0
59191 134034 5 175 0
59191 134034 6 175 0
59191 134034 7 175 0
59191 134034 8 175 0
59191 134034 9 175 0
59191 134034 10 175 0
!leg 35133 41327 10 0 4 attackers:41327;victims:35133,57706;type:1,2;valid_origin:False;recurrent:False;local:False
35133 41327 1 4 0
35133 41327 2 4 0
35133 41327 3 4 0
35133 41327 4 4 0
35133 41327 5 4 0
35133 41327 6 4 0
35133 41327 7 4 0
35133 41327 8 4 0
35133 41327 9 4 0
35133 41327 10 4 0
!leg 131739 133840 10 0 10 attackers:133840;victims:131739;type:1;valid_origin:True;recurrent:False;local:False
131739 133840 1 10 0
131739 133840 2 10 0
131739 133840 3 10 0
131739 133840 4 10 0
131739 133840 5 10 0
131739 133840 6 10 0
131739 133840 7 10 0
131739 133840 8 10 0
131739 133840 9 10 0
131739 133840 10 10 0
!sus 53115 267294 0 10 321 attackers:267294;victims:53115;type:1;valid_origin:True;recurrent:True;local:False
53115 267294 1 6 315
53115 267294 2 6 315
53115 267294 3 7 314
53115 267294 4 8 313
53115 267294 5 54 267
53115 267294 6 9 312
53115 267294 7 13 308
53115 267294 8 43 278
53115 267294 9 34 287
53115 267294 10 69 252
!sus 23748 43959 0 10 7 attackers:23748;victims:43959;type:1;valid_origin:True;recurrent:True;local:False
23748 43959 1 0 7
23748 43959 2 0 7
23748 43959 3 0 7
23748 43959 4 0 7
23748 43959 5 0 7
23748 43959 6 0 7
23748 43959 7 0 7
23748 43959 8 0 7
23748 43959 9 0 7
23748 43959 10 0 7
!sus 4229 24429 0 10 1 attackers:4229;victims:24429;type:1;valid_origin:True;recurrent:True;local:False
4229 24429 1 0 1
4229 24429 2 0 1
4229 24429 3 0 1
4229 24429 4 0 1
4229 24429 5 0 1
4229 24429 6 0 1
4229 24429 7 0 1
4229 24429 8 0 1
4229 24429 9 0 1
4229 24429 10 0 1
!sus 50520 212699 0 10 9 attackers:50520;victims:212699;type:1;valid_origin:True;recurrent:True;local:False
50520 212699 1 0 9
50520 212699 2 0 9
50520 212699 3 0 9
50520 212699 4 0 9
50520 212699 5 0 9
50520 212699 6 0 9
50520 212699 7 0 9
50520 212699 8 0 9
50520 212699 9 0 9
50520 212699 10 0 9
!leg 23947 138839 10 0 816 attackers:23947;victims:138832,138839,46058,138119,139969;type:1,2;valid_origin:True;recurrent:False;local:False
23947 138839 1 816 0
23947 138839 2 816 0
23947 138839 3 816 0
23947 138839 4 816 0
23947 138839 5 816 0
23947 138839 6 816 0
23947 138839 7 816 0
23947 138839 8 816 0
23947 138839 9 816 0
23947 138839 10 816 0
!leg 137541 139901 10 0 459 attackers:139901;victims:149854,137541;type:1,2;valid_origin:True;recurrent:False;local:False
137541 139901 1 449 10
137541 139901 2 446 13
137541 139901 3 459 0
137541 139901 4 455 4
137541 139901 5 459 0
137541 139901 6 459 0
137541 139901 7 459 0
137541 139901 8 459 0
137541 139901 9 456 3
137541 139901 10 459 0
!sus 133676 141265 4 6 4 attackers:141265;victims:133676;type:1;valid_origin:True;recurrent:True;local:False
133676 141265 1 0 4
133676 141265 2 1 3
133676 141265 3 0 4
133676 141265 4 1 3
133676 141265 5 1 3
133676 141265 6 2 2
133676 141265 7 3 1
133676 141265 8 4 0
133676 141265 9 4 0
133676 141265 10 3 1
!sus 135866 140133 7 3 10 attackers:140133;victims:135866;type:1;valid_origin:True;recurrent:True;local:False
135866 140133 1 2 8
135866 140133 2 8 2
135866 140133 3 2 8
135866 140133 4 4 6
135866 140133 5 9 1
135866 140133 6 7 3
135866 140133 7 9 1
135866 140133 8 9 1
135866 140133 9 9 1
135866 140133 10 10 0
!leg 44395 204620 10 0 80 attackers:44395;victims:204620;type:1;valid_origin:False;recurrent:False;local:False
44395 204620 1 80 0
44395 204620 2 80 0
44395 204620 3 80 0
44395 204620 4 80 0
44395 204620 5 80 0
44395 204620 6 80 0
44395 204620 7 80 0
44395 204620 8 80 0
44395 204620 9 80 0
44395 204620 10 80 0
!sus 14499 64254 8 2 24 attackers:14499;victims:14499;type:2;valid_origin:True;recurrent:True;local:False
14499 64254 1 24 0
14499 64254 2 24 0
14499 64254 3 19 5
14499 64254 4 11 13
14499 64254 5 18 6
14499 64254 6 13 11
14499 64254 7 9 15
14499 64254 8 19 5
14499 64254 9 15 9
14499 64254 10 15 9
!sus 3356 55089 0 10 4 attackers:3356;victims:16399;type:2;valid_origin:False;recurrent:True;local:False
3356 55089 1 0 4
3356 55089 2 0 4
3356 55089 3 0 4
3356 55089 4 0 4
3356 55089 5 0 4
3356 55089 6 0 4
3356 55089 7 0 4
3356 55089 8 0 4
3356 55089 9 0 4
3356 55089 10 0 4
!sus 7721 49304 8 2 11 attackers:49304;victims:7721;type:1;valid_origin:True;recurrent:True;local:False
7721 49304 1 2 9
7721 49304 2 11 0
7721 49304 3 7 4
7721 49304 4 7 4
7721 49304 5 8 3
7721 49304 6 11 0
7721 49304 7 5 6
7721 49304 8 8 3
7721 49304 9 7 4
7721 49304 10 11 0
!sus 36236 267294 6 4 2 attackers:267294;victims:1508,40509;type:2;valid_origin:True;recurrent:True;local:False
36236 267294 1 0 2
36236 267294 2 0 2
36236 267294 3 0 2
36236 267294 4 0 2
36236 267294 5 2 0
36236 267294 6 2 0
36236 267294 7 2 0
36236 267294 8 2 0
36236 267294 9 2 0
36236 267294 10 2 0
!sus 4809 10881 4 6 1 attackers:10881;victims:4809;type:1;valid_origin:True;recurrent:True;local:False
4809 10881 1 0 1
4809 10881 2 0 1
4809 10881 3 0 1
4809 10881 4 0 1
4809 10881 5 0 1
4809 10881 6 0 1
4809 10881 7 1 0
4809 10881 8 1 0
4809 10881 9 1 0
4809 10881 10 1 0
!sus 21856 131545 6 4 3 attackers:131545;victims:21856;type:1;valid_origin:True;recurrent:True;local:False
21856 131545 1 1 2
21856 131545 2 3 0
21856 131545 3 3 0
21856 131545 4 1 2
21856 131545 5 3 0
21856 131545 6 3 0
21856 131545 7 3 0
21856 131545 8 0 3
21856 131545 9 3 0
21856 131545 10 1 2
!sus 49304 142164 6 4 13 attackers:49304;victims:142164;type:1;valid_origin:True;recurrent:True;local:False
49304 142164 1 2 11
49304 142164 2 3 10
49304 142164 3 3 10
49304 142164 4 3 10
49304 142164 5 7 6
49304 142164 6 12 1
49304 142164 7 12 1
49304 142164 8 12 1
49304 142164 9 13 0
49304 142164 10 13 0
!sus 264645 272844 0 10 3 attackers:264645;victims:272844;type:1;valid_origin:True;recurrent:True;local:False
264645 272844 1 0 3
264645 272844 2 0 3
264645 272844 3 0 3
264645 272844 4 0 3
264645 272844 5 0 3
264645 272844 6 0 3
264645 272844 7 0 3
264645 272844 8 0 3
264645 272844 9 0 3
264645 272844 10 0 3
!sus 267475 270331 8 2 8 attackers:270331;victims:267475;type:1;valid_origin:True;recurrent:True;local:False
267475 270331 1 1 7
267475 270331 2 6 2
267475 270331 3 1 7
267475 270331 4 6 2
267475 270331 5 7 1
267475 270331 6 7 1
267475 270331 7 8 0
267475 270331 8 8 0
267475 270331 9 8 0
267475 270331 10 8 0
!sus 1031 1239 3 7 4 attackers:1239;victims:265144;type:2;valid_origin:True;recurrent:True;local:False
1031 1239 1 0 4
1031 1239 2 0 4
1031 1239 3 1 3
1031 1239 4 1 3
1031 1239 5 1 3
1031 1239 6 1 3
1031 1239 7 3 1
1031 1239 8 2 2
1031 1239 9 4 0
1031 1239 10 4 0
!leg 4755 135843 10 0 383 attackers:4755;victims:135843;type:1;valid_origin:True;recurrent:False;local:False
4755 135843 1 383 0
4755 135843 2 383 0
4755 135843 3 383 0
4755 135843 4 383 0
4755 135843 5 383 0
4755 135843 6 383 0
4755 135843 7 383 0
4755 135843 8 383 0
4755 135843 9 383 0
4755 135843 10 383 0
!sus 29169 50902 7 3 8 attackers:29169;victims:50902;type:1;valid_origin:True;recurrent:True;local:False
29169 50902 1 0 8
29169 50902 2 0 8
29169 50902 3 0 8
29169 50902 4 8 0
29169 50902 5 8 0
29169 50902 6 8 0
29169 50902 7 8 0
29169 50902 8 8 0
29169 50902 9 8 0
29169 50902 10 8 0
!sus 4775 137990 9 1 2 attackers:137990;victims:140619;type:2;valid_origin:True;recurrent:True;local:False
4775 137990 1 1 1
4775 137990 2 2 0
4775 137990 3 2 0
4775 137990 4 2 0
4775 137990 5 2 0
4775 137990 6 2 0
4775 137990 7 2 0
4775 137990 8 2 0
4775 137990 9 2 0
4775 137990 10 2 0
!leg 6939 35133 10 0 32 attackers:6939;victims:35133,57706;type:1,2;valid_origin:False;recurrent:False;local:False
6939 35133 1 32 0
6939 35133 2 32 0
6939 35133 3 32 0
6939 35133 4 32 0
6939 35133 5 32 0
6939 35133 6 32 0
6939 35133 7 32 0
6939 35133 8 32 0
6939 35133 9 32 0
6939 35133 10 32 0
!sus 269587 271729 2 8 7 attackers:269587;victims:271729;type:1;valid_origin:True;recurrent:True;local:False
269587 271729 1 2 5
269587 271729 2 2 5
269587 271729 3 2 5
269587 271729 4 2 5
269587 271729 5 2 5
269587 271729 6 4 3
269587 271729 7 2 5
269587 271729 8 2 5
269587 271729 9 3 4
269587 271729 10 4 3
!sus 9498 204035 0 10 2 attackers:9498;victims:208059;type:3;valid_origin:True;recurrent:True;local:False
9498 204035 1 0 2
9498 204035 2 0 2
9498 204035 3 0 2
9498 204035 4 0 2
9498 204035 5 0 2
9498 204035 6 0 2
9498 204035 7 1 1
9498 204035 8 0 2
9498 204035 9 1 1
9498 204035 10 1 1
!sus 1 14061 0 10 8 attackers:1;victims:46652,14061;type:1,2;valid_origin:True;recurrent:True;local:False
1 14061 1 0 8
1 14061 2 0 8
1 14061 3 0 8
1 14061 4 0 8
1 14061 5 0 8
1 14061 6 0 8
1 14061 7 1 7
1 14061 8 1 7
1 14061 9 1 7
1 14061 10 1 7
!sus 17819 30598 5 5 9 attackers:17819;victims:30598;type:1;valid_origin:True;recurrent:True;local:False
17819 30598 1 2 7
17819 30598 2 2 7
17819 30598 3 4 5
17819 30598 4 4 5
17819 30598 5 4 5
17819 30598 6 6 3
17819 30598 7 5 4
17819 30598 8 7 2
17819 30598 9 7 2
17819 30598 10 9 0
!sus 48732 50058 2 8 9 attackers:50058;victims:48732;type:1;valid_origin:True;recurrent:True;local:False
48732 50058 1 0 9
48732 50058 2 0 9
48732 50058 3 0 9
48732 50058 4 0 9
48732 50058 5 1 8
48732 50058 6 0 9
48732 50058 7 0 9
48732 50058 8 3 6
48732 50058 9 7 2
48732 50058 10 5 4
!sus 57916 209963 0 10 8 attackers:57916;victims:209963;type:1;valid_origin:False;recurrent:True;local:False
57916 209963 1 0 8
57916 209963 2 0 8
57916 209963 3 0 8
57916 209963 4 0 8
57916 209963 5 0 8
57916 209963 6 0 8
57916 209963 7 0 8
57916 209963 8 0 8
57916 209963 9 0 8
57916 209963 10 0 8
!leg 31277 48858 10 0 2 attackers:48858;victims:48234,31277;type:1,2;valid_origin:True;recurrent:False;local:False
31277 48858 1 2 0
31277 48858 2 2 0
31277 48858 3 2 0
31277 48858 4 2 0
31277 48858 5 2 0
31277 48858 6 2 0
31277 48858 7 2 0
31277 48858 8 2 0
31277 48858 9 2 0
31277 48858 10 2 0
!leg 268955 271253 10 0 1 attackers:271253;victims:270573;type:2;valid_origin:True;recurrent:False;local:False
268955 271253 1 1 0
268955 271253 2 1 0
268955 271253 3 1 0
268955 271253 4 1 0
268955 271253 5 1 0
268955 271253 6 1 0
268955 271253 7 1 0
268955 271253 8 1 0
268955 271253 9 1 0
268955 271253 10 1 0
!sus 56910 138915 7 3 5 attackers:56910;victims:138915;type:1;valid_origin:True;recurrent:True;local:False
56910 138915 1 0 5
56910 138915 2 0 5
56910 138915 3 2 3
56910 138915 4 5 0
56910 138915 5 5 0
56910 138915 6 4 1
56910 138915 7 5 0
56910 138915 8 5 0
56910 138915 9 5 0
56910 138915 10 5 0
!leg 31195 208605 10 0 145 attackers:31195;victims:208605;type:1;valid_origin:True;recurrent:False;local:False
31195 208605 1 145 0
31195 208605 2 145 0
31195 208605 3 145 0
31195 208605 4 145 0
31195 208605 5 145 0
31195 208605 6 145 0
31195 208605 7 145 0
31195 208605 8 145 0
31195 208605 9 145 0
31195 208605 10 145 0
!leg 208548 210667 10 0 2 attackers:208548;victims:203967;type:2;valid_origin:True;recurrent:False;local:False
208548 210667 1 2 0
208548 210667 2 2 0
208548 210667 3 2 0
208548 210667 4 2 0
208548 210667 5 2 0
208548 210667 6 2 0
208548 210667 7 2 0
208548 210667 8 2 0
208548 210667 9 2 0
208548 210667 10 2 0
!sus 61302 212271 5 5 91 attackers:212271;victims:138211,57416,142031,38281,208753,142158,142553,141011,142634,147028,61302,211358;type:1,2,3;valid_origin:False;recurrent:True;local:False
61302 212271 1 0 91
61302 212271 2 21 70
61302 212271 3 26 65
61302 212271 4 42 49
61302 212271 5 45 46
61302 212271 6 47 44
61302 212271 7 47 44
61302 212271 8 49 42
61302 212271 9 48 43
61302 212271 10 52 39
!sus 10930 32413 0 10 4 attackers:32413;victims:10930;type:1;valid_origin:True;recurrent:True;local:False
10930 32413 1 0 4
10930 32413 2 0 4
10930 32413 3 0 4
10930 32413 4 0 4
10930 32413 5 0 4
10930 32413 6 0 4
10930 32413 7 0 4
10930 32413 8 0 4
10930 32413 9 0 4
10930 32413 10 0 4
!leg 58945 149829 10 0 856 attackers:58945;victims:149829;type:1;valid_origin:False;recurrent:False;local:False
58945 149829 1 855 1
58945 149829 2 856 0
58945 149829 3 856 0
58945 149829 4 856 0
58945 149829 5 856 0
58945 149829 6 856 0
58945 149829 7 856 0
58945 149829 8 856 0
58945 149829 9 856 0
58945 149829 10 856 0
!sus 140731 212271 0 10 4 attackers:212271;victims:140731;type:1;valid_origin:True;recurrent:True;local:False
140731 212271 1 0 4
140731 212271 2 0 4
140731 212271 3 0 4
140731 212271 4 0 4
140731 212271 5 0 4
140731 212271 6 0 4
140731 212271 7 0 4
140731 212271 8 0 4
140731 212271 9 0 4
140731 212271 10 0 4
!sus 8849 26383 0 10 13 attackers:8849;victims:26383;type:1;valid_origin:True;recurrent:True;local:False
8849 26383 1 0 13
8849 26383 2 0 13
8849 26383 3 0 13
8849 26383 4 0 13
8849 26383 5 0 13
8849 26383 6 0 13
8849 26383 7 0 13
8849 26383 8 0 13
8849 26383 9 0 13
8849 26383 10 0 13
!leg 34872 212483 10 0 1 attackers:34872;victims:212483;type:1;valid_origin:True;recurrent:False;local:False
34872 212483 1 1 0
34872 212483 2 1 0
34872 212483 3 1 0
34872 212483 4 1 0
34872 212483 5 1 0
34872 212483 6 1 0
34872 212483 7 1 0
34872 212483 8 1 0
34872 212483 9 1 0
34872 212483 10 1 0
!sus 13335 138754 7 3 19 attackers:138754;victims:13335;type:1;valid_origin:True;recurrent:True;local:False
13335 138754 1 0 19
13335 138754 2 1 18
13335 138754 3 5 14
13335 138754 4 10 9
13335 138754 5 15 4
13335 138754 6 18 1
13335 138754 7 18 1
13335 138754 8 19 0
13335 138754 9 19 0
13335 138754 10 19 0
!sus 42649 51375 0 10 19 attackers:51375;victims:5416;type:2;valid_origin:True;recurrent:True;local:False
42649 51375 1 0 19
42649 51375 2 0 19
42649 51375 3 0 19
42649 51375 4 2 17
42649 51375 5 3 16
42649 51375 6 6 13
42649 51375 7 4 15
42649 51375 8 7 12
42649 51375 9 7 12
42649 51375 10 4 15
!sus 43289 57935 0 10 3 attackers:43289;victims:57935;type:1;valid_origin:True;recurrent:True;local:False
43289 57935 1 0 3
43289 57935 2 0 3
43289 57935 3 0 3
43289 57935 4 0 3
43289 57935 5 0 3
43289 57935 6 0 3
43289 57935 7 0 3
43289 57935 8 0 3
43289 57935 9 0 3
43289 57935 10 0 3
!leg 4229 31133 10 0 1 attackers:31133;victims:41717;type:3;valid_origin:True;recurrent:True;local:False
4229 31133 1 1 0
4229 31133 2 1 0
4229 31133 3 1 0
4229 31133 4 1 0
4229 31133 5 1 0
4229 31133 6 1 0
4229 31133 7 1 0
4229 31133 8 1 0
4229 31133 9 1 0
4229 31133 10 1 0
!sus 16397 64233 0 10 5 attackers:16397;victims:64233;type:1;valid_origin:True;recurrent:True;local:False
16397 64233 1 0 5
16397 64233 2 0 5
16397 64233 3 0 5
16397 64233 4 0 5
16397 64233 5 0 5
16397 64233 6 0 5
16397 64233 7 0 5
16397 64233 8 0 5
16397 64233 9 0 5
16397 64233 10 0 5
!sus 6057 264665 4 6 21 attackers:6057;victims:264665;type:1;valid_origin:True;recurrent:True;local:False
6057 264665 1 17 4
6057 264665 2 13 8
6057 264665 3 12 9
6057 264665 4 13 8
6057 264665 5 8 13
6057 264665 6 7 14
6057 264665 7 0 21
6057 264665 8 8 13
6057 264665 9 1 20
6057 264665 10 2 19
!sus 149522 150414 1 9 54 attackers:149522;victims:150414;type:1;valid_origin:True;recurrent:True;local:False
149522 150414 1 40 14
149522 150414 2 0 54
149522 150414 3 0 54
149522 150414 4 0 54
149522 150414 5 0 54
149522 150414 6 0 54
149522 150414 7 0 54
149522 150414 8 0 54
149522 150414 9 0 54
149522 150414 10 0 54
!sus 61218 132335 6 4 15 attackers:132335;victims:61218;type:1;valid_origin:True;recurrent:True;local:False
61218 132335 1 0 15
61218 132335 2 0 15
61218 132335 3 0 15
61218 132335 4 6 9
61218 132335 5 15 0
61218 132335 6 13 2
61218 132335 7 13 2
61218 132335 8 14 1
61218 132335 9 15 0
61218 132335 10 15 0
!sus 7642 13335 8 2 35 attackers:7642;victims:13335;type:1;valid_origin:True;recurrent:True;local:False
7642 13335 1 0 35
7642 13335 2 5 30
7642 13335 3 25 10
7642 13335 4 27 8
7642 13335 5 29 6
7642 13335 6 30 5
7642 13335 7 30 5
7642 13335 8 30 5
7642 13335 9 30 5
7642 13335 10 30 5
!leg 45458 45781 10 0 38 attackers:45781;victims:38444;type:2;valid_origin:True;recurrent:False;local:False
45458 45781 1 38 0
45458 45781 2 38 0
45458 45781 3 38 0
45458 45781 4 38 0
45458 45781 5 38 0
45458 45781 6 38 0
45458 45781 7 38 0
45458 45781 8 38 0
45458 45781 9 38 0
45458 45781 10 38 0
!sus 208830 394144 2 8 9 attackers:394144;victims:208830;type:1;valid_origin:True;recurrent:True;local:False
208830 394144 1 0 9
208830 394144 2 0 9
208830 394144 3 8 1
208830 394144 4 7 2
208830 394144 5 0 9
208830 394144 6 0 9
208830 394144 7 0 9
208830 394144 8 0 9
208830 394144 9 0 9
208830 394144 10 0 9
!sus 21859 267195 8 2 347 attackers:21859;victims:132203,131618;type:5,6;valid_origin:True;recurrent:True;local:False
21859 267195 1 137 210
21859 267195 2 137 210
21859 267195 3 347 0
21859 267195 4 347 0
21859 267195 5 347 0
21859 267195 6 347 0
21859 267195 7 347 0
21859 267195 8 347 0
21859 267195 9 347 0
21859 267195 10 347 0
!leg 701 4996 10 0 263 attackers:701;victims:4996,35967;type:1,2;valid_origin:True;recurrent:False;local:False
701 4996 1 263 0
701 4996 2 263 0
701 4996 3 263 0
701 4996 4 263 0
701 4996 5 263 0
701 4996 6 263 0
701 4996 7 263 0
701 4996 8 263 0
701 4996 9 263 0
701 4996 10 263 0
!sus 139341 203214 7 3 5 attackers:203214;victims:139341;type:3;valid_origin:True;recurrent:True;local:False
139341 203214 1 0 5
139341 203214 2 0 5
139341 203214 3 4 1
139341 203214 4 0 5
139341 203214 5 5 0
139341 203214 6 5 0
139341 203214 7 5 0
139341 203214 8 5 0
139341 203214 9 5 0
139341 203214 10 5 0
!sus 54197 138919 0 10 6 attackers:54197;victims:138919;type:1;valid_origin:True;recurrent:True;local:False
54197 138919 1 0 6
54197 138919 2 0 6
54197 138919 3 0 6
54197 138919 4 0 6
54197 138919 5 0 6
54197 138919 6 0 6
54197 138919 7 0 6
54197 138919 8 0 6
54197 138919 9 0 6
54197 138919 10 0 6
!sus 262428 263903 9 1 58 attackers:263903;victims:262428;type:1;valid_origin:True;recurrent:False;local:False
262428 263903 1 26 32
262428 263903 2 58 0
262428 263903 3 58 0
262428 263903 4 58 0
262428 263903 5 58 0
262428 263903 6 58 0
262428 263903 7 58 0
262428 263903 8 58 0
262428 263903 9 58 0
262428 263903 10 58 0
!sus 58057 203442 8 2 940 attackers:58057;victims:203442;type:1;valid_origin:True;recurrent:True;local:False
58057 203442 1 116 824
58057 203442 2 198 742
58057 203442 3 499 441
58057 203442 4 541 399
58057 203442 5 817 123
58057 203442 6 867 73
58057 203442 7 878 62
58057 203442 8 897 43
58057 203442 9 926 14
58057 203442 10 939 1
!sus 28424 263150 0 10 5 attackers:263150;victims:28424;type:1;valid_origin:True;recurrent:True;local:False
28424 263150 1 0 5
28424 263150 2 0 5
28424 263150 3 0 5
28424 263150 4 0 5
28424 263150 5 0 5
28424 263150 6 0 5
28424 263150 7 0 5
28424 263150 8 0 5
28424 263150 9 0 5
28424 263150 10 0 5
!leg 271253 271398 10 0 1 attackers:271253;victims:271398;type:1;valid_origin:True;recurrent:False;local:False
271253 271398 1 1 0
271253 271398 2 1 0
271253 271398 3 1 0
271253 271398 4 1 0
271253 271398 5 1 0
271253 271398 6 1 0
271253 271398 7 1 0
271253 271398 8 1 0
271253 271398 9 1 0
271253 271398 10 1 0
!sus 61302 142158 7 3 234 attackers:61302;victims:142158;type:1;valid_origin:True;recurrent:True;local:False
61302 142158 1 19 215
61302 142158 2 110 124
61302 142158 3 85 149
61302 142158 4 159 75
61302 142158 5 229 5
61302 142158 6 230 4
61302 142158 7 208 26
61302 142158 8 230 4
61302 142158 9 226 8
61302 142158 10 234 0
!sus 8772 29390 5 5 3 attackers:8772;victims:29390;type:1;valid_origin:True;recurrent:True;local:False
8772 29390 1 3 0
8772 29390 2 3 0
8772 29390 3 1 2
8772 29390 4 3 0
8772 29390 5 3 0
8772 29390 6 1 2
8772 29390 7 1 2
8772 29390 8 3 0
8772 29390 9 1 2
8772 29390 10 1 2
!sus 58819 137314 0 10 413 attackers:58819;victims:137314;type:1;valid_origin:True;recurrent:True;local:False
58819 137314 1 0 413
58819 137314 2 0 413
58819 137314 3 0 413
58819 137314 4 1 412
58819 137314 5 5 408
58819 137314 6 4 409
58819 137314 7 8 405
58819 137314 8 0 413
58819 137314 9 9 404
58819 137314 10 4 409
!sus 52468 272859 0 10 8 attackers:52468;victims:272859;type:1;valid_origin:True;recurrent:True;local:False
52468 272859 1 0 8
52468 272859 2 0 8
52468 272859 3 1 7
52468 272859 4 1 7
52468 272859 5 2 6
52468 272859 6 2 6
52468 272859 7 2 6
52468 272859 8 2 6
52468 272859 9 2 6
52468 272859 10 2 6
!leg 53184 53196 10 0 1 attackers:53184;victims:53196;type:1;valid_origin:True;recurrent:False;local:False
53184 53196 1 1 0
53184 53196 2 1 0
53184 53196 3 1 0
53184 53196 4 1 0
53184 53196 5 1 0
53184 53196 6 1 0
53184 53196 7 1 0
53184 53196 8 1 0
53184 53196 9 1 0
53184 53196 10 1 0
!sus 4609 139341 8 2 5 attackers:4609;victims:139341;type:1;valid_origin:True;recurrent:True;local:False
4609 139341 1 1 4
4609 139341 2 2 3
4609 139341 3 3 2
4609 139341 4 3 2
4609 139341 5 5 0
4609 139341 6 5 0
4609 139341 7 5 0
4609 139341 8 5 0
4609 139341 9 5 0
4609 139341 10 5 0
!sus 25486 31168 0 10 6 attackers:25486;victims:31168;type:1;valid_origin:False;recurrent:True;local:False
25486 31168 1 0 6
25486 31168 2 0 6
25486 31168 3 0 6
25486 31168 4 0 6
25486 31168 5 0 6
25486 31168 6 0 6
25486 31168 7 0 6
25486 31168 8 1 5
25486 31168 9 0 6
25486 31168 10 0 6
!sus 34879 49800 7 3 4 attackers:49800;victims:34879;type:1;valid_origin:True;recurrent:True;local:False
34879 49800 1 1 3
34879 49800 2 2 2
34879 49800 3 2 2
34879 49800 4 4 0
34879 49800 5 4 0
34879 49800 6 4 0
34879 49800 7 4 0
34879 49800 8 4 0
34879 49800 9 4 0
34879 49800 10 4 0
!leg 1251 264913 10 0 1 attackers:1251;victims:264913;type:1;valid_origin:True;recurrent:False;local:False
1251 264913 1 1 0
1251 264913 2 1 0
1251 264913 3 1 0
1251 264913 4 1 0
1251 264913 5 1 0
1251 264913 6 1 0
1251 264913 7 1 0
1251 264913 8 1 0
1251 264913 9 1 0
1251 264913 10 1 0
