!sus 262669 267548 4 6 1 attackers:267548;victims:262669;type:1;valid_origin:True;recurrent:False;local:False
262669 267548 1 0 1
262669 267548 2 0 1
262669 267548 3 0 1
262669 267548 4 0 1
262669 267548 5 0 1
262669 267548 6 1 0
262669 267548 7 0 1
262669 267548 8 1 0
262669 267548 9 1 0
262669 267548 10 1 0
!leg 7719 137409 10 0 2 attackers:7719;victims:133098,211876;type:3,4;valid_origin:True;recurrent:False;local:False
7719 137409 1 2 0
7719 137409 2 2 0
7719 137409 3 2 0
7719 137409 4 2 0
7719 137409 5 2 0
7719 137409 6 2 0
7719 137409 7 2 0
7719 137409 8 2 0
7719 137409 9 2 0
7719 137409 10 2 0
!sus 135395 212121 9 1 25 attackers:135395;victims:212121;type:1;valid_origin:True;recurrent:False;local:False
135395 212121 1 5 20
135395 212121 2 25 0
135395 212121 3 25 0
135395 212121 4 25 0
135395 212121 5 25 0
135395 212121 6 25 0
135395 212121 7 25 0
135395 212121 8 25 0
135395 212121 9 25 0
135395 212121 10 25 0
!leg 28283 34655 10 0 7 attackers:28283;victims:34655;type:1;valid_origin:True;recurrent:False;local:False
28283 34655 1 7 0
28283 34655 2 7 0
28283 34655 3 7 0
28283 34655 4 7 0
28283 34655 5 7 0
28283 34655 6 7 0
28283 34655 7 7 0
28283 34655 8 7 0
28283 34655 9 7 0
28283 34655 10 7 0
!leg 25291 28283 10 0 7 attackers:28283;victims:25291;type:1;valid_origin:True;recurrent:False;local:False
25291 28283 1 7 0
25291 28283 2 7 0
25291 28283 3 7 0
25291 28283 4 7 0
25291 28283 5 7 0
25291 28283 6 7 0
25291 28283 7 7 0
25291 28283 8 7 0
25291 28283 9 7 0
25291 28283 10 7 0
!leg 46997 400307 10 0 1 attackers:46997;victims:400307;type:1;valid_origin:True;recurrent:False;local:True
46997 400307 1 1 0
46997 400307 2 1 0
46997 400307 3 1 0
46997 400307 4 1 0
46997 400307 5 1 0
46997 400307 6 1 0
46997 400307 7 1 0
46997 400307 8 1 0
46997 400307 9 1 0
46997 400307 10 1 0
!leg 12346 264479 10 0 5 attackers:264479;victims:198197,200839,197586,8458,12346;type:1,2;valid_origin:True;recurrent:False;local:True
12346 264479 1 5 0
12346 264479 2 5 0
12346 264479 3 5 0
12346 264479 4 5 0
12346 264479 5 5 0
12346 264479 6 5 0
12346 264479 7 5 0
12346 264479 8 5 0
12346 264479 9 5 0
12346 264479 10 5 0
!sus 7719 18041 8 2 91 attackers:18041;victims:38254;type:2;valid_origin:True;recurrent:False;local:False
7719 18041 1 0 91
7719 18041 2 1 90
7719 18041 3 91 0
7719 18041 4 91 0
7719 18041 5 91 0
7719 18041 6 91 0
7719 18041 7 91 0
7719 18041 8 91 0
7719 18041 9 91 0
7719 18041 10 91 0
!leg 203272 264479 10 0 1 attackers:264479;victims:203272;type:1;valid_origin:True;recurrent:False;local:True
203272 264479 1 1 0
203272 264479 2 1 0
203272 264479 3 1 0
203272 264479 4 1 0
203272 264479 5 1 0
203272 264479 6 1 0
203272 264479 7 1 0
203272 264479 8 1 0
203272 264479 9 1 0
203272 264479 10 1 0
!leg 41805 43140 10 0 2 attackers:41805;victims:43140,203440;type:1,2;valid_origin:True;recurrent:False;local:True
41805 43140 1 2 0
41805 43140 2 2 0
41805 43140 3 2 0
41805 43140 4 2 0
41805 43140 5 2 0
41805 43140 6 2 0
41805 43140 7 2 0
41805 43140 8 2 0
41805 43140 9 2 0
41805 43140 10 2 0
!leg 59415 264479 10 0 1 attackers:264479;victims:59415;type:1;valid_origin:True;recurrent:False;local:True
59415 264479 1 1 0
59415 264479 2 1 0
59415 264479 3 1 0
59415 264479 4 1 0
59415 264479 5 1 0
59415 264479 6 1 0
59415 264479 7 1 0
59415 264479 8 1 0
59415 264479 9 1 0
59415 264479 10 1 0
!leg 21413 28283 10 0 7 attackers:28283;victims:21413;type:1;valid_origin:True;recurrent:False;local:False
21413 28283 1 7 0
21413 28283 2 7 0
21413 28283 3 7 0
21413 28283 4 7 0
21413 28283 5 7 0
21413 28283 6 7 0
21413 28283 7 7 0
21413 28283 8 7 0
21413 28283 9 7 0
21413 28283 10 7 0
!leg 59239 140071 10 0 1224 attackers:59239;victims:140080,137252,138418,137843,139245,138658,139600,140071,140667,140616,137432,139809;type:1,2,3,4,5,6;valid_origin:True;recurrent:False;local:False
59239 140071 1 1160 64
59239 140071 2 1160 64
59239 140071 3 1172 52
59239 140071 4 1160 64
59239 140071 5 1164 60
59239 140071 6 1186 38
59239 140071 7 1187 37
59239 140071 8 1186 38
59239 140071 9 1165 59
59239 140071 10 1185 39
!leg 28725 213045 10 0 1 attackers:213045;victims:203645;type:2;valid_origin:True;recurrent:False;local:True
28725 213045 1 1 0
28725 213045 2 1 0
28725 213045 3 1 0
28725 213045 4 1 0
28725 213045 5 1 0
28725 213045 6 1 0
28725 213045 7 1 0
28725 213045 8 1 0
28725 213045 9 1 0
28725 213045 10 1 0
!sus 262594 268267 9 1 1 attackers:268267;victims:61855;type:3;valid_origin:True;recurrent:False;local:False
262594 268267 1 0 1
262594 268267 2 1 0
262594 268267 3 1 0
262594 268267 4 1 0
262594 268267 5 1 0
262594 268267 6 1 0
262594 268267 7 1 0
262594 268267 8 1 0
262594 268267 9 1 0
262594 268267 10 1 0
!sus 267334 267548 6 4 1 attackers:267548;victims:267334;type:1;valid_origin:True;recurrent:False;local:False
267334 267548 1 0 1
267334 267548 2 0 1
267334 267548 3 0 1
267334 267548 4 0 1
267334 267548 5 1 0
267334 267548 6 1 0
267334 267548 7 1 0
267334 267548 8 1 0
267334 267548 9 1 0
267334 267548 10 1 0
!leg 134990 141731 10 0 137 attackers:141731;victims:134990;type:1;valid_origin:True;recurrent:False;local:False
134990 141731 1 137 0
134990 141731 2 137 0
134990 141731 3 137 0
134990 141731 4 137 0
134990 141731 5 137 0
134990 141731 6 137 0
134990 141731 7 137 0
134990 141731 8 137 0
134990 141731 9 137 0
134990 141731 10 137 0
!sus 268145 270341 1 9 41 attackers:270341;victims:268145;type:1;valid_origin:True;recurrent:False;local:False
268145 270341 1 0 41
268145 270341 2 1 40
268145 270341 3 1 40
268145 270341 4 1 40
268145 270341 5 1 40
268145 270341 6 3 38
268145 270341 7 2 39
268145 270341 8 14 27
268145 270341 9 6 35
268145 270341 10 21 20
!leg 262740 269215 10 0 5 attackers:269215;victims:263283;type:2;valid_origin:True;recurrent:False;local:False
262740 269215 1 5 0
262740 269215 2 5 0
262740 269215 3 5 0
262740 269215 4 5 0
262740 269215 5 5 0
262740 269215 6 5 0
262740 269215 7 5 0
262740 269215 8 5 0
262740 269215 9 5 0
262740 269215 10 5 0
!leg 38001 141677 10 0 1 attackers:38001;victims:141677;type:1;valid_origin:False;recurrent:False;local:True
38001 141677 1 1 0
38001 141677 2 1 0
38001 141677 3 1 0
38001 141677 4 1 0
38001 141677 5 1 0
38001 141677 6 1 0
38001 141677 7 1 0
38001 141677 8 1 0
38001 141677 9 1 0
38001 141677 10 1 0
!leg 7719 196610 10 0 1 attackers:196610;victims:208266;type:3;valid_origin:False;recurrent:False;local:False
7719 196610 1 1 0
7719 196610 2 1 0
7719 196610 3 1 0
7719 196610 4 1 0
7719 196610 5 1 0
7719 196610 6 1 0
7719 196610 7 1 0
7719 196610 8 1 0
7719 196610 9 1 0
7719 196610 10 1 0
!sus 266592 267548 3 7 1 attackers:267548;victims:266592;type:1;valid_origin:True;recurrent:False;local:False
266592 267548 1 0 1
266592 267548 2 0 1
266592 267548 3 0 1
266592 267548 4 0 1
266592 267548 5 0 1
266592 267548 6 1 0
266592 267548 7 0 1
266592 267548 8 1 0
266592 267548 9 0 1
266592 267548 10 1 0
!leg 394256 400307 10 0 1 attackers:394256;victims:400307;type:1;valid_origin:True;recurrent:False;local:False
394256 400307 1 1 0
394256 400307 2 1 0
394256 400307 3 1 0
394256 400307 4 1 0
394256 400307 5 1 0
394256 400307 6 1 0
394256 400307 7 1 0
394256 400307 8 1 0
394256 400307 9 1 0
394256 400307 10 1 0
!leg 264301 267548 10 0 9 attackers:267548;victims:271496;type:2;valid_origin:True;recurrent:False;local:False
264301 267548 1 9 0
264301 267548 2 9 0
264301 267548 3 9 0
264301 267548 4 9 0
264301 267548 5 9 0
264301 267548 6 9 0
264301 267548 7 9 0
264301 267548 8 9 0
264301 267548 9 9 0
264301 267548 10 9 0
!leg 52971 268267 10 0 1 attackers:268267;victims:52971;type:1;valid_origin:True;recurrent:False;local:False
52971 268267 1 1 0
52971 268267 2 1 0
52971 268267 3 1 0
52971 268267 4 1 0
52971 268267 5 1 0
52971 268267 6 1 0
52971 268267 7 1 0
52971 268267 8 1 0
52971 268267 9 1 0
52971 268267 10 1 0
!leg 4795 7717 10 0 34 attackers:4795;victims:45727,46052;type:2;valid_origin:True;recurrent:False;local:False
4795 7717 1 34 0
4795 7717 2 34 0
4795 7717 3 34 0
4795 7717 4 34 0
4795 7717 5 34 0
4795 7717 6 34 0
4795 7717 7 34 0
4795 7717 8 34 0
4795 7717 9 34 0
4795 7717 10 34 0
!leg 10103 41378 10 0 1 attackers:10103;victims:41378;type:1;valid_origin:True;recurrent:False;local:False
10103 41378 1 1 0
10103 41378 2 1 0
10103 41378 3 1 0
10103 41378 4 1 0
10103 41378 5 1 0
10103 41378 6 1 0
10103 41378 7 1 0
10103 41378 8 1 0
10103 41378 9 1 0
10103 41378 10 1 0
!leg 9269 41750 10 0 1 attackers:9269;victims:51787;type:2;valid_origin:True;recurrent:False;local:False
9269 41750 1 1 0
9269 41750 2 1 0
9269 41750 3 1 0
9269 41750 4 1 0
9269 41750 5 1 0
9269 41750 6 1 0
9269 41750 7 1 0
9269 41750 8 1 0
9269 41750 9 1 0
9269 41750 10 1 0
!leg 62081 64457 10 0 1 attackers:64457;victims:61064;type:2;valid_origin:True;recurrent:False;local:False
62081 64457 1 1 0
62081 64457 2 1 0
62081 64457 3 1 0
62081 64457 4 1 0
62081 64457 5 1 0
62081 64457 6 1 0
62081 64457 7 1 0
62081 64457 8 1 0
62081 64457 9 1 0
62081 64457 10 1 0
!leg 7713 139945 10 0 170 attackers:7713;victims:139945;type:1;valid_origin:True;recurrent:False;local:False
7713 139945 1 170 0
7713 139945 2 170 0
7713 139945 3 170 0
7713 139945 4 170 0
7713 139945 5 170 0
7713 139945 6 170 0
7713 139945 7 170 0
7713 139945 8 170 0
7713 139945 9 170 0
7713 139945 10 170 0
!leg 59239 139600 10 0 265 attackers:59239;victims:139600;type:1;valid_origin:True;recurrent:False;local:False
59239 139600 1 265 0
59239 139600 2 265 0
59239 139600 3 265 0
59239 139600 4 265 0
59239 139600 5 265 0
59239 139600 6 265 0
59239 139600 7 265 0
59239 139600 8 265 0
59239 139600 9 265 0
59239 139600 10 265 0
!leg 41327 205850 10 0 66 attackers:41327;victims:205850;type:1;valid_origin:True;recurrent:False;local:False
41327 205850 1 65 1
41327 205850 2 66 0
41327 205850 3 66 0
41327 205850 4 66 0
41327 205850 5 66 0
41327 205850 6 66 0
41327 205850 7 66 0
41327 205850 8 66 0
41327 205850 9 66 0
41327 205850 10 66 0
!leg 203658 264479 10 0 1 attackers:264479;victims:203658;type:1;valid_origin:True;recurrent:False;local:True
203658 264479 1 1 0
203658 264479 2 1 0
203658 264479 3 1 0
203658 264479 4 1 0
203658 264479 5 1 0
203658 264479 6 1 0
203658 264479 7 1 0
203658 264479 8 1 0
203658 264479 9 1 0
203658 264479 10 1 0
!leg 139461 139901 10 0 251 attackers:139901;victims:139461;type:1;valid_origin:True;recurrent:False;local:False
139461 139901 1 251 0
139461 139901 2 251 0
139461 139901 3 251 0
139461 139901 4 251 0
139461 139901 5 251 0
139461 139901 6 251 0
139461 139901 7 251 0
139461 139901 8 251 0
139461 139901 9 251 0
139461 139901 10 251 0
!leg 6233 7719 10 0 1 attackers:7719;victims:12654;type:2;valid_origin:True;recurrent:False;local:False
6233 7719 1 1 0
6233 7719 2 1 0
6233 7719 3 1 0
6233 7719 4 1 0
6233 7719 5 1 0
6233 7719 6 1 0
6233 7719 7 1 0
6233 7719 8 1 0
6233 7719 9 1 0
6233 7719 10 1 0
!leg 264598 268267 10 0 1 attackers:268267;victims:264598;type:1;valid_origin:True;recurrent:False;local:False
264598 268267 1 1 0
264598 268267 2 1 0
264598 268267 3 1 0
264598 268267 4 1 0
264598 268267 5 1 0
264598 268267 6 1 0
264598 268267 7 1 0
264598 268267 8 1 0
264598 268267 9 1 0
264598 268267 10 1 0
!leg 15576 328748 10 0 1 attackers:15576;victims:328748;type:1;valid_origin:True;recurrent:False;local:False
15576 328748 1 1 0
15576 328748 2 1 0
15576 328748 3 1 0
15576 328748 4 1 0
15576 328748 5 1 0
15576 328748 6 1 0
15576 328748 7 1 0
15576 328748 8 1 0
15576 328748 9 1 0
15576 328748 10 1 0
!leg 24961 206460 10 0 1 attackers:24961;victims:206460;type:1;valid_origin:True;recurrent:False;local:False
24961 206460 1 1 0
24961 206460 2 1 0
24961 206460 3 1 0
24961 206460 4 1 0
24961 206460 5 1 0
24961 206460 6 1 0
24961 206460 7 1 0
24961 206460 8 1 0
24961 206460 9 1 0
24961 206460 10 1 0
!leg 205674 264479 10 0 1 attackers:264479;victims:205674;type:1;valid_origin:True;recurrent:False;local:True
205674 264479 1 1 0
205674 264479 2 1 0
205674 264479 3 1 0
205674 264479 4 1 0
205674 264479 5 1 0
205674 264479 6 1 0
205674 264479 7 1 0
205674 264479 8 1 0
205674 264479 9 1 0
205674 264479 10 1 0
!leg 198906 264479 10 0 1 attackers:264479;victims:198906;type:1;valid_origin:True;recurrent:False;local:True
198906 264479 1 1 0
198906 264479 2 1 0
198906 264479 3 1 0
198906 264479 4 1 0
198906 264479 5 1 0
198906 264479 6 1 0
198906 264479 7 1 0
198906 264479 8 1 0
198906 264479 9 1 0
198906 264479 10 1 0
!leg 29632 199491 10 0 1 attackers:29632;victims:199491;type:1;valid_origin:True;recurrent:False;local:False
29632 199491 1 1 0
29632 199491 2 1 0
29632 199491 3 1 0
29632 199491 4 1 0
29632 199491 5 1 0
29632 199491 6 1 0
29632 199491 7 1 0
29632 199491 8 1 0
29632 199491 9 1 0
29632 199491 10 1 0
!leg 7713 136091 10 0 221 attackers:7713;victims:136091;type:1;valid_origin:True;recurrent:False;local:False
7713 136091 1 221 0
7713 136091 2 221 0
7713 136091 3 221 0
7713 136091 4 221 0
7713 136091 5 221 0
7713 136091 6 221 0
7713 136091 7 221 0
7713 136091 8 221 0
7713 136091 9 221 0
7713 136091 10 221 0
!leg 41327 43309 10 0 4 attackers:41327;victims:44340,43309,209907;type:1,2;valid_origin:True;recurrent:False;local:False
41327 43309 1 4 0
41327 43309 2 4 0
41327 43309 3 4 0
41327 43309 4 4 0
41327 43309 5 4 0
41327 43309 6 4 0
41327 43309 7 4 0
41327 43309 8 4 0
41327 43309 9 4 0
41327 43309 10 4 0
!leg 6663 199491 10 0 1 attackers:6663;victims:199491;type:1;valid_origin:True;recurrent:False;local:False
6663 199491 1 1 0
6663 199491 2 1 0
6663 199491 3 1 0
6663 199491 4 1 0
6663 199491 5 1 0
6663 199491 6 1 0
6663 199491 7 1 0
6663 199491 8 1 0
6663 199491 9 1 0
6663 199491 10 1 0
!sus 267548 268824 0 10 44 attackers:267548;victims:268824;type:1;valid_origin:True;recurrent:False;local:False
267548 268824 1 0 44
267548 268824 2 0 44
267548 268824 3 0 44
267548 268824 4 0 44
267548 268824 5 5 39
267548 268824 6 6 38
267548 268824 7 7 37
267548 268824 8 7 37
267548 268824 9 5 39
267548 268824 10 9 35
!leg 136697 136712 10 0 1 attackers:136697;victims:136712;type:1;valid_origin:True;recurrent:False;local:False
136697 136712 1 1 0
136697 136712 2 1 0
136697 136712 3 1 0
136697 136712 4 1 0
136697 136712 5 1 0
136697 136712 6 1 0
136697 136712 7 1 0
136697 136712 8 1 0
136697 136712 9 1 0
136697 136712 10 1 0
!leg 198910 264479 10 0 1 attackers:264479;victims:198910;type:1;valid_origin:True;recurrent:False;local:True
198910 264479 1 1 0
198910 264479 2 1 0
198910 264479 3 1 0
198910 264479 4 1 0
198910 264479 5 1 0
198910 264479 6 1 0
198910 264479 7 1 0
198910 264479 8 1 0
198910 264479 9 1 0
198910 264479 10 1 0
!leg 58057 400307 10 0 1 attackers:58057;victims:400307;type:1;valid_origin:True;recurrent:False;local:False
58057 400307 1 1 0
58057 400307 2 1 0
58057 400307 3 1 0
58057 400307 4 1 0
58057 400307 5 1 0
58057 400307 6 1 0
58057 400307 7 1 0
58057 400307 8 1 0
58057 400307 9 1 0
58057 400307 10 1 0
!leg 28283 202053 10 0 8 attackers:28283;victims:202053;type:1;valid_origin:True;recurrent:False;local:False
28283 202053 1 8 0
28283 202053 2 8 0
28283 202053 3 8 0
28283 202053 4 8 0
28283 202053 5 8 0
28283 202053 6 8 0
28283 202053 7 8 0
28283 202053 8 8 0
28283 202053 9 8 0
28283 202053 10 8 0
!leg 7719 207149 10 0 1 attackers:7719;victims:207149;type:1;valid_origin:True;recurrent:False;local:False
7719 207149 1 1 0
7719 207149 2 1 0
7719 207149 3 1 0
7719 207149 4 1 0
7719 207149 5 1 0
7719 207149 6 1 0
7719 207149 7 1 0
7719 207149 8 1 0
7719 207149 9 1 0
7719 207149 10 1 0
!leg 136106 138132 10 0 239 attackers:138132;victims:135471;type:3;valid_origin:True;recurrent:False;local:False
136106 138132 1 239 0
136106 138132 2 239 0
136106 138132 3 239 0
136106 138132 4 239 0
136106 138132 5 239 0
136106 138132 6 239 0
136106 138132 7 239 0
136106 138132 8 239 0
136106 138132 9 239 0
136106 138132 10 239 0
!leg 58453 137491 10 0 24 attackers:137491;victims:139673;type:3;valid_origin:False;recurrent:False;local:False
58453 137491 1 24 0
58453 137491 2 24 0
58453 137491 3 24 0
58453 137491 4 24 0
58453 137491 5 24 0
58453 137491 6 24 0
58453 137491 7 24 0
58453 137491 8 24 0
58453 137491 9 24 0
58453 137491 10 24 0
!leg 24213 38165 10 0 8 attackers:38165;victims:4622;type:4;valid_origin:True;recurrent:False;local:False
24213 38165 1 8 0
24213 38165 2 8 0
24213 38165 3 8 0
24213 38165 4 8 0
24213 38165 5 8 0
24213 38165 6 8 0
24213 38165 7 8 0
24213 38165 8 8 0
24213 38165 9 8 0
24213 38165 10 8 0
!leg 267474 268267 10 0 48 attackers:268267;victims:267474;type:1;valid_origin:True;recurrent:False;local:False
267474 268267 1 34 14
267474 268267 2 48 0
267474 268267 3 48 0
267474 268267 4 48 0
267474 268267 5 48 0
267474 268267 6 48 0
267474 268267 7 48 0
267474 268267 8 48 0
267474 268267 9 48 0
267474 268267 10 48 0
!leg 57221 264479 10 0 1 attackers:264479;victims:57221;type:1;valid_origin:True;recurrent:False;local:True
57221 264479 1 1 0
57221 264479 2 1 0
57221 264479 3 1 0
57221 264479 4 1 0
57221 264479 5 1 0
57221 264479 6 1 0
57221 264479 7 1 0
57221 264479 8 1 0
57221 264479 9 1 0
57221 264479 10 1 0
!leg 8220 134521 10 0 1 attackers:8220;victims:134521;type:1;valid_origin:True;recurrent:False;local:False
8220 134521 1 1 0
8220 134521 2 1 0
8220 134521 3 1 0
8220 134521 4 1 0
8220 134521 5 1 0
8220 134521 6 1 0
8220 134521 7 1 0
8220 134521 8 1 0
8220 134521 9 1 0
8220 134521 10 1 0
!leg 9145 62081 10 0 1 attackers:9145;victims:61064;type:2;valid_origin:True;recurrent:False;local:False
9145 62081 1 1 0
9145 62081 2 1 0
9145 62081 3 1 0
9145 62081 4 1 0
9145 62081 5 1 0
9145 62081 6 1 0
9145 62081 7 1 0
9145 62081 8 1 0
9145 62081 9 1 0
9145 62081 10 1 0
!sus 34872 50313 9 1 9 attackers:50313;victims:211725;type:2;valid_origin:True;recurrent:False;local:False
34872 50313 1 1 8
34872 50313 2 7 2
34872 50313 3 8 1
34872 50313 4 8 1
34872 50313 5 9 0
34872 50313 6 9 0
34872 50313 7 9 0
34872 50313 8 9 0
34872 50313 9 9 0
34872 50313 10 9 0
!leg 28283 39018 10 0 6 attackers:28283;victims:39018;type:1;valid_origin:True;recurrent:False;local:False
28283 39018 1 6 0
28283 39018 2 6 0
28283 39018 3 6 0
28283 39018 4 6 0
28283 39018 5 6 0
28283 39018 6 6 0
28283 39018 7 6 0
28283 39018 8 6 0
28283 39018 9 6 0
28283 39018 10 6 0
!sus 45204 264479 8 2 1 attackers:264479;victims:45204;type:1;valid_origin:True;recurrent:False;local:True
45204 264479 1 0 1
45204 264479 2 0 1
45204 264479 3 1 0
45204 264479 4 1 0
45204 264479 5 1 0
45204 264479 6 1 0
45204 264479 7 1 0
45204 264479 8 1 0
45204 264479 9 1 0
45204 264479 10 1 0
!leg 43309 264479 10 0 3 attackers:264479;victims:43309,44340,209907;type:1,2;valid_origin:True;recurrent:False;local:True
43309 264479 1 3 0
43309 264479 2 3 0
43309 264479 3 3 0
43309 264479 4 3 0
43309 264479 5 3 0
43309 264479 6 3 0
43309 264479 7 3 0
43309 264479 8 3 0
43309 264479 9 3 0
43309 264479 10 3 0
!leg 28283 262481 10 0 11 attackers:28283;victims:262481;type:1;valid_origin:False;recurrent:False;local:False
28283 262481 1 6 5
28283 262481 2 11 0
28283 262481 3 11 0
28283 262481 4 11 0
28283 262481 5 11 0
28283 262481 6 11 0
28283 262481 7 11 0
28283 262481 8 11 0
28283 262481 9 11 0
28283 262481 10 11 0
!leg 265053 268267 10 0 48 attackers:268267;victims:266306;type:2;valid_origin:True;recurrent:False;local:False
265053 268267 1 48 0
265053 268267 2 48 0
265053 268267 3 48 0
265053 268267 4 48 0
265053 268267 5 48 0
265053 268267 6 48 0
265053 268267 7 48 0
265053 268267 8 48 0
265053 268267 9 48 0
265053 268267 10 48 0
!leg 52320 268829 10 0 4 attackers:268829;victims:266287;type:3;valid_origin:True;recurrent:False;local:False
52320 268829 1 4 0
52320 268829 2 4 0
52320 268829 3 4 0
52320 268829 4 4 0
52320 268829 5 4 0
52320 268829 6 4 0
52320 268829 7 4 0
52320 268829 8 4 0
52320 268829 9 4 0
52320 268829 10 4 0
!leg 55836 58678 10 0 3 attackers:58678;victims:137166;type:4;valid_origin:True;recurrent:False;local:False
55836 58678 1 3 0
55836 58678 2 3 0
55836 58678 3 3 0
55836 58678 4 3 0
55836 58678 5 3 0
55836 58678 6 3 0
55836 58678 7 3 0
55836 58678 8 3 0
55836 58678 9 3 0
55836 58678 10 3 0
!leg 9829 138243 10 0 645 attackers:9829;victims:138243;type:1;valid_origin:True;recurrent:False;local:False
9829 138243 1 645 0
9829 138243 2 645 0
9829 138243 3 645 0
9829 138243 4 645 0
9829 138243 5 645 0
9829 138243 6 645 0
9829 138243 7 645 0
9829 138243 8 645 0
9829 138243 9 645 0
9829 138243 10 645 0
!leg 268267 268998 10 0 70 attackers:268267;victims:268998;type:1;valid_origin:True;recurrent:False;local:False
268267 268998 1 70 0
268267 268998 2 70 0
268267 268998 3 70 0
268267 268998 4 70 0
268267 268998 5 70 0
268267 268998 6 70 0
268267 268998 7 70 0
268267 268998 8 70 0
268267 268998 9 70 0
268267 268998 10 70 0
!leg 197310 264479 10 0 1 attackers:264479;victims:197310;type:1;valid_origin:True;recurrent:False;local:True
197310 264479 1 1 0
197310 264479 2 1 0
197310 264479 3 1 0
197310 264479 4 1 0
197310 264479 5 1 0
197310 264479 6 1 0
197310 264479 7 1 0
197310 264479 8 1 0
197310 264479 9 1 0
197310 264479 10 1 0
!sus 137409 210977 6 4 405 attackers:137409;victims:210977;type:1;valid_origin:False;recurrent:False;local:False
137409 210977 1 128 277
137409 210977 2 261 144
137409 210977 3 134 271
137409 210977 4 252 153
137409 210977 5 134 271
137409 210977 6 231 174
137409 210977 7 174 231
137409 210977 8 226 179
137409 210977 9 214 191
137409 210977 10 293 112
!sus 61823 267548 0 10 50 attackers:267548;victims:61823;type:1;valid_origin:True;recurrent:False;local:False
61823 267548 1 0 50
61823 267548 2 0 50
61823 267548 3 0 50
61823 267548 4 0 50
61823 267548 5 2 48
61823 267548 6 5 45
61823 267548 7 2 48
61823 267548 8 8 42
61823 267548 9 6 44
61823 267548 10 9 41
!sus 264242 267548 3 7 1 attackers:267548;victims:264242;type:1;valid_origin:True;recurrent:False;local:False
264242 267548 1 0 1
264242 267548 2 0 1
264242 267548 3 0 1
264242 267548 4 0 1
264242 267548 5 0 1
264242 267548 6 0 1
264242 267548 7 0 1
264242 267548 8 1 0
264242 267548 9 1 0
264242 267548 10 1 0
!leg 60068 141677 10 0 1 attackers:60068;victims:141677;type:1;valid_origin:False;recurrent:False;local:False
60068 141677 1 1 0
60068 141677 2 1 0
60068 141677 3 1 0
60068 141677 4 1 0
60068 141677 5 1 0
60068 141677 6 1 0
60068 141677 7 1 0
60068 141677 8 1 0
60068 141677 9 1 0
60068 141677 10 1 0
!sus 714 55410 0 10 23 attackers:55410;victims:714;type:1;valid_origin:True;recurrent:False;local:False
714 55410 1 0 23
714 55410 2 0 23
714 55410 3 0 23
714 55410 4 0 23
714 55410 5 0 23
714 55410 6 0 23
714 55410 7 0 23
714 55410 8 0 23
714 55410 9 0 23
714 55410 10 0 23
!leg 8641 205998 10 0 1 attackers:8641;victims:203337;type:2;valid_origin:True;recurrent:False;local:False
8641 205998 1 1 0
8641 205998 2 1 0
8641 205998 3 1 0
8641 205998 4 1 0
8641 205998 5 1 0
8641 205998 6 1 0
8641 205998 7 1 0
8641 205998 8 1 0
8641 205998 9 1 0
8641 205998 10 1 0
!leg 52901 268267 10 0 7 attackers:268267;victims:52901;type:1;valid_origin:True;recurrent:False;local:False
52901 268267 1 7 0
52901 268267 2 7 0
52901 268267 3 7 0
52901 268267 4 7 0
52901 268267 5 7 0
52901 268267 6 7 0
52901 268267 7 7 0
52901 268267 8 7 0
52901 268267 9 7 0
52901 268267 10 7 0
!leg 17665 133717 10 0 13 attackers:133717;victims:138787;type:2;valid_origin:False;recurrent:False;local:False
17665 133717 1 13 0
17665 133717 2 13 0
17665 133717 3 13 0
17665 133717 4 13 0
17665 133717 5 13 0
17665 133717 6 13 0
17665 133717 7 13 0
17665 133717 8 13 0
17665 133717 9 13 0
17665 133717 10 13 0
!leg 7717 135471 10 0 9 attackers:7717;victims:135471;type:1;valid_origin:True;recurrent:False;local:False
7717 135471 1 9 0
7717 135471 2 9 0
7717 135471 3 9 0
7717 135471 4 9 0
7717 135471 5 9 0
7717 135471 6 9 0
7717 135471 7 9 0
7717 135471 8 9 0
7717 135471 9 9 0
7717 135471 10 9 0
!leg 268267 268735 10 0 1 attackers:268267;victims:268735;type:1;valid_origin:True;recurrent:False;local:False
268267 268735 1 1 0
268267 268735 2 1 0
268267 268735 3 1 0
268267 268735 4 1 0
268267 268735 5 1 0
268267 268735 6 1 0
268267 268735 7 1 0
268267 268735 8 1 0
268267 268735 9 1 0
268267 268735 10 1 0
!leg 19662 39386 10 0 1 attackers:39386;victims:19662;type:1;valid_origin:True;recurrent:False;local:False
19662 39386 1 1 0
19662 39386 2 1 0
19662 39386 3 1 0
19662 39386 4 1 0
19662 39386 5 1 0
19662 39386 6 1 0
19662 39386 7 1 0
19662 39386 8 1 0
19662 39386 9 1 0
19662 39386 10 1 0
!sus 64315 140012 0 10 11 attackers:140012;victims:64315;type:1;valid_origin:False;recurrent:False;local:False
64315 140012 1 0 11
64315 140012 2 0 11
64315 140012 3 0 11
64315 140012 4 0 11
64315 140012 5 0 11
64315 140012 6 0 11
64315 140012 7 0 11
64315 140012 8 0 11
64315 140012 9 0 11
64315 140012 10 0 11
!leg 48157 264479 10 0 1 attackers:264479;victims:48157;type:1;valid_origin:True;recurrent:False;local:True
48157 264479 1 1 0
48157 264479 2 1 0
48157 264479 3 1 0
48157 264479 4 1 0
48157 264479 5 1 0
48157 264479 6 1 0
48157 264479 7 1 0
48157 264479 8 1 0
48157 264479 9 1 0
48157 264479 10 1 0
!leg 202805 264479 10 0 1 attackers:264479;victims:202805;type:1;valid_origin:True;recurrent:False;local:True
202805 264479 1 1 0
202805 264479 2 1 0
202805 264479 3 1 0
202805 264479 4 1 0
202805 264479 5 1 0
202805 264479 6 1 0
202805 264479 7 1 0
202805 264479 8 1 0
202805 264479 9 1 0
202805 264479 10 1 0
!sus 266390 267548 3 7 1 attackers:267548;victims:266390;type:1;valid_origin:True;recurrent:False;local:False
266390 267548 1 0 1
266390 267548 2 0 1
266390 267548 3 0 1
266390 267548 4 0 1
266390 267548 5 0 1
266390 267548 6 0 1
266390 267548 7 0 1
266390 267548 8 1 0
266390 267548 9 1 0
266390 267548 10 1 0
!sus 267548 268380 7 3 1 attackers:267548;victims:268380;type:1;valid_origin:True;recurrent:False;local:False
267548 268380 1 0 1
267548 268380 2 1 0
267548 268380 3 0 1
267548 268380 4 0 1
267548 268380 5 1 0
267548 268380 6 1 0
267548 268380 7 1 0
267548 268380 8 1 0
267548 268380 9 1 0
267548 268380 10 1 0
!leg 15576 35574 10 0 1 attackers:15576;victims:35574;type:1;valid_origin:True;recurrent:False;local:False
15576 35574 1 1 0
15576 35574 2 1 0
15576 35574 3 1 0
15576 35574 4 1 0
15576 35574 5 1 0
15576 35574 6 1 0
15576 35574 7 1 0
15576 35574 8 1 0
15576 35574 9 1 0
15576 35574 10 1 0
!leg 52079 264479 10 0 1 attackers:264479;victims:52079;type:1;valid_origin:True;recurrent:False;local:True
52079 264479 1 1 0
52079 264479 2 1 0
52079 264479 3 1 0
52079 264479 4 1 0
52079 264479 5 1 0
52079 264479 6 1 0
52079 264479 7 1 0
52079 264479 8 1 0
52079 264479 9 1 0
52079 264479 10 1 0
!leg 264510 267548 10 0 9 attackers:267548;victims:264510;type:1;valid_origin:True;recurrent:False;local:False
264510 267548 1 7 2
264510 267548 2 8 1
264510 267548 3 8 1
264510 267548 4 9 0
264510 267548 5 9 0
264510 267548 6 9 0
264510 267548 7 9 0
264510 267548 8 9 0
264510 267548 9 9 0
264510 267548 10 9 0
!leg 50313 205998 10 0 1 attackers:50313;victims:203337;type:2;valid_origin:True;recurrent:False;local:False
50313 205998 1 1 0
50313 205998 2 1 0
50313 205998 3 1 0
50313 205998 4 1 0
50313 205998 5 1 0
50313 205998 6 1 0
50313 205998 7 1 0
50313 205998 8 1 0
50313 205998 9 1 0
50313 205998 10 1 0
!leg 8878 28283 10 0 10 attackers:28283;victims:8878;type:1;valid_origin:True;recurrent:False;local:False
8878 28283 1 10 0
8878 28283 2 10 0
8878 28283 3 10 0
8878 28283 4 10 0
8878 28283 5 10 0
8878 28283 6 10 0
8878 28283 7 10 0
8878 28283 8 10 0
8878 28283 9 10 0
8878 28283 10 10 0
!leg 139967 141098 10 0 189 attackers:139967;victims:141098;type:1;valid_origin:True;recurrent:False;local:False
139967 141098 1 189 0
139967 141098 2 189 0
139967 141098 3 189 0
139967 141098 4 189 0
139967 141098 5 189 0
139967 141098 6 189 0
139967 141098 7 189 0
139967 141098 8 189 0
139967 141098 9 189 0
139967 141098 10 189 0
!leg 28292 268267 10 0 1 attackers:268267;victims:28292;type:1;valid_origin:True;recurrent:False;local:False
28292 268267 1 1 0
28292 268267 2 1 0
28292 268267 3 1 0
28292 268267 4 1 0
28292 268267 5 1 0
28292 268267 6 1 0
28292 268267 7 1 0
28292 268267 8 1 0
28292 268267 9 1 0
28292 268267 10 1 0
!leg 262485 267548 10 0 1 attackers:267548;victims:271080;type:2;valid_origin:True;recurrent:False;local:False
262485 267548 1 1 0
262485 267548 2 1 0
262485 267548 3 1 0
262485 267548 4 1 0
262485 267548 5 1 0
262485 267548 6 1 0
262485 267548 7 1 0
262485 267548 8 1 0
262485 267548 9 1 0
262485 267548 10 1 0
!leg 58717 139338 10 0 666 attackers:58717;victims:139338;type:1;valid_origin:True;recurrent:False;local:False
58717 139338 1 666 0
58717 139338 2 666 0
58717 139338 3 666 0
58717 139338 4 666 0
58717 139338 5 666 0
58717 139338 6 666 0
58717 139338 7 666 0
58717 139338 8 666 0
58717 139338 9 666 0
58717 139338 10 666 0
!leg 268267 270586 10 0 1 attackers:268267;victims:270586;type:1;valid_origin:True;recurrent:False;local:False
268267 270586 1 1 0
268267 270586 2 1 0
268267 270586 3 1 0
268267 270586 4 1 0
268267 270586 5 1 0
268267 270586 6 1 0
268267 270586 7 1 0
268267 270586 8 1 0
268267 270586 9 1 0
268267 270586 10 1 0
!leg 7719 9009 10 0 2 attackers:7719;victims:41609,203974;type:3;valid_origin:True;recurrent:False;local:False
7719 9009 1 2 0
7719 9009 2 2 0
7719 9009 3 2 0
7719 9009 4 2 0
7719 9009 5 2 0
7719 9009 6 2 0
7719 9009 7 2 0
7719 9009 8 2 0
7719 9009 9 2 0
7719 9009 10 2 0
!leg 28283 49505 10 0 8 attackers:28283;victims:49505;type:1;valid_origin:True;recurrent:False;local:False
28283 49505 1 8 0
28283 49505 2 8 0
28283 49505 3 8 0
28283 49505 4 8 0
28283 49505 5 8 0
28283 49505 6 8 0
28283 49505 7 8 0
28283 49505 8 8 0
28283 49505 9 8 0
28283 49505 10 8 0
!leg 138346 139009 10 0 178 attackers:139009;victims:138346;type:1;valid_origin:True;recurrent:False;local:False
138346 139009 1 176 2
138346 139009 2 178 0
138346 139009 3 178 0
138346 139009 4 178 0
138346 139009 5 178 0
138346 139009 6 178 0
138346 139009 7 178 0
138346 139009 8 178 0
138346 139009 9 178 0
138346 139009 10 178 0
!leg 201814 264479 10 0 1 attackers:264479;victims:201814;type:1;valid_origin:True;recurrent:False;local:True
201814 264479 1 1 0
201814 264479 2 1 0
201814 264479 3 1 0
201814 264479 4 1 0
201814 264479 5 1 0
201814 264479 6 1 0
201814 264479 7 1 0
201814 264479 8 1 0
201814 264479 9 1 0
201814 264479 10 1 0
!leg 45296 133840 10 0 192 attackers:133840;victims:135471;type:4;valid_origin:True;recurrent:False;local:False
45296 133840 1 192 0
45296 133840 2 192 0
45296 133840 3 192 0
45296 133840 4 192 0
45296 133840 5 192 0
45296 133840 6 192 0
45296 133840 7 192 0
45296 133840 8 192 0
45296 133840 9 192 0
45296 133840 10 192 0
!leg 137505 141731 10 0 135 attackers:141731;victims:137505;type:1;valid_origin:True;recurrent:False;local:False
137505 141731 1 135 0
137505 141731 2 135 0
137505 141731 3 135 0
137505 141731 4 135 0
137505 141731 5 135 0
137505 141731 6 135 0
137505 141731 7 135 0
137505 141731 8 135 0
137505 141731 9 135 0
137505 141731 10 135 0
!sus 52545 267548 3 7 1 attackers:267548;victims:52545;type:1;valid_origin:True;recurrent:False;local:False
52545 267548 1 0 1
52545 267548 2 0 1
52545 267548 3 0 1
52545 267548 4 0 1
52545 267548 5 0 1
52545 267548 6 0 1
52545 267548 7 0 1
52545 267548 8 1 0
52545 267548 9 1 0
52545 267548 10 1 0
!leg 6939 18178 10 0 12 attackers:6939;victims:18178;type:1;valid_origin:False;recurrent:False;local:False
6939 18178 1 12 0
6939 18178 2 12 0
6939 18178 3 12 0
6939 18178 4 12 0
6939 18178 5 12 0
6939 18178 6 12 0
6939 18178 7 12 0
6939 18178 8 12 0
6939 18178 9 12 0
6939 18178 10 12 0
!leg 45296 55329 10 0 1 attackers:55329;victims:38506;type:2;valid_origin:True;recurrent:False;local:False
45296 55329 1 1 0
45296 55329 2 1 0
45296 55329 3 1 0
45296 55329 4 1 0
45296 55329 5 1 0
45296 55329 6 1 0
45296 55329 7 1 0
45296 55329 8 1 0
45296 55329 9 1 0
45296 55329 10 1 0
!leg 34019 43140 10 0 2 attackers:34019;victims:43140,203440;type:1,2;valid_origin:True;recurrent:False;local:True
34019 43140 1 2 0
34019 43140 2 2 0
34019 43140 3 2 0
34019 43140 4 2 0
34019 43140 5 2 0
34019 43140 6 2 0
34019 43140 7 2 0
34019 43140 8 2 0
34019 43140 9 2 0
34019 43140 10 2 0
!leg 199978 264479 10 0 1 attackers:264479;victims:199978;type:1;valid_origin:True;recurrent:False;local:True
199978 264479 1 1 0
199978 264479 2 1 0
199978 264479 3 1 0
199978 264479 4 1 0
199978 264479 5 1 0
199978 264479 6 1 0
199978 264479 7 1 0
199978 264479 8 1 0
199978 264479 9 1 0
199978 264479 10 1 0
!leg 43309 51185 10 0 3 attackers:51185;victims:43309,44340,209907;type:1,2;valid_origin:True;recurrent:False;local:True
43309 51185 1 3 0
43309 51185 2 3 0
43309 51185 3 3 0
43309 51185 4 3 0
43309 51185 5 3 0
43309 51185 6 3 0
43309 51185 7 3 0
43309 51185 8 3 0
43309 51185 9 3 0
43309 51185 10 3 0
!leg 202478 264479 10 0 1 attackers:264479;victims:202478;type:1;valid_origin:True;recurrent:False;local:True
202478 264479 1 1 0
202478 264479 2 1 0
202478 264479 3 1 0
202478 264479 4 1 0
202478 264479 5 1 0
202478 264479 6 1 0
202478 264479 7 1 0
202478 264479 8 1 0
202478 264479 9 1 0
202478 264479 10 1 0
!leg 266142 267548 10 0 1 attackers:267548;victims:266142;type:1;valid_origin:True;recurrent:False;local:False
266142 267548 1 1 0
266142 267548 2 1 0
266142 267548 3 1 0
266142 267548 4 1 0
266142 267548 5 1 0
266142 267548 6 1 0
266142 267548 7 1 0
266142 267548 8 1 0
266142 267548 9 1 0
266142 267548 10 1 0
!leg 138418 141731 10 0 145 attackers:141731;victims:138418;type:1;valid_origin:True;recurrent:False;local:False
138418 141731 1 145 0
138418 141731 2 145 0
138418 141731 3 145 0
138418 141731 4 145 0
138418 141731 5 145 0
138418 141731 6 145 0
138418 141731 7 145 0
138418 141731 8 145 0
138418 141731 9 145 0
138418 141731 10 145 0
!leg 23074 267548 10 0 1 attackers:267548;victims:61721;type:2;valid_origin:True;recurrent:False;local:False
23074 267548 1 1 0
23074 267548 2 1 0
23074 267548 3 1 0
23074 267548 4 1 0
23074 267548 5 1 0
23074 267548 6 1 0
23074 267548 7 1 0
23074 267548 8 1 0
23074 267548 9 1 0
23074 267548 10 1 0
!sus 266063 267548 0 10 44 attackers:267548;victims:266063;type:1;valid_origin:True;recurrent:False;local:False
266063 267548 1 0 44
266063 267548 2 0 44
266063 267548 3 0 44
266063 267548 4 0 44
266063 267548 5 2 42
266063 267548 6 5 39
266063 267548 7 3 41
266063 267548 8 5 39
266063 267548 9 4 40
266063 267548 10 6 38
!leg 4800 133844 10 0 833 attackers:4800;victims:133844;type:1;valid_origin:True;recurrent:False;local:False
4800 133844 1 833 0
4800 133844 2 833 0
4800 133844 3 833 0
4800 133844 4 833 0
4800 133844 5 833 0
4800 133844 6 833 0
4800 133844 7 833 0
4800 133844 8 833 0
4800 133844 9 833 0
4800 133844 10 833 0
!leg 45415 133296 10 0 165 attackers:133296;victims:45415;type:1;valid_origin:True;recurrent:False;local:False
45415 133296 1 165 0
45415 133296 2 165 0
45415 133296 3 165 0
45415 133296 4 165 0
45415 133296 5 165 0
45415 133296 6 165 0
45415 133296 7 165 0
45415 133296 8 165 0
45415 133296 9 165 0
45415 133296 10 165 0
!leg 205856 264479 10 0 1 attackers:264479;victims:205856;type:1;valid_origin:True;recurrent:False;local:True
205856 264479 1 1 0
205856 264479 2 1 0
205856 264479 3 1 0
205856 264479 4 1 0
205856 264479 5 1 0
205856 264479 6 1 0
205856 264479 7 1 0
205856 264479 8 1 0
205856 264479 9 1 0
205856 264479 10 1 0
!leg 59239 139919 10 0 1901 attackers:59239;victims:140080,137252,139919,138418,137843,139245,138658,139600,140071,140667,140616,137432,139809;type:1,2,3,4,5,6;valid_origin:True;recurrent:False;local:False
59239 139919 1 1830 71
59239 139919 2 1847 54
59239 139919 3 1843 58
59239 139919 4 1882 19
59239 139919 5 1883 18
59239 139919 6 1880 21
59239 139919 7 1881 20
59239 139919 8 1884 17
59239 139919 9 1885 16
59239 139919 10 1887 14
!leg 56838 264479 10 0 1 attackers:264479;victims:56838;type:1;valid_origin:True;recurrent:False;local:True
56838 264479 1 1 0
56838 264479 2 1 0
56838 264479 3 1 0
56838 264479 4 1 0
56838 264479 5 1 0
56838 264479 6 1 0
56838 264479 7 1 0
56838 264479 8 1 0
56838 264479 9 1 0
56838 264479 10 1 0
!leg 56983 264479 10 0 1 attackers:264479;victims:56983;type:1;valid_origin:True;recurrent:False;local:True
56983 264479 1 1 0
56983 264479 2 1 0
56983 264479 3 1 0
56983 264479 4 1 0
56983 264479 5 1 0
56983 264479 6 1 0
56983 264479 7 1 0
56983 264479 8 1 0
56983 264479 9 1 0
56983 264479 10 1 0
!sus 265442 267548 9 1 191 attackers:267548;victims:265160,271057,265442;type:1,2;valid_origin:True;recurrent:False;local:False
265442 267548 1 67 124
265442 267548 2 107 84
265442 267548 3 124 67
265442 267548 4 126 65
265442 267548 5 127 64
265442 267548 6 127 64
265442 267548 7 127 64
265442 267548 8 127 64
265442 267548 9 127 64
265442 267548 10 127 64
!leg 47478 50241 10 0 6 attackers:50241;victims:201842;type:2;valid_origin:True;recurrent:False;local:False
47478 50241 1 6 0
47478 50241 2 6 0
47478 50241 3 6 0
47478 50241 4 6 0
47478 50241 5 6 0
47478 50241 6 6 0
47478 50241 7 6 0
47478 50241 8 6 0
47478 50241 9 6 0
47478 50241 10 6 0
!leg 29838 62081 10 0 1 attackers:29838;victims:61064;type:2;valid_origin:True;recurrent:False;local:False
29838 62081 1 1 0
29838 62081 2 1 0
29838 62081 3 1 0
29838 62081 4 1 0
29838 62081 5 1 0
29838 62081 6 1 0
29838 62081 7 1 0
29838 62081 8 1 0
29838 62081 9 1 0
29838 62081 10 1 0
!leg 203263 264479 10 0 1 attackers:264479;victims:203263;type:1;valid_origin:True;recurrent:False;local:True
203263 264479 1 1 0
203263 264479 2 1 0
203263 264479 3 1 0
203263 264479 4 1 0
203263 264479 5 1 0
203263 264479 6 1 0
203263 264479 7 1 0
203263 264479 8 1 0
203263 264479 9 1 0
203263 264479 10 1 0
!leg 852 398700 10 0 1 attackers:852;victims:398700;type:1;valid_origin:True;recurrent:False;local:True
852 398700 1 1 0
852 398700 2 1 0
852 398700 3 1 0
852 398700 4 1 0
852 398700 5 1 0
852 398700 6 1 0
852 398700 7 1 0
852 398700 8 1 0
852 398700 9 1 0
852 398700 10 1 0
!sus 909 134502 0 10 116 attackers:134502;victims:909;type:1;valid_origin:True;recurrent:False;local:False
909 134502 1 27 89
909 134502 2 9 107
909 134502 3 31 85
909 134502 4 3 113
909 134502 5 0 116
909 134502 6 0 116
909 134502 7 0 116
909 134502 8 1 115
909 134502 9 0 116
909 134502 10 0 116
!sus 2 140012 0 10 41 attackers:140012;victims:2;type:1;valid_origin:False;recurrent:False;local:False
2 140012 1 0 41
2 140012 2 0 41
2 140012 3 0 41
2 140012 4 0 41
2 140012 5 0 41
2 140012 6 0 41
2 140012 7 0 41
2 140012 8 1 40
2 140012 9 1 40
2 140012 10 1 40
!leg 8342 8641 10 0 33 attackers:8641;victims:45027;type:2;valid_origin:False;recurrent:False;local:False
8342 8641 1 33 0
8342 8641 2 33 0
8342 8641 3 33 0
8342 8641 4 33 0
8342 8641 5 33 0
8342 8641 6 33 0
8342 8641 7 33 0
8342 8641 8 33 0
8342 8641 9 33 0
8342 8641 10 33 0
!leg 41047 199491 10 0 1 attackers:41047;victims:199491;type:1;valid_origin:True;recurrent:False;local:False
41047 199491 1 1 0
41047 199491 2 1 0
41047 199491 3 1 0
41047 199491 4 1 0
41047 199491 5 1 0
41047 199491 6 1 0
41047 199491 7 1 0
41047 199491 8 1 0
41047 199491 9 1 0
41047 199491 10 1 0
!leg 204522 264479 10 0 1 attackers:264479;victims:204522;type:1;valid_origin:True;recurrent:False;local:True
204522 264479 1 1 0
204522 264479 2 1 0
204522 264479 3 1 0
204522 264479 4 1 0
204522 264479 5 1 0
204522 264479 6 1 0
204522 264479 7 1 0
204522 264479 8 1 0
204522 264479 9 1 0
204522 264479 10 1 0
!leg 200668 264479 10 0 1 attackers:264479;victims:200668;type:1;valid_origin:True;recurrent:False;local:True
200668 264479 1 1 0
200668 264479 2 1 0
200668 264479 3 1 0
200668 264479 4 1 0
200668 264479 5 1 0
200668 264479 6 1 0
200668 264479 7 1 0
200668 264479 8 1 0
200668 264479 9 1 0
200668 264479 10 1 0
!leg 199451 264479 10 0 1 attackers:264479;victims:199451;type:1;valid_origin:True;recurrent:False;local:True
199451 264479 1 1 0
199451 264479 2 1 0
199451 264479 3 1 0
199451 264479 4 1 0
199451 264479 5 1 0
199451 264479 6 1 0
199451 264479 7 1 0
199451 264479 8 1 0
199451 264479 9 1 0
199451 264479 10 1 0
!leg 134502 139009 10 0 1069 attackers:139009;victims:909,134502;type:1,2;valid_origin:True;recurrent:False;local:False
134502 139009 1 1067 2
134502 139009 2 1068 1
134502 139009 3 1069 0
134502 139009 4 1069 0
134502 139009 5 1069 0
134502 139009 6 1069 0
134502 139009 7 1069 0
134502 139009 8 1069 0
134502 139009 9 1069 0
134502 139009 10 1069 0
!leg 1916 271044 10 0 1 attackers:1916;victims:271044;type:1;valid_origin:True;recurrent:False;local:False
1916 271044 1 1 0
1916 271044 2 1 0
1916 271044 3 1 0
1916 271044 4 1 0
1916 271044 5 1 0
1916 271044 6 1 0
1916 271044 7 1 0
1916 271044 8 1 0
1916 271044 9 1 0
1916 271044 10 1 0
!sus 263144 268267 8 2 62 attackers:268267;victims:263144;type:1;valid_origin:True;recurrent:False;local:False
263144 268267 1 16 46
263144 268267 2 25 37
263144 268267 3 62 0
263144 268267 4 62 0
263144 268267 5 62 0
263144 268267 6 62 0
263144 268267 7 62 0
263144 268267 8 62 0
263144 268267 9 62 0
263144 268267 10 62 0
!leg 21632 39386 10 0 1 attackers:39386;victims:21632;type:1;valid_origin:True;recurrent:False;local:False
21632 39386 1 1 0
21632 39386 2 1 0
21632 39386 3 1 0
21632 39386 4 1 0
21632 39386 5 1 0
21632 39386 6 1 0
21632 39386 7 1 0
21632 39386 8 1 0
21632 39386 9 1 0
21632 39386 10 1 0
!sus 267548 269454 0 10 67 attackers:267548;victims:269454;type:1;valid_origin:True;recurrent:False;local:False
267548 269454 1 4 63
267548 269454 2 6 61
267548 269454 3 9 58
267548 269454 4 5 62
267548 269454 5 18 49
267548 269454 6 16 51
267548 269454 7 15 52
267548 269454 8 12 55
267548 269454 9 13 54
267548 269454 10 16 51
!sus 263276 268267 8 2 2 attackers:268267;victims:263276,267272;type:1,2;valid_origin:True;recurrent:False;local:False
263276 268267 1 1 1
263276 268267 2 1 1
263276 268267 3 2 0
263276 268267 4 2 0
263276 268267 5 2 0
263276 268267 6 2 0
263276 268267 7 2 0
263276 268267 8 2 0
263276 268267 9 2 0
263276 268267 10 2 0
!sus 264213 267548 0 10 60 attackers:267548;victims:264213;type:1;valid_origin:True;recurrent:False;local:False
264213 267548 1 4 56
264213 267548 2 4 56
264213 267548 3 5 55
264213 267548 4 9 51
264213 267548 5 12 48
264213 267548 6 15 45
264213 267548 7 13 47
264213 267548 8 13 47
264213 267548 9 13 47
264213 267548 10 21 39
!leg 53019 267548 10 0 44 attackers:53019;victims:24348,24352,24351,24349;type:15;valid_origin:True;recurrent:False;local:False
53019 267548 1 44 0
53019 267548 2 44 0
53019 267548 3 44 0
53019 267548 4 44 0
53019 267548 5 44 0
53019 267548 6 44 0
53019 267548 7 44 0
53019 267548 8 44 0
53019 267548 9 44 0
53019 267548 10 44 0
!leg 201427 264479 10 0 1 attackers:264479;victims:201427;type:1;valid_origin:True;recurrent:False;local:True
201427 264479 1 1 0
201427 264479 2 1 0
201427 264479 3 1 0
201427 264479 4 1 0
201427 264479 5 1 0
201427 264479 6 1 0
201427 264479 7 1 0
201427 264479 8 1 0
201427 264479 9 1 0
201427 264479 10 1 0
!leg 52781 267548 10 0 9 attackers:267548;victims:52781;type:1;valid_origin:True;recurrent:False;local:False
52781 267548 1 6 3
52781 267548 2 5 4
52781 267548 3 7 2
52781 267548 4 8 1
52781 267548 5 9 0
52781 267548 6 9 0
52781 267548 7 9 0
52781 267548 8 9 0
52781 267548 9 9 0
52781 267548 10 9 0
!sus 53196 270341 2 8 46 attackers:270341;victims:53196;type:1;valid_origin:True;recurrent:False;local:False
53196 270341 1 0 46
53196 270341 2 1 45
53196 270341 3 1 45
53196 270341 4 2 44
53196 270341 5 10 36
53196 270341 6 11 35
53196 270341 7 3 43
53196 270341 8 32 14
53196 270341 9 20 26
53196 270341 10 37 9
!leg 45204 61568 10 0 1 attackers:61568;victims:45204;type:1;valid_origin:True;recurrent:False;local:False
45204 61568 1 1 0
45204 61568 2 1 0
45204 61568 3 1 0
45204 61568 4 1 0
45204 61568 5 1 0
45204 61568 6 1 0
45204 61568 7 1 0
45204 61568 8 1 0
45204 61568 9 1 0
45204 61568 10 1 0
!leg 7719 207852 10 0 3 attackers:7719;victims:207852;type:1;valid_origin:True;recurrent:False;local:False
7719 207852 1 3 0
7719 207852 2 3 0
7719 207852 3 3 0
7719 207852 4 3 0
7719 207852 5 3 0
7719 207852 6 3 0
7719 207852 7 3 0
7719 207852 8 3 0
7719 207852 9 3 0
7719 207852 10 3 0
!leg 262813 265086 10 0 8 attackers:265086;victims:262813;type:1;valid_origin:True;recurrent:False;local:False
262813 265086 1 8 0
262813 265086 2 8 0
262813 265086 3 8 0
262813 265086 4 8 0
262813 265086 5 8 0
262813 265086 6 8 0
262813 265086 7 8 0
262813 265086 8 8 0
262813 265086 9 8 0
262813 265086 10 8 0
!leg 7719 211635 10 0 1 attackers:7719;victims:211635;type:1;valid_origin:True;recurrent:False;local:False
7719 211635 1 1 0
7719 211635 2 1 0
7719 211635 3 1 0
7719 211635 4 1 0
7719 211635 5 1 0
7719 211635 6 1 0
7719 211635 7 1 0
7719 211635 8 1 0
7719 211635 9 1 0
7719 211635 10 1 0
!leg 131767 135471 10 0 665 attackers:131767;victims:135471;type:1;valid_origin:True;recurrent:False;local:False
131767 135471 1 665 0
131767 135471 2 665 0
131767 135471 3 665 0
131767 135471 4 665 0
131767 135471 5 665 0
131767 135471 6 665 0
131767 135471 7 665 0
131767 135471 8 665 0
131767 135471 9 665 0
131767 135471 10 665 0
!sus 2 142558 0 10 13 attackers:142558;victims:2;type:1;valid_origin:True;recurrent:False;local:False
2 142558 1 0 13
2 142558 2 3 10
2 142558 3 3 10
2 142558 4 3 10
2 142558 5 3 10
2 142558 6 3 10
2 142558 7 3 10
2 142558 8 3 10
2 142558 9 3 10
2 142558 10 3 10
!leg 140071 141731 10 0 121 attackers:141731;victims:140071;type:1;valid_origin:True;recurrent:False;local:False
140071 141731 1 121 0
140071 141731 2 121 0
140071 141731 3 121 0
140071 141731 4 121 0
140071 141731 5 121 0
140071 141731 6 121 0
140071 141731 7 121 0
140071 141731 8 121 0
140071 141731 9 121 0
140071 141731 10 121 0
!leg 139952 147107 10 0 33 attackers:139952;victims:147107;type:1;valid_origin:True;recurrent:False;local:False
139952 147107 1 33 0
139952 147107 2 33 0
139952 147107 3 33 0
139952 147107 4 33 0
139952 147107 5 33 0
139952 147107 6 33 0
139952 147107 7 33 0
139952 147107 8 33 0
139952 147107 9 33 0
139952 147107 10 33 0
!sus 53075 267548 3 7 2 attackers:267548;victims:53075;type:1;valid_origin:True;recurrent:False;local:False
53075 267548 1 1 1
53075 267548 2 1 1
53075 267548 3 1 1
53075 267548 4 1 1
53075 267548 5 1 1
53075 267548 6 1 1
53075 267548 7 1 1
53075 267548 8 2 0
53075 267548 9 2 0
53075 267548 10 2 0
!leg 137967 139461 10 0 183 attackers:137967;victims:139461;type:1;valid_origin:True;recurrent:False;local:False
137967 139461 1 183 0
137967 139461 2 183 0
137967 139461 3 183 0
137967 139461 4 183 0
137967 139461 5 183 0
137967 139461 6 183 0
137967 139461 7 183 0
137967 139461 8 183 0
137967 139461 9 183 0
137967 139461 10 183 0
!leg 138541 139931 10 0 5 attackers:139931;victims:138541;type:1;valid_origin:True;recurrent:False;local:False
138541 139931 1 5 0
138541 139931 2 5 0
138541 139931 3 5 0
138541 139931 4 5 0
138541 139931 5 5 0
138541 139931 6 5 0
138541 139931 7 5 0
138541 139931 8 5 0
138541 139931 9 5 0
138541 139931 10 5 0
!leg 39120 56324 10 0 1 attackers:39120;victims:56324;type:1;valid_origin:True;recurrent:False;local:True
39120 56324 1 1 0
39120 56324 2 1 0
39120 56324 3 1 0
39120 56324 4 1 0
39120 56324 5 1 0
39120 56324 6 1 0
39120 56324 7 1 0
39120 56324 8 1 0
39120 56324 9 1 0
39120 56324 10 1 0
!leg 7717 46052 10 0 3 attackers:7717;victims:46052;type:1;valid_origin:True;recurrent:False;local:False
7717 46052 1 3 0
7717 46052 2 3 0
7717 46052 3 3 0
7717 46052 4 3 0
7717 46052 5 3 0
7717 46052 6 3 0
7717 46052 7 3 0
7717 46052 8 3 0
7717 46052 9 3 0
7717 46052 10 3 0
!leg 264525 268267 10 0 32 attackers:268267;victims:264525;type:1;valid_origin:True;recurrent:False;local:False
264525 268267 1 24 8
264525 268267 2 32 0
264525 268267 3 32 0
264525 268267 4 32 0
264525 268267 5 32 0
264525 268267 6 32 0
264525 268267 7 32 0
264525 268267 8 32 0
264525 268267 9 32 0
264525 268267 10 32 0
!leg 49697 211671 10 0 1 attackers:49697;victims:211671;type:1;valid_origin:True;recurrent:False;local:False
49697 211671 1 1 0
49697 211671 2 1 0
49697 211671 3 1 0
49697 211671 4 1 0
49697 211671 5 1 0
49697 211671 6 1 0
49697 211671 7 1 0
49697 211671 8 1 0
49697 211671 9 1 0
49697 211671 10 1 0
!leg 200889 264479 10 0 1 attackers:264479;victims:200889;type:1;valid_origin:True;recurrent:False;local:True
200889 264479 1 1 0
200889 264479 2 1 0
200889 264479 3 1 0
200889 264479 4 1 0
200889 264479 5 1 0
200889 264479 6 1 0
200889 264479 7 1 0
200889 264479 8 1 0
200889 264479 9 1 0
200889 264479 10 1 0
!leg 9022 28283 10 0 7 attackers:28283;victims:9022;type:1;valid_origin:True;recurrent:False;local:False
9022 28283 1 7 0
9022 28283 2 7 0
9022 28283 3 7 0
9022 28283 4 7 0
9022 28283 5 7 0
9022 28283 6 7 0
9022 28283 7 7 0
9022 28283 8 7 0
9022 28283 9 7 0
9022 28283 10 7 0
!leg 3257 45296 10 0 3 attackers:3257;victims:141936,38506;type:2,3;valid_origin:True;recurrent:False;local:False
3257 45296 1 3 0
3257 45296 2 3 0
3257 45296 3 3 0
3257 45296 4 3 0
3257 45296 5 3 0
3257 45296 6 3 0
3257 45296 7 3 0
3257 45296 8 3 0
3257 45296 9 3 0
3257 45296 10 3 0
!leg 200125 264479 10 0 1 attackers:264479;victims:200125;type:1;valid_origin:True;recurrent:False;local:True
200125 264479 1 1 0
200125 264479 2 1 0
200125 264479 3 1 0
200125 264479 4 1 0
200125 264479 5 1 0
200125 264479 6 1 0
200125 264479 7 1 0
200125 264479 8 1 0
200125 264479 9 1 0
200125 264479 10 1 0
!sus 267548 268619 0 10 23 attackers:267548;victims:268619;type:1;valid_origin:True;recurrent:False;local:False
267548 268619 1 0 23
267548 268619 2 0 23
267548 268619 3 1 22
267548 268619 4 1 22
267548 268619 5 4 19
267548 268619 6 6 17
267548 268619 7 6 17
267548 268619 8 3 20
267548 268619 9 3 20
267548 268619 10 6 17
!leg 28604 263284 10 0 1 attackers:28604;victims:263284;type:1;valid_origin:True;recurrent:False;local:False
28604 263284 1 1 0
28604 263284 2 1 0
28604 263284 3 1 0
28604 263284 4 1 0
28604 263284 5 1 0
28604 263284 6 1 0
28604 263284 7 1 0
28604 263284 8 1 0
28604 263284 9 1 0
28604 263284 10 1 0
!leg 8309 21574 10 0 1 attackers:8309;victims:21574;type:1;valid_origin:True;recurrent:False;local:False
8309 21574 1 1 0
8309 21574 2 1 0
8309 21574 3 1 0
8309 21574 4 1 0
8309 21574 5 1 0
8309 21574 6 1 0
8309 21574 7 1 0
8309 21574 8 1 0
8309 21574 9 1 0
8309 21574 10 1 0
!leg 43309 57463 10 0 2 attackers:57463;victims:43309,209907;type:1,2;valid_origin:True;recurrent:False;local:False
43309 57463 1 2 0
43309 57463 2 2 0
43309 57463 3 2 0
43309 57463 4 2 0
43309 57463 5 2 0
43309 57463 6 2 0
43309 57463 7 2 0
43309 57463 8 2 0
43309 57463 9 2 0
43309 57463 10 2 0
!leg 47775 50241 10 0 1 attackers:50241;victims:8480;type:3;valid_origin:True;recurrent:False;local:False
47775 50241 1 1 0
47775 50241 2 1 0
47775 50241 3 1 0
47775 50241 4 1 0
47775 50241 5 1 0
47775 50241 6 1 0
47775 50241 7 1 0
47775 50241 8 1 0
47775 50241 9 1 0
47775 50241 10 1 0
!leg 28283 262496 10 0 12 attackers:28283;victims:267605;type:2;valid_origin:True;recurrent:False;local:False
28283 262496 1 12 0
28283 262496 2 12 0
28283 262496 3 12 0
28283 262496 4 12 0
28283 262496 5 12 0
28283 262496 6 12 0
28283 262496 7 12 0
28283 262496 8 12 0
28283 262496 9 12 0
28283 262496 10 12 0
!leg 39386 51823 10 0 1 attackers:39386;victims:51823;type:1;valid_origin:True;recurrent:False;local:False
39386 51823 1 1 0
39386 51823 2 1 0
39386 51823 3 1 0
39386 51823 4 1 0
39386 51823 5 1 0
39386 51823 6 1 0
39386 51823 7 1 0
39386 51823 8 1 0
39386 51823 9 1 0
39386 51823 10 1 0
!leg 35306 264479 10 0 1 attackers:264479;victims:35306;type:1;valid_origin:True;recurrent:False;local:True
35306 264479 1 1 0
35306 264479 2 1 0
35306 264479 3 1 0
35306 264479 4 1 0
35306 264479 5 1 0
35306 264479 6 1 0
35306 264479 7 1 0
35306 264479 8 1 0
35306 264479 9 1 0
35306 264479 10 1 0
!sus 5 142558 4 6 10 attackers:142558;victims:5;type:1;valid_origin:True;recurrent:False;local:False
5 142558 1 3 7
5 142558 2 4 6
5 142558 3 4 6
5 142558 4 4 6
5 142558 5 4 6
5 142558 6 8 2
5 142558 7 5 5
5 142558 8 7 3
5 142558 9 8 2
5 142558 10 8 2
!leg 59663 62010 10 0 114 attackers:62010;victims:59663;type:1;valid_origin:True;recurrent:False;local:False
59663 62010 1 114 0
59663 62010 2 114 0
59663 62010 3 114 0
59663 62010 4 114 0
59663 62010 5 114 0
59663 62010 6 114 0
59663 62010 7 114 0
59663 62010 8 114 0
59663 62010 9 114 0
59663 62010 10 114 0
!leg 28283 47447 10 0 7 attackers:28283;victims:47447;type:1;valid_origin:True;recurrent:False;local:False
28283 47447 1 7 0
28283 47447 2 7 0
28283 47447 3 7 0
28283 47447 4 7 0
28283 47447 5 7 0
28283 47447 6 7 0
28283 47447 7 7 0
28283 47447 8 7 0
28283 47447 9 7 0
28283 47447 10 7 0
!leg 28283 269351 10 0 12 attackers:28283;victims:269351;type:1;valid_origin:True;recurrent:False;local:False
28283 269351 1 11 1
28283 269351 2 12 0
28283 269351 3 12 0
28283 269351 4 12 0
28283 269351 5 12 0
28283 269351 6 12 0
28283 269351 7 12 0
28283 269351 8 12 0
28283 269351 9 12 0
28283 269351 10 12 0
!sus 262973 270341 0 10 51 attackers:270341;victims:262973;type:1;valid_origin:True;recurrent:False;local:False
262973 270341 1 1 50
262973 270341 2 1 50
262973 270341 3 1 50
262973 270341 4 2 49
262973 270341 5 2 49
262973 270341 6 5 46
262973 270341 7 3 48
262973 270341 8 5 46
262973 270341 9 9 42
262973 270341 10 22 29
!leg 263852 267548 10 0 9 attackers:267548;victims:263852;type:1;valid_origin:True;recurrent:False;local:False
263852 267548 1 7 2
263852 267548 2 8 1
263852 267548 3 8 1
263852 267548 4 8 1
263852 267548 5 9 0
263852 267548 6 9 0
263852 267548 7 9 0
263852 267548 8 9 0
263852 267548 9 9 0
263852 267548 10 9 0
!leg 265354 268267 10 0 1 attackers:268267;victims:265354;type:1;valid_origin:True;recurrent:False;local:False
265354 268267 1 1 0
265354 268267 2 1 0
265354 268267 3 1 0
265354 268267 4 1 0
265354 268267 5 1 0
265354 268267 6 1 0
265354 268267 7 1 0
265354 268267 8 1 0
265354 268267 9 1 0
265354 268267 10 1 0
!leg 28283 49808 10 0 9 attackers:28283;victims:49808;type:1;valid_origin:True;recurrent:False;local:False
28283 49808 1 9 0
28283 49808 2 9 0
28283 49808 3 9 0
28283 49808 4 9 0
28283 49808 5 9 0
28283 49808 6 9 0
28283 49808 7 9 0
28283 49808 8 9 0
28283 49808 9 9 0
28283 49808 10 9 0
!leg 8932 43350 10 0 1 attackers:43350;victims:57231;type:3;valid_origin:True;recurrent:False;local:False
8932 43350 1 1 0
8932 43350 2 1 0
8932 43350 3 1 0
8932 43350 4 1 0
8932 43350 5 1 0
8932 43350 6 1 0
8932 43350 7 1 0
8932 43350 8 1 0
8932 43350 9 1 0
8932 43350 10 1 0
!leg 47884 264479 10 0 1 attackers:264479;victims:47884;type:1;valid_origin:True;recurrent:False;local:True
47884 264479 1 1 0
47884 264479 2 1 0
47884 264479 3 1 0
47884 264479 4 1 0
47884 264479 5 1 0
47884 264479 6 1 0
47884 264479 7 1 0
47884 264479 8 1 0
47884 264479 9 1 0
47884 264479 10 1 0
!sus 2906 55410 0 10 365 attackers:55410;victims:40027,2906;type:1,2;valid_origin:True;recurrent:False;local:False
2906 55410 1 0 365
2906 55410 2 0 365
2906 55410 3 0 365
2906 55410 4 3 362
2906 55410 5 6 359
2906 55410 6 6 359
2906 55410 7 6 359
2906 55410 8 6 359
2906 55410 9 6 359
2906 55410 10 6 359
!leg 262979 268267 10 0 1 attackers:268267;victims:266156;type:2;valid_origin:True;recurrent:False;local:False
262979 268267 1 1 0
262979 268267 2 1 0
262979 268267 3 1 0
262979 268267 4 1 0
262979 268267 5 1 0
262979 268267 6 1 0
262979 268267 7 1 0
262979 268267 8 1 0
262979 268267 9 1 0
262979 268267 10 1 0
!leg 262506 268267 10 0 1 attackers:268267;victims:262506;type:1;valid_origin:True;recurrent:False;local:False
262506 268267 1 1 0
262506 268267 2 1 0
262506 268267 3 1 0
262506 268267 4 1 0
262506 268267 5 1 0
262506 268267 6 1 0
262506 268267 7 1 0
262506 268267 8 1 0
262506 268267 9 1 0
262506 268267 10 1 0
!leg 7719 213045 10 0 50 attackers:213045,7719;victims:53722,271849,133098,211509,33654,269312,208789,262983,208266,28075,203974,141776,211358,139995,16576,210564,134806,271927,265390,208753,132590,210925,20473,24429,12654,22356,28292,7602,44406,12208,41609,270790,135103,137531,211635,52806,24373,211876;type:2,3,4,5,6;valid_origin:False;recurrent:False;local:False
7719 213045 1 50 0
7719 213045 2 50 0
7719 213045 3 50 0
7719 213045 4 50 0
7719 213045 5 50 0
7719 213045 6 50 0
7719 213045 7 49 1
7719 213045 8 50 0
7719 213045 9 50 0
7719 213045 10 49 1
!leg 206890 264479 10 0 1 attackers:264479;victims:206890;type:1;valid_origin:True;recurrent:False;local:True
206890 264479 1 1 0
206890 264479 2 1 0
206890 264479 3 1 0
206890 264479 4 1 0
206890 264479 5 1 0
206890 264479 6 1 0
206890 264479 7 1 0
206890 264479 8 1 0
206890 264479 9 1 0
206890 264479 10 1 0
!leg 263905 267548 10 0 9 attackers:267548;victims:263905;type:1;valid_origin:True;recurrent:False;local:False
263905 267548 1 7 2
263905 267548 2 8 1
263905 267548 3 8 1
263905 267548 4 8 1
263905 267548 5 9 0
263905 267548 6 9 0
263905 267548 7 9 0
263905 267548 8 9 0
263905 267548 9 9 0
263905 267548 10 9 0
!sus 265483 267548 4 6 1 attackers:267548;victims:265483;type:1;valid_origin:True;recurrent:False;local:False
265483 267548 1 0 1
265483 267548 2 0 1
265483 267548 3 0 1
265483 267548 4 0 1
265483 267548 5 1 0
265483 267548 6 0 1
265483 267548 7 0 1
265483 267548 8 1 0
265483 267548 9 1 0
265483 267548 10 1 0
!leg 39386 209045 10 0 1 attackers:39386;victims:209045;type:1;valid_origin:True;recurrent:False;local:False
39386 209045 1 1 0
39386 209045 2 1 0
39386 209045 3 1 0
39386 209045 4 1 0
39386 209045 5 1 0
39386 209045 6 1 0
39386 209045 7 1 0
39386 209045 8 1 0
39386 209045 9 1 0
39386 209045 10 1 0
!leg 20485 39499 10 0 1 attackers:20485;victims:57055;type:2;valid_origin:True;recurrent:False;local:False
20485 39499 1 1 0
20485 39499 2 1 0
20485 39499 3 1 0
20485 39499 4 1 0
20485 39499 5 1 0
20485 39499 6 1 0
20485 39499 7 1 0
20485 39499 8 1 0
20485 39499 9 1 0
20485 39499 10 1 0
!leg 198709 264479 10 0 2 attackers:264479;victims:198709,198489;type:1,2;valid_origin:True;recurrent:False;local:True
198709 264479 1 2 0
198709 264479 2 2 0
198709 264479 3 2 0
198709 264479 4 2 0
198709 264479 5 2 0
198709 264479 6 2 0
198709 264479 7 2 0
198709 264479 8 2 0
198709 264479 9 2 0
198709 264479 10 2 0
!sus 263297 267548 0 10 26 attackers:267548;victims:263297;type:1;valid_origin:True;recurrent:False;local:False
263297 267548 1 0 26
263297 267548 2 0 26
263297 267548 3 0 26
263297 267548 4 0 26
263297 267548 5 1 25
263297 267548 6 6 20
263297 267548 7 1 25
263297 267548 8 5 21
263297 267548 9 7 19
263297 267548 10 7 19
!leg 56905 264479 10 0 1 attackers:264479;victims:56905;type:1;valid_origin:True;recurrent:False;local:True
56905 264479 1 1 0
56905 264479 2 1 0
56905 264479 3 1 0
56905 264479 4 1 0
56905 264479 5 1 0
56905 264479 6 1 0
56905 264479 7 1 0
56905 264479 8 1 0
56905 264479 9 1 0
56905 264479 10 1 0
!leg 8529 45296 10 0 1 attackers:8529;victims:38506;type:2;valid_origin:True;recurrent:False;local:False
8529 45296 1 1 0
8529 45296 2 1 0
8529 45296 3 1 0
8529 45296 4 1 0
8529 45296 5 1 0
8529 45296 6 1 0
8529 45296 7 1 0
8529 45296 8 1 0
8529 45296 9 1 0
8529 45296 10 1 0
!leg 262589 265076 10 0 2 attackers:262589;victims:265076;type:1;valid_origin:True;recurrent:False;local:False
262589 265076 1 2 0
262589 265076 2 2 0
262589 265076 3 2 0
262589 265076 4 2 0
262589 265076 5 2 0
262589 265076 6 2 0
262589 265076 7 2 0
262589 265076 8 2 0
262589 265076 9 2 0
262589 265076 10 2 0
!leg 45296 138810 10 0 85 attackers:45296;victims:138810;type:1;valid_origin:True;recurrent:False;local:False
45296 138810 1 85 0
45296 138810 2 85 0
45296 138810 3 85 0
45296 138810 4 85 0
45296 138810 5 85 0
45296 138810 6 85 0
45296 138810 7 85 0
45296 138810 8 85 0
45296 138810 9 85 0
45296 138810 10 85 0
!leg 35280 141677 10 0 1 attackers:35280;victims:141677;type:1;valid_origin:False;recurrent:False;local:False
35280 141677 1 1 0
35280 141677 2 1 0
35280 141677 3 1 0
35280 141677 4 1 0
35280 141677 5 1 0
35280 141677 6 1 0
35280 141677 7 1 0
35280 141677 8 1 0
35280 141677 9 1 0
35280 141677 10 1 0
!leg 49954 50313 10 0 1 attackers:50313;victims:49954;type:1;valid_origin:True;recurrent:False;local:False
49954 50313 1 1 0
49954 50313 2 1 0
49954 50313 3 1 0
49954 50313 4 1 0
49954 50313 5 1 0
49954 50313 6 1 0
49954 50313 7 1 0
49954 50313 8 1 0
49954 50313 9 1 0
49954 50313 10 1 0
!leg 7719 394256 10 0 1 attackers:394256;victims:7719;type:1;valid_origin:True;recurrent:False;local:False
7719 394256 1 1 0
7719 394256 2 1 0
7719 394256 3 1 0
7719 394256 4 1 0
7719 394256 5 1 0
7719 394256 6 1 0
7719 394256 7 1 0
7719 394256 8 1 0
7719 394256 9 1 0
7719 394256 10 1 0
!leg 39386 56474 10 0 1 attackers:39386;victims:56474;type:1;valid_origin:True;recurrent:False;local:False
39386 56474 1 1 0
39386 56474 2 1 0
39386 56474 3 1 0
39386 56474 4 1 0
39386 56474 5 1 0
39386 56474 6 1 0
39386 56474 7 1 0
39386 56474 8 1 0
39386 56474 9 1 0
39386 56474 10 1 0
!leg 7719 53356 10 0 3 attackers:53356;victims:141776,44406;type:2,3;valid_origin:True;recurrent:False;local:False
7719 53356 1 2 1
7719 53356 2 3 0
7719 53356 3 3 0
7719 53356 4 3 0
7719 53356 5 3 0
7719 53356 6 3 0
7719 53356 7 3 0
7719 53356 8 3 0
7719 53356 9 3 0
7719 53356 10 3 0
!sus 52712 267548 0 10 58 attackers:267548;victims:52712;type:1;valid_origin:True;recurrent:False;local:False
52712 267548 1 4 54
52712 267548 2 7 51
52712 267548 3 8 50
52712 267548 4 8 50
52712 267548 5 10 48
52712 267548 6 15 43
52712 267548 7 11 47
52712 267548 8 14 44
52712 267548 9 14 44
52712 267548 10 16 42
!leg 28169 41047 10 0 1 attackers:41047;victims:263486;type:2;valid_origin:True;recurrent:False;local:False
28169 41047 1 1 0
28169 41047 2 1 0
28169 41047 3 1 0
28169 41047 4 1 0
28169 41047 5 1 0
28169 41047 6 1 0
28169 41047 7 1 0
28169 41047 8 1 0
28169 41047 9 1 0
28169 41047 10 1 0
!leg 8767 28283 10 0 9 attackers:28283;victims:8767;type:1;valid_origin:True;recurrent:False;local:False
8767 28283 1 9 0
8767 28283 2 9 0
8767 28283 3 9 0
8767 28283 4 9 0
8767 28283 5 9 0
8767 28283 6 9 0
8767 28283 7 9 0
8767 28283 8 9 0
8767 28283 9 9 0
8767 28283 10 9 0
!leg 206314 264479 10 0 1 attackers:264479;victims:206314;type:1;valid_origin:True;recurrent:False;local:True
206314 264479 1 1 0
206314 264479 2 1 0
206314 264479 3 1 0
206314 264479 4 1 0
206314 264479 5 1 0
206314 264479 6 1 0
206314 264479 7 1 0
206314 264479 8 1 0
206314 264479 9 1 0
206314 264479 10 1 0
!leg 36916 328333 10 0 1 attackers:328333;victims:328241;type:2;valid_origin:True;recurrent:False;local:False
36916 328333 1 1 0
36916 328333 2 1 0
36916 328333 3 1 0
36916 328333 4 1 0
36916 328333 5 1 0
36916 328333 6 1 0
36916 328333 7 1 0
36916 328333 8 1 0
36916 328333 9 1 0
36916 328333 10 1 0
!leg 56630 62081 10 0 1 attackers:56630;victims:61064;type:2;valid_origin:True;recurrent:False;local:False
56630 62081 1 1 0
56630 62081 2 1 0
56630 62081 3 1 0
56630 62081 4 1 0
56630 62081 5 1 0
56630 62081 6 1 0
56630 62081 7 1 0
56630 62081 8 1 0
56630 62081 9 1 0
56630 62081 10 1 0
!leg 21574 268267 10 0 5 attackers:268267;victims:263356;type:2;valid_origin:True;recurrent:False;local:False
21574 268267 1 5 0
21574 268267 2 5 0
21574 268267 3 5 0
21574 268267 4 5 0
21574 268267 5 5 0
21574 268267 6 5 0
21574 268267 7 5 0
21574 268267 8 5 0
21574 268267 9 5 0
21574 268267 10 5 0
!sus 267548 270340 5 5 1 attackers:267548;victims:270340;type:1;valid_origin:True;recurrent:False;local:False
267548 270340 1 0 1
267548 270340 2 0 1
267548 270340 3 0 1
267548 270340 4 0 1
267548 270340 5 0 1
267548 270340 6 1 0
267548 270340 7 1 0
267548 270340 8 1 0
267548 270340 9 1 0
267548 270340 10 1 0
!leg 132602 138541 10 0 420 attackers:132602;victims:138541;type:1;valid_origin:True;recurrent:False;local:False
132602 138541 1 420 0
132602 138541 2 420 0
132602 138541 3 420 0
132602 138541 4 420 0
132602 138541 5 420 0
132602 138541 6 420 0
132602 138541 7 420 0
132602 138541 8 420 0
132602 138541 9 420 0
132602 138541 10 420 0
!sus 1239 267548 0 10 6 attackers:267548;victims:1239;type:1;valid_origin:True;recurrent:False;local:False
1239 267548 1 0 6
1239 267548 2 0 6
1239 267548 3 0 6
1239 267548 4 0 6
1239 267548 5 0 6
1239 267548 6 0 6
1239 267548 7 0 6
1239 267548 8 0 6
1239 267548 9 0 6
1239 267548 10 0 6
