!sus 13335 58396 0 10 19 attackers:58396;victims:13335;type:1;valid_origin:True;recurrent:True;local:False
13335 58396 1 0 19
13335 58396 2 0 19
13335 58396 3 0 19
13335 58396 4 0 19
13335 58396 5 0 19
13335 58396 6 3 16
13335 58396 7 1 18
13335 58396 8 2 17
13335 58396 9 0 19
13335 58396 10 3 16
!sus 17451 55818 0 10 68 attackers:55818;victims:17451,138101,138311,138296;type:1,2,3,5;valid_origin:True;recurrent:True;local:False
17451 55818 1 8 60
17451 55818 2 8 60
17451 55818 3 25 43
17451 55818 4 27 41
17451 55818 5 29 39
17451 55818 6 29 39
17451 55818 7 32 36
17451 55818 8 30 38
17451 55818 9 33 35
17451 55818 10 32 36
!sus 151192 212483 0 10 10 attackers:212483;victims:151192;type:1;valid_origin:True;recurrent:True;local:False
151192 212483 1 0 10
151192 212483 2 0 10
151192 212483 3 0 10
151192 212483 4 0 10
151192 212483 5 0 10
151192 212483 6 0 10
151192 212483 7 0 10
151192 212483 8 0 10
151192 212483 9 0 10
151192 212483 10 0 10
!sus 17639 141210 4 6 11 attackers:17639;victims:141210;type:1;valid_origin:True;recurrent:True;local:False
17639 141210 1 0 11
17639 141210 2 0 11
17639 141210 3 0 11
17639 141210 4 0 11
17639 141210 5 5 6
17639 141210 6 10 1
17639 141210 7 10 1
17639 141210 8 11 0
17639 141210 9 5 6
17639 141210 10 10 1
!leg 53184 262414 10 0 1 attackers:53184;victims:37468;type:4;valid_origin:True;recurrent:False;local:False
53184 262414 1 1 0
53184 262414 2 1 0
53184 262414 3 1 0
53184 262414 4 1 0
53184 262414 5 1 0
53184 262414 6 1 0
53184 262414 7 1 0
53184 262414 8 1 0
53184 262414 9 1 0
53184 262414 10 1 0
!sus 55330 151329 5 5 1 attackers:55330;victims:151329;type:1;valid_origin:True;recurrent:True;local:False
55330 151329 1 1 0
55330 151329 2 1 0
55330 151329 3 1 0
55330 151329 4 1 0
55330 151329 5 1 0
55330 151329 6 0 1
55330 151329 7 0 1
55330 151329 8 0 1
55330 151329 9 0 1
55330 151329 10 0 1
!sus 210912 212815 0 10 4 attackers:212815;victims:5089;type:2;valid_origin:True;recurrent:True;local:False
210912 212815 1 0 4
210912 212815 2 0 4
210912 212815 3 0 4
210912 212815 4 0 4
210912 212815 5 0 4
210912 212815 6 0 4
210912 212815 7 0 4
210912 212815 8 0 4
210912 212815 9 0 4
210912 212815 10 0 4
!sus 56694 207957 7 3 26 attackers:56694;victims:207957;type:1;valid_origin:True;recurrent:True;local:False
56694 207957 1 26 0
56694 207957 2 26 0
56694 207957 3 26 0
56694 207957 4 26 0
56694 207957 5 24 2
56694 207957 6 24 2
56694 207957 7 25 1
56694 207957 8 0 26
56694 207957 9 0 26
56694 207957 10 0 26
!sus 9655 151081 3 7 3 attackers:9655;victims:151081;type:1;valid_origin:True;recurrent:True;local:False
9655 151081 1 3 0
9655 151081 2 3 0
9655 151081 3 0 3
9655 151081 4 2 1
9655 151081 5 0 3
9655 151081 6 0 3
9655 151081 7 0 3
9655 151081 8 0 3
9655 151081 9 0 3
9655 151081 10 0 3
!sus 28590 272599 0 10 168 attackers:272599;victims:28590;type:1;valid_origin:True;recurrent:True;local:False
28590 272599 1 5 163
28590 272599 2 36 132
28590 272599 3 19 149
28590 272599 4 16 152
28590 272599 5 47 121
28590 272599 6 28 140
28590 272599 7 13 155
28590 272599 8 34 134
28590 272599 9 45 123
28590 272599 10 36 132
!leg 263950 268069 10 0 29 attackers:263950;victims:270864;type:2;valid_origin:True;recurrent:False;local:False
263950 268069 1 29 0
263950 268069 2 29 0
263950 268069 3 29 0
263950 268069 4 29 0
263950 268069 5 29 0
263950 268069 6 29 0
263950 268069 7 29 0
263950 268069 8 29 0
263950 268069 9 29 0
263950 268069 10 29 0
!leg 52634 263277 10 0 1 attackers:52634;victims:263277;type:1;valid_origin:True;recurrent:False;local:False
52634 263277 1 1 0
52634 263277 2 1 0
52634 263277 3 1 0
52634 263277 4 1 0
52634 263277 5 1 0
52634 263277 6 1 0
52634 263277 7 1 0
52634 263277 8 1 0
52634 263277 9 1 0
52634 263277 10 1 0
!sus 400 269247 1 9 5 attackers:269247;victims:500;type:2;valid_origin:True;recurrent:False;local:False
400 269247 1 0 5
400 269247 2 0 5
400 269247 3 0 5
400 269247 4 0 5
400 269247 5 0 5
400 269247 6 1 4
400 269247 7 0 5
400 269247 8 3 2
400 269247 9 1 4
400 269247 10 0 5
!sus 198578 207967 1 9 4 attackers:207967;victims:198578;type:1;valid_origin:True;recurrent:True;local:False
198578 207967 1 4 0
198578 207967 2 2 2
198578 207967 3 2 2
198578 207967 4 0 4
198578 207967 5 0 4
198578 207967 6 1 3
198578 207967 7 0 4
198578 207967 8 0 4
198578 207967 9 0 4
198578 207967 10 0 4
!sus 43298 207333 9 1 224 attackers:43298;victims:207333;type:1;valid_origin:True;recurrent:True;local:False
43298 207333 1 65 159
43298 207333 2 217 7
43298 207333 3 218 6
43298 207333 4 223 1
43298 207333 5 223 1
43298 207333 6 224 0
43298 207333 7 224 0
43298 207333 8 224 0
43298 207333 9 224 0
43298 207333 10 224 0
!leg 28654 53184 10 0 1 attackers:53184;victims:264053;type:2;valid_origin:True;recurrent:False;local:False
28654 53184 1 1 0
28654 53184 2 1 0
28654 53184 3 1 0
28654 53184 4 1 0
28654 53184 5 1 0
28654 53184 6 1 0
28654 53184 7 1 0
28654 53184 8 1 0
28654 53184 9 1 0
28654 53184 10 1 0
!leg 52965 264417 10 0 3 attackers:264417;victims:269043;type:5;valid_origin:True;recurrent:False;local:False
52965 264417 1 3 0
52965 264417 2 3 0
52965 264417 3 3 0
52965 264417 4 3 0
52965 264417 5 3 0
52965 264417 6 3 0
52965 264417 7 3 0
52965 264417 8 3 0
52965 264417 9 3 0
52965 264417 10 3 0
!leg 61844 262851 10 0 24 attackers:262851;victims:61844,267965,263557;type:1,2;valid_origin:True;recurrent:False;local:False
61844 262851 1 18 6
61844 262851 2 18 6
61844 262851 3 18 6
61844 262851 4 18 6
61844 262851 5 18 6
61844 262851 6 18 6
61844 262851 7 18 6
61844 262851 8 18 6
61844 262851 9 18 6
61844 262851 10 18 6
!sus 3356 48880 0 10 7 attackers:3356;victims:201572;type:2;valid_origin:True;recurrent:True;local:False
3356 48880 1 0 7
3356 48880 2 0 7
3356 48880 3 0 7
3356 48880 4 0 7
3356 48880 5 0 7
3356 48880 6 0 7
3356 48880 7 0 7
3356 48880 8 0 7
3356 48880 9 0 7
3356 48880 10 0 7
!sus 1 263170 0 10 14 attackers:263170;victims:1;type:1;valid_origin:False;recurrent:True;local:False
1 263170 1 0 14
1 263170 2 0 14
1 263170 3 0 14
1 263170 4 0 14
1 263170 5 0 14
1 263170 6 0 14
1 263170 7 0 14
1 263170 8 0 14
1 263170 9 0 14
1 263170 10 0 14
!sus 264042 272685 3 7 2 attackers:264042;victims:272685;type:1;valid_origin:True;recurrent:True;local:False
264042 272685 1 2 0
264042 272685 2 2 0
264042 272685 3 0 2
264042 272685 4 2 0
264042 272685 5 0 2
264042 272685 6 0 2
264042 272685 7 0 2
264042 272685 8 0 2
264042 272685 9 0 2
264042 272685 10 0 2
!sus 202197 210925 0 10 7 attackers:202197;victims:210461,210925;type:1,2;valid_origin:True;recurrent:True;local:False
202197 210925 1 0 7
202197 210925 2 0 7
202197 210925 3 0 7
202197 210925 4 0 7
202197 210925 5 0 7
202197 210925 6 0 7
202197 210925 7 0 7
202197 210925 8 0 7
202197 210925 9 0 7
202197 210925 10 0 7
!leg 53102 266454 10 0 10 attackers:266454;victims:268238;type:3;valid_origin:False;recurrent:True;local:False
53102 266454 1 10 0
53102 266454 2 10 0
53102 266454 3 10 0
53102 266454 4 10 0
53102 266454 5 10 0
53102 266454 6 10 0
53102 266454 7 10 0
53102 266454 8 10 0
53102 266454 9 10 0
53102 266454 10 10 0
!sus 51519 212085 8 2 302 attackers:51519;victims:212085;type:1;valid_origin:True;recurrent:True;local:False
51519 212085 1 57 245
51519 212085 2 126 176
51519 212085 3 188 114
51519 212085 4 238 64
51519 212085 5 273 29
51519 212085 6 256 46
51519 212085 7 272 30
51519 212085 8 281 21
51519 212085 9 274 28
51519 212085 10 274 28
!leg 14840 34169 10 0 1 attackers:14840;victims:198272;type:2;valid_origin:True;recurrent:False;local:True
14840 34169 1 1 0
14840 34169 2 1 0
14840 34169 3 1 0
14840 34169 4 1 0
14840 34169 5 1 0
14840 34169 6 1 0
14840 34169 7 1 0
14840 34169 8 1 0
14840 34169 9 1 0
14840 34169 10 1 0
!sus 264589 273748 3 7 34 attackers:264589;victims:273748;type:1;valid_origin:True;recurrent:True;local:False
264589 273748 1 34 0
264589 273748 2 28 6
264589 273748 3 16 18
264589 273748 4 19 15
264589 273748 5 3 31
264589 273748 6 0 34
264589 273748 7 0 34
264589 273748 8 0 34
264589 273748 9 0 34
264589 273748 10 0 34
!sus 6762 21826 8 2 308 attackers:6762;victims:21826;type:1;valid_origin:True;recurrent:True;local:False
6762 21826 1 0 308
6762 21826 2 138 170
6762 21826 3 215 93
6762 21826 4 155 153
6762 21826 5 288 20
6762 21826 6 286 22
6762 21826 7 298 10
6762 21826 8 303 5
6762 21826 9 301 7
6762 21826 10 299 9
!sus 12654 59105 0 10 250 attackers:59105;victims:12654;type:1;valid_origin:True;recurrent:True;local:False
12654 59105 1 25 225
12654 59105 2 24 226
12654 59105 3 26 224
12654 59105 4 32 218
12654 59105 5 35 215
12654 59105 6 42 208
12654 59105 7 45 205
12654 59105 8 58 192
12654 59105 9 56 194
12654 59105 10 66 184
!sus 200754 212483 0 10 11 attackers:212483;victims:200754;type:1;valid_origin:True;recurrent:True;local:False
200754 212483 1 0 11
200754 212483 2 1 10
200754 212483 3 0 11
200754 212483 4 1 10
200754 212483 5 1 10
200754 212483 6 1 10
200754 212483 7 0 11
200754 212483 8 1 10
200754 212483 9 1 10
200754 212483 10 1 10
!leg 9930 37558 10 0 1 attackers:9930;victims:37284;type:2;valid_origin:True;recurrent:False;local:False
9930 37558 1 1 0
9930 37558 2 1 0
9930 37558 3 1 0
9930 37558 4 1 0
9930 37558 5 1 0
9930 37558 6 1 0
9930 37558 7 1 0
9930 37558 8 1 0
9930 37558 9 1 0
9930 37558 10 1 0
!leg 3491 47869 10 0 4 attackers:3491;victims:47869;type:1;valid_origin:True;recurrent:True;local:False
3491 47869 1 4 0
3491 47869 2 4 0
3491 47869 3 4 0
3491 47869 4 4 0
3491 47869 5 4 0
3491 47869 6 4 0
3491 47869 7 4 0
3491 47869 8 4 0
3491 47869 9 4 0
3491 47869 10 4 0
!sus 208020 208348 0 10 6 attackers:208348;victims:208020;type:1;valid_origin:True;recurrent:True;local:False
208020 208348 1 0 6
208020 208348 2 0 6
208020 208348 3 0 6
208020 208348 4 0 6
208020 208348 5 0 6
208020 208348 6 0 6
208020 208348 7 0 6
208020 208348 8 0 6
208020 208348 9 0 6
208020 208348 10 0 6
!sus 146817 148981 2 8 4 attackers:148981;victims:146817;type:1;valid_origin:True;recurrent:True;local:False
146817 148981 1 3 1
146817 148981 2 3 1
146817 148981 3 0 4
146817 148981 4 0 4
146817 148981 5 0 4
146817 148981 6 0 4
146817 148981 7 0 4
146817 148981 8 0 4
146817 148981 9 0 4
146817 148981 10 0 4
!sus 140570 151206 7 3 9 attackers:140570;victims:151206;type:1;valid_origin:True;recurrent:True;local:False
140570 151206 1 9 0
140570 151206 2 9 0
140570 151206 3 9 0
140570 151206 4 9 0
140570 151206 5 9 0
140570 151206 6 9 0
140570 151206 7 9 0
140570 151206 8 0 9
140570 151206 9 0 9
140570 151206 10 0 9
!sus 22428 22903 4 6 3 attackers:22903;victims:22428;type:1;valid_origin:True;recurrent:True;local:False
22428 22903 1 3 0
22428 22903 2 3 0
22428 22903 3 3 0
22428 22903 4 3 0
22428 22903 5 0 3
22428 22903 6 0 3
22428 22903 7 0 3
22428 22903 8 0 3
22428 22903 9 0 3
22428 22903 10 0 3
!sus 150593 151175 7 3 15 attackers:150593;victims:151175;type:1;valid_origin:True;recurrent:True;local:False
150593 151175 1 15 0
150593 151175 2 15 0
150593 151175 3 14 1
150593 151175 4 15 0
150593 151175 5 15 0
150593 151175 6 14 1
150593 151175 7 15 0
150593 151175 8 0 15
150593 151175 9 0 15
150593 151175 10 0 15
!sus 271253 273736 4 6 7 attackers:271253;victims:273736;type:1;valid_origin:True;recurrent:True;local:False
271253 273736 1 4 3
271253 273736 2 2 5
271253 273736 3 4 3
271253 273736 4 5 2
271253 273736 5 2 5
271253 273736 6 2 5
271253 273736 7 3 4
271253 273736 8 4 3
271253 273736 9 1 6
271253 273736 10 1 6
!sus 6830 8793 8 2 3 attackers:6830;victims:8793;type:1;valid_origin:True;recurrent:True;local:False
6830 8793 1 0 3
6830 8793 2 2 1
6830 8793 3 2 1
6830 8793 4 1 2
6830 8793 5 2 1
6830 8793 6 2 1
6830 8793 7 2 1
6830 8793 8 2 1
6830 8793 9 3 0
6830 8793 10 3 0
!sus 199524 209602 0 10 1 attackers:199524;victims:209602;type:1;valid_origin:True;recurrent:True;local:False
199524 209602 1 0 1
199524 209602 2 0 1
199524 209602 3 0 1
199524 209602 4 0 1
199524 209602 5 0 1
199524 209602 6 0 1
199524 209602 7 0 1
199524 209602 8 0 1
199524 209602 9 0 1
199524 209602 10 0 1
!sus 37204 329232 6 4 299 attackers:37204;victims:329232;type:1;valid_origin:True;recurrent:True;local:False
37204 329232 1 287 12
37204 329232 2 291 8
37204 329232 3 298 1
37204 329232 4 275 24
37204 329232 5 233 66
37204 329232 6 286 13
37204 329232 7 132 167
37204 329232 8 0 299
37204 329232 9 0 299
37204 329232 10 0 299
!sus 14754 15754 9 1 1 attackers:14754;victims:13682;type:2;valid_origin:True;recurrent:True;local:False
14754 15754 1 0 1
14754 15754 2 1 0
14754 15754 3 1 0
14754 15754 4 1 0
14754 15754 5 1 0
14754 15754 6 1 0
14754 15754 7 1 0
14754 15754 8 1 0
14754 15754 9 1 0
14754 15754 10 1 0
!sus 48031 136258 0 10 7 attackers:48031;victims:136258;type:1;valid_origin:True;recurrent:True;local:False
48031 136258 1 0 7
48031 136258 2 0 7
48031 136258 3 0 7
48031 136258 4 0 7
48031 136258 5 0 7
48031 136258 6 0 7
48031 136258 7 0 7
48031 136258 8 0 7
48031 136258 9 0 7
48031 136258 10 0 7
!leg 28329 266181 10 0 3 attackers:266181;victims:267058;type:3;valid_origin:True;recurrent:False;local:False
28329 266181 1 3 0
28329 266181 2 3 0
28329 266181 3 3 0
28329 266181 4 3 0
28329 266181 5 3 0
28329 266181 6 3 0
28329 266181 7 3 0
28329 266181 8 3 0
28329 266181 9 3 0
28329 266181 10 3 0
!sus 210461 210925 0 10 2 attackers:210925;victims:210461;type:1;valid_origin:True;recurrent:True;local:False
210461 210925 1 0 2
210461 210925 2 0 2
210461 210925 3 0 2
210461 210925 4 0 2
210461 210925 5 0 2
210461 210925 6 0 2
210461 210925 7 0 2
210461 210925 8 0 2
210461 210925 9 0 2
210461 210925 10 0 2
!sus 35661 198658 7 3 1 attackers:35661;victims:198658;type:1;valid_origin:True;recurrent:True;local:False
35661 198658 1 1 0
35661 198658 2 0 1
35661 198658 3 1 0
35661 198658 4 1 0
35661 198658 5 1 0
35661 198658 6 1 0
35661 198658 7 1 0
35661 198658 8 1 0
35661 198658 9 0 1
35661 198658 10 0 1
!leg 327922 328112 10 0 1 attackers:328112;victims:327922;type:1;valid_origin:True;recurrent:False;local:False
327922 328112 1 1 0
327922 328112 2 1 0
327922 328112 3 1 0
327922 328112 4 1 0
327922 328112 5 1 0
327922 328112 6 1 0
327922 328112 7 1 0
327922 328112 8 1 0
327922 328112 9 1 0
327922 328112 10 1 0
!sus 54994 58807 7 3 7 attackers:58807;victims:54994;type:1;valid_origin:True;recurrent:True;local:False
54994 58807 1 3 4
54994 58807 2 3 4
54994 58807 3 3 4
54994 58807 4 4 3
54994 58807 5 4 3
54994 58807 6 4 3
54994 58807 7 4 3
54994 58807 8 4 3
54994 58807 9 4 3
54994 58807 10 4 3
!sus 59796 208403 5 5 479 attackers:59796;victims:208403;type:1;valid_origin:True;recurrent:True;local:False
59796 208403 1 0 479
59796 208403 2 0 479
59796 208403 3 0 479
59796 208403 4 0 479
59796 208403 5 1 478
59796 208403 6 257 222
59796 208403 7 353 126
59796 208403 8 341 138
59796 208403 9 283 196
59796 208403 10 367 112
!sus 906 917 0 10 3 attackers:906;victims:917;type:1;valid_origin:True;recurrent:True;local:False
906 917 1 0 3
906 917 2 0 3
906 917 3 0 3
906 917 4 0 3
906 917 5 0 3
906 917 6 0 3
906 917 7 0 3
906 917 8 0 3
906 917 9 0 3
906 917 10 0 3
!leg 1321 14226 10 0 148 attackers:1321;victims:14226;type:1;valid_origin:True;recurrent:False;local:False
1321 14226 1 148 0
1321 14226 2 148 0
1321 14226 3 148 0
1321 14226 4 148 0
1321 14226 5 148 0
1321 14226 6 148 0
1321 14226 7 148 0
1321 14226 8 148 0
1321 14226 9 148 0
1321 14226 10 148 0
!sus 268038 273735 0 10 224 attackers:268038;victims:273735;type:1;valid_origin:True;recurrent:True;local:False
268038 273735 1 24 200
268038 273735 2 3 221
268038 273735 3 0 224
268038 273735 4 19 205
268038 273735 5 0 224
268038 273735 6 0 224
268038 273735 7 0 224
268038 273735 8 0 224
268038 273735 9 0 224
268038 273735 10 0 224
!leg 328112 328730 10 0 1 attackers:328112;victims:328730;type:1;valid_origin:True;recurrent:False;local:False
328112 328730 1 1 0
328112 328730 2 1 0
328112 328730 3 1 0
328112 328730 4 1 0
328112 328730 5 1 0
328112 328730 6 1 0
328112 328730 7 1 0
328112 328730 8 1 0
328112 328730 9 1 0
328112 328730 10 1 0
!sus 6057 264845 0 10 30 attackers:6057;victims:264845;type:1;valid_origin:True;recurrent:True;local:False
6057 264845 1 7 23
6057 264845 2 0 30
6057 264845 3 0 30
6057 264845 4 0 30
6057 264845 5 0 30
6057 264845 6 0 30
6057 264845 7 0 30
6057 264845 8 0 30
6057 264845 9 0 30
6057 264845 10 0 30
!sus 56655 210374 0 10 9 attackers:56655;victims:210374;type:1;valid_origin:True;recurrent:True;local:False
56655 210374 1 0 9
56655 210374 2 2 7
56655 210374 3 3 6
56655 210374 4 3 6
56655 210374 5 3 6
56655 210374 6 3 6
56655 210374 7 3 6
56655 210374 8 3 6
56655 210374 9 4 5
56655 210374 10 4 5
!sus 57704 210116 0 10 667 attackers:57704;victims:210116;type:1;valid_origin:True;recurrent:True;local:False
57704 210116 1 0 667
57704 210116 2 0 667
57704 210116 3 0 667
57704 210116 4 0 667
57704 210116 5 0 667
57704 210116 6 0 667
57704 210116 7 0 667
57704 210116 8 0 667
57704 210116 9 0 667
57704 210116 10 0 667
!sus 200241 209642 0 10 418 attackers:209642;victims:200241;type:1;valid_origin:True;recurrent:True;local:False
200241 209642 1 0 418
200241 209642 2 0 418
200241 209642 3 0 418
200241 209642 4 1 417
200241 209642 5 2 416
200241 209642 6 1 417
200241 209642 7 1 417
200241 209642 8 2 416
200241 209642 9 2 416
200241 209642 10 2 416
!sus 252517 262517 2 8 20 attackers:262517;victims:262517;type:2;valid_origin:True;recurrent:True;local:False
252517 262517 1 20 0
252517 262517 2 17 3
252517 262517 3 0 20
252517 262517 4 2 18
252517 262517 5 0 20
252517 262517 6 0 20
252517 262517 7 0 20
252517 262517 8 0 20
252517 262517 9 0 20
252517 262517 10 0 20
!sus 3356 400856 0 10 4 attackers:3356;victims:400856,54635;type:1,2;valid_origin:True;recurrent:True;local:False
3356 400856 1 2 2
3356 400856 2 2 2
3356 400856 3 2 2
3356 400856 4 2 2
3356 400856 5 2 2
3356 400856 6 2 2
3356 400856 7 2 2
3356 400856 8 2 2
3356 400856 9 2 2
3356 400856 10 2 2
!sus 263444 2627261 0 10 5 attackers:263444;victims:262761;type:2;valid_origin:True;recurrent:True;local:False
263444 2627261 1 0 5
263444 2627261 2 0 5
263444 2627261 3 0 5
263444 2627261 4 0 5
263444 2627261 5 0 5
263444 2627261 6 0 5
263444 2627261 7 0 5
263444 2627261 8 0 5
263444 2627261 9 0 5
263444 2627261 10 0 5
!sus 24400 150166 7 3 1 attackers:24400;victims:150166;type:1;valid_origin:True;recurrent:True;local:False
24400 150166 1 1 0
24400 150166 2 1 0
24400 150166 3 1 0
24400 150166 4 1 0
24400 150166 5 1 0
24400 150166 6 1 0
24400 150166 7 1 0
24400 150166 8 0 1
24400 150166 9 0 1
24400 150166 10 0 1
!sus 9583 18403 1 9 37 attackers:18403;victims:396421,132215,9583;type:1,2;valid_origin:True;recurrent:True;local:False
9583 18403 1 16 21
9583 18403 2 16 21
9583 18403 3 16 21
9583 18403 4 16 21
9583 18403 5 16 21
9583 18403 6 16 21
9583 18403 7 16 21
9583 18403 8 16 21
9583 18403 9 16 21
9583 18403 10 35 2
!sus 41327 57142 9 1 13 attackers:41327;victims:44477,57142;type:1,2;valid_origin:True;recurrent:True;local:False
41327 57142 1 3 10
41327 57142 2 7 6
41327 57142 3 7 6
41327 57142 4 12 1
41327 57142 5 12 1
41327 57142 6 12 1
41327 57142 7 12 1
41327 57142 8 12 1
41327 57142 9 12 1
41327 57142 10 12 1
!sus 198895 202364 4 6 5 attackers:202364;victims:198895;type:1;valid_origin:True;recurrent:True;local:False
198895 202364 1 5 0
198895 202364 2 5 0
198895 202364 3 3 2
198895 202364 4 5 0
198895 202364 5 1 4
198895 202364 6 0 5
198895 202364 7 0 5
198895 202364 8 0 5
198895 202364 9 0 5
198895 202364 10 0 5
!sus 4648 53766 9 1 15 attackers:4648;victims:53766;type:1;valid_origin:True;recurrent:True;local:False
4648 53766 1 7 8
4648 53766 2 8 7
4648 53766 3 8 7
4648 53766 4 9 6
4648 53766 5 15 0
4648 53766 6 9 6
4648 53766 7 15 0
4648 53766 8 14 1
4648 53766 9 14 1
4648 53766 10 9 6
!leg 56662 147016 10 0 1 attackers:56662;victims:147016;type:1;valid_origin:True;recurrent:False;local:True
56662 147016 1 1 0
56662 147016 2 1 0
56662 147016 3 1 0
56662 147016 4 1 0
56662 147016 5 1 0
56662 147016 6 1 0
56662 147016 7 1 0
56662 147016 8 1 0
56662 147016 9 1 0
56662 147016 10 1 0
!sus 7155 327934 0 10 5 attackers:327934;victims:29286;type:2;valid_origin:True;recurrent:True;local:False
7155 327934 1 0 5
7155 327934 2 0 5
7155 327934 3 0 5
7155 327934 4 0 5
7155 327934 5 0 5
7155 327934 6 0 5
7155 327934 7 0 5
7155 327934 8 0 5
7155 327934 9 0 5
7155 327934 10 0 5
!leg 1806 17806 10 0 2 attackers:17806;victims:139790;type:3;valid_origin:True;recurrent:False;local:False
1806 17806 1 2 0
1806 17806 2 2 0
1806 17806 3 2 0
1806 17806 4 2 0
1806 17806 5 2 0
1806 17806 6 2 0
1806 17806 7 2 0
1806 17806 8 2 0
1806 17806 9 2 0
1806 17806 10 2 0
!sus 20804 262589 3 7 1 attackers:262589;victims:198743;type:2;valid_origin:True;recurrent:True;local:False
20804 262589 1 1 0
20804 262589 2 0 1
20804 262589 3 0 1
20804 262589 4 0 1
20804 262589 5 0 1
20804 262589 6 0 1
20804 262589 7 1 0
20804 262589 8 0 1
20804 262589 9 1 0
20804 262589 10 0 1
!sus 263950 270816 0 10 39 attackers:263950;victims:270816;type:1;valid_origin:True;recurrent:False;local:False
263950 270816 1 0 39
263950 270816 2 0 39
263950 270816 3 0 39
263950 270816 4 2 37
263950 270816 5 2 37
263950 270816 6 3 36
263950 270816 7 4 35
263950 270816 8 2 37
263950 270816 9 4 35
263950 270816 10 6 33
!sus 59959 210306 8 2 5 attackers:59959;victims:210306;type:1;valid_origin:True;recurrent:True;local:False
59959 210306 1 2 3
59959 210306 2 0 5
59959 210306 3 5 0
59959 210306 4 5 0
59959 210306 5 5 0
59959 210306 6 5 0
59959 210306 7 5 0
59959 210306 8 5 0
59959 210306 9 5 0
59959 210306 10 5 0
!sus 60310 203867 0 10 14 attackers:60310;victims:203867;type:1;valid_origin:True;recurrent:True;local:False
60310 203867 1 0 14
60310 203867 2 0 14
60310 203867 3 0 14
60310 203867 4 0 14
60310 203867 5 0 14
60310 203867 6 0 14
60310 203867 7 0 14
60310 203867 8 0 14
60310 203867 9 0 14
60310 203867 10 0 14
!leg 14979 29838 10 0 1 attackers:29838;victims:14979;type:1;valid_origin:True;recurrent:False;local:False
14979 29838 1 1 0
14979 29838 2 1 0
14979 29838 3 1 0
14979 29838 4 1 0
14979 29838 5 1 0
14979 29838 6 1 0
14979 29838 7 1 0
14979 29838 8 1 0
14979 29838 9 1 0
14979 29838 10 1 0
!sus 265270 270966 0 10 93 attackers:270966;victims:265270;type:1;valid_origin:True;recurrent:True;local:False
265270 270966 1 0 93
265270 270966 2 0 93
265270 270966 3 0 93
265270 270966 4 0 93
265270 270966 5 0 93
265270 270966 6 0 93
265270 270966 7 0 93
265270 270966 8 1 92
265270 270966 9 0 93
265270 270966 10 0 93
!leg 28343 266560 10 0 1 attackers:28343;victims:266560;type:1;valid_origin:True;recurrent:False;local:False
28343 266560 1 1 0
28343 266560 2 1 0
28343 266560 3 1 0
28343 266560 4 1 0
28343 266560 5 1 0
28343 266560 6 1 0
28343 266560 7 1 0
28343 266560 8 1 0
28343 266560 9 1 0
28343 266560 10 1 0
!leg 400446 400466 10 0 124 attackers:400446;victims:400446;type:2;valid_origin:True;recurrent:False;local:False
400446 400466 1 124 0
400446 400466 2 124 0
400446 400466 3 124 0
400446 400466 4 124 0
400446 400466 5 124 0
400446 400466 6 124 0
400446 400466 7 124 0
400446 400466 8 124 0
400446 400466 9 124 0
400446 400466 10 124 0
!sus 13335 48832 1 9 35 attackers:48832;victims:13335;type:1;valid_origin:True;recurrent:True;local:False
13335 48832 1 8 27
13335 48832 2 9 26
13335 48832 3 10 25
13335 48832 4 9 26
13335 48832 5 11 24
13335 48832 6 12 23
13335 48832 7 12 23
13335 48832 8 13 22
13335 48832 9 22 13
13335 48832 10 14 21
!sus 31500 49063 9 1 35 attackers:49063;victims:209343;type:2;valid_origin:True;recurrent:False;local:False
31500 49063 1 7 28
31500 49063 2 26 9
31500 49063 3 30 5
31500 49063 4 34 1
31500 49063 5 30 5
31500 49063 6 34 1
31500 49063 7 35 0
31500 49063 8 35 0
31500 49063 9 34 1
31500 49063 10 33 2
!leg 16276 400705 10 0 456 attackers:16276;victims:400705;type:1;valid_origin:True;recurrent:False;local:False
16276 400705 1 456 0
16276 400705 2 451 5
16276 400705 3 451 5
16276 400705 4 456 0
16276 400705 5 454 2
16276 400705 6 452 4
16276 400705 7 456 0
16276 400705 8 456 0
16276 400705 9 456 0
16276 400705 10 452 4
!sus 34250 61106 4 6 54 attackers:34250;victims:61106;type:1;valid_origin:True;recurrent:True;local:False
34250 61106 1 54 0
34250 61106 2 54 0
34250 61106 3 49 5
34250 61106 4 49 5
34250 61106 5 7 47
34250 61106 6 12 42
34250 61106 7 4 50
34250 61106 8 0 54
34250 61106 9 0 54
34250 61106 10 0 54
!sus 263950 270901 0 10 53 attackers:263950;victims:270901;type:1;valid_origin:True;recurrent:True;local:False
263950 270901 1 0 53
263950 270901 2 0 53
263950 270901 3 2 51
263950 270901 4 2 51
263950 270901 5 2 51
263950 270901 6 2 51
263950 270901 7 2 51
263950 270901 8 3 50
263950 270901 9 2 51
263950 270901 10 3 50
!sus 41033 198636 4 6 13 attackers:41033;victims:198636;type:1;valid_origin:True;recurrent:True;local:False
41033 198636 1 7 6
41033 198636 2 7 6
41033 198636 3 3 10
41033 198636 4 3 10
41033 198636 5 7 6
41033 198636 6 0 13
41033 198636 7 7 6
41033 198636 8 0 13
41033 198636 9 0 13
41033 198636 10 0 13
!sus 253566 263566 5 5 1 attackers:263566;victims:266163;type:3;valid_origin:True;recurrent:True;local:False
253566 263566 1 1 0
253566 263566 2 1 0
253566 263566 3 1 0
253566 263566 4 1 0
253566 263566 5 0 1
253566 263566 6 1 0
253566 263566 7 0 1
253566 263566 8 0 1
253566 263566 9 0 1
253566 263566 10 0 1
!leg 147016 205794 10 0 1 attackers:205794;victims:147016;type:1;valid_origin:True;recurrent:False;local:False
147016 205794 1 1 0
147016 205794 2 1 0
147016 205794 3 1 0
147016 205794 4 1 0
147016 205794 5 1 0
147016 205794 6 1 0
147016 205794 7 1 0
147016 205794 8 1 0
147016 205794 9 1 0
147016 205794 10 1 0
!sus 8849 207941 8 2 79 attackers:8849;victims:207941;type:1;valid_origin:True;recurrent:True;local:False
8849 207941 1 34 45
8849 207941 2 43 36
8849 207941 3 35 44
8849 207941 4 54 25
8849 207941 5 77 2
8849 207941 6 41 38
8849 207941 7 75 4
8849 207941 8 65 14
8849 207941 9 63 16
8849 207941 10 52 27
!sus 151349 203979 0 10 10 attackers:151349;victims:203979;type:1;valid_origin:True;recurrent:True;local:False
151349 203979 1 0 10
151349 203979 2 0 10
151349 203979 3 0 10
151349 203979 4 0 10
151349 203979 5 0 10
151349 203979 6 1 9
151349 203979 7 0 10
151349 203979 8 0 10
151349 203979 9 0 10
151349 203979 10 0 10
!sus 264821 273009 4 6 3 attackers:264821;victims:273009;type:1;valid_origin:True;recurrent:True;local:False
264821 273009 1 3 0
264821 273009 2 3 0
264821 273009 3 2 1
264821 273009 4 3 0
264821 273009 5 0 3
264821 273009 6 0 3
264821 273009 7 0 3
264821 273009 8 0 3
264821 273009 9 0 3
264821 273009 10 0 3
!sus 57870 60841 0 10 7 attackers:60841;victims:57870;type:1;valid_origin:True;recurrent:True;local:False
57870 60841 1 0 7
57870 60841 2 0 7
57870 60841 3 0 7
57870 60841 4 0 7
57870 60841 5 0 7
57870 60841 6 0 7
57870 60841 7 0 7
57870 60841 8 0 7
57870 60841 9 0 7
57870 60841 10 0 7
!sus 58052 199671 0 10 5 attackers:58052;victims:199671;type:1;valid_origin:True;recurrent:True;local:False
58052 199671 1 0 5
58052 199671 2 0 5
58052 199671 3 0 5
58052 199671 4 0 5
58052 199671 5 0 5
58052 199671 6 0 5
58052 199671 7 0 5
58052 199671 8 0 5
58052 199671 9 0 5
58052 199671 10 0 5
!sus 136969 151189 4 6 1023 attackers:136969;victims:151189;type:1;valid_origin:True;recurrent:True;local:False
136969 151189 1 1023 0
136969 151189 2 984 39
136969 151189 3 552 471
136969 151189 4 709 314
136969 151189 5 149 874
136969 151189 6 103 920
136969 151189 7 2 1021
136969 151189 8 0 1023
136969 151189 9 0 1023
136969 151189 10 0 1023
!leg 37204 328333 10 0 1 attackers:328333;victims:37568;type:2;valid_origin:True;recurrent:False;local:False
37204 328333 1 1 0
37204 328333 2 1 0
37204 328333 3 1 0
37204 328333 4 1 0
37204 328333 5 1 0
37204 328333 6 1 0
37204 328333 7 1 0
37204 328333 8 1 0
37204 328333 9 1 0
37204 328333 10 1 0
!leg 53184 264455 10 0 1 attackers:53184;victims:264455;type:1;valid_origin:True;recurrent:False;local:False
53184 264455 1 1 0
53184 264455 2 1 0
53184 264455 3 1 0
53184 264455 4 1 0
53184 264455 5 1 0
53184 264455 6 1 0
53184 264455 7 1 0
53184 264455 8 1 0
53184 264455 9 1 0
53184 264455 10 1 0
!sus 141551 149615 4 6 9 attackers:149615;victims:141551;type:1;valid_origin:True;recurrent:True;local:False
141551 149615 1 9 0
141551 149615 2 9 0
141551 149615 3 7 2
141551 149615 4 9 0
141551 149615 5 4 5
141551 149615 6 2 7
141551 149615 7 0 9
141551 149615 8 0 9
141551 149615 9 0 9
141551 149615 10 0 9
!sus 57463 266029 7 3 1 attackers:57463;victims:266029;type:1;valid_origin:True;recurrent:True;local:True
57463 266029 1 0 1
57463 266029 2 0 1
57463 266029 3 1 0
57463 266029 4 0 1
57463 266029 5 1 0
57463 266029 6 1 0
57463 266029 7 1 0
57463 266029 8 1 0
57463 266029 9 1 0
57463 266029 10 1 0
!sus 43298 50629 0 10 1 attackers:50629;victims:20764;type:2;valid_origin:True;recurrent:True;local:True
43298 50629 1 0 1
43298 50629 2 0 1
43298 50629 3 0 1
43298 50629 4 0 1
43298 50629 5 0 1
43298 50629 6 0 1
43298 50629 7 0 1
43298 50629 8 0 1
43298 50629 9 0 1
43298 50629 10 0 1
!sus 262761 2627261 0 10 5 attackers:2627261;victims:262761;type:1;valid_origin:True;recurrent:True;local:False
262761 2627261 1 0 5
262761 2627261 2 1 4
262761 2627261 3 0 5
262761 2627261 4 0 5
262761 2627261 5 1 4
262761 2627261 6 0 5
262761 2627261 7 0 5
262761 2627261 8 1 4
262761 2627261 9 1 4
262761 2627261 10 1 4
!sus 264439 272663 3 7 15 attackers:264439;victims:272663;type:1;valid_origin:True;recurrent:True;local:False
264439 272663 1 15 0
264439 272663 2 15 0
264439 272663 3 1 14
264439 272663 4 14 1
264439 272663 5 1 14
264439 272663 6 0 15
264439 272663 7 0 15
264439 272663 8 0 15
264439 272663 9 0 15
264439 272663 10 0 15
!sus 8772 43298 2 8 12 attackers:43298;victims:8772;type:1;valid_origin:True;recurrent:True;local:False
8772 43298 1 1 11
8772 43298 2 5 7
8772 43298 3 5 7
8772 43298 4 5 7
8772 43298 5 5 7
8772 43298 6 5 7
8772 43298 7 5 7
8772 43298 8 7 5
8772 43298 9 6 6
8772 43298 10 7 5
!sus 10089 139341 0 10 18 attackers:10089;victims:139341;type:1;valid_origin:True;recurrent:True;local:False
10089 139341 1 0 18
10089 139341 2 1 17
10089 139341 3 4 14
10089 139341 4 6 12
10089 139341 5 7 11
10089 139341 6 6 12
10089 139341 7 7 11
10089 139341 8 9 9
10089 139341 9 7 11
10089 139341 10 9 9
!sus 262663 268544 0 10 72 attackers:268544;victims:262663;type:1;valid_origin:True;recurrent:True;local:False
262663 268544 1 8 64
262663 268544 2 8 64
262663 268544 3 8 64
262663 268544 4 8 64
262663 268544 5 8 64
262663 268544 6 8 64
262663 268544 7 8 64
262663 268544 8 8 64
262663 268544 9 8 64
262663 268544 10 8 64
!sus 37100 329255 0 10 12 attackers:37100;victims:329255;type:1;valid_origin:True;recurrent:True;local:False
37100 329255 1 1 11
37100 329255 2 0 12
37100 329255 3 1 11
37100 329255 4 0 12
37100 329255 5 0 12
37100 329255 6 0 12
37100 329255 7 0 12
37100 329255 8 0 12
37100 329255 9 0 12
37100 329255 10 0 12
!sus 52210 61138 0 10 146 attackers:52210;victims:61138;type:1;valid_origin:True;recurrent:True;local:False
52210 61138 1 0 146
52210 61138 2 4 142
52210 61138 3 5 141
52210 61138 4 4 142
52210 61138 5 10 136
52210 61138 6 9 137
52210 61138 7 5 141
52210 61138 8 7 139
52210 61138 9 8 138
52210 61138 10 11 135
!leg 58057 213249 10 0 1 attackers:58057;victims:213249;type:1;valid_origin:True;recurrent:False;local:False
58057 213249 1 1 0
58057 213249 2 1 0
58057 213249 3 1 0
58057 213249 4 1 0
58057 213249 5 1 0
58057 213249 6 1 0
58057 213249 7 1 0
58057 213249 8 1 0
58057 213249 9 1 0
58057 213249 10 1 0
!sus 133524 137259 4 6 14 attackers:133524;victims:137259;type:1;valid_origin:True;recurrent:True;local:False
133524 137259 1 14 0
133524 137259 2 14 0
133524 137259 3 13 1
133524 137259 4 12 2
133524 137259 5 5 9
133524 137259 6 3 11
133524 137259 7 0 14
133524 137259 8 0 14
133524 137259 9 0 14
133524 137259 10 0 14
!sus 270399 272791 4 6 1 attackers:270399;victims:272791;type:1;valid_origin:True;recurrent:True;local:False
270399 272791 1 1 0
270399 272791 2 1 0
270399 272791 3 0 1
270399 272791 4 1 0
270399 272791 5 0 1
270399 272791 6 0 1
270399 272791 7 1 0
270399 272791 8 0 1
270399 272791 9 0 1
270399 272791 10 0 1
!sus 8151 30103 0 10 1 attackers:8151;victims:30103;type:1;valid_origin:True;recurrent:True;local:False
8151 30103 1 0 1
8151 30103 2 0 1
8151 30103 3 0 1
8151 30103 4 0 1
8151 30103 5 0 1
8151 30103 6 0 1
8151 30103 7 0 1
8151 30103 8 0 1
8151 30103 9 0 1
8151 30103 10 0 1
!sus 37106 37404 3 7 505 attackers:37106;victims:37404;type:1;valid_origin:True;recurrent:True;local:False
37106 37404 1 505 0
37106 37404 2 498 7
37106 37404 3 0 505
37106 37404 4 326 179
37106 37404 5 0 505
37106 37404 6 0 505
37106 37404 7 0 505
37106 37404 8 0 505
37106 37404 9 0 505
37106 37404 10 0 505
!leg 9930 61599 10 0 1 attackers:9930;victims:27983;type:4;valid_origin:True;recurrent:False;local:False
9930 61599 1 1 0
9930 61599 2 1 0
9930 61599 3 1 0
9930 61599 4 1 0
9930 61599 5 1 0
9930 61599 6 1 0
9930 61599 7 1 0
9930 61599 8 1 0
9930 61599 9 1 0
9930 61599 10 1 0
!sus 27161 400409 1 9 4 attackers:400409;victims:27161;type:1;valid_origin:True;recurrent:True;local:False
27161 400409 1 4 0
27161 400409 2 0 4
27161 400409 3 1 3
27161 400409 4 0 4
27161 400409 5 0 4
27161 400409 6 0 4
27161 400409 7 0 4
27161 400409 8 0 4
27161 400409 9 0 4
27161 400409 10 0 4
!sus 43201 58070 4 6 4 attackers:43201;victims:58070;type:1;valid_origin:True;recurrent:True;local:False
43201 58070 1 4 0
43201 58070 2 3 1
43201 58070 3 3 1
43201 58070 4 3 1
43201 58070 5 0 4
43201 58070 6 0 4
43201 58070 7 0 4
43201 58070 8 0 4
43201 58070 9 0 4
43201 58070 10 0 4
!sus 37662 329241 2 8 16 attackers:37662;victims:329241;type:1;valid_origin:True;recurrent:True;local:False
37662 329241 1 1 15
37662 329241 2 0 16
37662 329241 3 0 16
37662 329241 4 0 16
37662 329241 5 0 16
37662 329241 6 1 15
37662 329241 7 6 10
37662 329241 8 10 6
37662 329241 9 8 8
37662 329241 10 14 2
!sus 52547 273700 3 7 4 attackers:52547;victims:273700;type:1;valid_origin:True;recurrent:True;local:False
52547 273700 1 4 0
52547 273700 2 4 0
52547 273700 3 2 2
52547 273700 4 4 0
52547 273700 5 0 4
52547 273700 6 0 4
52547 273700 7 0 4
52547 273700 8 0 4
52547 273700 9 0 4
52547 273700 10 0 4
!sus 200636 204769 0 10 9 attackers:200636;victims:204769;type:1;valid_origin:True;recurrent:True;local:False
200636 204769 1 0 9
200636 204769 2 0 9
200636 204769 3 0 9
200636 204769 4 0 9
200636 204769 5 0 9
200636 204769 6 0 9
200636 204769 7 0 9
200636 204769 8 0 9
200636 204769 9 0 9
200636 204769 10 0 9
!sus 2 270338 0 10 14 attackers:270338;victims:2;type:1;valid_origin:True;recurrent:True;local:False
2 270338 1 0 14
2 270338 2 0 14
2 270338 3 0 14
2 270338 4 0 14
2 270338 5 0 14
2 270338 6 0 14
2 270338 7 0 14
2 270338 8 0 14
2 270338 9 0 14
2 270338 10 0 14
!leg 208949 211826 10 0 3 attackers:211826;victims:208949;type:1;valid_origin:True;recurrent:True;local:False
208949 211826 1 2 1
208949 211826 2 2 1
208949 211826 3 3 0
208949 211826 4 3 0
208949 211826 5 3 0
208949 211826 6 3 0
208949 211826 7 3 0
208949 211826 8 3 0
208949 211826 9 3 0
208949 211826 10 3 0
!sus 1251 61612 9 1 3 attackers:1251;victims:61612;type:1;valid_origin:True;recurrent:True;local:False
1251 61612 1 3 0
1251 61612 2 3 0
1251 61612 3 3 0
1251 61612 4 3 0
1251 61612 5 3 0
1251 61612 6 3 0
1251 61612 7 3 0
1251 61612 8 3 0
1251 61612 9 3 0
1251 61612 10 1 2
!sus 49434 56971 0 10 53 attackers:49434;victims:56971;type:1;valid_origin:True;recurrent:True;local:False
49434 56971 1 0 53
49434 56971 2 0 53
49434 56971 3 0 53
49434 56971 4 0 53
49434 56971 5 0 53
49434 56971 6 0 53
49434 56971 7 0 53
49434 56971 8 0 53
49434 56971 9 0 53
49434 56971 10 0 53
!sus 264126 273737 6 4 4 attackers:264126;victims:273737;type:1;valid_origin:True;recurrent:True;local:False
264126 273737 1 4 0
264126 273737 2 4 0
264126 273737 3 4 0
264126 273737 4 4 0
264126 273737 5 3 1
264126 273737 6 4 0
264126 273737 7 2 2
264126 273737 8 0 4
264126 273737 9 0 4
264126 273737 10 0 4
!sus 149020 200461 0 10 12 attackers:200461;victims:149020;type:1;valid_origin:True;recurrent:True;local:False
149020 200461 1 0 12
149020 200461 2 0 12
149020 200461 3 0 12
149020 200461 4 0 12
149020 200461 5 0 12
149020 200461 6 0 12
149020 200461 7 0 12
149020 200461 8 0 12
149020 200461 9 0 12
149020 200461 10 0 12
!sus 57463 139799 8 2 1 attackers:57463;victims:139799;type:1;valid_origin:True;recurrent:True;local:True
57463 139799 1 0 1
57463 139799 2 0 1
57463 139799 3 1 0
57463 139799 4 1 0
57463 139799 5 1 0
57463 139799 6 1 0
57463 139799 7 1 0
57463 139799 8 1 0
57463 139799 9 1 0
57463 139799 10 1 0
!leg 43298 200532 10 0 16 attackers:43298;victims:200532;type:1;valid_origin:True;recurrent:True;local:False
43298 200532 1 16 0
43298 200532 2 16 0
43298 200532 3 16 0
43298 200532 4 16 0
43298 200532 5 16 0
43298 200532 6 16 0
43298 200532 7 16 0
43298 200532 8 16 0
43298 200532 9 16 0
43298 200532 10 16 0
!sus 264491 273731 7 3 12 attackers:264491;victims:273731;type:1;valid_origin:True;recurrent:True;local:False
264491 273731 1 12 0
264491 273731 2 12 0
264491 273731 3 9 3
264491 273731 4 11 1
264491 273731 5 10 2
264491 273731 6 10 2
264491 273731 7 12 0
264491 273731 8 0 12
264491 273731 9 0 12
264491 273731 10 0 12
!leg 6712 17639 10 0 1 attackers:17639;victims:6712;type:1;valid_origin:True;recurrent:False;local:True
6712 17639 1 1 0
6712 17639 2 1 0
6712 17639 3 1 0
6712 17639 4 1 0
6712 17639 5 1 0
6712 17639 6 1 0
6712 17639 7 1 0
6712 17639 8 1 0
6712 17639 9 1 0
6712 17639 10 1 0
!leg 16265 61686 10 0 1 attackers:16265;victims:61686;type:1;valid_origin:True;recurrent:False;local:False
16265 61686 1 1 0
16265 61686 2 1 0
16265 61686 3 1 0
16265 61686 4 1 0
16265 61686 5 1 0
16265 61686 6 1 0
16265 61686 7 1 0
16265 61686 8 1 0
16265 61686 9 1 0
16265 61686 10 1 0
!sus 53584 151045 2 8 10 attackers:53584;victims:151045;type:1;valid_origin:True;recurrent:True;local:False
53584 151045 1 10 0
53584 151045 2 5 5
53584 151045 3 0 10
53584 151045 4 6 4
53584 151045 5 3 7
53584 151045 6 0 10
53584 151045 7 0 10
53584 151045 8 0 10
53584 151045 9 0 10
53584 151045 10 0 10
!sus 3 269247 0 10 26 attackers:269247;victims:3;type:1;valid_origin:True;recurrent:False;local:False
3 269247 1 0 26
3 269247 2 0 26
3 269247 3 0 26
3 269247 4 0 26
3 269247 5 0 26
3 269247 6 0 26
3 269247 7 0 26
3 269247 8 0 26
3 269247 9 0 26
3 269247 10 0 26
!sus 63293 135814 7 3 10 attackers:135814;victims:63293;type:1;valid_origin:True;recurrent:True;local:False
63293 135814 1 0 10
63293 135814 2 0 10
63293 135814 3 3 7
63293 135814 4 7 3
63293 135814 5 8 2
63293 135814 6 8 2
63293 135814 7 9 1
63293 135814 8 9 1
63293 135814 9 9 1
63293 135814 10 8 2
!sus 258525 268525 7 3 1 attackers:268525;victims:258525;type:1;valid_origin:False;recurrent:True;local:False
258525 268525 1 1 0
258525 268525 2 1 0
258525 268525 3 1 0
258525 268525 4 1 0
258525 268525 5 1 0
258525 268525 6 1 0
258525 268525 7 1 0
258525 268525 8 0 1
258525 268525 9 0 1
258525 268525 10 0 1
!sus 266321 270648 8 2 14 attackers:266321;victims:270648;type:1;valid_origin:True;recurrent:True;local:False
266321 270648 1 5 9
266321 270648 2 5 9
266321 270648 3 11 3
266321 270648 4 11 3
266321 270648 5 12 2
266321 270648 6 12 2
266321 270648 7 9 5
266321 270648 8 12 2
266321 270648 9 12 2
266321 270648 10 12 2
!sus 45166 141730 0 10 4 attackers:45166;victims:141730;type:1;valid_origin:True;recurrent:True;local:False
45166 141730 1 0 4
45166 141730 2 0 4
45166 141730 3 0 4
45166 141730 4 0 4
45166 141730 5 0 4
45166 141730 6 0 4
45166 141730 7 0 4
45166 141730 8 0 4
45166 141730 9 0 4
45166 141730 10 0 4
!sus 42353 57463 9 1 1 attackers:57463;victims:42353;type:1;valid_origin:True;recurrent:True;local:True
42353 57463 1 0 1
42353 57463 2 1 0
42353 57463 3 1 0
42353 57463 4 1 0
42353 57463 5 1 0
42353 57463 6 1 0
42353 57463 7 1 0
42353 57463 8 1 0
42353 57463 9 1 0
42353 57463 10 1 0
!sus 6908 50188 5 5 1 attackers:50188;victims:6908;type:1;valid_origin:True;recurrent:True;local:False
6908 50188 1 0 1
6908 50188 2 0 1
6908 50188 3 0 1
6908 50188 4 0 1
6908 50188 5 1 0
6908 50188 6 0 1
6908 50188 7 1 0
6908 50188 8 1 0
6908 50188 9 1 0
6908 50188 10 1 0
!sus 206264 210677 0 10 5 attackers:206264;victims:210677;type:1;valid_origin:True;recurrent:True;local:False
206264 210677 1 0 5
206264 210677 2 0 5
206264 210677 3 0 5
206264 210677 4 0 5
206264 210677 5 0 5
206264 210677 6 0 5
206264 210677 7 0 5
206264 210677 8 0 5
206264 210677 9 0 5
206264 210677 10 0 5
!sus 59678 207071 0 10 6 attackers:59678;victims:207071;type:1;valid_origin:True;recurrent:True;local:False
59678 207071 1 0 6
59678 207071 2 0 6
59678 207071 3 0 6
59678 207071 4 0 6
59678 207071 5 0 6
59678 207071 6 0 6
59678 207071 7 0 6
59678 207071 8 0 6
59678 207071 9 0 6
59678 207071 10 0 6
!sus 43754 205134 3 7 297 attackers:43754;victims:205134;type:1;valid_origin:True;recurrent:True;local:False
43754 205134 1 297 0
43754 205134 2 297 0
43754 205134 3 140 157
43754 205134 4 297 0
43754 205134 5 0 297
43754 205134 6 36 261
43754 205134 7 0 297
43754 205134 8 0 297
43754 205134 9 0 297
43754 205134 10 0 297
!leg 38511 136106 10 0 2 attackers:136106;victims:137342;type:2;valid_origin:True;recurrent:False;local:False
38511 136106 1 2 0
38511 136106 2 2 0
38511 136106 3 2 0
38511 136106 4 2 0
38511 136106 5 2 0
38511 136106 6 2 0
38511 136106 7 2 0
38511 136106 8 2 0
38511 136106 9 2 0
38511 136106 10 2 0
!sus 34984 198659 7 3 3 attackers:34984;victims:198659;type:1;valid_origin:True;recurrent:True;local:False
34984 198659 1 2 1
34984 198659 2 2 1
34984 198659 3 2 1
34984 198659 4 2 1
34984 198659 5 2 1
34984 198659 6 2 1
34984 198659 7 2 1
34984 198659 8 0 3
34984 198659 9 0 3
34984 198659 10 0 3
!leg 14840 198389 10 0 1 attackers:14840;victims:198389;type:1;valid_origin:True;recurrent:False;local:True
14840 198389 1 1 0
14840 198389 2 1 0
14840 198389 3 1 0
14840 198389 4 1 0
14840 198389 5 1 0
14840 198389 6 1 0
14840 198389 7 1 0
14840 198389 8 1 0
14840 198389 9 1 0
14840 198389 10 1 0
!sus 50073 50263 8 2 10 attackers:50263;victims:202388,204888,201292;type:2;valid_origin:True;recurrent:True;local:False
50073 50263 1 0 10
50073 50263 2 7 3
50073 50263 3 0 10
50073 50263 4 10 0
50073 50263 5 10 0
50073 50263 6 10 0
50073 50263 7 10 0
50073 50263 8 10 0
50073 50263 9 10 0
50073 50263 10 10 0
!sus 133551 136030 5 5 15 attackers:136030;victims:133551;type:1;valid_origin:True;recurrent:True;local:False
133551 136030 1 15 0
133551 136030 2 15 0
133551 136030 3 15 0
133551 136030 4 15 0
133551 136030 5 7 8
133551 136030 6 15 0
133551 136030 7 0 15
133551 136030 8 0 15
133551 136030 9 0 15
133551 136030 10 0 15
!sus 199598 207967 1 9 3 attackers:207967;victims:199598;type:1;valid_origin:True;recurrent:True;local:False
199598 207967 1 3 0
199598 207967 2 1 2
199598 207967 3 1 2
199598 207967 4 0 3
199598 207967 5 0 3
199598 207967 6 0 3
199598 207967 7 0 3
199598 207967 8 0 3
199598 207967 9 0 3
199598 207967 10 0 3
!sus 13335 35805 0 10 9 attackers:35805;victims:13335;type:1;valid_origin:True;recurrent:True;local:False
13335 35805 1 0 9
13335 35805 2 0 9
13335 35805 3 0 9
13335 35805 4 0 9
13335 35805 5 0 9
13335 35805 6 0 9
13335 35805 7 0 9
13335 35805 8 0 9
13335 35805 9 0 9
13335 35805 10 0 9
!sus 42263 58145 0 10 14 attackers:42263;victims:204181;type:2;valid_origin:True;recurrent:True;local:False
42263 58145 1 1 13
42263 58145 2 0 14
42263 58145 3 0 14
42263 58145 4 0 14
42263 58145 5 0 14
42263 58145 6 0 14
42263 58145 7 0 14
42263 58145 8 0 14
42263 58145 9 0 14
42263 58145 10 0 14
!sus 270385 270990 0 10 99 attackers:270990;victims:270385;type:1;valid_origin:True;recurrent:True;local:False
270385 270990 1 8 91
270385 270990 2 9 90
270385 270990 3 10 89
270385 270990 4 11 88
270385 270990 5 10 89
270385 270990 6 10 89
270385 270990 7 12 87
270385 270990 8 13 86
270385 270990 9 12 87
270385 270990 10 13 86
!sus 50673 264556 0 10 1 attackers:50673;victims:269099;type:2;valid_origin:True;recurrent:True;local:False
50673 264556 1 0 1
50673 264556 2 0 1
50673 264556 3 0 1
50673 264556 4 0 1
50673 264556 5 0 1
50673 264556 6 0 1
50673 264556 7 0 1
50673 264556 8 0 1
50673 264556 9 0 1
50673 264556 10 0 1
!sus 746 27064 4 6 3 attackers:27064;victims:746;type:1;valid_origin:True;recurrent:True;local:False
746 27064 1 3 0
746 27064 2 3 0
746 27064 3 2 1
746 27064 4 2 1
746 27064 5 0 3
746 27064 6 0 3
746 27064 7 0 3
746 27064 8 0 3
746 27064 9 0 3
746 27064 10 0 3
!sus 52840 273765 5 5 4 attackers:52840;victims:273765;type:1;valid_origin:True;recurrent:True;local:False
52840 273765 1 4 0
52840 273765 2 4 0
52840 273765 3 4 0
52840 273765 4 4 0
52840 273765 5 1 3
52840 273765 6 3 1
52840 273765 7 1 3
52840 273765 8 0 4
52840 273765 9 0 4
52840 273765 10 0 4
!sus 1251 2018 0 10 1 attackers:1251;victims:2018;type:1;valid_origin:True;recurrent:True;local:False
1251 2018 1 0 1
1251 2018 2 0 1
1251 2018 3 0 1
1251 2018 4 0 1
1251 2018 5 0 1
1251 2018 6 0 1
1251 2018 7 0 1
1251 2018 8 0 1
1251 2018 9 0 1
1251 2018 10 0 1
!sus 60021 139226 0 10 137 attackers:60021;victims:139226;type:1;valid_origin:True;recurrent:True;local:False
60021 139226 1 0 137
60021 139226 2 0 137
60021 139226 3 0 137
60021 139226 4 0 137
60021 139226 5 0 137
60021 139226 6 0 137
60021 139226 7 0 137
60021 139226 8 0 137
60021 139226 9 0 137
60021 139226 10 0 137
!leg 262355 263950 10 0 6 attackers:263950;victims:52561;type:3;valid_origin:True;recurrent:False;local:False
262355 263950 1 6 0
262355 263950 2 6 0
262355 263950 3 6 0
262355 263950 4 6 0
262355 263950 5 6 0
262355 263950 6 6 0
262355 263950 7 6 0
262355 263950 8 6 0
262355 263950 9 6 0
262355 263950 10 6 0
!sus 55836 150183 3 7 14 attackers:55836;victims:150183;type:1;valid_origin:True;recurrent:True;local:False
55836 150183 1 12 2
55836 150183 2 10 4
55836 150183 3 5 9
55836 150183 4 8 6
55836 150183 5 5 9
55836 150183 6 0 14
55836 150183 7 0 14
55836 150183 8 0 14
55836 150183 9 0 14
55836 150183 10 0 14
!sus 37457 327839 7 3 10 attackers:37457;victims:327839;type:1;valid_origin:True;recurrent:True;local:False
37457 327839 1 10 0
37457 327839 2 10 0
37457 327839 3 10 0
37457 327839 4 10 0
37457 327839 5 10 0
37457 327839 6 10 0
37457 327839 7 10 0
37457 327839 8 0 10
37457 327839 9 0 10
37457 327839 10 0 10
!leg 174 1430 10 0 186 attackers:174;victims:1430;type:1;valid_origin:True;recurrent:False;local:False
174 1430 1 185 1
174 1430 2 186 0
174 1430 3 186 0
174 1430 4 186 0
174 1430 5 186 0
174 1430 6 186 0
174 1430 7 186 0
174 1430 8 186 0
174 1430 9 186 0
174 1430 10 186 0
!sus 40264 399329 3 7 4 attackers:40264;victims:399329;type:1;valid_origin:True;recurrent:True;local:False
40264 399329 1 4 0
40264 399329 2 4 0
40264 399329 3 0 4
40264 399329 4 3 1
40264 399329 5 0 4
40264 399329 6 2 2
40264 399329 7 0 4
40264 399329 8 0 4
40264 399329 9 0 4
40264 399329 10 0 4
!sus 12570 16019 0 10 1 attackers:12570;victims:16019;type:1;valid_origin:True;recurrent:True;local:False
12570 16019 1 0 1
12570 16019 2 0 1
12570 16019 3 0 1
12570 16019 4 0 1
12570 16019 5 0 1
12570 16019 6 0 1
12570 16019 7 0 1
12570 16019 8 0 1
12570 16019 9 0 1
12570 16019 10 0 1
!sus 60503 263750 0 10 6 attackers:60503;victims:263750;type:1;valid_origin:True;recurrent:True;local:False
60503 263750 1 0 6
60503 263750 2 0 6
60503 263750 3 0 6
60503 263750 4 0 6
60503 263750 5 0 6
60503 263750 6 0 6
60503 263750 7 0 6
60503 263750 8 0 6
60503 263750 9 0 6
60503 263750 10 0 6
!sus 7195 9930 4 6 1 attackers:9930;victims:7195;type:1;valid_origin:True;recurrent:True;local:False
7195 9930 1 0 1
7195 9930 2 0 1
7195 9930 3 0 1
7195 9930 4 0 1
7195 9930 5 0 1
7195 9930 6 0 1
7195 9930 7 1 0
7195 9930 8 1 0
7195 9930 9 1 0
7195 9930 10 1 0
!sus 46031 150991 4 6 9 attackers:46031;victims:150991;type:1;valid_origin:True;recurrent:True;local:False
46031 150991 1 9 0
46031 150991 2 9 0
46031 150991 3 8 1
46031 150991 4 8 1
46031 150991 5 0 9
46031 150991 6 0 9
46031 150991 7 0 9
46031 150991 8 0 9
46031 150991 9 0 9
46031 150991 10 0 9
!sus 56655 199765 4 6 9 attackers:56655;victims:199765;type:1;valid_origin:True;recurrent:True;local:False
56655 199765 1 2 7
56655 199765 2 3 6
56655 199765 3 3 6
56655 199765 4 4 5
56655 199765 5 4 5
56655 199765 6 4 5
56655 199765 7 7 2
56655 199765 8 7 2
56655 199765 9 7 2
56655 199765 10 8 1
!sus 45766 151215 8 2 7 attackers:45766;victims:151215;type:1;valid_origin:True;recurrent:True;local:False
45766 151215 1 7 0
45766 151215 2 7 0
45766 151215 3 7 0
45766 151215 4 7 0
45766 151215 5 7 0
45766 151215 6 7 0
45766 151215 7 7 0
45766 151215 8 4 3
45766 151215 9 0 7
45766 151215 10 0 7
!sus 7721 329095 6 4 1 attackers:7721;victims:329095;type:1;valid_origin:True;recurrent:True;local:True
7721 329095 1 0 1
7721 329095 2 0 1
7721 329095 3 0 1
7721 329095 4 0 1
7721 329095 5 1 0
7721 329095 6 1 0
7721 329095 7 1 0
7721 329095 8 1 0
7721 329095 9 1 0
7721 329095 10 1 0
!sus 2 37229 0 10 1 attackers:37229;victims:2;type:1;valid_origin:False;recurrent:True;local:False
2 37229 1 0 1
2 37229 2 0 1
2 37229 3 0 1
2 37229 4 0 1
2 37229 5 0 1
2 37229 6 0 1
2 37229 7 0 1
2 37229 8 0 1
2 37229 9 0 1
2 37229 10 0 1
!sus 132859 139597 7 3 12 attackers:139597;victims:132859;type:1;valid_origin:True;recurrent:True;local:False
132859 139597 1 12 0
132859 139597 2 12 0
132859 139597 3 12 0
132859 139597 4 3 9
132859 139597 5 12 0
132859 139597 6 12 0
132859 139597 7 12 0
132859 139597 8 0 12
132859 139597 9 7 5
132859 139597 10 0 12
!leg 15830 266560 10 0 1 attackers:15830;victims:266560;type:1;valid_origin:True;recurrent:False;local:False
15830 266560 1 1 0
15830 266560 2 1 0
15830 266560 3 1 0
15830 266560 4 1 0
15830 266560 5 1 0
15830 266560 6 1 0
15830 266560 7 1 0
15830 266560 8 1 0
15830 266560 9 1 0
15830 266560 10 1 0
!leg 53184 267460 10 0 1 attackers:53184;victims:269433;type:2;valid_origin:True;recurrent:False;local:False
53184 267460 1 1 0
53184 267460 2 1 0
53184 267460 3 1 0
53184 267460 4 1 0
53184 267460 5 1 0
53184 267460 6 1 0
53184 267460 7 1 0
53184 267460 8 1 0
53184 267460 9 1 0
53184 267460 10 1 0
!leg 45296 149337 10 0 6 attackers:149337;victims:141114;type:2;valid_origin:True;recurrent:False;local:False
45296 149337 1 6 0
45296 149337 2 6 0
45296 149337 3 6 0
45296 149337 4 6 0
45296 149337 5 6 0
45296 149337 6 6 0
45296 149337 7 6 0
45296 149337 8 6 0
45296 149337 9 6 0
45296 149337 10 6 0
!sus 210273 211028 5 5 7 attackers:211028;victims:210273;type:1;valid_origin:True;recurrent:True;local:False
210273 211028 1 7 0
210273 211028 2 7 0
210273 211028 3 7 0
210273 211028 4 6 1
210273 211028 5 2 5
210273 211028 6 6 1
210273 211028 7 0 7
210273 211028 8 0 7
210273 211028 9 0 7
210273 211028 10 0 7
!sus 11562 19978 0 10 18 attackers:19978;victims:11562,27957,52285;type:1,2;valid_origin:True;recurrent:True;local:False
11562 19978 1 4 14
11562 19978 2 4 14
11562 19978 3 4 14
11562 19978 4 4 14
11562 19978 5 4 14
11562 19978 6 4 14
11562 19978 7 4 14
11562 19978 8 4 14
11562 19978 9 4 14
11562 19978 10 4 14
!sus 37468 329236 0 10 11 attackers:37468;victims:329236;type:1;valid_origin:True;recurrent:True;local:False
37468 329236 1 4 7
37468 329236 2 5 6
37468 329236 3 1 10
37468 329236 4 0 11
37468 329236 5 2 9
37468 329236 6 0 11
37468 329236 7 0 11
37468 329236 8 0 11
37468 329236 9 0 11
37468 329236 10 0 11
!sus 262342 272763 7 3 6 attackers:262342;victims:272763;type:1;valid_origin:True;recurrent:True;local:False
262342 272763 1 6 0
262342 272763 2 6 0
262342 272763 3 5 1
262342 272763 4 5 1
262342 272763 5 5 1
262342 272763 6 5 1
262342 272763 7 5 1
262342 272763 8 0 6
262342 272763 9 0 6
262342 272763 10 0 6
!sus 53766 55836 0 10 1 attackers:55836;victims:53766;type:1;valid_origin:True;recurrent:True;local:False
53766 55836 1 0 1
53766 55836 2 0 1
53766 55836 3 0 1
53766 55836 4 0 1
53766 55836 5 0 1
53766 55836 6 0 1
53766 55836 7 0 1
53766 55836 8 0 1
53766 55836 9 0 1
53766 55836 10 0 1
!sus 269366 273753 3 7 8 attackers:269366;victims:273753;type:1;valid_origin:True;recurrent:True;local:False
269366 273753 1 5 3
269366 273753 2 5 3
269366 273753 3 1 7
269366 273753 4 5 3
269366 273753 5 1 7
269366 273753 6 0 8
269366 273753 7 1 7
269366 273753 8 0 8
269366 273753 9 0 8
269366 273753 10 0 8
!sus 3356 32378 2 8 1 attackers:3356;victims:32378;type:1;valid_origin:True;recurrent:True;local:False
3356 32378 1 1 0
3356 32378 2 1 0
3356 32378 3 0 1
3356 32378 4 0 1
3356 32378 5 0 1
3356 32378 6 0 1
3356 32378 7 0 1
3356 32378 8 0 1
3356 32378 9 0 1
3356 32378 10 0 1
!sus 263950 271492 0 10 60 attackers:263950;victims:270595;type:2;valid_origin:True;recurrent:True;local:False
263950 271492 1 0 60
263950 271492 2 0 60
263950 271492 3 2 58
263950 271492 4 3 57
263950 271492 5 2 58
263950 271492 6 3 57
263950 271492 7 4 56
263950 271492 8 2 58
263950 271492 9 3 57
263950 271492 10 5 55
!leg 52840 53184 10 0 1 attackers:53184;victims:269651;type:3;valid_origin:True;recurrent:False;local:False
52840 53184 1 1 0
52840 53184 2 1 0
52840 53184 3 1 0
52840 53184 4 1 0
52840 53184 5 1 0
52840 53184 6 1 0
52840 53184 7 1 0
52840 53184 8 1 0
52840 53184 9 1 0
52840 53184 10 1 0
!sus 39150 207817 0 10 4 attackers:39150;victims:207817;type:1;valid_origin:True;recurrent:True;local:False
39150 207817 1 0 4
39150 207817 2 0 4
39150 207817 3 0 4
39150 207817 4 0 4
39150 207817 5 0 4
39150 207817 6 0 4
39150 207817 7 0 4
39150 207817 8 0 4
39150 207817 9 0 4
39150 207817 10 0 4
!leg 9930 15943 10 0 1 attackers:9930;victims:211820;type:2;valid_origin:True;recurrent:False;local:False
9930 15943 1 1 0
9930 15943 2 1 0
9930 15943 3 1 0
9930 15943 4 1 0
9930 15943 5 1 0
9930 15943 6 1 0
9930 15943 7 1 0
9930 15943 8 1 0
9930 15943 9 1 0
9930 15943 10 1 0
!sus 18403 132203 0 10 1 attackers:18403;victims:132203;type:1;valid_origin:True;recurrent:True;local:False
18403 132203 1 0 1
18403 132203 2 0 1
18403 132203 3 0 1
18403 132203 4 0 1
18403 132203 5 0 1
18403 132203 6 0 1
18403 132203 7 0 1
18403 132203 8 0 1
18403 132203 9 0 1
18403 132203 10 0 1
!sus 4766 139659 0 10 124 attackers:139659;victims:4766;type:1;valid_origin:False;recurrent:False;local:False
4766 139659 1 0 124
4766 139659 2 0 124
4766 139659 3 0 124
4766 139659 4 0 124
4766 139659 5 0 124
4766 139659 6 0 124
4766 139659 7 0 124
4766 139659 8 0 124
4766 139659 9 0 124
4766 139659 10 0 124
!sus 43298 60434 0 10 3 attackers:43298;victims:60434;type:1;valid_origin:True;recurrent:True;local:False
43298 60434 1 0 3
43298 60434 2 0 3
43298 60434 3 0 3
43298 60434 4 0 3
43298 60434 5 0 3
43298 60434 6 0 3
43298 60434 7 0 3
43298 60434 8 0 3
43298 60434 9 0 3
43298 60434 10 0 3
!sus 31430 48991 7 3 22 attackers:31430;victims:48991;type:1;valid_origin:True;recurrent:True;local:False
31430 48991 1 22 0
31430 48991 2 22 0
31430 48991 3 22 0
31430 48991 4 22 0
31430 48991 5 22 0
31430 48991 6 22 0
31430 48991 7 22 0
31430 48991 8 0 22
31430 48991 9 0 22
31430 48991 10 0 22
!leg 53356 397795 10 0 1 attackers:53356;victims:397795;type:1;valid_origin:True;recurrent:False;local:False
53356 397795 1 1 0
53356 397795 2 1 0
53356 397795 3 1 0
53356 397795 4 1 0
53356 397795 5 1 0
53356 397795 6 1 0
53356 397795 7 1 0
53356 397795 8 1 0
53356 397795 9 1 0
53356 397795 10 1 0
!leg 34927 200570 10 0 1 attackers:34927;victims:200570;type:1;valid_origin:True;recurrent:False;local:True
34927 200570 1 1 0
34927 200570 2 1 0
34927 200570 3 1 0
34927 200570 4 1 0
34927 200570 5 1 0
34927 200570 6 1 0
34927 200570 7 1 0
34927 200570 8 1 0
34927 200570 9 1 0
34927 200570 10 1 0
!sus 34872 199487 4 6 4 attackers:34872;victims:199487;type:1;valid_origin:True;recurrent:True;local:False
34872 199487 1 0 4
34872 199487 2 0 4
34872 199487 3 1 3
34872 199487 4 0 4
34872 199487 5 1 3
34872 199487 6 4 0
34872 199487 7 3 1
34872 199487 8 4 0
34872 199487 9 3 1
34872 199487 10 2 2
!sus 24961 264556 0 10 1 attackers:24961;victims:269099;type:2;valid_origin:True;recurrent:True;local:False
24961 264556 1 0 1
24961 264556 2 0 1
24961 264556 3 0 1
24961 264556 4 0 1
24961 264556 5 0 1
24961 264556 6 0 1
24961 264556 7 0 1
24961 264556 8 0 1
24961 264556 9 0 1
24961 264556 10 0 1
!sus 48708 201719 0 10 4 attackers:48708;victims:201719;type:1;valid_origin:True;recurrent:True;local:False
48708 201719 1 0 4
48708 201719 2 0 4
48708 201719 3 0 4
48708 201719 4 0 4
48708 201719 5 0 4
48708 201719 6 0 4
48708 201719 7 0 4
48708 201719 8 0 4
48708 201719 9 0 4
48708 201719 10 0 4
!sus 149994 151356 3 7 5 attackers:149994;victims:151356;type:1;valid_origin:True;recurrent:True;local:False
149994 151356 1 4 1
149994 151356 2 5 0
149994 151356 3 0 5
149994 151356 4 4 1
149994 151356 5 0 5
149994 151356 6 0 5
149994 151356 7 0 5
149994 151356 8 0 5
149994 151356 9 0 5
149994 151356 10 0 5
!sus 150435 151080 1 9 50 attackers:151080;victims:150435;type:1;valid_origin:True;recurrent:True;local:False
150435 151080 1 48 2
150435 151080 2 17 33
150435 151080 3 0 50
150435 151080 4 13 37
150435 151080 5 0 50
150435 151080 6 0 50
150435 151080 7 0 50
150435 151080 8 0 50
150435 151080 9 0 50
150435 151080 10 0 50
!sus 271150 272738 0 10 4 attackers:271150;victims:272738;type:1;valid_origin:True;recurrent:True;local:False
271150 272738 1 1 3
271150 272738 2 1 3
271150 272738 3 1 3
271150 272738 4 1 3
271150 272738 5 0 4
271150 272738 6 0 4
271150 272738 7 0 4
271150 272738 8 0 4
271150 272738 9 0 4
271150 272738 10 0 4
!sus 8758 47908 0 10 21 attackers:8758;victims:47908;type:1;valid_origin:True;recurrent:True;local:False
8758 47908 1 7 14
8758 47908 2 6 15
8758 47908 3 2 19
8758 47908 4 7 14
8758 47908 5 6 15
8758 47908 6 6 15
8758 47908 7 5 16
8758 47908 8 7 14
8758 47908 9 1 20
8758 47908 10 4 17
!sus 36926 329254 5 5 15 attackers:36926;victims:329254;type:1;valid_origin:True;recurrent:True;local:False
36926 329254 1 15 0
36926 329254 2 15 0
36926 329254 3 12 3
36926 329254 4 14 1
36926 329254 5 11 4
36926 329254 6 0 15
36926 329254 7 0 15
36926 329254 8 0 15
36926 329254 9 0 15
36926 329254 10 0 15
!sus 21700 26533 9 1 11 attackers:21700;victims:26533;type:1;valid_origin:True;recurrent:True;local:False
21700 26533 1 3 8
21700 26533 2 8 3
21700 26533 3 10 1
21700 26533 4 10 1
21700 26533 5 11 0
21700 26533 6 11 0
21700 26533 7 10 1
21700 26533 8 10 1
21700 26533 9 11 0
21700 26533 10 11 0
!sus 38203 151343 7 3 5 attackers:38203;victims:151343;type:1;valid_origin:True;recurrent:True;local:False
38203 151343 1 5 0
38203 151343 2 5 0
38203 151343 3 5 0
38203 151343 4 5 0
38203 151343 5 4 1
38203 151343 6 5 0
38203 151343 7 5 0
38203 151343 8 1 4
38203 151343 9 0 5
38203 151343 10 0 5
!sus 45650 151207 5 5 46 attackers:45650;victims:151207;type:1;valid_origin:True;recurrent:True;local:False
45650 151207 1 46 0
45650 151207 2 46 0
45650 151207 3 46 0
45650 151207 4 44 2
45650 151207 5 21 25
45650 151207 6 42 4
45650 151207 7 22 24
45650 151207 8 0 46
45650 151207 9 0 46
45650 151207 10 0 46
!sus 28138 262663 0 10 7 attackers:28138;victims:262663;type:1;valid_origin:True;recurrent:True;local:False
28138 262663 1 3 4
28138 262663 2 3 4
28138 262663 3 3 4
28138 262663 4 3 4
28138 262663 5 3 4
28138 262663 6 3 4
28138 262663 7 3 4
28138 262663 8 3 4
28138 262663 9 3 4
28138 262663 10 3 4
!sus 174 270868 0 10 8 attackers:270868;victims:174;type:1;valid_origin:True;recurrent:True;local:False
174 270868 1 0 8
174 270868 2 0 8
174 270868 3 0 8
174 270868 4 0 8
174 270868 5 0 8
174 270868 6 0 8
174 270868 7 0 8
174 270868 8 0 8
174 270868 9 0 8
174 270868 10 0 8
!sus 17819 21433 0 10 11 attackers:17819;victims:21433;type:1;valid_origin:True;recurrent:True;local:False
17819 21433 1 1 10
17819 21433 2 1 10
17819 21433 3 1 10
17819 21433 4 1 10
17819 21433 5 2 9
17819 21433 6 2 9
17819 21433 7 2 9
17819 21433 8 2 9
17819 21433 9 2 9
17819 21433 10 2 9
!sus 57695 198734 0 10 11 attackers:57695;victims:198734;type:1;valid_origin:True;recurrent:True;local:False
57695 198734 1 0 11
57695 198734 2 0 11
57695 198734 3 0 11
57695 198734 4 0 11
57695 198734 5 0 11
57695 198734 6 1 10
57695 198734 7 0 11
57695 198734 8 0 11
57695 198734 9 1 10
57695 198734 10 1 10
!sus 59888 61130 1 9 2 attackers:61130;victims:59888;type:1;valid_origin:True;recurrent:True;local:False
59888 61130 1 2 0
59888 61130 2 0 2
59888 61130 3 0 2
59888 61130 4 0 2
59888 61130 5 0 2
59888 61130 6 0 2
59888 61130 7 0 2
59888 61130 8 0 2
59888 61130 9 0 2
59888 61130 10 0 2
!leg 52634 270766 10 0 1 attackers:52634;victims:270750;type:2;valid_origin:True;recurrent:False;local:False
52634 270766 1 1 0
52634 270766 2 1 0
52634 270766 3 1 0
52634 270766 4 1 0
52634 270766 5 1 0
52634 270766 6 1 0
52634 270766 7 1 0
52634 270766 8 1 0
52634 270766 9 1 0
52634 270766 10 1 0
!leg 58678 135735 10 0 99 attackers:135735;victims:146860;type:2;valid_origin:True;recurrent:False;local:False
58678 135735 1 99 0
58678 135735 2 99 0
58678 135735 3 99 0
58678 135735 4 99 0
58678 135735 5 99 0
58678 135735 6 99 0
58678 135735 7 99 0
58678 135735 8 99 0
58678 135735 9 99 0
58678 135735 10 99 0
!sus 262503 273756 7 3 30 attackers:262503;victims:273756;type:1;valid_origin:True;recurrent:True;local:False
262503 273756 1 30 0
262503 273756 2 30 0
262503 273756 3 28 2
262503 273756 4 30 0
262503 273756 5 24 6
262503 273756 6 21 9
262503 273756 7 25 5
262503 273756 8 0 30
262503 273756 9 0 30
262503 273756 10 0 30
!sus 264509 272275 2 8 4 attackers:264509;victims:272275;type:1;valid_origin:True;recurrent:True;local:False
264509 272275 1 4 0
264509 272275 2 4 0
264509 272275 3 0 4
264509 272275 4 1 3
264509 272275 5 0 4
264509 272275 6 0 4
264509 272275 7 0 4
264509 272275 8 0 4
264509 272275 9 0 4
264509 272275 10 0 4
!sus 269256 269310 1 9 27 attackers:269310;victims:269256;type:1;valid_origin:True;recurrent:True;local:False
269256 269310 1 0 27
269256 269310 2 1 26
269256 269310 3 0 27
269256 269310 4 3 24
269256 269310 5 1 26
269256 269310 6 23 4
269256 269310 7 4 23
269256 269310 8 5 22
269256 269310 9 5 22
269256 269310 10 8 19
!sus 263950 267293 0 10 60 attackers:263950;victims:267293;type:1;valid_origin:True;recurrent:False;local:False
263950 267293 1 0 60
263950 267293 2 0 60
263950 267293 3 0 60
263950 267293 4 2 58
263950 267293 5 3 57
263950 267293 6 2 58
263950 267293 7 0 60
263950 267293 8 3 57
263950 267293 9 1 59
263950 267293 10 7 53
!sus 10 209733 2 8 65 attackers:209733;victims:10;type:1;valid_origin:False;recurrent:True;local:False
10 209733 1 65 0
10 209733 2 0 65
10 209733 3 65 0
10 209733 4 0 65
10 209733 5 7 58
10 209733 6 0 65
10 209733 7 7 58
10 209733 8 13 52
10 209733 9 0 65
10 209733 10 7 58
!sus 7018 399014 3 7 3 attackers:7018;victims:399014;type:1;valid_origin:True;recurrent:True;local:False
7018 399014 1 3 0
7018 399014 2 3 0
7018 399014 3 0 3
7018 399014 4 0 3
7018 399014 5 2 1
7018 399014 6 1 2
7018 399014 7 0 3
7018 399014 8 0 3
7018 399014 9 0 3
7018 399014 10 0 3
!sus 19257 54484 8 2 1 attackers:19257;victims:54484;type:1;valid_origin:True;recurrent:True;local:False
19257 54484 1 1 0
19257 54484 2 1 0
19257 54484 3 1 0
19257 54484 4 1 0
19257 54484 5 1 0
19257 54484 6 1 0
19257 54484 7 1 0
19257 54484 8 0 1
19257 54484 9 0 1
19257 54484 10 1 0
!sus 1 270622 0 10 5 attackers:270622;victims:1;type:1;valid_origin:True;recurrent:True;local:False
1 270622 1 0 5
1 270622 2 0 5
1 270622 3 1 4
1 270622 4 1 4
1 270622 5 1 4
1 270622 6 1 4
1 270622 7 1 4
1 270622 8 1 4
1 270622 9 1 4
1 270622 10 1 4
!sus 5089 210912 0 10 4 attackers:210912;victims:5089;type:1;valid_origin:True;recurrent:True;local:False
5089 210912 1 0 4
5089 210912 2 0 4
5089 210912 3 0 4
5089 210912 4 0 4
5089 210912 5 0 4
5089 210912 6 0 4
5089 210912 7 0 4
5089 210912 8 0 4
5089 210912 9 0 4
5089 210912 10 0 4
!sus 37575 329138 3 7 4 attackers:37575;victims:329138;type:1;valid_origin:True;recurrent:True;local:False
37575 329138 1 3 1
37575 329138 2 4 0
37575 329138 3 0 4
37575 329138 4 0 4
37575 329138 5 3 1
37575 329138 6 1 3
37575 329138 7 1 3
37575 329138 8 0 4
37575 329138 9 0 4
37575 329138 10 0 4
!sus 8283 198378 5 5 321 attackers:8283;victims:198378;type:1;valid_origin:True;recurrent:True;local:False
8283 198378 1 162 159
8283 198378 2 98 223
8283 198378 3 183 138
8283 198378 4 303 18
8283 198378 5 148 173
8283 198378 6 78 243
8283 198378 7 170 151
8283 198378 8 182 139
8283 198378 9 129 192
8283 198378 10 156 165
!sus 52468 267893 0 10 6 attackers:52468;victims:267893;type:1;valid_origin:True;recurrent:True;local:False
52468 267893 1 0 6
52468 267893 2 0 6
52468 267893 3 0 6
52468 267893 4 0 6
52468 267893 5 0 6
52468 267893 6 0 6
52468 267893 7 0 6
52468 267893 8 0 6
52468 267893 9 0 6
52468 267893 10 0 6
!leg 4812 63689 10 0 1 attackers:4812;victims:63689;type:1;valid_origin:False;recurrent:False;local:False
4812 63689 1 1 0
4812 63689 2 1 0
4812 63689 3 1 0
4812 63689 4 1 0
4812 63689 5 1 0
4812 63689 6 1 0
4812 63689 7 1 0
4812 63689 8 1 0
4812 63689 9 1 0
4812 63689 10 1 0
!sus 206052 206108 9 1 1 attackers:206052;victims:206108;type:1;valid_origin:True;recurrent:False;local:False
206052 206108 1 0 1
206052 206108 2 1 0
206052 206108 3 1 0
206052 206108 4 1 0
206052 206108 5 1 0
206052 206108 6 1 0
206052 206108 7 1 0
206052 206108 8 1 0
206052 206108 9 1 0
206052 206108 10 1 0
!sus 60445 63801 0 10 198 attackers:63801;victims:60445;type:1;valid_origin:True;recurrent:True;local:False
60445 63801 1 0 198
60445 63801 2 0 198
60445 63801 3 0 198
60445 63801 4 0 198
60445 63801 5 0 198
60445 63801 6 0 198
60445 63801 7 0 198
60445 63801 8 0 198
60445 63801 9 0 198
60445 63801 10 0 198
!leg 53087 268889 10 0 49 attackers:53087;victims:268889;type:1;valid_origin:True;recurrent:False;local:False
53087 268889 1 49 0
53087 268889 2 49 0
53087 268889 3 49 0
53087 268889 4 49 0
53087 268889 5 49 0
53087 268889 6 49 0
53087 268889 7 49 0
53087 268889 8 49 0
53087 268889 9 49 0
53087 268889 10 49 0
!sus 198552 200154 6 4 5 attackers:200154;victims:198552;type:1;valid_origin:True;recurrent:True;local:False
198552 200154 1 5 0
198552 200154 2 5 0
198552 200154 3 5 0
198552 200154 4 5 0
198552 200154 5 3 2
198552 200154 6 4 1
198552 200154 7 0 5
198552 200154 8 0 5
198552 200154 9 0 5
198552 200154 10 0 5
!sus 43298 50340 0 10 3 attackers:43298;victims:49505;type:2;valid_origin:True;recurrent:True;local:False
43298 50340 1 0 3
43298 50340 2 0 3
43298 50340 3 0 3
43298 50340 4 0 3
43298 50340 5 0 3
43298 50340 6 0 3
43298 50340 7 0 3
43298 50340 8 0 3
43298 50340 9 0 3
43298 50340 10 0 3
!sus 9541 13335 0 10 21 attackers:9541;victims:13335;type:1;valid_origin:True;recurrent:True;local:False
9541 13335 1 3 18
9541 13335 2 3 18
9541 13335 3 4 17
9541 13335 4 5 16
9541 13335 5 5 16
9541 13335 6 5 16
9541 13335 7 5 16
9541 13335 8 5 16
9541 13335 9 5 16
9541 13335 10 5 16
!leg 13004 201776 10 0 1 attackers:13004;victims:201776;type:1;valid_origin:True;recurrent:False;local:True
13004 201776 1 1 0
13004 201776 2 1 0
13004 201776 3 1 0
13004 201776 4 1 0
13004 201776 5 1 0
13004 201776 6 1 0
13004 201776 7 1 0
13004 201776 8 1 0
13004 201776 9 1 0
13004 201776 10 1 0
!sus 212508 399244 0 10 5 attackers:399244;victims:212508;type:1;valid_origin:True;recurrent:True;local:False
212508 399244 1 0 5
212508 399244 2 0 5
212508 399244 3 0 5
212508 399244 4 0 5
212508 399244 5 0 5
212508 399244 6 0 5
212508 399244 7 0 5
212508 399244 8 0 5
212508 399244 9 0 5
212508 399244 10 0 5
!leg 52968 269310 10 0 3 attackers:269310;victims:52968;type:1;valid_origin:True;recurrent:False;local:False
52968 269310 1 3 0
52968 269310 2 3 0
52968 269310 3 3 0
52968 269310 4 3 0
52968 269310 5 3 0
52968 269310 6 3 0
52968 269310 7 3 0
52968 269310 8 3 0
52968 269310 9 3 0
52968 269310 10 3 0
!sus 37558 329252 0 10 2 attackers:37558;victims:329252;type:1;valid_origin:True;recurrent:True;local:False
37558 329252 1 1 1
37558 329252 2 0 2
37558 329252 3 0 2
37558 329252 4 0 2
37558 329252 5 0 2
37558 329252 6 0 2
37558 329252 7 0 2
37558 329252 8 0 2
37558 329252 9 0 2
37558 329252 10 0 2
!leg 4764 38716 10 0 1 attackers:4764;victims:38716;type:1;valid_origin:True;recurrent:False;local:False
4764 38716 1 1 0
4764 38716 2 1 0
4764 38716 3 1 0
4764 38716 4 1 0
4764 38716 5 1 0
4764 38716 6 1 0
4764 38716 7 1 0
4764 38716 8 1 0
4764 38716 9 1 0
4764 38716 10 1 0
!sus 262403 263950 0 10 8 attackers:263950;victims:262403;type:1;valid_origin:True;recurrent:False;local:False
262403 263950 1 0 8
262403 263950 2 0 8
262403 263950 3 0 8
262403 263950 4 0 8
262403 263950 5 0 8
262403 263950 6 0 8
262403 263950 7 0 8
262403 263950 8 0 8
262403 263950 9 0 8
262403 263950 10 0 8
!sus 44477 142113 0 10 18 attackers:142113;victims:44477;type:1;valid_origin:True;recurrent:True;local:False
44477 142113 1 1 17
44477 142113 2 1 17
44477 142113 3 1 17
44477 142113 4 1 17
44477 142113 5 1 17
44477 142113 6 1 17
44477 142113 7 1 17
44477 142113 8 1 17
44477 142113 9 1 17
44477 142113 10 1 17
!leg 15694 50898 10 0 1 attackers:15694;victims:60589;type:2;valid_origin:True;recurrent:False;local:False
15694 50898 1 1 0
15694 50898 2 1 0
15694 50898 3 1 0
15694 50898 4 1 0
15694 50898 5 1 0
15694 50898 6 1 0
15694 50898 7 1 0
15694 50898 8 1 0
15694 50898 9 1 0
15694 50898 10 1 0
!sus 23951 61955 4 6 1 attackers:61955;victims:23951;type:1;valid_origin:True;recurrent:True;local:True
23951 61955 1 0 1
23951 61955 2 0 1
23951 61955 3 0 1
23951 61955 4 0 1
23951 61955 5 0 1
23951 61955 6 0 1
23951 61955 7 1 0
23951 61955 8 1 0
23951 61955 9 1 0
23951 61955 10 1 0
!sus 52971 273751 1 9 6 attackers:52971;victims:273751;type:1;valid_origin:True;recurrent:True;local:False
52971 273751 1 3 3
52971 273751 2 4 2
52971 273751 3 2 4
52971 273751 4 3 3
52971 273751 5 2 4
52971 273751 6 0 6
52971 273751 7 1 5
52971 273751 8 0 6
52971 273751 9 0 6
52971 273751 10 0 6
!sus 57388 201967 4 6 7 attackers:57388;victims:201967;type:1;valid_origin:True;recurrent:True;local:False
57388 201967 1 7 0
57388 201967 2 7 0
57388 201967 3 5 2
57388 201967 4 4 3
57388 201967 5 1 6
57388 201967 6 2 5
57388 201967 7 0 7
57388 201967 8 0 7
57388 201967 9 0 7
57388 201967 10 0 7
!leg 38150 38511 10 0 6 attackers:38150;victims:137342;type:2;valid_origin:True;recurrent:False;local:False
38150 38511 1 6 0
38150 38511 2 6 0
38150 38511 3 6 0
38150 38511 4 6 0
38150 38511 5 6 0
38150 38511 6 6 0
38150 38511 7 6 0
38150 38511 8 6 0
38150 38511 9 6 0
38150 38511 10 6 0
!sus 39431 39432 0 10 2 attackers:39431;victims:39431;type:2;valid_origin:True;recurrent:True;local:False
39431 39432 1 1 1
39431 39432 2 1 1
39431 39432 3 1 1
39431 39432 4 1 1
39431 39432 5 0 2
39431 39432 6 0 2
39431 39432 7 0 2
39431 39432 8 1 1
39431 39432 9 0 2
39431 39432 10 0 2
!sus 57463 265150 9 1 1 attackers:57463;victims:265150;type:1;valid_origin:True;recurrent:True;local:True
57463 265150 1 0 1
57463 265150 2 1 0
57463 265150 3 1 0
57463 265150 4 1 0
57463 265150 5 1 0
57463 265150 6 1 0
57463 265150 7 1 0
57463 265150 8 1 0
57463 265150 9 1 0
57463 265150 10 1 0
!leg 135817 136634 10 0 7 attackers:136634;victims:135817;type:1;valid_origin:True;recurrent:True;local:False
135817 136634 1 6 1
135817 136634 2 7 0
135817 136634 3 5 2
135817 136634 4 7 0
135817 136634 5 7 0
135817 136634 6 7 0
135817 136634 7 7 0
135817 136634 8 7 0
135817 136634 9 7 0
135817 136634 10 7 0
!leg 5603 9930 10 0 1 attackers:9930;victims:199276;type:3;valid_origin:True;recurrent:False;local:False
5603 9930 1 1 0
5603 9930 2 1 0
5603 9930 3 1 0
5603 9930 4 1 0
5603 9930 5 1 0
5603 9930 6 1 0
5603 9930 7 1 0
5603 9930 8 1 0
5603 9930 9 1 0
5603 9930 10 1 0
!sus 13259 41520 4 6 4 attackers:13259;victims:41520;type:1;valid_origin:True;recurrent:True;local:False
13259 41520 1 4 0
13259 41520 2 4 0
13259 41520 3 3 1
13259 41520 4 3 1
13259 41520 5 2 2
13259 41520 6 2 2
13259 41520 7 0 4
13259 41520 8 0 4
13259 41520 9 0 4
13259 41520 10 0 4
!sus 48880 201572 0 10 7 attackers:48880;victims:201572;type:1;valid_origin:True;recurrent:True;local:False
48880 201572 1 0 7
48880 201572 2 0 7
48880 201572 3 0 7
48880 201572 4 0 7
48880 201572 5 0 7
48880 201572 6 0 7
48880 201572 7 0 7
48880 201572 8 0 7
48880 201572 9 0 7
48880 201572 10 0 7
!leg 328333 328760 10 0 1 attackers:328333;victims:328760;type:1;valid_origin:True;recurrent:False;local:False
328333 328760 1 1 0
328333 328760 2 1 0
328333 328760 3 1 0
328333 328760 4 1 0
328333 328760 5 1 0
328333 328760 6 1 0
328333 328760 7 1 0
328333 328760 8 1 0
328333 328760 9 1 0
328333 328760 10 1 0
!sus 398704 399606 0 10 13 attackers:398704;victims:399606;type:1;valid_origin:True;recurrent:True;local:False
398704 399606 1 1 12
398704 399606 2 1 12
398704 399606 3 1 12
398704 399606 4 1 12
398704 399606 5 1 12
398704 399606 6 1 12
398704 399606 7 1 12
398704 399606 8 1 12
398704 399606 9 2 11
398704 399606 10 1 12
!sus 43298 134823 0 10 7 attackers:43298;victims:134823;type:1;valid_origin:True;recurrent:True;local:False
43298 134823 1 0 7
43298 134823 2 0 7
43298 134823 3 0 7
43298 134823 4 1 6
43298 134823 5 1 6
43298 134823 6 1 6
43298 134823 7 1 6
43298 134823 8 0 7
43298 134823 9 0 7
43298 134823 10 1 6
!sus 263500 264409 3 7 649 attackers:264409;victims:263500;type:1;valid_origin:True;recurrent:True;local:False
263500 264409 1 95 554
263500 264409 2 94 555
263500 264409 3 175 474
263500 264409 4 284 365
263500 264409 5 196 453
263500 264409 6 363 286
263500 264409 7 296 353
263500 264409 8 341 308
263500 264409 9 331 318
263500 264409 10 264 385
!sus 13259 131468 6 4 3 attackers:13259;victims:131468;type:1;valid_origin:True;recurrent:True;local:False
13259 131468 1 3 0
13259 131468 2 3 0
13259 131468 3 3 0
13259 131468 4 3 0
13259 131468 5 2 1
13259 131468 6 2 1
13259 131468 7 0 3
13259 131468 8 0 3
13259 131468 9 0 3
13259 131468 10 0 3
!sus 43160 199195 5 5 10 attackers:43160;victims:199195;type:1;valid_origin:True;recurrent:True;local:False
43160 199195 1 10 0
43160 199195 2 10 0
43160 199195 3 10 0
43160 199195 4 7 3
43160 199195 5 5 5
43160 199195 6 6 4
43160 199195 7 5 5
43160 199195 8 0 10
43160 199195 9 0 10
43160 199195 10 0 10
!sus 36351 43298 7 3 4 attackers:36351;victims:207333,42745,59796,20764;type:2;valid_origin:True;recurrent:True;local:True
36351 43298 1 2 2
36351 43298 2 2 2
36351 43298 3 2 2
36351 43298 4 3 1
36351 43298 5 3 1
36351 43298 6 3 1
36351 43298 7 3 1
36351 43298 8 4 0
36351 43298 9 3 1
36351 43298 10 3 1
!leg 8926 9930 10 0 1 attackers:9930;victims:204868;type:5;valid_origin:True;recurrent:False;local:False
8926 9930 1 1 0
8926 9930 2 1 0
8926 9930 3 1 0
8926 9930 4 1 0
8926 9930 5 1 0
8926 9930 6 1 0
8926 9930 7 1 0
8926 9930 8 1 0
8926 9930 9 1 0
8926 9930 10 1 0
!sus 4637 151074 4 6 7 attackers:4637;victims:151074;type:1;valid_origin:True;recurrent:True;local:False
4637 151074 1 6 1
4637 151074 2 5 2
4637 151074 3 4 3
4637 151074 4 3 4
4637 151074 5 1 6
4637 151074 6 1 6
4637 151074 7 3 4
4637 151074 8 6 1
4637 151074 9 1 6
4637 151074 10 1 6
!leg 52634 265113 10 0 1 attackers:52634;victims:266560;type:2;valid_origin:True;recurrent:False;local:False
52634 265113 1 1 0
52634 265113 2 1 0
52634 265113 3 1 0
52634 265113 4 1 0
52634 265113 5 1 0
52634 265113 6 1 0
52634 265113 7 1 0
52634 265113 8 1 0
52634 265113 9 1 0
52634 265113 10 1 0
!sus 16265 264556 0 10 1 attackers:16265;victims:269099;type:2;valid_origin:True;recurrent:True;local:False
16265 264556 1 0 1
16265 264556 2 0 1
16265 264556 3 0 1
16265 264556 4 0 1
16265 264556 5 0 1
16265 264556 6 0 1
16265 264556 7 0 1
16265 264556 8 0 1
16265 264556 9 0 1
16265 264556 10 0 1
!sus 51185 266029 8 2 1 attackers:51185;victims:266029;type:1;valid_origin:True;recurrent:True;local:True
51185 266029 1 0 1
51185 266029 2 0 1
51185 266029 3 1 0
51185 266029 4 1 0
51185 266029 5 1 0
51185 266029 6 1 0
51185 266029 7 1 0
51185 266029 8 1 0
51185 266029 9 1 0
51185 266029 10 1 0
!leg 28343 264273 10 0 1 attackers:28343;victims:264273;type:1;valid_origin:True;recurrent:False;local:False
28343 264273 1 1 0
28343 264273 2 1 0
28343 264273 3 1 0
28343 264273 4 1 0
28343 264273 5 1 0
28343 264273 6 1 0
28343 264273 7 1 0
28343 264273 8 1 0
28343 264273 9 1 0
28343 264273 10 1 0
!leg 3326 50263 10 0 39 attackers:50263;victims:47919;type:3;valid_origin:True;recurrent:False;local:False
3326 50263 1 39 0
3326 50263 2 39 0
3326 50263 3 39 0
3326 50263 4 39 0
3326 50263 5 39 0
3326 50263 6 39 0
3326 50263 7 39 0
3326 50263 8 39 0
3326 50263 9 39 0
3326 50263 10 39 0
!sus 151062 210645 2 8 1 attackers:151062;victims:210645;type:1;valid_origin:True;recurrent:True;local:False
151062 210645 1 0 1
151062 210645 2 0 1
151062 210645 3 0 1
151062 210645 4 0 1
151062 210645 5 0 1
151062 210645 6 0 1
151062 210645 7 1 0
151062 210645 8 0 1
151062 210645 9 1 0
151062 210645 10 0 1
!sus 268976 273701 0 10 76 attackers:268976;victims:273701;type:1;valid_origin:True;recurrent:True;local:False
268976 273701 1 12 64
268976 273701 2 1 75
268976 273701 3 19 57
268976 273701 4 19 57
268976 273701 5 2 74
268976 273701 6 4 72
268976 273701 7 2 74
268976 273701 8 6 70
268976 273701 9 2 74
268976 273701 10 1 75
!sus 58145 204181 0 10 14 attackers:58145;victims:204181;type:1;valid_origin:True;recurrent:True;local:False
58145 204181 1 0 14
58145 204181 2 0 14
58145 204181 3 0 14
58145 204181 4 0 14
58145 204181 5 0 14
58145 204181 6 0 14
58145 204181 7 0 14
58145 204181 8 0 14
58145 204181 9 0 14
58145 204181 10 0 14
!sus 270159 270200 0 10 452 attackers:270200;victims:270159;type:1;valid_origin:True;recurrent:True;local:False
270159 270200 1 39 413
270159 270200 2 186 266
270159 270200 3 62 390
270159 270200 4 28 424
270159 270200 5 85 367
270159 270200 6 109 343
270159 270200 7 26 426
270159 270200 8 69 383
270159 270200 9 81 371
270159 270200 10 152 300
!sus 262352 273697 7 3 2 attackers:262352;victims:273697;type:1;valid_origin:True;recurrent:True;local:False
262352 273697 1 2 0
262352 273697 2 2 0
262352 273697 3 2 0
262352 273697 4 2 0
262352 273697 5 2 0
262352 273697 6 2 0
262352 273697 7 2 0
262352 273697 8 0 2
262352 273697 9 0 2
262352 273697 10 0 2
!sus 61512 262691 0 10 6 attackers:262691;victims:61512;type:1;valid_origin:True;recurrent:True;local:False
61512 262691 1 0 6
61512 262691 2 0 6
61512 262691 3 0 6
61512 262691 4 0 6
61512 262691 5 0 6
61512 262691 6 1 5
61512 262691 7 1 5
61512 262691 8 0 6
61512 262691 9 1 5
61512 262691 10 1 5
!sus 262535 273681 3 7 22 attackers:262535;victims:273681;type:1;valid_origin:True;recurrent:True;local:False
262535 273681 1 20 2
262535 273681 2 18 4
262535 273681 3 13 9
262535 273681 4 10 12
262535 273681 5 3 19
262535 273681 6 0 22
262535 273681 7 0 22
262535 273681 8 0 22
262535 273681 9 0 22
262535 273681 10 0 22
!leg 52696 53184 10 0 1 attackers:53184;victims:270534;type:2;valid_origin:True;recurrent:False;local:False
52696 53184 1 1 0
52696 53184 2 1 0
52696 53184 3 1 0
52696 53184 4 1 0
52696 53184 5 1 0
52696 53184 6 1 0
52696 53184 7 1 0
52696 53184 8 1 0
52696 53184 9 1 0
52696 53184 10 1 0
!leg 1031 264417 10 0 5 attackers:264417;victims:269043;type:4;valid_origin:True;recurrent:False;local:False
1031 264417 1 5 0
1031 264417 2 5 0
1031 264417 3 5 0
1031 264417 4 5 0
1031 264417 5 5 0
1031 264417 6 5 0
1031 264417 7 5 0
1031 264417 8 5 0
1031 264417 9 5 0
1031 264417 10 5 0
!sus 202527 211028 5 5 6 attackers:211028;victims:202527;type:1;valid_origin:True;recurrent:True;local:False
202527 211028 1 6 0
202527 211028 2 6 0
202527 211028 3 5 1
202527 211028 4 5 1
202527 211028 5 2 4
202527 211028 6 5 1
202527 211028 7 2 4
202527 211028 8 0 6
202527 211028 9 0 6
202527 211028 10 0 6
!sus 262663 266483 0 10 14 attackers:266483;victims:262663;type:1;valid_origin:True;recurrent:True;local:False
262663 266483 1 0 14
262663 266483 2 0 14
262663 266483 3 0 14
262663 266483 4 0 14
262663 266483 5 0 14
262663 266483 6 0 14
262663 266483 7 0 14
262663 266483 8 0 14
262663 266483 9 0 14
262663 266483 10 0 14
!leg 174 139659 10 0 127 attackers:139659;victims:4134,139659;type:2,3;valid_origin:False;recurrent:False;local:False
174 139659 1 127 0
174 139659 2 127 0
174 139659 3 127 0
174 139659 4 127 0
174 139659 5 127 0
174 139659 6 127 0
174 139659 7 127 0
174 139659 8 127 0
174 139659 9 127 0
174 139659 10 127 0
!sus 45250 53587 0 10 92 attackers:53587;victims:45250;type:1;valid_origin:True;recurrent:True;local:False
45250 53587 1 2 90
45250 53587 2 9 83
45250 53587 3 8 84
45250 53587 4 7 85
45250 53587 5 9 83
45250 53587 6 25 67
45250 53587 7 13 79
45250 53587 8 10 82
45250 53587 9 12 80
45250 53587 10 14 78
!sus 4809 262691 0 10 1 attackers:262691;victims:4809;type:1;valid_origin:True;recurrent:False;local:False
4809 262691 1 0 1
4809 262691 2 0 1
4809 262691 3 0 1
4809 262691 4 0 1
4809 262691 5 0 1
4809 262691 6 0 1
4809 262691 7 0 1
4809 262691 8 0 1
4809 262691 9 0 1
4809 262691 10 0 1
!sus 50763 151062 2 8 1 attackers:151062;victims:50763;type:1;valid_origin:True;recurrent:True;local:False
50763 151062 1 0 1
50763 151062 2 0 1
50763 151062 3 0 1
50763 151062 4 0 1
50763 151062 5 0 1
50763 151062 6 0 1
50763 151062 7 0 1
50763 151062 8 0 1
50763 151062 9 1 0
50763 151062 10 1 0
!sus 51185 139799 7 3 1 attackers:51185;victims:139799;type:1;valid_origin:True;recurrent:True;local:True
51185 139799 1 0 1
51185 139799 2 0 1
51185 139799 3 0 1
51185 139799 4 1 0
51185 139799 5 1 0
51185 139799 6 1 0
51185 139799 7 1 0
51185 139799 8 1 0
51185 139799 9 1 0
51185 139799 10 1 0
!sus 34465 48581 0 10 137 attackers:34465;victims:60310,203867,50224,48581;type:1,2;valid_origin:True;recurrent:True;local:False
34465 48581 1 3 134
34465 48581 2 16 121
34465 48581 3 27 110
34465 48581 4 23 114
34465 48581 5 32 105
34465 48581 6 36 101
34465 48581 7 45 92
34465 48581 8 37 100
34465 48581 9 37 100
34465 48581 10 46 91
!sus 56630 57169 8 2 5 attackers:56630;victims:57169;type:1;valid_origin:True;recurrent:True;local:False
56630 57169 1 0 5
56630 57169 2 1 4
56630 57169 3 4 1
56630 57169 4 5 0
56630 57169 5 5 0
56630 57169 6 5 0
56630 57169 7 5 0
56630 57169 8 5 0
56630 57169 9 5 0
56630 57169 10 5 0
!sus 19733 398427 6 4 2 attackers:398427;victims:19733;type:1;valid_origin:True;recurrent:True;local:False
19733 398427 1 2 0
19733 398427 2 2 0
19733 398427 3 2 0
19733 398427 4 2 0
19733 398427 5 2 0
19733 398427 6 2 0
19733 398427 7 0 2
19733 398427 8 0 2
19733 398427 9 0 2
19733 398427 10 0 2
!sus 23951 39120 7 3 1 attackers:39120;victims:23951;type:1;valid_origin:True;recurrent:True;local:True
23951 39120 1 0 1
23951 39120 2 0 1
23951 39120 3 0 1
23951 39120 4 1 0
23951 39120 5 1 0
23951 39120 6 1 0
23951 39120 7 1 0
23951 39120 8 1 0
23951 39120 9 1 0
23951 39120 10 1 0
!sus 198427 211619 0 10 7 attackers:211619;victims:198427;type:1;valid_origin:True;recurrent:True;local:False
198427 211619 1 0 7
198427 211619 2 0 7
198427 211619 3 0 7
198427 211619 4 0 7
198427 211619 5 0 7
198427 211619 6 0 7
198427 211619 7 0 7
198427 211619 8 0 7
198427 211619 9 0 7
198427 211619 10 0 7
!sus 37100 329253 0 10 448 attackers:37100;victims:329253;type:1;valid_origin:True;recurrent:True;local:False
37100 329253 1 27 421
37100 329253 2 6 442
37100 329253 3 37 411
37100 329253 4 0 448
37100 329253 5 0 448
37100 329253 6 0 448
37100 329253 7 0 448
37100 329253 8 0 448
37100 329253 9 0 448
37100 329253 10 0 448
!sus 262663 272691 0 10 15 attackers:272691;victims:262663;type:1;valid_origin:True;recurrent:True;local:False
262663 272691 1 3 12
262663 272691 2 3 12
262663 272691 3 3 12
262663 272691 4 3 12
262663 272691 5 3 12
262663 272691 6 3 12
262663 272691 7 3 12
262663 272691 8 3 12
262663 272691 9 3 12
262663 272691 10 3 12
!sus 198535 211411 0 10 8 attackers:211411;victims:198535;type:1;valid_origin:True;recurrent:True;local:False
198535 211411 1 0 8
198535 211411 2 0 8
198535 211411 3 0 8
198535 211411 4 0 8
198535 211411 5 0 8
198535 211411 6 0 8
198535 211411 7 0 8
198535 211411 8 0 8
198535 211411 9 0 8
198535 211411 10 0 8
!leg 263917 270596 10 0 1 attackers:263917;victims:266317;type:5;valid_origin:True;recurrent:False;local:False
263917 270596 1 1 0
263917 270596 2 1 0
263917 270596 3 1 0
263917 270596 4 1 0
263917 270596 5 1 0
263917 270596 6 1 0
263917 270596 7 1 0
263917 270596 8 1 0
263917 270596 9 1 0
263917 270596 10 1 0
!sus 26930 211562 0 10 296 attackers:26930;victims:211562;type:1;valid_origin:True;recurrent:True;local:False
26930 211562 1 7 289
26930 211562 2 11 285
26930 211562 3 8 288
26930 211562 4 12 284
26930 211562 5 12 284
26930 211562 6 12 284
26930 211562 7 8 288
26930 211562 8 11 285
26930 211562 9 12 284
26930 211562 10 10 286
!leg 133001 133982 10 0 90 attackers:133982;victims:147209;type:3;valid_origin:True;recurrent:False;local:False
133001 133982 1 90 0
133001 133982 2 90 0
133001 133982 3 90 0
133001 133982 4 90 0
133001 133982 5 90 0
133001 133982 6 90 0
133001 133982 7 90 0
133001 133982 8 90 0
133001 133982 9 90 0
133001 133982 10 90 0
!leg 50673 61686 10 0 1 attackers:50673;victims:61686;type:1;valid_origin:True;recurrent:False;local:False
50673 61686 1 1 0
50673 61686 2 1 0
50673 61686 3 1 0
50673 61686 4 1 0
50673 61686 5 1 0
50673 61686 6 1 0
50673 61686 7 1 0
50673 61686 8 1 0
50673 61686 9 1 0
50673 61686 10 1 0
!sus 6 198800 0 10 294 attackers:198800;victims:6;type:1;valid_origin:False;recurrent:True;local:False
6 198800 1 0 294
6 198800 2 0 294
6 198800 3 0 294
6 198800 4 0 294
6 198800 5 0 294
6 198800 6 0 294
6 198800 7 0 294
6 198800 8 0 294
6 198800 9 0 294
6 198800 10 0 294
!leg 328748 328915 10 0 242 attackers:328748;victims:328915;type:1;valid_origin:True;recurrent:False;local:False
328748 328915 1 242 0
328748 328915 2 242 0
328748 328915 3 242 0
328748 328915 4 242 0
328748 328915 5 242 0
328748 328915 6 242 0
328748 328915 7 242 0
328748 328915 8 242 0
328748 328915 9 242 0
328748 328915 10 242 0
!leg 1000 328075 10 0 5 attackers:328075;victims:1000;type:1;valid_origin:True;recurrent:True;local:False
1000 328075 1 3 2
1000 328075 2 5 0
1000 328075 3 5 0
1000 328075 4 5 0
1000 328075 5 5 0
1000 328075 6 5 0
1000 328075 7 5 0
1000 328075 8 5 0
1000 328075 9 5 0
1000 328075 10 5 0
!sus 200605 212895 1 9 230 attackers:212895;victims:200605;type:1;valid_origin:True;recurrent:True;local:False
200605 212895 1 50 180
200605 212895 2 70 160
200605 212895 3 53 177
200605 212895 4 114 116
200605 212895 5 79 151
200605 212895 6 35 195
200605 212895 7 41 189
200605 212895 8 49 181
200605 212895 9 172 58
200605 212895 10 93 137
