!sus 34197 56469 1 9 7 attackers:34197;victims:56469;type:1;valid_origin:True;recurrent:True;local:False
34197 56469 1 6 1
34197 56469 2 0 7
34197 56469 3 0 7
34197 56469 4 0 7
34197 56469 5 0 7
34197 56469 6 0 7
34197 56469 7 0 7
34197 56469 8 0 7
34197 56469 9 0 7
34197 56469 10 0 7
!sus 31263 39448 3 7 2 attackers:31263;victims:39448;type:1;valid_origin:True;recurrent:True;local:False
31263 39448 1 2 0
31263 39448 2 2 0
31263 39448 3 2 0
31263 39448 4 0 2
31263 39448 5 0 2
31263 39448 6 0 2
31263 39448 7 0 2
31263 39448 8 0 2
31263 39448 9 0 2
31263 39448 10 1 1
!sus 134993 399888 0 10 532 attackers:399888;victims:134993;type:1;valid_origin:True;recurrent:True;local:False
134993 399888 1 1 531
134993 399888 2 1 531
134993 399888 3 2 530
134993 399888 4 4 528
134993 399888 5 6 526
134993 399888 6 74 458
134993 399888 7 47 485
134993 399888 8 144 388
134993 399888 9 146 386
134993 399888 10 98 434
!leg 8752 148968 10 0 1 attackers:148968;victims:8752;type:1;valid_origin:True;recurrent:False;local:True
8752 148968 1 1 0
8752 148968 2 1 0
8752 148968 3 1 0
8752 148968 4 1 0
8752 148968 5 1 0
8752 148968 6 1 0
8752 148968 7 1 0
8752 148968 8 1 0
8752 148968 9 1 0
8752 148968 10 1 0
!sus 265135 273715 3 7 25 attackers:265135;victims:273715;type:1;valid_origin:True;recurrent:True;local:False
265135 273715 1 25 0
265135 273715 2 25 0
265135 273715 3 25 0
265135 273715 4 0 25
265135 273715 5 0 25
265135 273715 6 4 21
265135 273715 7 0 25
265135 273715 8 0 25
265135 273715 9 0 25
265135 273715 10 0 25
!sus 37100 329228 1 9 469 attackers:37100;victims:329228;type:1;valid_origin:True;recurrent:True;local:False
37100 329228 1 382 87
37100 329228 2 2 467
37100 329228 3 84 385
37100 329228 4 148 321
37100 329228 5 82 387
37100 329228 6 93 376
37100 329228 7 66 403
37100 329228 8 78 391
37100 329228 9 0 469
37100 329228 10 20 449
!sus 268661 269566 1 9 26 attackers:268661;victims:269566;type:1;valid_origin:True;recurrent:True;local:False
268661 269566 1 0 26
268661 269566 2 0 26
268661 269566 3 0 26
268661 269566 4 0 26
268661 269566 5 0 26
268661 269566 6 0 26
268661 269566 7 2 24
268661 269566 8 0 26
268661 269566 9 0 26
268661 269566 10 14 12
!sus 38758 400318 3 7 2 attackers:38758;victims:400318;type:1;valid_origin:True;recurrent:True;local:False
38758 400318 1 0 2
38758 400318 2 0 2
38758 400318 3 0 2
38758 400318 4 1 1
38758 400318 5 1 1
38758 400318 6 2 0
38758 400318 7 1 1
38758 400318 8 1 1
38758 400318 9 2 0
38758 400318 10 2 0
!sus 133211 133410 2 8 221 attackers:133410;victims:133211;type:1;valid_origin:True;recurrent:True;local:False
133211 133410 1 221 0
133211 133410 2 187 34
133211 133410 3 0 221
133211 133410 4 6 215
133211 133410 5 0 221
133211 133410 6 0 221
133211 133410 7 0 221
133211 133410 8 0 221
133211 133410 9 0 221
133211 133410 10 0 221
!sus 271361 273695 0 10 70 attackers:271361;victims:273695;type:1;valid_origin:True;recurrent:True;local:False
271361 273695 1 1 69
271361 273695 2 0 70
271361 273695 3 0 70
271361 273695 4 0 70
271361 273695 5 0 70
271361 273695 6 0 70
271361 273695 7 0 70
271361 273695 8 0 70
271361 273695 9 0 70
271361 273695 10 0 70
!sus 11290 30466 4 6 1 attackers:30466;victims:11290;type:1;valid_origin:True;recurrent:True;local:False
11290 30466 1 1 0
11290 30466 2 1 0
11290 30466 3 0 1
11290 30466 4 1 0
11290 30466 5 1 0
11290 30466 6 0 1
11290 30466 7 0 1
11290 30466 8 0 1
11290 30466 9 0 1
11290 30466 10 0 1
!leg 9009 51768 10 0 1 attackers:9009;victims:51768;type:1;valid_origin:True;recurrent:False;local:False
9009 51768 1 1 0
9009 51768 2 1 0
9009 51768 3 1 0
9009 51768 4 1 0
9009 51768 5 1 0
9009 51768 6 1 0
9009 51768 7 1 0
9009 51768 8 1 0
9009 51768 9 1 0
9009 51768 10 1 0
!sus 38008 60326 0 10 6 attackers:38008;victims:60326;type:1;valid_origin:True;recurrent:True;local:False
38008 60326 1 0 6
38008 60326 2 0 6
38008 60326 3 0 6
38008 60326 4 0 6
38008 60326 5 0 6
38008 60326 6 0 6
38008 60326 7 0 6
38008 60326 8 0 6
38008 60326 9 0 6
38008 60326 10 0 6
!leg 29632 211181 10 0 4 attackers:29632;victims:57588;type:4;valid_origin:True;recurrent:False;local:False
29632 211181 1 4 0
29632 211181 2 4 0
29632 211181 3 4 0
29632 211181 4 4 0
29632 211181 5 4 0
29632 211181 6 4 0
29632 211181 7 4 0
29632 211181 8 4 0
29632 211181 9 4 0
29632 211181 10 4 0
!leg 174 46414 10 0 2 attackers:174;victims:46414;type:1;valid_origin:True;recurrent:True;local:False
174 46414 1 2 0
174 46414 2 2 0
174 46414 3 2 0
174 46414 4 2 0
174 46414 5 2 0
174 46414 6 2 0
174 46414 7 2 0
174 46414 8 2 0
174 46414 9 2 0
174 46414 10 2 0
!leg 28343 266519 10 0 1 attackers:28343;victims:266519;type:1;valid_origin:True;recurrent:False;local:False
28343 266519 1 1 0
28343 266519 2 1 0
28343 266519 3 1 0
28343 266519 4 1 0
28343 266519 5 1 0
28343 266519 6 1 0
28343 266519 7 1 0
28343 266519 8 1 0
28343 266519 9 1 0
28343 266519 10 1 0
!sus 6830 204210 0 10 2 attackers:6830;victims:204210;type:1;valid_origin:True;recurrent:True;local:False
6830 204210 1 0 2
6830 204210 2 0 2
6830 204210 3 0 2
6830 204210 4 0 2
6830 204210 5 0 2
6830 204210 6 0 2
6830 204210 7 0 2
6830 204210 8 0 2
6830 204210 9 1 1
6830 204210 10 0 2
!sus 13119 199855 3 7 21 attackers:13119;victims:199855;type:1;valid_origin:True;recurrent:True;local:False
13119 199855 1 21 0
13119 199855 2 20 1
13119 199855 3 11 10
13119 199855 4 0 21
13119 199855 5 3 18
13119 199855 6 2 19
13119 199855 7 0 21
13119 199855 8 0 21
13119 199855 9 0 21
13119 199855 10 0 21
!sus 24534 140011 6 4 3 attackers:24534;victims:140011;type:1;valid_origin:True;recurrent:True;local:False
24534 140011 1 3 0
24534 140011 2 3 0
24534 140011 3 3 0
24534 140011 4 0 3
24534 140011 5 3 0
24534 140011 6 3 0
24534 140011 7 0 3
24534 140011 8 0 3
24534 140011 9 0 3
24534 140011 10 2 1
!sus 37662 329235 1 9 26 attackers:37662;victims:329235;type:1;valid_origin:True;recurrent:True;local:False
37662 329235 1 19 7
37662 329235 2 0 26
37662 329235 3 0 26
37662 329235 4 0 26
37662 329235 5 11 15
37662 329235 6 0 26
37662 329235 7 0 26
37662 329235 8 0 26
37662 329235 9 0 26
37662 329235 10 0 26
!sus 9129 328015 7 3 8 attackers:9129;victims:328616,328015,37683;type:1,2,3;valid_origin:True;recurrent:True;local:False
9129 328015 1 4 4
9129 328015 2 6 2
9129 328015 3 6 2
9129 328015 4 8 0
9129 328015 5 5 3
9129 328015 6 2 6
9129 328015 7 8 0
9129 328015 8 8 0
9129 328015 9 6 2
9129 328015 10 4 4
!sus 835 213316 5 5 8 attackers:835;victims:213316;type:1;valid_origin:True;recurrent:True;local:False
835 213316 1 0 8
835 213316 2 2 6
835 213316 3 2 6
835 213316 4 3 5
835 213316 5 2 6
835 213316 6 5 3
835 213316 7 8 0
835 213316 8 8 0
835 213316 9 7 1
835 213316 10 8 0
!sus 5963 59163 1 9 3 attackers:59163;victims:5963;type:1;valid_origin:True;recurrent:True;local:False
5963 59163 1 3 0
5963 59163 2 0 3
5963 59163 3 0 3
5963 59163 4 0 3
5963 59163 5 0 3
5963 59163 6 0 3
5963 59163 7 0 3
5963 59163 8 0 3
5963 59163 9 0 3
5963 59163 10 0 3
!sus 41051 199376 8 2 4 attackers:41051;victims:199376;type:1;valid_origin:True;recurrent:True;local:False
41051 199376 1 1 3
41051 199376 2 1 3
41051 199376 3 4 0
41051 199376 4 4 0
41051 199376 5 4 0
41051 199376 6 4 0
41051 199376 7 4 0
41051 199376 8 4 0
41051 199376 9 4 0
41051 199376 10 4 0
!sus 9730 150647 1 9 35 attackers:9730;victims:150647;type:1;valid_origin:True;recurrent:True;local:False
9730 150647 1 35 0
9730 150647 2 0 35
9730 150647 3 11 24
9730 150647 4 0 35
9730 150647 5 0 35
9730 150647 6 0 35
9730 150647 7 0 35
9730 150647 8 0 35
9730 150647 9 0 35
9730 150647 10 0 35
!sus 3356 400381 0 10 2 attackers:3356;victims:400381;type:1;valid_origin:True;recurrent:True;local:False
3356 400381 1 0 2
3356 400381 2 0 2
3356 400381 3 0 2
3356 400381 4 0 2
3356 400381 5 0 2
3356 400381 6 0 2
3356 400381 7 0 2
3356 400381 8 0 2
3356 400381 9 0 2
3356 400381 10 0 2
!sus 13335 61580 0 10 67 attackers:61580;victims:13335;type:1;valid_origin:True;recurrent:True;local:False
13335 61580 1 0 67
13335 61580 2 0 67
13335 61580 3 0 67
13335 61580 4 0 67
13335 61580 5 0 67
13335 61580 6 0 67
13335 61580 7 0 67
13335 61580 8 32 35
13335 61580 9 33 34
13335 61580 10 25 42
!sus 5 135449 8 2 4 attackers:135449;victims:5;type:1;valid_origin:True;recurrent:True;local:False
5 135449 1 0 4
5 135449 2 1 3
5 135449 3 3 1
5 135449 4 3 1
5 135449 5 3 1
5 135449 6 4 0
5 135449 7 4 0
5 135449 8 4 0
5 135449 9 4 0
5 135449 10 4 0
!sus 34872 209527 7 3 14 attackers:34872;victims:209527;type:1;valid_origin:True;recurrent:True;local:False
34872 209527 1 0 14
34872 209527 2 0 14
34872 209527 3 5 9
34872 209527 4 8 6
34872 209527 5 11 3
34872 209527 6 9 5
34872 209527 7 11 3
34872 209527 8 11 3
34872 209527 9 9 5
34872 209527 10 11 3
!sus 200000 200525 1 9 5 attackers:200000;victims:200525;type:1;valid_origin:True;recurrent:True;local:False
200000 200525 1 4 1
200000 200525 2 0 5
200000 200525 3 0 5
200000 200525 4 0 5
200000 200525 5 0 5
200000 200525 6 0 5
200000 200525 7 0 5
200000 200525 8 0 5
200000 200525 9 0 5
200000 200525 10 0 5
!sus 54681 210667 7 3 3 attackers:210667;victims:54681;type:1;valid_origin:True;recurrent:True;local:False
54681 210667 1 0 3
54681 210667 2 0 3
54681 210667 3 3 0
54681 210667 4 1 2
54681 210667 5 3 0
54681 210667 6 2 1
54681 210667 7 3 0
54681 210667 8 3 0
54681 210667 9 2 1
54681 210667 10 3 0
!sus 35819 139341 0 10 86 attackers:35819;victims:139341;type:1;valid_origin:True;recurrent:True;local:False
35819 139341 1 0 86
35819 139341 2 0 86
35819 139341 3 0 86
35819 139341 4 3 83
35819 139341 5 0 86
35819 139341 6 8 78
35819 139341 7 13 73
35819 139341 8 12 74
35819 139341 9 31 55
35819 139341 10 23 63
!sus 32505 46689 5 5 13 attackers:32505;victims:46689;type:1;valid_origin:True;recurrent:True;local:False
32505 46689 1 13 0
32505 46689 2 13 0
32505 46689 3 13 0
32505 46689 4 1 12
32505 46689 5 7 6
32505 46689 6 0 13
32505 46689 7 0 13
32505 46689 8 2 11
32505 46689 9 0 13
32505 46689 10 10 3
!sus 41421 199369 3 7 3 attackers:41421;victims:199369;type:1;valid_origin:True;recurrent:True;local:False
41421 199369 1 3 0
41421 199369 2 3 0
41421 199369 3 3 0
41421 199369 4 0 3
41421 199369 5 0 3
41421 199369 6 0 3
41421 199369 7 0 3
41421 199369 8 0 3
41421 199369 9 0 3
41421 199369 10 0 3
!leg 28368 52747 10 0 1 attackers:52747;victims:264344;type:2;valid_origin:True;recurrent:False;local:False
28368 52747 1 1 0
28368 52747 2 1 0
28368 52747 3 1 0
28368 52747 4 1 0
28368 52747 5 1 0
28368 52747 6 1 0
28368 52747 7 1 0
28368 52747 8 1 0
28368 52747 9 1 0
28368 52747 10 1 0
!sus 3356 400756 0 10 1 attackers:3356;victims:400756;type:1;valid_origin:True;recurrent:True;local:False
3356 400756 1 0 1
3356 400756 2 0 1
3356 400756 3 0 1
3356 400756 4 0 1
3356 400756 5 0 1
3356 400756 6 0 1
3356 400756 7 0 1
3356 400756 8 0 1
3356 400756 9 0 1
3356 400756 10 0 1
!leg 264409 266992 10 0 1 attackers:264409;victims:266992;type:1;valid_origin:True;recurrent:True;local:False
264409 266992 1 1 0
264409 266992 2 1 0
264409 266992 3 1 0
264409 266992 4 1 0
264409 266992 5 1 0
264409 266992 6 1 0
264409 266992 7 1 0
264409 266992 8 1 0
264409 266992 9 1 0
264409 266992 10 1 0
!sus 25818 42235 0 10 1 attackers:42235;victims:25818;type:1;valid_origin:True;recurrent:True;local:False
25818 42235 1 0 1
25818 42235 2 0 1
25818 42235 3 0 1
25818 42235 4 0 1
25818 42235 5 0 1
25818 42235 6 0 1
25818 42235 7 0 1
25818 42235 8 0 1
25818 42235 9 0 1
25818 42235 10 0 1
!sus 149581 150598 1 9 7 attackers:149581;victims:150598;type:1;valid_origin:True;recurrent:True;local:False
149581 150598 1 7 0
149581 150598 2 0 7
149581 150598 3 0 7
149581 150598 4 0 7
149581 150598 5 0 7
149581 150598 6 0 7
149581 150598 7 0 7
149581 150598 8 0 7
149581 150598 9 0 7
149581 150598 10 0 7
!sus 4513 12178 1 9 2 attackers:12178;victims:4513;type:1;valid_origin:True;recurrent:True;local:False
4513 12178 1 2 0
4513 12178 2 0 2
4513 12178 3 0 2
4513 12178 4 0 2
4513 12178 5 0 2
4513 12178 6 0 2
4513 12178 7 0 2
4513 12178 8 0 2
4513 12178 9 0 2
4513 12178 10 0 2
!leg 4755 131232 10 0 4 attackers:4755;victims:131232;type:1;valid_origin:True;recurrent:False;local:False
4755 131232 1 4 0
4755 131232 2 4 0
4755 131232 3 4 0
4755 131232 4 4 0
4755 131232 5 4 0
4755 131232 6 4 0
4755 131232 7 4 0
4755 131232 8 4 0
4755 131232 9 4 0
4755 131232 10 4 0
!sus 199514 203868 0 10 3 attackers:199514;victims:203868;type:1;valid_origin:True;recurrent:True;local:False
199514 203868 1 0 3
199514 203868 2 0 3
199514 203868 3 0 3
199514 203868 4 0 3
199514 203868 5 0 3
199514 203868 6 0 3
199514 203868 7 0 3
199514 203868 8 0 3
199514 203868 9 0 3
199514 203868 10 0 3
!sus 148968 328748 5 5 1 attackers:148968;victims:328748;type:1;valid_origin:True;recurrent:True;local:True
148968 328748 1 0 1
148968 328748 2 0 1
148968 328748 3 0 1
148968 328748 4 0 1
148968 328748 5 0 1
148968 328748 6 1 0
148968 328748 7 1 0
148968 328748 8 1 0
148968 328748 9 1 0
148968 328748 10 1 0
!sus 5398 57913 7 3 4 attackers:5398;victims:57913;type:1;valid_origin:True;recurrent:True;local:False
5398 57913 1 0 4
5398 57913 2 0 4
5398 57913 3 0 4
5398 57913 4 3 1
5398 57913 5 3 1
5398 57913 6 3 1
5398 57913 7 3 1
5398 57913 8 3 1
5398 57913 9 4 0
5398 57913 10 4 0
!sus 56746 58022 1 9 3 attackers:58022;victims:56746;type:1;valid_origin:True;recurrent:True;local:False
56746 58022 1 3 0
56746 58022 2 0 3
56746 58022 3 0 3
56746 58022 4 0 3
56746 58022 5 0 3
56746 58022 6 0 3
56746 58022 7 0 3
56746 58022 8 0 3
56746 58022 9 0 3
56746 58022 10 0 3
!sus 55329 150295 0 10 1 attackers:55329;victims:150295;type:1;valid_origin:True;recurrent:True;local:False
55329 150295 1 0 1
55329 150295 2 0 1
55329 150295 3 0 1
55329 150295 4 0 1
55329 150295 5 0 1
55329 150295 6 0 1
55329 150295 7 0 1
55329 150295 8 0 1
55329 150295 9 0 1
55329 150295 10 0 1
!sus 13259 204282 2 8 7 attackers:13259;victims:204282;type:1;valid_origin:True;recurrent:True;local:False
13259 204282 1 7 0
13259 204282 2 7 0
13259 204282 3 1 6
13259 204282 4 0 7
13259 204282 5 0 7
13259 204282 6 0 7
13259 204282 7 0 7
13259 204282 8 0 7
13259 204282 9 0 7
13259 204282 10 0 7
!sus 268661 269552 1 9 26 attackers:268661;victims:269552;type:1;valid_origin:True;recurrent:False;local:False
268661 269552 1 0 26
268661 269552 2 0 26
268661 269552 3 0 26
268661 269552 4 0 26
268661 269552 5 0 26
268661 269552 6 0 26
268661 269552 7 0 26
268661 269552 8 0 26
268661 269552 9 0 26
268661 269552 10 22 4
!leg 1820 199197 10 0 1 attackers:199197;victims:202165;type:2;valid_origin:True;recurrent:False;local:False
1820 199197 1 1 0
1820 199197 2 1 0
1820 199197 3 1 0
1820 199197 4 1 0
1820 199197 5 1 0
1820 199197 6 1 0
1820 199197 7 1 0
1820 199197 8 1 0
1820 199197 9 1 0
1820 199197 10 1 0
!sus 56258 147103 2 8 5 attackers:56258;victims:147103;type:1;valid_origin:True;recurrent:True;local:False
56258 147103 1 5 0
56258 147103 2 2 3
56258 147103 3 5 0
56258 147103 4 2 3
56258 147103 5 0 5
56258 147103 6 0 5
56258 147103 7 0 5
56258 147103 8 0 5
56258 147103 9 0 5
56258 147103 10 0 5
!sus 56268 150595 5 5 6 attackers:56268;victims:150595;type:1;valid_origin:True;recurrent:True;local:False
56268 150595 1 6 0
56268 150595 2 6 0
56268 150595 3 6 0
56268 150595 4 1 5
56268 150595 5 6 0
56268 150595 6 6 0
56268 150595 7 0 6
56268 150595 8 0 6
56268 150595 9 0 6
56268 150595 10 0 6
!sus 53667 199334 2 8 4 attackers:53667;victims:199334;type:1;valid_origin:True;recurrent:True;local:False
53667 199334 1 4 0
53667 199334 2 2 2
53667 199334 3 2 2
53667 199334 4 3 1
53667 199334 5 0 4
53667 199334 6 2 2
53667 199334 7 0 4
53667 199334 8 0 4
53667 199334 9 2 2
53667 199334 10 2 2
!sus 39351 204068 1 9 147 attackers:39351;victims:204068;type:1;valid_origin:True;recurrent:True;local:False
39351 204068 1 90 57
39351 204068 2 20 127
39351 204068 3 28 119
39351 204068 4 20 127
39351 204068 5 21 126
39351 204068 6 34 113
39351 204068 7 26 121
39351 204068 8 27 120
39351 204068 9 29 118
39351 204068 10 34 113
!sus 3356 397750 0 10 3 attackers:3356;victims:397750;type:1;valid_origin:True;recurrent:True;local:False
3356 397750 1 0 3
3356 397750 2 0 3
3356 397750 3 0 3
3356 397750 4 0 3
3356 397750 5 0 3
3356 397750 6 0 3
3356 397750 7 0 3
3356 397750 8 0 3
3356 397750 9 0 3
3356 397750 10 0 3
!leg 265086 266181 10 0 98 attackers:266181;victims:52962;type:2;valid_origin:True;recurrent:False;local:False
265086 266181 1 98 0
265086 266181 2 98 0
265086 266181 3 98 0
265086 266181 4 98 0
265086 266181 5 98 0
265086 266181 6 98 0
265086 266181 7 98 0
265086 266181 8 98 0
265086 266181 9 98 0
265086 266181 10 98 0
!sus 42295 60752 9 1 3 attackers:42295;victims:60752;type:1;valid_origin:True;recurrent:True;local:False
42295 60752 1 0 3
42295 60752 2 2 1
42295 60752 3 2 1
42295 60752 4 2 1
42295 60752 5 2 1
42295 60752 6 2 1
42295 60752 7 2 1
42295 60752 8 3 0
42295 60752 9 3 0
42295 60752 10 2 1
!sus 169677 196977 1 9 4 attackers:196977;victims:196977;type:2;valid_origin:True;recurrent:True;local:False
169677 196977 1 4 0
169677 196977 2 1 3
169677 196977 3 0 4
169677 196977 4 0 4
169677 196977 5 0 4
169677 196977 6 0 4
169677 196977 7 0 4
169677 196977 8 0 4
169677 196977 9 0 4
169677 196977 10 0 4
!sus 9730 150606 1 9 12 attackers:9730;victims:150606;type:1;valid_origin:True;recurrent:True;local:False
9730 150606 1 12 0
9730 150606 2 0 12
9730 150606 3 3 9
9730 150606 4 0 12
9730 150606 5 0 12
9730 150606 6 0 12
9730 150606 7 0 12
9730 150606 8 0 12
9730 150606 9 0 12
9730 150606 10 0 12
!sus 398638 400391 0 10 62 attackers:400391;victims:398638;type:1;valid_origin:True;recurrent:True;local:False
398638 400391 1 0 62
398638 400391 2 0 62
398638 400391 3 0 62
398638 400391 4 0 62
398638 400391 5 0 62
398638 400391 6 0 62
398638 400391 7 0 62
398638 400391 8 0 62
398638 400391 9 0 62
398638 400391 10 0 62
!sus 212068 212245 0 10 1 attackers:212068;victims:212245;type:1;valid_origin:True;recurrent:True;local:False
212068 212245 1 0 1
212068 212245 2 0 1
212068 212245 3 0 1
212068 212245 4 0 1
212068 212245 5 0 1
212068 212245 6 0 1
212068 212245 7 0 1
212068 212245 8 0 1
212068 212245 9 0 1
212068 212245 10 0 1
!sus 174 262663 0 10 3 attackers:262663;victims:174;type:1;valid_origin:True;recurrent:True;local:False
174 262663 1 0 3
174 262663 2 0 3
174 262663 3 0 3
174 262663 4 0 3
174 262663 5 0 3
174 262663 6 0 3
174 262663 7 0 3
174 262663 8 0 3
174 262663 9 0 3
174 262663 10 0 3
!sus 131423 150823 1 9 3 attackers:131423;victims:150823;type:1;valid_origin:True;recurrent:True;local:False
131423 150823 1 3 0
131423 150823 2 0 3
131423 150823 3 1 2
131423 150823 4 0 3
131423 150823 5 0 3
131423 150823 6 0 3
131423 150823 7 0 3
131423 150823 8 0 3
131423 150823 9 0 3
131423 150823 10 0 3
!leg 6057 207656 10 0 1 attackers:6057;victims:203323;type:2;valid_origin:True;recurrent:True;local:True
6057 207656 1 1 0
6057 207656 2 1 0
6057 207656 3 1 0
6057 207656 4 1 0
6057 207656 5 1 0
6057 207656 6 1 0
6057 207656 7 1 0
6057 207656 8 1 0
6057 207656 9 1 0
6057 207656 10 1 0
!sus 210631 211860 0 10 1 attackers:210631;victims:211860;type:1;valid_origin:True;recurrent:True;local:False
210631 211860 1 0 1
210631 211860 2 0 1
210631 211860 3 0 1
210631 211860 4 0 1
210631 211860 5 0 1
210631 211860 6 0 1
210631 211860 7 0 1
210631 211860 8 0 1
210631 211860 9 0 1
210631 211860 10 0 1
!sus 47787 50738 0 10 3 attackers:47787;victims:50738;type:1;valid_origin:True;recurrent:True;local:False
47787 50738 1 0 3
47787 50738 2 0 3
47787 50738 3 0 3
47787 50738 4 0 3
47787 50738 5 0 3
47787 50738 6 0 3
47787 50738 7 0 3
47787 50738 8 0 3
47787 50738 9 0 3
47787 50738 10 0 3
!sus 60171 327872 5 5 2 attackers:60171;victims:327872;type:1;valid_origin:True;recurrent:True;local:False
60171 327872 1 0 2
60171 327872 2 0 2
60171 327872 3 0 2
60171 327872 4 1 1
60171 327872 5 1 1
60171 327872 6 2 0
60171 327872 7 2 0
60171 327872 8 2 0
60171 327872 9 2 0
60171 327872 10 2 0
!sus 5518 202756 1 9 1 attackers:5518;victims:202756;type:1;valid_origin:True;recurrent:True;local:False
5518 202756 1 0 1
5518 202756 2 0 1
5518 202756 3 0 1
5518 202756 4 0 1
5518 202756 5 0 1
5518 202756 6 0 1
5518 202756 7 0 1
5518 202756 8 1 0
5518 202756 9 0 1
5518 202756 10 0 1
!sus 12348 199854 2 8 2 attackers:12348;victims:199854;type:1;valid_origin:True;recurrent:True;local:False
12348 199854 1 2 0
12348 199854 2 2 0
12348 199854 3 0 2
12348 199854 4 0 2
12348 199854 5 0 2
12348 199854 6 0 2
12348 199854 7 0 2
12348 199854 8 0 2
12348 199854 9 0 2
12348 199854 10 0 2
!sus 9886 205329 9 1 1 attackers:205329;victims:9886;type:1;valid_origin:True;recurrent:True;local:False
9886 205329 1 0 1
9886 205329 2 1 0
9886 205329 3 1 0
9886 205329 4 1 0
9886 205329 5 1 0
9886 205329 6 1 0
9886 205329 7 1 0
9886 205329 8 1 0
9886 205329 9 1 0
9886 205329 10 1 0
!sus 57870 203597 2 8 3 attackers:57870;victims:203597;type:1;valid_origin:True;recurrent:True;local:False
57870 203597 1 0 3
57870 203597 2 0 3
57870 203597 3 0 3
57870 203597 4 0 3
57870 203597 5 2 1
57870 203597 6 1 2
57870 203597 7 0 3
57870 203597 8 0 3
57870 203597 9 1 2
57870 203597 10 2 1
!sus 57870 59993 0 10 3 attackers:57870;victims:59993;type:1;valid_origin:True;recurrent:True;local:False
57870 59993 1 0 3
57870 59993 2 0 3
57870 59993 3 0 3
57870 59993 4 0 3
57870 59993 5 0 3
57870 59993 6 0 3
57870 59993 7 0 3
57870 59993 8 0 3
57870 59993 9 0 3
57870 59993 10 0 3
!leg 46786 148968 10 0 1 attackers:148968;victims:35415;type:2;valid_origin:True;recurrent:True;local:True
46786 148968 1 1 0
46786 148968 2 1 0
46786 148968 3 1 0
46786 148968 4 1 0
46786 148968 5 1 0
46786 148968 6 1 0
46786 148968 7 1 0
46786 148968 8 1 0
46786 148968 9 1 0
46786 148968 10 1 0
!sus 18747 52581 7 3 3 attackers:18747;victims:52581;type:1;valid_origin:True;recurrent:True;local:False
18747 52581 1 0 3
18747 52581 2 0 3
18747 52581 3 1 2
18747 52581 4 3 0
18747 52581 5 3 0
18747 52581 6 2 1
18747 52581 7 3 0
18747 52581 8 3 0
18747 52581 9 3 0
18747 52581 10 3 0
!sus 13335 327875 0 10 8 attackers:327875;victims:13335;type:1;valid_origin:True;recurrent:True;local:False
13335 327875 1 0 8
13335 327875 2 0 8
13335 327875 3 0 8
13335 327875 4 0 8
13335 327875 5 0 8
13335 327875 6 0 8
13335 327875 7 1 7
13335 327875 8 1 7
13335 327875 9 1 7
13335 327875 10 1 7
!sus 199183 212895 9 1 128 attackers:212895;victims:199183;type:1;valid_origin:True;recurrent:True;local:False
199183 212895 1 61 67
199183 212895 2 114 14
199183 212895 3 128 0
199183 212895 4 113 15
199183 212895 5 127 1
199183 212895 6 128 0
199183 212895 7 128 0
199183 212895 8 128 0
199183 212895 9 127 1
199183 212895 10 128 0
!sus 140388 150925 2 8 4 attackers:140388;victims:150925;type:1;valid_origin:True;recurrent:True;local:False
140388 150925 1 4 0
140388 150925 2 3 1
140388 150925 3 0 4
140388 150925 4 0 4
140388 150925 5 0 4
140388 150925 6 0 4
140388 150925 7 0 4
140388 150925 8 0 4
140388 150925 9 0 4
140388 150925 10 0 4
!sus 50058 205212 0 10 5 attackers:50058;victims:205212;type:1;valid_origin:True;recurrent:True;local:False
50058 205212 1 0 5
50058 205212 2 0 5
50058 205212 3 0 5
50058 205212 4 0 5
50058 205212 5 0 5
50058 205212 6 0 5
50058 205212 7 0 5
50058 205212 8 0 5
50058 205212 9 0 5
50058 205212 10 0 5
!sus 204446 210667 6 4 3 attackers:210667;victims:204446;type:1;valid_origin:True;recurrent:True;local:False
204446 210667 1 1 2
204446 210667 2 0 3
204446 210667 3 2 1
204446 210667 4 1 2
204446 210667 5 2 1
204446 210667 6 3 0
204446 210667 7 1 2
204446 210667 8 2 1
204446 210667 9 2 1
204446 210667 10 3 0
!sus 50755 200676 0 10 4 attackers:200676;victims:50755;type:1;valid_origin:True;recurrent:True;local:False
50755 200676 1 0 4
50755 200676 2 0 4
50755 200676 3 0 4
50755 200676 4 0 4
50755 200676 5 0 4
50755 200676 6 0 4
50755 200676 7 0 4
50755 200676 8 0 4
50755 200676 9 0 4
50755 200676 10 0 4
!sus 48581 201398 0 10 5 attackers:48581;victims:201398;type:1;valid_origin:True;recurrent:True;local:False
48581 201398 1 0 5
48581 201398 2 0 5
48581 201398 3 0 5
48581 201398 4 0 5
48581 201398 5 0 5
48581 201398 6 0 5
48581 201398 7 0 5
48581 201398 8 1 4
48581 201398 9 0 5
48581 201398 10 0 5
!sus 266181 272619 0 10 2 attackers:272619;victims:266181;type:1;valid_origin:True;recurrent:True;local:False
266181 272619 1 0 2
266181 272619 2 0 2
266181 272619 3 0 2
266181 272619 4 0 2
266181 272619 5 0 2
266181 272619 6 0 2
266181 272619 7 0 2
266181 272619 8 0 2
266181 272619 9 0 2
266181 272619 10 0 2
!leg 53184 271008 10 0 1 attackers:53184;victims:271008;type:1;valid_origin:True;recurrent:False;local:False
53184 271008 1 1 0
53184 271008 2 1 0
53184 271008 3 1 0
53184 271008 4 1 0
53184 271008 5 1 0
53184 271008 6 1 0
53184 271008 7 1 0
53184 271008 8 1 0
53184 271008 9 1 0
53184 271008 10 1 0
!sus 47381 200157 2 8 5 attackers:47381;victims:200157;type:1;valid_origin:True;recurrent:True;local:False
47381 200157 1 5 0
47381 200157 2 1 4
47381 200157 3 0 5
47381 200157 4 0 5
47381 200157 5 0 5
47381 200157 6 5 0
47381 200157 7 1 4
47381 200157 8 0 5
47381 200157 9 1 4
47381 200157 10 1 4
!sus 52177 207683 0 10 5 attackers:52177;victims:207683;type:1;valid_origin:True;recurrent:True;local:False
52177 207683 1 0 5
52177 207683 2 0 5
52177 207683 3 0 5
52177 207683 4 0 5
52177 207683 5 0 5
52177 207683 6 0 5
52177 207683 7 0 5
52177 207683 8 0 5
52177 207683 9 0 5
52177 207683 10 0 5
!sus 23764 148968 3 7 1 attackers:148968;victims:23764;type:1;valid_origin:True;recurrent:True;local:True
23764 148968 1 0 1
23764 148968 2 0 1
23764 148968 3 0 1
23764 148968 4 0 1
23764 148968 5 0 1
23764 148968 6 0 1
23764 148968 7 0 1
23764 148968 8 1 0
23764 148968 9 1 0
23764 148968 10 1 0
!sus 15169 19429 7 3 2 attackers:19429;victims:395973;type:2;valid_origin:True;recurrent:True;local:False
15169 19429 1 0 2
15169 19429 2 0 2
15169 19429 3 1 1
15169 19429 4 2 0
15169 19429 5 2 0
15169 19429 6 2 0
15169 19429 7 2 0
15169 19429 8 2 0
15169 19429 9 2 0
15169 19429 10 2 0
!sus 37451 37677 0 10 68 attackers:37677;victims:37451;type:1;valid_origin:True;recurrent:True;local:False
37451 37677 1 0 68
37451 37677 2 3 65
37451 37677 3 3 65
37451 37677 4 3 65
37451 37677 5 4 64
37451 37677 6 4 64
37451 37677 7 4 64
37451 37677 8 4 64
37451 37677 9 4 64
37451 37677 10 6 62
!sus 2 149912 0 10 4 attackers:149912;victims:2;type:1;valid_origin:False;recurrent:True;local:False
2 149912 1 0 4
2 149912 2 0 4
2 149912 3 0 4
2 149912 4 0 4
2 149912 5 0 4
2 149912 6 0 4
2 149912 7 0 4
2 149912 8 0 4
2 149912 9 0 4
2 149912 10 0 4
!sus 47787 62809 8 2 1 attackers:47787;victims:62809;type:1;valid_origin:True;recurrent:True;local:False
47787 62809 1 0 1
47787 62809 2 0 1
47787 62809 3 1 0
47787 62809 4 1 0
47787 62809 5 1 0
47787 62809 6 1 0
47787 62809 7 1 0
47787 62809 8 1 0
47787 62809 9 1 0
47787 62809 10 1 0
!sus 14935 397373 0 10 8 attackers:14935;victims:397373;type:1;valid_origin:True;recurrent:True;local:False
14935 397373 1 0 8
14935 397373 2 0 8
14935 397373 3 0 8
14935 397373 4 0 8
14935 397373 5 0 8
14935 397373 6 0 8
14935 397373 7 0 8
14935 397373 8 0 8
14935 397373 9 0 8
14935 397373 10 0 8
!sus 4847 146771 1 9 2 attackers:4847;victims:146771;type:1;valid_origin:True;recurrent:True;local:False
4847 146771 1 2 0
4847 146771 2 1 1
4847 146771 3 0 2
4847 146771 4 0 2
4847 146771 5 0 2
4847 146771 6 0 2
4847 146771 7 0 2
4847 146771 8 0 2
4847 146771 9 0 2
4847 146771 10 0 2
!sus 17494 45528 6 4 67 attackers:17494;victims:45528;type:1;valid_origin:True;recurrent:True;local:False
17494 45528 1 0 67
17494 45528 2 0 67
17494 45528 3 0 67
17494 45528 4 6 61
17494 45528 5 39 28
17494 45528 6 39 28
17494 45528 7 67 0
17494 45528 8 63 4
17494 45528 9 67 0
17494 45528 10 66 1
!sus 33363 395418 2 8 4 attackers:33363;victims:395418;type:1;valid_origin:True;recurrent:True;local:False
33363 395418 1 4 0
33363 395418 2 4 0
33363 395418 3 0 4
33363 395418 4 0 4
33363 395418 5 0 4
33363 395418 6 0 4
33363 395418 7 0 4
33363 395418 8 0 4
33363 395418 9 0 4
33363 395418 10 0 4
!sus 50058 202151 0 10 1 attackers:50058;victims:202151;type:1;valid_origin:True;recurrent:True;local:False
50058 202151 1 0 1
50058 202151 2 0 1
50058 202151 3 0 1
50058 202151 4 0 1
50058 202151 5 0 1
50058 202151 6 0 1
50058 202151 7 0 1
50058 202151 8 0 1
50058 202151 9 0 1
50058 202151 10 0 1
!sus 3356 394865 0 10 3 attackers:3356;victims:394865;type:1;valid_origin:True;recurrent:True;local:False
3356 394865 1 0 3
3356 394865 2 0 3
3356 394865 3 0 3
3356 394865 4 0 3
3356 394865 5 0 3
3356 394865 6 0 3
3356 394865 7 0 3
3356 394865 8 0 3
3356 394865 9 0 3
3356 394865 10 0 3
!sus 139328 205329 7 3 4 attackers:205329;victims:139328,134478;type:1,2;valid_origin:True;recurrent:True;local:False
139328 205329 1 0 4
139328 205329 2 2 2
139328 205329 3 2 2
139328 205329 4 4 0
139328 205329 5 3 1
139328 205329 6 4 0
139328 205329 7 4 0
139328 205329 8 3 1
139328 205329 9 4 0
139328 205329 10 3 1
!sus 24122 142543 1 9 263 attackers:24122;victims:142543;type:1;valid_origin:True;recurrent:True;local:False
24122 142543 1 263 0
24122 142543 2 4 259
24122 142543 3 111 152
24122 142543 4 4 259
24122 142543 5 0 263
24122 142543 6 0 263
24122 142543 7 0 263
24122 142543 8 0 263
24122 142543 9 0 263
24122 142543 10 0 263
!leg 26485 32787 10 0 291 attackers:32787;victims:26485;type:1;valid_origin:True;recurrent:False;local:False
26485 32787 1 278 13
26485 32787 2 289 2
26485 32787 3 289 2
26485 32787 4 289 2
26485 32787 5 288 3
26485 32787 6 291 0
26485 32787 7 291 0
26485 32787 8 291 0
26485 32787 9 291 0
26485 32787 10 291 0
!sus 57695 202828 0 10 627 attackers:57695;victims:202828;type:1;valid_origin:True;recurrent:True;local:False
57695 202828 1 0 627
57695 202828 2 0 627
57695 202828 3 0 627
57695 202828 4 53 574
57695 202828 5 11 616
57695 202828 6 147 480
57695 202828 7 168 459
57695 202828 8 155 472
57695 202828 9 233 394
57695 202828 10 188 439
!sus 9158 205116 9 1 5 attackers:9158;victims:205116;type:1;valid_origin:True;recurrent:True;local:False
9158 205116 1 0 5
9158 205116 2 4 1
9158 205116 3 4 1
9158 205116 4 4 1
9158 205116 5 5 0
9158 205116 6 5 0
9158 205116 7 5 0
9158 205116 8 5 0
9158 205116 9 5 0
9158 205116 10 5 0
!sus 58945 151046 4 6 3 attackers:58945;victims:151046;type:1;valid_origin:True;recurrent:True;local:False
58945 151046 1 3 0
58945 151046 2 2 1
58945 151046 3 3 0
58945 151046 4 2 1
58945 151046 5 0 3
58945 151046 6 1 2
58945 151046 7 0 3
58945 151046 8 0 3
58945 151046 9 0 3
58945 151046 10 0 3
!sus 39374 48092 0 10 1 attackers:48092;victims:39374;type:1;valid_origin:True;recurrent:True;local:False
39374 48092 1 0 1
39374 48092 2 0 1
39374 48092 3 0 1
39374 48092 4 0 1
39374 48092 5 0 1
39374 48092 6 0 1
39374 48092 7 0 1
39374 48092 8 0 1
39374 48092 9 0 1
39374 48092 10 0 1
!sus 134068 138536 5 5 5 attackers:138536;victims:134068;type:1;valid_origin:True;recurrent:True;local:False
134068 138536 1 5 0
134068 138536 2 5 0
134068 138536 3 0 5
134068 138536 4 5 0
134068 138536 5 5 0
134068 138536 6 5 0
134068 138536 7 0 5
134068 138536 8 0 5
134068 138536 9 0 5
134068 138536 10 0 5
!sus 43197 199793 1 9 2 attackers:43197;victims:199793;type:1;valid_origin:True;recurrent:True;local:False
43197 199793 1 2 0
43197 199793 2 1 1
43197 199793 3 1 1
43197 199793 4 0 2
43197 199793 5 0 2
43197 199793 6 0 2
43197 199793 7 0 2
43197 199793 8 0 2
43197 199793 9 0 2
43197 199793 10 0 2
!sus 37100 329211 3 7 55 attackers:37100;victims:329211;type:1;valid_origin:True;recurrent:True;local:False
37100 329211 1 0 55
37100 329211 2 7 48
37100 329211 3 18 37
37100 329211 4 20 35
37100 329211 5 20 35
37100 329211 6 23 32
37100 329211 7 31 24
37100 329211 8 21 34
37100 329211 9 31 24
37100 329211 10 31 24
!sus 1045 3561 2 8 2 attackers:3561;victims:1045;type:1;valid_origin:True;recurrent:True;local:False
1045 3561 1 2 0
1045 3561 2 0 2
1045 3561 3 2 0
1045 3561 4 1 1
1045 3561 5 0 2
1045 3561 6 0 2
1045 3561 7 0 2
1045 3561 8 0 2
1045 3561 9 0 2
1045 3561 10 0 2
!sus 203248 203576 1 9 4 attackers:203576;victims:203248;type:1;valid_origin:True;recurrent:True;local:False
203248 203576 1 4 0
203248 203576 2 1 3
203248 203576 3 0 4
203248 203576 4 0 4
203248 203576 5 0 4
203248 203576 6 0 4
203248 203576 7 0 4
203248 203576 8 0 4
203248 203576 9 0 4
203248 203576 10 0 4
!sus 11845 52634 0 10 1 attackers:52634;victims:11845;type:1;valid_origin:True;recurrent:True;local:False
11845 52634 1 0 1
11845 52634 2 0 1
11845 52634 3 0 1
11845 52634 4 0 1
11845 52634 5 0 1
11845 52634 6 0 1
11845 52634 7 0 1
11845 52634 8 0 1
11845 52634 9 0 1
11845 52634 10 0 1
!sus 6453 16017 5 5 3 attackers:6453;victims:16017;type:1;valid_origin:True;recurrent:True;local:False
6453 16017 1 0 3
6453 16017 2 0 3
6453 16017 3 0 3
6453 16017 4 1 2
6453 16017 5 2 1
6453 16017 6 2 1
6453 16017 7 2 1
6453 16017 8 1 2
6453 16017 9 2 1
6453 16017 10 2 1
!sus 3356 400737 0 10 2 attackers:3356;victims:400737;type:1;valid_origin:True;recurrent:True;local:False
3356 400737 1 0 2
3356 400737 2 0 2
3356 400737 3 0 2
3356 400737 4 0 2
3356 400737 5 0 2
3356 400737 6 0 2
3356 400737 7 0 2
3356 400737 8 0 2
3356 400737 9 0 2
3356 400737 10 0 2
!sus 267023 272664 1 9 809 attackers:267023;victims:272664;type:1;valid_origin:True;recurrent:True;local:False
267023 272664 1 809 0
267023 272664 2 130 679
267023 272664 3 34 775
267023 272664 4 2 807
267023 272664 5 7 802
267023 272664 6 0 809
267023 272664 7 0 809
267023 272664 8 0 809
267023 272664 9 0 809
267023 272664 10 0 809
!sus 50058 209527 0 10 2 attackers:50058;victims:209527;type:1;valid_origin:True;recurrent:True;local:False
50058 209527 1 0 2
50058 209527 2 0 2
50058 209527 3 0 2
50058 209527 4 0 2
50058 209527 5 0 2
50058 209527 6 0 2
50058 209527 7 0 2
50058 209527 8 0 2
50058 209527 9 0 2
50058 209527 10 0 2
!sus 763 7018 1 9 1 attackers:7018;victims:763;type:1;valid_origin:True;recurrent:True;local:False
763 7018 1 1 0
763 7018 2 0 1
763 7018 3 0 1
763 7018 4 0 1
763 7018 5 0 1
763 7018 6 0 1
763 7018 7 0 1
763 7018 8 0 1
763 7018 9 0 1
763 7018 10 0 1
!leg 13335 27693 10 0 2 attackers:27693;victims:13335;type:1;valid_origin:True;recurrent:True;local:False
13335 27693 1 2 0
13335 27693 2 2 0
13335 27693 3 2 0
13335 27693 4 2 0
13335 27693 5 2 0
13335 27693 6 2 0
13335 27693 7 2 0
13335 27693 8 2 0
13335 27693 9 2 0
13335 27693 10 2 0
!sus 38758 148968 0 10 1 attackers:148968;victims:38758;type:1;valid_origin:True;recurrent:True;local:True
38758 148968 1 0 1
38758 148968 2 0 1
38758 148968 3 0 1
38758 148968 4 0 1
38758 148968 5 0 1
38758 148968 6 0 1
38758 148968 7 0 1
38758 148968 8 0 1
38758 148968 9 0 1
38758 148968 10 0 1
!sus 262494 263880 6 4 6 attackers:263880;victims:266965,262494,269119;type:1,2;valid_origin:True;recurrent:True;local:False
262494 263880 1 3 3
262494 263880 2 3 3
262494 263880 3 3 3
262494 263880 4 4 2
262494 263880 5 3 3
262494 263880 6 4 2
262494 263880 7 4 2
262494 263880 8 4 2
262494 263880 9 4 2
262494 263880 10 4 2
!sus 52320 272134 9 1 2 attackers:52320;victims:272134;type:1;valid_origin:True;recurrent:True;local:False
52320 272134 1 2 0
52320 272134 2 1 1
52320 272134 3 2 0
52320 272134 4 2 0
52320 272134 5 2 0
52320 272134 6 2 0
52320 272134 7 2 0
52320 272134 8 2 0
52320 272134 9 2 0
52320 272134 10 2 0
!sus 15958 148968 0 10 2 attackers:148968;victims:205450,15958;type:1,2;valid_origin:True;recurrent:True;local:True
15958 148968 1 1 1
15958 148968 2 1 1
15958 148968 3 1 1
15958 148968 4 1 1
15958 148968 5 1 1
15958 148968 6 1 1
15958 148968 7 1 1
15958 148968 8 1 1
15958 148968 9 1 1
15958 148968 10 1 1
!sus 146989 199605 0 10 7 attackers:199605;victims:61302,211390,208753;type:2,4;valid_origin:True;recurrent:True;local:False
146989 199605 1 0 7
146989 199605 2 0 7
146989 199605 3 0 7
146989 199605 4 0 7
146989 199605 5 0 7
146989 199605 6 2 5
146989 199605 7 2 5
146989 199605 8 3 4
146989 199605 9 1 6
146989 199605 10 3 4
!sus 19551 47123 0 10 1 attackers:47123;victims:19551;type:1;valid_origin:True;recurrent:True;local:False
19551 47123 1 0 1
19551 47123 2 0 1
19551 47123 3 0 1
19551 47123 4 0 1
19551 47123 5 0 1
19551 47123 6 0 1
19551 47123 7 0 1
19551 47123 8 0 1
19551 47123 9 0 1
19551 47123 10 0 1
!sus 262663 267410 5 5 3 attackers:267410;victims:262663;type:1;valid_origin:True;recurrent:True;local:False
262663 267410 1 0 3
262663 267410 2 0 3
262663 267410 3 2 1
262663 267410 4 2 1
262663 267410 5 1 2
262663 267410 6 0 3
262663 267410 7 2 1
262663 267410 8 2 1
262663 267410 9 2 1
262663 267410 10 0 3
!sus 3303 205439 7 3 1 attackers:3303;victims:42291;type:2;valid_origin:True;recurrent:True;local:True
3303 205439 1 0 1
3303 205439 2 0 1
3303 205439 3 0 1
3303 205439 4 1 0
3303 205439 5 1 0
3303 205439 6 1 0
3303 205439 7 1 0
3303 205439 8 1 0
3303 205439 9 1 0
3303 205439 10 1 0
!sus 20928 328105 7 3 3 attackers:20928;victims:328105;type:1;valid_origin:True;recurrent:True;local:False
20928 328105 1 0 3
20928 328105 2 0 3
20928 328105 3 0 3
20928 328105 4 2 1
20928 328105 5 2 1
20928 328105 6 2 1
20928 328105 7 2 1
20928 328105 8 2 1
20928 328105 9 2 1
20928 328105 10 2 1
!sus 42020 206485 1 9 378 attackers:42020;victims:206485;type:1;valid_origin:True;recurrent:True;local:False
42020 206485 1 378 0
42020 206485 2 113 265
42020 206485 3 111 267
42020 206485 4 0 378
42020 206485 5 1 377
42020 206485 6 0 378
42020 206485 7 0 378
42020 206485 8 0 378
42020 206485 9 0 378
42020 206485 10 0 378
!sus 16552 36947 7 3 1 attackers:16552;victims:36947;type:1;valid_origin:True;recurrent:True;local:True
16552 36947 1 0 1
16552 36947 2 0 1
16552 36947 3 0 1
16552 36947 4 1 0
16552 36947 5 1 0
16552 36947 6 1 0
16552 36947 7 1 0
16552 36947 8 1 0
16552 36947 9 1 0
16552 36947 10 1 0
!sus 8849 199762 9 1 14 attackers:8849;victims:199762,199376;type:1,2;valid_origin:True;recurrent:True;local:False
8849 199762 1 7 7
8849 199762 2 9 5
8849 199762 3 13 1
8849 199762 4 13 1
8849 199762 5 13 1
8849 199762 6 13 1
8849 199762 7 13 1
8849 199762 8 13 1
8849 199762 9 13 1
8849 199762 10 13 1
!sus 210714 212483 0 10 6 attackers:212483;victims:210714;type:1;valid_origin:True;recurrent:True;local:False
210714 212483 1 0 6
210714 212483 2 0 6
210714 212483 3 0 6
210714 212483 4 0 6
210714 212483 5 0 6
210714 212483 6 0 6
210714 212483 7 0 6
210714 212483 8 0 6
210714 212483 9 0 6
210714 212483 10 0 6
!sus 50391 57156 6 4 2 attackers:50391;victims:57156;type:1;valid_origin:True;recurrent:True;local:False
50391 57156 1 0 2
50391 57156 2 0 2
50391 57156 3 0 2
50391 57156 4 0 2
50391 57156 5 2 0
50391 57156 6 2 0
50391 57156 7 2 0
50391 57156 8 2 0
50391 57156 9 2 0
50391 57156 10 2 0
!leg 25933 271023 10 0 1 attackers:25933;victims:270972;type:2;valid_origin:True;recurrent:False;local:False
25933 271023 1 1 0
25933 271023 2 1 0
25933 271023 3 1 0
25933 271023 4 1 0
25933 271023 5 1 0
25933 271023 6 1 0
25933 271023 7 1 0
25933 271023 8 1 0
25933 271023 9 1 0
25933 271023 10 1 0
!sus 48288 204151 2 8 11 attackers:204151;victims:48288;type:1;valid_origin:True;recurrent:True;local:False
48288 204151 1 10 1
48288 204151 2 0 11
48288 204151 3 0 11
48288 204151 4 8 3
48288 204151 5 0 11
48288 204151 6 2 9
48288 204151 7 0 11
48288 204151 8 5 6
48288 204151 9 4 7
48288 204151 10 0 11
!sus 202400 202996 0 10 4 attackers:202400;victims:202996;type:1;valid_origin:True;recurrent:True;local:False
202400 202996 1 0 4
202400 202996 2 0 4
202400 202996 3 0 4
202400 202996 4 0 4
202400 202996 5 0 4
202400 202996 6 0 4
202400 202996 7 0 4
202400 202996 8 0 4
202400 202996 9 0 4
202400 202996 10 0 4
!sus 835 34927 0 10 1 attackers:835;victims:34927;type:1;valid_origin:True;recurrent:True;local:False
835 34927 1 0 1
835 34927 2 0 1
835 34927 3 0 1
835 34927 4 0 1
835 34927 5 0 1
835 34927 6 0 1
835 34927 7 0 1
835 34927 8 0 1
835 34927 9 0 1
835 34927 10 0 1
!sus 5610 204907 1 9 1 attackers:5610;victims:204907;type:1;valid_origin:True;recurrent:True;local:False
5610 204907 1 1 0
5610 204907 2 0 1
5610 204907 3 0 1
5610 204907 4 0 1
5610 204907 5 0 1
5610 204907 6 0 1
5610 204907 7 0 1
5610 204907 8 0 1
5610 204907 9 0 1
5610 204907 10 0 1
!leg 9009 24585 10 0 1 attackers:9009;victims:24585;type:1;valid_origin:True;recurrent:False;local:False
9009 24585 1 1 0
9009 24585 2 1 0
9009 24585 3 1 0
9009 24585 4 1 0
9009 24585 5 1 0
9009 24585 6 1 0
9009 24585 7 1 0
9009 24585 8 1 0
9009 24585 9 1 0
9009 24585 10 1 0
!leg 29075 51768 10 0 1 attackers:29075;victims:51768;type:1;valid_origin:True;recurrent:False;local:True
29075 51768 1 1 0
29075 51768 2 1 0
29075 51768 3 1 0
29075 51768 4 1 0
29075 51768 5 1 0
29075 51768 6 1 0
29075 51768 7 1 0
29075 51768 8 1 0
29075 51768 9 1 0
29075 51768 10 1 0
!leg 136106 148968 10 0 1 attackers:148968;victims:4787;type:2;valid_origin:True;recurrent:True;local:True
136106 148968 1 1 0
136106 148968 2 1 0
136106 148968 3 1 0
136106 148968 4 1 0
136106 148968 5 1 0
136106 148968 6 1 0
136106 148968 7 1 0
136106 148968 8 1 0
136106 148968 9 1 0
136106 148968 10 1 0
!sus 46887 398928 0 10 2 attackers:46887;victims:398928;type:1;valid_origin:True;recurrent:True;local:False
46887 398928 1 0 2
46887 398928 2 0 2
46887 398928 3 0 2
46887 398928 4 0 2
46887 398928 5 0 2
46887 398928 6 0 2
46887 398928 7 0 2
46887 398928 8 0 2
46887 398928 9 0 2
46887 398928 10 0 2
!leg 4826 132279 10 0 26 attackers:4826;victims:132279;type:1;valid_origin:True;recurrent:False;local:False
4826 132279 1 26 0
4826 132279 2 26 0
4826 132279 3 26 0
4826 132279 4 26 0
4826 132279 5 26 0
4826 132279 6 26 0
4826 132279 7 26 0
4826 132279 8 26 0
4826 132279 9 26 0
4826 132279 10 26 0
!leg 9009 15716 10 0 1 attackers:9009;victims:15716;type:1;valid_origin:True;recurrent:False;local:False
9009 15716 1 1 0
9009 15716 2 1 0
9009 15716 3 1 0
9009 15716 4 1 0
9009 15716 5 1 0
9009 15716 6 1 0
9009 15716 7 1 0
9009 15716 8 1 0
9009 15716 9 1 0
9009 15716 10 1 0
!sus 138435 205329 6 4 3 attackers:205329;victims:138435;type:1;valid_origin:True;recurrent:True;local:False
138435 205329 1 0 3
138435 205329 2 0 3
138435 205329 3 1 2
138435 205329 4 0 3
138435 205329 5 2 1
138435 205329 6 3 0
138435 205329 7 2 1
138435 205329 8 3 0
138435 205329 9 3 0
138435 205329 10 3 0
!sus 4755 33438 5 5 171 attackers:4755;victims:33438;type:1;valid_origin:True;recurrent:True;local:False
4755 33438 1 0 171
4755 33438 2 0 171
4755 33438 3 32 139
4755 33438 4 39 132
4755 33438 5 47 124
4755 33438 6 89 82
4755 33438 7 146 25
4755 33438 8 137 34
4755 33438 9 152 19
4755 33438 10 170 1
!sus 3356 17020 0 10 2 attackers:3356;victims:17020;type:1;valid_origin:True;recurrent:True;local:False
3356 17020 1 0 2
3356 17020 2 0 2
3356 17020 3 0 2
3356 17020 4 0 2
3356 17020 5 0 2
3356 17020 6 0 2
3356 17020 7 0 2
3356 17020 8 0 2
3356 17020 9 0 2
3356 17020 10 0 2
!sus 48599 57870 1 9 3 attackers:57870;victims:48599;type:1;valid_origin:True;recurrent:True;local:False
48599 57870 1 3 0
48599 57870 2 0 3
48599 57870 3 0 3
48599 57870 4 0 3
48599 57870 5 0 3
48599 57870 6 0 3
48599 57870 7 0 3
48599 57870 8 0 3
48599 57870 9 0 3
48599 57870 10 0 3
!leg 14840 59711 10 0 1 attackers:14840;victims:59711;type:1;valid_origin:True;recurrent:False;local:True
14840 59711 1 1 0
14840 59711 2 1 0
14840 59711 3 1 0
14840 59711 4 1 0
14840 59711 5 1 0
14840 59711 6 1 0
14840 59711 7 1 0
14840 59711 8 1 0
14840 59711 9 1 0
14840 59711 10 1 0
!leg 1916 272573 10 0 1 attackers:1916;victims:272573;type:1;valid_origin:True;recurrent:False;local:False
1916 272573 1 1 0
1916 272573 2 1 0
1916 272573 3 1 0
1916 272573 4 1 0
1916 272573 5 1 0
1916 272573 6 1 0
1916 272573 7 1 0
1916 272573 8 1 0
1916 272573 9 1 0
1916 272573 10 1 0
!sus 55836 150603 1 9 1 attackers:55836;victims:150603;type:1;valid_origin:True;recurrent:True;local:False
55836 150603 1 1 0
55836 150603 2 0 1
55836 150603 3 0 1
55836 150603 4 0 1
55836 150603 5 0 1
55836 150603 6 0 1
55836 150603 7 0 1
55836 150603 8 0 1
55836 150603 9 0 1
55836 150603 10 0 1
!sus 39383 199742 1 9 1 attackers:39383;victims:199742;type:1;valid_origin:True;recurrent:True;local:False
39383 199742 1 1 0
39383 199742 2 0 1
39383 199742 3 0 1
39383 199742 4 0 1
39383 199742 5 0 1
39383 199742 6 0 1
39383 199742 7 0 1
39383 199742 8 0 1
39383 199742 9 0 1
39383 199742 10 0 1
!leg 924 48581 10 0 1 attackers:924;victims:48581;type:1;valid_origin:True;recurrent:True;local:False
924 48581 1 1 0
924 48581 2 1 0
924 48581 3 1 0
924 48581 4 1 0
924 48581 5 1 0
924 48581 6 1 0
924 48581 7 1 0
924 48581 8 1 0
924 48581 9 1 0
924 48581 10 1 0
!sus 133296 141312 0 10 746 attackers:141312;victims:133296;type:1;valid_origin:True;recurrent:True;local:False
133296 141312 1 0 746
133296 141312 2 0 746
133296 141312 3 0 746
133296 141312 4 0 746
133296 141312 5 0 746
133296 141312 6 1 745
133296 141312 7 0 746
133296 141312 8 0 746
133296 141312 9 5 741
133296 141312 10 0 746
!sus 45881 48851 0 10 16 attackers:48851;victims:48851;type:2;valid_origin:True;recurrent:True;local:False
45881 48851 1 2 14
45881 48851 2 1 15
45881 48851 3 2 14
45881 48851 4 2 14
45881 48851 5 5 11
45881 48851 6 5 11
45881 48851 7 4 12
45881 48851 8 6 10
45881 48851 9 5 11
45881 48851 10 4 12
!sus 47586 51479 2 8 2 attackers:47586;victims:51479;type:1;valid_origin:True;recurrent:True;local:False
47586 51479 1 2 0
47586 51479 2 2 0
47586 51479 3 1 1
47586 51479 4 0 2
47586 51479 5 0 2
47586 51479 6 1 1
47586 51479 7 0 2
47586 51479 8 0 2
47586 51479 9 0 2
47586 51479 10 0 2
!sus 48606 59678 0 10 10 attackers:59678;victims:48606;type:1;valid_origin:True;recurrent:True;local:False
48606 59678 1 1 9
48606 59678 2 0 10
48606 59678 3 0 10
48606 59678 4 0 10
48606 59678 5 0 10
48606 59678 6 0 10
48606 59678 7 0 10
48606 59678 8 0 10
48606 59678 9 0 10
48606 59678 10 0 10
!sus 57724 148968 0 10 1 attackers:148968;victims:57724;type:1;valid_origin:True;recurrent:True;local:True
57724 148968 1 0 1
57724 148968 2 0 1
57724 148968 3 0 1
57724 148968 4 0 1
57724 148968 5 0 1
57724 148968 6 0 1
57724 148968 7 0 1
57724 148968 8 0 1
57724 148968 9 0 1
57724 148968 10 0 1
!leg 6 23951 10 0 40 attackers:23951;victims:55672;type:2;valid_origin:True;recurrent:True;local:False
6 23951 1 40 0
6 23951 2 40 0
6 23951 3 40 0
6 23951 4 40 0
6 23951 5 40 0
6 23951 6 40 0
6 23951 7 40 0
6 23951 8 40 0
6 23951 9 40 0
6 23951 10 40 0
!sus 50058 200226 0 10 3 attackers:50058;victims:200226;type:1;valid_origin:True;recurrent:True;local:False
50058 200226 1 0 3
50058 200226 2 0 3
50058 200226 3 0 3
50058 200226 4 0 3
50058 200226 5 0 3
50058 200226 6 0 3
50058 200226 7 0 3
50058 200226 8 0 3
50058 200226 9 0 3
50058 200226 10 0 3
!sus 269752 272824 1 9 1 attackers:269752;victims:272824;type:1;valid_origin:True;recurrent:True;local:False
269752 272824 1 1 0
269752 272824 2 0 1
269752 272824 3 0 1
269752 272824 4 0 1
269752 272824 5 0 1
269752 272824 6 0 1
269752 272824 7 0 1
269752 272824 8 0 1
269752 272824 9 0 1
269752 272824 10 0 1
!sus 3356 400323 0 10 2 attackers:3356;victims:400323;type:1;valid_origin:True;recurrent:True;local:False
3356 400323 1 0 2
3356 400323 2 0 2
3356 400323 3 0 2
3356 400323 4 0 2
3356 400323 5 0 2
3356 400323 6 0 2
3356 400323 7 0 2
3356 400323 8 0 2
3356 400323 9 0 2
3356 400323 10 0 2
!sus 52468 272958 0 10 2 attackers:52468;victims:272958;type:1;valid_origin:True;recurrent:True;local:False
52468 272958 1 1 1
52468 272958 2 0 2
52468 272958 3 0 2
52468 272958 4 0 2
52468 272958 5 0 2
52468 272958 6 0 2
52468 272958 7 0 2
52468 272958 8 0 2
52468 272958 9 0 2
52468 272958 10 0 2
!leg 34465 199514 10 0 6 attackers:34465;victims:199514;type:1;valid_origin:True;recurrent:True;local:False
34465 199514 1 5 1
34465 199514 2 5 1
34465 199514 3 5 1
34465 199514 4 6 0
34465 199514 5 6 0
34465 199514 6 6 0
34465 199514 7 6 0
34465 199514 8 6 0
34465 199514 9 6 0
34465 199514 10 6 0
!leg 199393 206446 10 0 21 attackers:206446;victims:199393;type:1;valid_origin:True;recurrent:True;local:False
199393 206446 1 20 1
199393 206446 2 21 0
199393 206446 3 20 1
199393 206446 4 21 0
199393 206446 5 21 0
199393 206446 6 21 0
199393 206446 7 21 0
199393 206446 8 19 2
199393 206446 9 14 7
199393 206446 10 21 0
!sus 17819 64096 6 4 1 attackers:17819;victims:64096;type:1;valid_origin:True;recurrent:True;local:False
17819 64096 1 0 1
17819 64096 2 0 1
17819 64096 3 0 1
17819 64096 4 1 0
17819 64096 5 0 1
17819 64096 6 1 0
17819 64096 7 1 0
17819 64096 8 1 0
17819 64096 9 1 0
17819 64096 10 1 0
!sus 9583 148968 7 3 1 attackers:148968;victims:9583;type:1;valid_origin:True;recurrent:True;local:True
9583 148968 1 0 1
9583 148968 2 0 1
9583 148968 3 0 1
9583 148968 4 1 0
9583 148968 5 1 0
9583 148968 6 1 0
9583 148968 7 1 0
9583 148968 8 1 0
9583 148968 9 1 0
9583 148968 10 1 0
!sus 21371 209793 7 3 2 attackers:21371;victims:209793;type:1;valid_origin:True;recurrent:True;local:False
21371 209793 1 1 1
21371 209793 2 1 1
21371 209793 3 2 0
21371 209793 4 1 1
21371 209793 5 2 0
21371 209793 6 2 0
21371 209793 7 2 0
21371 209793 8 2 0
21371 209793 9 2 0
21371 209793 10 2 0
!sus 3356 200220 0 10 3 attackers:3356;victims:200220;type:1;valid_origin:True;recurrent:True;local:False
3356 200220 1 0 3
3356 200220 2 0 3
3356 200220 3 0 3
3356 200220 4 0 3
3356 200220 5 0 3
3356 200220 6 0 3
3356 200220 7 0 3
3356 200220 8 0 3
3356 200220 9 0 3
3356 200220 10 0 3
!sus 35598 205439 0 10 51 attackers:35598;victims:42291;type:2;valid_origin:True;recurrent:True;local:False
35598 205439 1 13 38
35598 205439 2 14 37
35598 205439 3 16 35
35598 205439 4 17 34
35598 205439 5 17 34
35598 205439 6 17 34
35598 205439 7 17 34
35598 205439 8 17 34
35598 205439 9 17 34
35598 205439 10 18 33
!leg 9009 206616 10 0 1 attackers:9009;victims:206616;type:1;valid_origin:True;recurrent:False;local:False
9009 206616 1 1 0
9009 206616 2 1 0
9009 206616 3 1 0
9009 206616 4 1 0
9009 206616 5 1 0
9009 206616 6 1 0
9009 206616 7 1 0
9009 206616 8 1 0
9009 206616 9 1 0
9009 206616 10 1 0
!sus 26415 396710 1 9 1 attackers:26415;victims:396710;type:1;valid_origin:False;recurrent:True;local:False
26415 396710 1 1 0
26415 396710 2 0 1
26415 396710 3 0 1
26415 396710 4 0 1
26415 396710 5 0 1
26415 396710 6 0 1
26415 396710 7 0 1
26415 396710 8 0 1
26415 396710 9 0 1
26415 396710 10 0 1
!sus 15830 17389 0 10 2 attackers:15830;victims:17389;type:1;valid_origin:True;recurrent:True;local:False
15830 17389 1 0 2
15830 17389 2 0 2
15830 17389 3 0 2
15830 17389 4 0 2
15830 17389 5 0 2
15830 17389 6 0 2
15830 17389 7 0 2
15830 17389 8 0 2
15830 17389 9 0 2
15830 17389 10 0 2
!sus 30844 36940 0 10 2 attackers:30844;victims:36940;type:1;valid_origin:True;recurrent:True;local:False
30844 36940 1 0 2
30844 36940 2 0 2
30844 36940 3 0 2
30844 36940 4 0 2
30844 36940 5 0 2
30844 36940 6 0 2
30844 36940 7 0 2
30844 36940 8 0 2
30844 36940 9 0 2
30844 36940 10 0 2
!sus 18345 150804 1 9 3 attackers:18345;victims:150804;type:1;valid_origin:True;recurrent:True;local:False
18345 150804 1 3 0
18345 150804 2 0 3
18345 150804 3 0 3
18345 150804 4 0 3
18345 150804 5 0 3
18345 150804 6 0 3
18345 150804 7 0 3
18345 150804 8 0 3
18345 150804 9 0 3
18345 150804 10 0 3
!sus 24950 209481 1 9 2 attackers:209481;victims:24950;type:1;valid_origin:True;recurrent:True;local:False
24950 209481 1 2 0
24950 209481 2 0 2
24950 209481 3 0 2
24950 209481 4 0 2
24950 209481 5 0 2
24950 209481 6 0 2
24950 209481 7 0 2
24950 209481 8 0 2
24950 209481 9 0 2
24950 209481 10 0 2
!sus 50058 201412 0 10 3 attackers:50058;victims:201412;type:1;valid_origin:True;recurrent:True;local:False
50058 201412 1 0 3
50058 201412 2 0 3
50058 201412 3 0 3
50058 201412 4 0 3
50058 201412 5 0 3
50058 201412 6 0 3
50058 201412 7 0 3
50058 201412 8 0 3
50058 201412 9 0 3
50058 201412 10 0 3
!sus 20253 263152 5 5 1 attackers:263152;victims:20253;type:1;valid_origin:True;recurrent:True;local:True
20253 263152 1 0 1
20253 263152 2 0 1
20253 263152 3 0 1
20253 263152 4 1 0
20253 263152 5 0 1
20253 263152 6 0 1
20253 263152 7 1 0
20253 263152 8 1 0
20253 263152 9 1 0
20253 263152 10 1 0
!leg 199186 212895 10 0 6 attackers:212895;victims:199186;type:1;valid_origin:True;recurrent:True;local:False
199186 212895 1 5 1
199186 212895 2 5 1
199186 212895 3 5 1
199186 212895 4 5 1
199186 212895 5 5 1
199186 212895 6 6 0
199186 212895 7 5 1
199186 212895 8 6 0
199186 212895 9 6 0
199186 212895 10 6 0
!sus 14576 140902 9 1 1 attackers:14576;victims:140902;type:1;valid_origin:True;recurrent:True;local:False
14576 140902 1 1 0
14576 140902 2 1 0
14576 140902 3 1 0
14576 140902 4 1 0
14576 140902 5 1 0
14576 140902 6 1 0
14576 140902 7 1 0
14576 140902 8 1 0
14576 140902 9 0 1
14576 140902 10 1 0
!sus 138296 150635 3 7 6 attackers:138296;victims:150635;type:1;valid_origin:True;recurrent:True;local:False
138296 150635 1 6 0
138296 150635 2 6 0
138296 150635 3 6 0
138296 150635 4 0 6
138296 150635 5 0 6
138296 150635 6 1 5
138296 150635 7 0 6
138296 150635 8 0 6
138296 150635 9 0 6
138296 150635 10 0 6
!sus 9587 24429 0 10 4 attackers:9587;victims:24429;type:1;valid_origin:True;recurrent:True;local:False
9587 24429 1 0 4
9587 24429 2 0 4
9587 24429 3 0 4
9587 24429 4 0 4
9587 24429 5 0 4
9587 24429 6 0 4
9587 24429 7 0 4
9587 24429 8 0 4
9587 24429 9 0 4
9587 24429 10 0 4
!leg 136557 206216 10 0 19 attackers:136557;victims:206216;type:1;valid_origin:True;recurrent:True;local:False
136557 206216 1 11 8
136557 206216 2 16 3
136557 206216 3 18 1
136557 206216 4 18 1
136557 206216 5 19 0
136557 206216 6 19 0
136557 206216 7 19 0
136557 206216 8 19 0
136557 206216 9 19 0
136557 206216 10 19 0
!sus 134714 135965 2 8 69 attackers:134714;victims:135965;type:1;valid_origin:True;recurrent:True;local:False
134714 135965 1 69 0
134714 135965 2 20 49
134714 135965 3 39 30
134714 135965 4 0 69
134714 135965 5 1 68
134714 135965 6 0 69
134714 135965 7 0 69
134714 135965 8 0 69
134714 135965 9 0 69
134714 135965 10 0 69
!sus 50058 209652 0 10 2 attackers:50058;victims:209652;type:1;valid_origin:True;recurrent:True;local:False
50058 209652 1 0 2
50058 209652 2 0 2
50058 209652 3 0 2
50058 209652 4 0 2
50058 209652 5 0 2
50058 209652 6 0 2
50058 209652 7 0 2
50058 209652 8 0 2
50058 209652 9 0 2
50058 209652 10 0 2
!sus 264486 271629 1 9 14 attackers:264486;victims:271629;type:1;valid_origin:True;recurrent:True;local:False
264486 271629 1 14 0
264486 271629 2 5 9
264486 271629 3 3 11
264486 271629 4 0 14
264486 271629 5 0 14
264486 271629 6 0 14
264486 271629 7 0 14
264486 271629 8 0 14
264486 271629 9 0 14
264486 271629 10 0 14
!sus 47869 62663 8 2 1 attackers:62663;victims:47869;type:1;valid_origin:True;recurrent:False;local:False
47869 62663 1 0 1
47869 62663 2 0 1
47869 62663 3 1 0
47869 62663 4 1 0
47869 62663 5 1 0
47869 62663 6 1 0
47869 62663 7 1 0
47869 62663 8 1 0
47869 62663 9 1 0
47869 62663 10 1 0
!sus 50058 211940 0 10 30 attackers:50058;victims:211940;type:1;valid_origin:True;recurrent:True;local:False
50058 211940 1 0 30
50058 211940 2 0 30
50058 211940 3 0 30
50058 211940 4 0 30
50058 211940 5 0 30
50058 211940 6 0 30
50058 211940 7 0 30
50058 211940 8 0 30
50058 211940 9 1 29
50058 211940 10 0 30
!sus 141257 150594 5 5 4 attackers:141257;victims:150594;type:1;valid_origin:True;recurrent:True;local:False
141257 150594 1 4 0
141257 150594 2 4 0
141257 150594 3 4 0
141257 150594 4 0 4
141257 150594 5 4 0
141257 150594 6 3 1
141257 150594 7 0 4
141257 150594 8 0 4
141257 150594 9 0 4
141257 150594 10 0 4
!sus 7672 150359 2 8 4 attackers:7672;victims:150359;type:1;valid_origin:True;recurrent:True;local:False
7672 150359 1 4 0
7672 150359 2 4 0
7672 150359 3 0 4
7672 150359 4 0 4
7672 150359 5 1 3
7672 150359 6 0 4
7672 150359 7 0 4
7672 150359 8 0 4
7672 150359 9 0 4
7672 150359 10 1 3
!sus 57717 199834 1 9 2 attackers:57717;victims:199834;type:1;valid_origin:True;recurrent:True;local:False
57717 199834 1 2 0
57717 199834 2 0 2
57717 199834 3 0 2
57717 199834 4 0 2
57717 199834 5 0 2
57717 199834 6 0 2
57717 199834 7 0 2
57717 199834 8 0 2
57717 199834 9 0 2
57717 199834 10 0 2
!sus 63323 63326 0 10 2 attackers:63326;victims:63323;type:1;valid_origin:True;recurrent:True;local:False
63323 63326 1 0 2
63323 63326 2 0 2
63323 63326 3 0 2
63323 63326 4 0 2
63323 63326 5 0 2
63323 63326 6 0 2
63323 63326 7 0 2
63323 63326 8 0 2
63323 63326 9 0 2
63323 63326 10 0 2
!sus 3561 398701 2 8 2 attackers:3561;victims:398701;type:1;valid_origin:True;recurrent:True;local:False
3561 398701 1 2 0
3561 398701 2 0 2
3561 398701 3 2 0
3561 398701 4 1 1
3561 398701 5 0 2
3561 398701 6 0 2
3561 398701 7 0 2
3561 398701 8 0 2
3561 398701 9 0 2
3561 398701 10 0 2
!sus 268661 269475 0 10 14 attackers:268661;victims:269475;type:1;valid_origin:True;recurrent:False;local:False
268661 269475 1 0 14
268661 269475 2 0 14
268661 269475 3 0 14
268661 269475 4 0 14
268661 269475 5 0 14
268661 269475 6 0 14
268661 269475 7 0 14
268661 269475 8 0 14
268661 269475 9 0 14
268661 269475 10 7 7
!sus 37153 58318 7 3 111 attackers:37153;victims:58318;type:1;valid_origin:True;recurrent:True;local:False
37153 58318 1 0 111
37153 58318 2 0 111
37153 58318 3 0 111
37153 58318 4 110 1
37153 58318 5 111 0
37153 58318 6 87 24
37153 58318 7 111 0
37153 58318 8 111 0
37153 58318 9 111 0
37153 58318 10 111 0
!sus 36369 49105 0 10 1 attackers:36369;victims:49105;type:1;valid_origin:True;recurrent:True;local:False
36369 49105 1 0 1
36369 49105 2 0 1
36369 49105 3 0 1
36369 49105 4 0 1
36369 49105 5 0 1
36369 49105 6 0 1
36369 49105 7 0 1
36369 49105 8 0 1
36369 49105 9 0 1
36369 49105 10 0 1
!sus 32001 32489 3 7 8 attackers:32489;victims:32001;type:1;valid_origin:True;recurrent:True;local:False
32001 32489 1 8 0
32001 32489 2 2 6
32001 32489 3 0 8
32001 32489 4 0 8
32001 32489 5 8 0
32001 32489 6 6 2
32001 32489 7 0 8
32001 32489 8 0 8
32001 32489 9 0 8
32001 32489 10 0 8
!sus 47449 59486 1 9 2 attackers:47449;victims:59486;type:1;valid_origin:True;recurrent:True;local:False
47449 59486 1 2 0
47449 59486 2 1 1
47449 59486 3 1 1
47449 59486 4 1 1
47449 59486 5 0 2
47449 59486 6 0 2
47449 59486 7 0 2
47449 59486 8 0 2
47449 59486 9 0 2
47449 59486 10 0 2
!leg 1221 132279 10 0 111 attackers:1221;victims:132279;type:1;valid_origin:True;recurrent:False;local:False
1221 132279 1 111 0
1221 132279 2 111 0
1221 132279 3 111 0
1221 132279 4 111 0
1221 132279 5 111 0
1221 132279 6 111 0
1221 132279 7 111 0
1221 132279 8 111 0
1221 132279 9 111 0
1221 132279 10 111 0
!sus 2914 265949 6 4 16 attackers:2914;victims:28181,270863,265250,267935,265949,269100,263393,269067,265409;type:1,2;valid_origin:True;recurrent:True;local:False
2914 265949 1 0 16
2914 265949 2 13 3
2914 265949 3 1 15
2914 265949 4 13 3
2914 265949 5 1 15
2914 265949 6 13 3
2914 265949 7 13 3
2914 265949 8 6 10
2914 265949 9 13 3
2914 265949 10 13 3
!sus 199417 199785 3 7 9 attackers:199785;victims:199417;type:1;valid_origin:True;recurrent:True;local:False
199417 199785 1 9 0
199417 199785 2 0 9
199417 199785 3 0 9
199417 199785 4 2 7
199417 199785 5 7 2
199417 199785 6 9 0
199417 199785 7 0 9
199417 199785 8 0 9
199417 199785 9 0 9
199417 199785 10 0 9
!sus 15830 33240 5 5 1 attackers:15830;victims:33240;type:1;valid_origin:True;recurrent:True;local:False
15830 33240 1 0 1
15830 33240 2 0 1
15830 33240 3 0 1
15830 33240 4 0 1
15830 33240 5 1 0
15830 33240 6 0 1
15830 33240 7 1 0
15830 33240 8 1 0
15830 33240 9 1 0
15830 33240 10 1 0
!sus 13259 200980 2 8 25 attackers:13259;victims:200980;type:1;valid_origin:True;recurrent:True;local:False
13259 200980 1 25 0
13259 200980 2 20 5
13259 200980 3 3 22
13259 200980 4 0 25
13259 200980 5 0 25
13259 200980 6 0 25
13259 200980 7 0 25
13259 200980 8 0 25
13259 200980 9 0 25
13259 200980 10 0 25
!leg 6 55672 10 0 40 attackers:6;victims:55672;type:1;valid_origin:True;recurrent:True;local:False
6 55672 1 40 0
6 55672 2 40 0
6 55672 3 40 0
6 55672 4 40 0
6 55672 5 40 0
6 55672 6 40 0
6 55672 7 40 0
6 55672 8 40 0
6 55672 9 40 0
6 55672 10 40 0
!sus 28645 271733 0 10 3 attackers:28645;victims:271733;type:1;valid_origin:False;recurrent:True;local:False
28645 271733 1 0 3
28645 271733 2 0 3
28645 271733 3 0 3
28645 271733 4 0 3
28645 271733 5 0 3
28645 271733 6 0 3
28645 271733 7 0 3
28645 271733 8 0 3
28645 271733 9 0 3
28645 271733 10 0 3
!sus 3356 19141 0 10 2 attackers:3356;victims:19141;type:1;valid_origin:True;recurrent:True;local:False
3356 19141 1 0 2
3356 19141 2 0 2
3356 19141 3 0 2
3356 19141 4 0 2
3356 19141 5 0 2
3356 19141 6 0 2
3356 19141 7 0 2
3356 19141 8 0 2
3356 19141 9 0 2
3356 19141 10 0 2
!sus 34927 49105 3 7 1149 attackers:34927;victims:49105;type:1,5,6,7;valid_origin:True;recurrent:True;local:False
34927 49105 1 268 881
34927 49105 2 316 833
34927 49105 3 407 742
34927 49105 4 428 721
34927 49105 5 445 704
34927 49105 6 552 597
34927 49105 7 583 566
34927 49105 8 572 577
34927 49105 9 722 427
34927 49105 10 626 523
!sus 32177 212895 0 10 20 attackers:212895;victims:32177;type:1;valid_origin:False;recurrent:True;local:False
32177 212895 1 2 18
32177 212895 2 0 20
32177 212895 3 1 19
32177 212895 4 0 20
32177 212895 5 4 16
32177 212895 6 0 20
32177 212895 7 5 15
32177 212895 8 0 20
32177 212895 9 8 12
32177 212895 10 2 18
!sus 983 205329 3 7 1 attackers:983;victims:205329;type:1;valid_origin:True;recurrent:True;local:False
983 205329 1 0 1
983 205329 2 0 1
983 205329 3 0 1
983 205329 4 1 0
983 205329 5 0 1
983 205329 6 0 1
983 205329 7 0 1
983 205329 8 1 0
983 205329 9 0 1
983 205329 10 1 0
!sus 52468 270009 0 10 2 attackers:52468;victims:270009;type:1;valid_origin:True;recurrent:True;local:False
52468 270009 1 0 2
52468 270009 2 0 2
52468 270009 3 0 2
52468 270009 4 0 2
52468 270009 5 0 2
52468 270009 6 0 2
52468 270009 7 0 2
52468 270009 8 0 2
52468 270009 9 0 2
52468 270009 10 0 2
!sus 3479 396450 5 5 5 attackers:396450;victims:3479;type:1;valid_origin:True;recurrent:True;local:False
3479 396450 1 0 5
3479 396450 2 0 5
3479 396450 3 0 5
3479 396450 4 1 4
3479 396450 5 3 2
3479 396450 6 3 2
3479 396450 7 3 2
3479 396450 8 2 3
3479 396450 9 5 0
3479 396450 10 4 1
!sus 2914 263526 8 2 2 attackers:2914;victims:263526;type:1;valid_origin:True;recurrent:True;local:False
2914 263526 1 1 1
2914 263526 2 1 1
2914 263526 3 2 0
2914 263526 4 2 0
2914 263526 5 2 0
2914 263526 6 2 0
2914 263526 7 2 0
2914 263526 8 2 0
2914 263526 9 2 0
2914 263526 10 2 0
!sus 29632 212121 8 2 2 attackers:29632;victims:212121;type:1;valid_origin:True;recurrent:True;local:False
29632 212121 1 0 2
29632 212121 2 1 1
29632 212121 3 2 0
29632 212121 4 2 0
29632 212121 5 2 0
29632 212121 6 2 0
29632 212121 7 2 0
29632 212121 8 2 0
29632 212121 9 2 0
29632 212121 10 2 0
!sus 42008 212215 1 9 1 attackers:42008;victims:212215;type:1;valid_origin:True;recurrent:True;local:False
42008 212215 1 1 0
42008 212215 2 0 1
42008 212215 3 0 1
42008 212215 4 0 1
42008 212215 5 0 1
42008 212215 6 0 1
42008 212215 7 0 1
42008 212215 8 0 1
42008 212215 9 0 1
42008 212215 10 0 1
!leg 16735 264592 10 0 1 attackers:264592;victims:271031;type:5;valid_origin:True;recurrent:False;local:False
16735 264592 1 1 0
16735 264592 2 1 0
16735 264592 3 1 0
16735 264592 4 1 0
16735 264592 5 1 0
16735 264592 6 1 0
16735 264592 7 1 0
16735 264592 8 1 0
16735 264592 9 1 0
16735 264592 10 1 0
!sus 265975 273704 3 7 2 attackers:265975;victims:273704;type:1;valid_origin:True;recurrent:True;local:False
265975 273704 1 2 0
265975 273704 2 2 0
265975 273704 3 2 0
265975 273704 4 0 2
265975 273704 5 0 2
265975 273704 6 1 1
265975 273704 7 0 2
265975 273704 8 0 2
265975 273704 9 0 2
265975 273704 10 0 2
!sus 29467 208197 1 9 6 attackers:29467;victims:208197;type:1;valid_origin:True;recurrent:True;local:False
29467 208197 1 6 0
29467 208197 2 0 6
29467 208197 3 2 4
29467 208197 4 0 6
29467 208197 5 0 6
29467 208197 6 3 3
29467 208197 7 2 4
29467 208197 8 3 3
29467 208197 9 2 4
29467 208197 10 3 3
!sus 267023 273694 1 9 834 attackers:267023;victims:273694;type:1;valid_origin:True;recurrent:True;local:False
267023 273694 1 834 0
267023 273694 2 131 703
267023 273694 3 34 800
267023 273694 4 2 832
267023 273694 5 7 827
267023 273694 6 0 834
267023 273694 7 0 834
267023 273694 8 0 834
267023 273694 9 0 834
267023 273694 10 0 834
!sus 200195 202425 0 10 1 attackers:202425;victims:200195;type:1;valid_origin:True;recurrent:True;local:False
200195 202425 1 0 1
200195 202425 2 0 1
200195 202425 3 0 1
200195 202425 4 0 1
200195 202425 5 0 1
200195 202425 6 0 1
200195 202425 7 0 1
200195 202425 8 0 1
200195 202425 9 0 1
200195 202425 10 0 1
!sus 136072 150556 1 9 5 attackers:136072;victims:150556;type:1;valid_origin:True;recurrent:True;local:False
136072 150556 1 5 0
136072 150556 2 0 5
136072 150556 3 2 3
136072 150556 4 0 5
136072 150556 5 0 5
136072 150556 6 0 5
136072 150556 7 0 5
136072 150556 8 0 5
136072 150556 9 0 5
136072 150556 10 0 5
!sus 15802 204206 8 2 5 attackers:15802;victims:204206;type:1;valid_origin:True;recurrent:True;local:False
15802 204206 1 0 5
15802 204206 2 4 1
15802 204206 3 4 1
15802 204206 4 1 4
15802 204206 5 4 1
15802 204206 6 4 1
15802 204206 7 4 1
15802 204206 8 4 1
15802 204206 9 4 1
15802 204206 10 4 1
!leg 20485 205439 10 0 1 attackers:20485;victims:42291;type:2;valid_origin:True;recurrent:True;local:False
20485 205439 1 1 0
20485 205439 2 1 0
20485 205439 3 1 0
20485 205439 4 1 0
20485 205439 5 1 0
20485 205439 6 1 0
20485 205439 7 1 0
20485 205439 8 1 0
20485 205439 9 1 0
20485 205439 10 1 0
!sus 58307 199384 4 6 3 attackers:58307;victims:199384;type:1;valid_origin:True;recurrent:True;local:False
58307 199384 1 1 2
58307 199384 2 1 2
58307 199384 3 2 1
58307 199384 4 1 2
58307 199384 5 3 0
58307 199384 6 3 0
58307 199384 7 1 2
58307 199384 8 1 2
58307 199384 9 1 2
58307 199384 10 3 0
!sus 141039 211192 1 9 4 attackers:141039;victims:211192;type:1;valid_origin:True;recurrent:True;local:False
141039 211192 1 0 4
141039 211192 2 0 4
141039 211192 3 0 4
141039 211192 4 0 4
141039 211192 5 0 4
141039 211192 6 0 4
141039 211192 7 3 1
141039 211192 8 1 3
141039 211192 9 2 2
141039 211192 10 1 3
!leg 52634 266160 10 0 1 attackers:52634;victims:264374;type:2;valid_origin:True;recurrent:False;local:False
52634 266160 1 1 0
52634 266160 2 1 0
52634 266160 3 1 0
52634 266160 4 1 0
52634 266160 5 1 0
52634 266160 6 1 0
52634 266160 7 1 0
52634 266160 8 1 0
52634 266160 9 1 0
52634 266160 10 1 0
!sus 50058 199183 0 10 216 attackers:50058;victims:199183;type:1;valid_origin:True;recurrent:True;local:False
50058 199183 1 0 216
50058 199183 2 0 216
50058 199183 3 0 216
50058 199183 4 0 216
50058 199183 5 0 216
50058 199183 6 0 216
50058 199183 7 0 216
50058 199183 8 0 216
50058 199183 9 0 216
50058 199183 10 0 216
!sus 211547 211727 0 10 4 attackers:211727;victims:211547;type:1;valid_origin:True;recurrent:True;local:False
211547 211727 1 1 3
211547 211727 2 1 3
211547 211727 3 1 3
211547 211727 4 1 3
211547 211727 5 1 3
211547 211727 6 1 3
211547 211727 7 1 3
211547 211727 8 1 3
211547 211727 9 1 3
211547 211727 10 1 3
!sus 34872 213219 2 8 2 attackers:34872;victims:213219;type:1;valid_origin:True;recurrent:True;local:False
34872 213219 1 0 2
34872 213219 2 1 1
34872 213219 3 0 2
34872 213219 4 0 2
34872 213219 5 0 2
34872 213219 6 1 1
34872 213219 7 2 0
34872 213219 8 0 2
34872 213219 9 1 1
34872 213219 10 2 0
!sus 12874 202507 1 9 269 attackers:12874;victims:202507;type:1;valid_origin:True;recurrent:True;local:False
12874 202507 1 171 98
12874 202507 2 119 150
12874 202507 3 96 173
12874 202507 4 92 177
12874 202507 5 121 148
12874 202507 6 96 173
12874 202507 7 74 195
12874 202507 8 131 138
12874 202507 9 120 149
12874 202507 10 119 150
!sus 267535 272596 3 7 5 attackers:267535;victims:272596;type:1;valid_origin:True;recurrent:True;local:False
267535 272596 1 1 4
267535 272596 2 0 5
267535 272596 3 5 0
267535 272596 4 0 5
267535 272596 5 1 4
267535 272596 6 1 4
267535 272596 7 0 5
267535 272596 8 4 1
267535 272596 9 1 4
267535 272596 10 3 2
!sus 267455 273656 0 10 2 attackers:267455;victims:273656;type:1;valid_origin:True;recurrent:True;local:False
267455 273656 1 1 1
267455 273656 2 0 2
267455 273656 3 0 2
267455 273656 4 0 2
267455 273656 5 0 2
267455 273656 6 0 2
267455 273656 7 0 2
267455 273656 8 0 2
267455 273656 9 0 2
267455 273656 10 0 2
!sus 265693 270046 0 10 17 attackers:265693;victims:270046;type:1;valid_origin:True;recurrent:True;local:False
265693 270046 1 0 17
265693 270046 2 0 17
265693 270046 3 1 16
265693 270046 4 1 16
265693 270046 5 1 16
265693 270046 6 1 16
265693 270046 7 1 16
265693 270046 8 1 16
265693 270046 9 1 16
265693 270046 10 1 16
!leg 174 53818 10 0 2 attackers:174;victims:53818;type:1;valid_origin:True;recurrent:True;local:False
174 53818 1 2 0
174 53818 2 2 0
174 53818 3 2 0
174 53818 4 2 0
174 53818 5 2 0
174 53818 6 2 0
174 53818 7 2 0
174 53818 8 2 0
174 53818 9 2 0
174 53818 10 2 0
!leg 140399 140460 10 0 106 attackers:140399;victims:140460;type:1;valid_origin:True;recurrent:False;local:False
140399 140460 1 87 19
140399 140460 2 54 52
140399 140460 3 106 0
140399 140460 4 105 1
140399 140460 5 106 0
140399 140460 6 106 0
140399 140460 7 106 0
140399 140460 8 106 0
140399 140460 9 106 0
140399 140460 10 106 0
!sus 25155 49183 0 10 1 attackers:49183;victims:25155;type:1;valid_origin:True;recurrent:True;local:False
25155 49183 1 0 1
25155 49183 2 0 1
25155 49183 3 0 1
25155 49183 4 0 1
25155 49183 5 0 1
25155 49183 6 0 1
25155 49183 7 0 1
25155 49183 8 0 1
25155 49183 9 0 1
25155 49183 10 0 1
!sus 21738 398465 1 9 6 attackers:398465;victims:21738;type:1;valid_origin:True;recurrent:True;local:False
21738 398465 1 0 6
21738 398465 2 2 4
21738 398465 3 2 4
21738 398465 4 2 4
21738 398465 5 2 4
21738 398465 6 3 3
21738 398465 7 2 4
21738 398465 8 2 4
21738 398465 9 2 4
21738 398465 10 4 2
!sus 23944 148968 8 2 1 attackers:148968;victims:23944;type:1;valid_origin:True;recurrent:True;local:True
23944 148968 1 0 1
23944 148968 2 0 1
23944 148968 3 1 0
23944 148968 4 1 0
23944 148968 5 1 0
23944 148968 6 1 0
23944 148968 7 1 0
23944 148968 8 1 0
23944 148968 9 1 0
23944 148968 10 1 0
!sus 10796 400831 1 9 4 attackers:10796;victims:400831;type:1;valid_origin:True;recurrent:True;local:False
10796 400831 1 4 0
10796 400831 2 0 4
10796 400831 3 0 4
10796 400831 4 0 4
10796 400831 5 0 4
10796 400831 6 0 4
10796 400831 7 0 4
10796 400831 8 0 4
10796 400831 9 0 4
10796 400831 10 0 4
!sus 200676 201504 0 10 1 attackers:200676;victims:201504;type:1;valid_origin:True;recurrent:True;local:False
200676 201504 1 0 1
200676 201504 2 0 1
200676 201504 3 0 1
200676 201504 4 0 1
200676 201504 5 0 1
200676 201504 6 0 1
200676 201504 7 0 1
200676 201504 8 0 1
200676 201504 9 0 1
200676 201504 10 0 1
!sus 272004 272948 1 9 3 attackers:272004;victims:272948;type:1;valid_origin:True;recurrent:True;local:False
272004 272948 1 3 0
272004 272948 2 1 2
272004 272948 3 1 2
272004 272948 4 0 3
272004 272948 5 0 3
272004 272948 6 0 3
272004 272948 7 0 3
272004 272948 8 0 3
272004 272948 9 0 3
272004 272948 10 0 3
!sus 3326 9049 3 7 1 attackers:9049;victims:56716;type:2;valid_origin:True;recurrent:True;local:False
3326 9049 1 0 1
3326 9049 2 0 1
3326 9049 3 0 1
3326 9049 4 0 1
3326 9049 5 0 1
3326 9049 6 0 1
3326 9049 7 1 0
3326 9049 8 0 1
3326 9049 9 1 0
3326 9049 10 1 0
!sus 38731 150821 1 9 2 attackers:38731;victims:150821;type:1;valid_origin:True;recurrent:True;local:False
38731 150821 1 2 0
38731 150821 2 0 2
38731 150821 3 1 1
38731 150821 4 0 2
38731 150821 5 0 2
38731 150821 6 0 2
38731 150821 7 0 2
38731 150821 8 0 2
38731 150821 9 0 2
38731 150821 10 0 2
!sus 21003 327752 0 10 1 attackers:21003;victims:327752;type:1;valid_origin:True;recurrent:True;local:False
21003 327752 1 0 1
21003 327752 2 0 1
21003 327752 3 0 1
21003 327752 4 0 1
21003 327752 5 0 1
21003 327752 6 0 1
21003 327752 7 0 1
21003 327752 8 0 1
21003 327752 9 0 1
21003 327752 10 0 1
!sus 198949 204651 0 10 5 attackers:198949;victims:204651;type:1;valid_origin:True;recurrent:True;local:False
198949 204651 1 0 5
198949 204651 2 0 5
198949 204651 3 0 5
198949 204651 4 0 5
198949 204651 5 0 5
198949 204651 6 0 5
198949 204651 7 0 5
198949 204651 8 0 5
198949 204651 9 0 5
198949 204651 10 0 5
!sus 60922 210756 0 10 6 attackers:60922;victims:210756;type:1;valid_origin:True;recurrent:True;local:False
60922 210756 1 0 6
60922 210756 2 0 6
60922 210756 3 0 6
60922 210756 4 0 6
60922 210756 5 0 6
60922 210756 6 0 6
60922 210756 7 0 6
60922 210756 8 0 6
60922 210756 9 1 5
60922 210756 10 1 5
!sus 45723 55659 9 1 3 attackers:45723;victims:55659;type:1;valid_origin:True;recurrent:True;local:False
45723 55659 1 3 0
45723 55659 2 3 0
45723 55659 3 3 0
45723 55659 4 3 0
45723 55659 5 3 0
45723 55659 6 3 0
45723 55659 7 3 0
45723 55659 8 3 0
45723 55659 9 0 3
45723 55659 10 3 0
!sus 48581 210537 0 10 10 attackers:210537;victims:203635;type:2;valid_origin:True;recurrent:True;local:False
48581 210537 1 0 10
48581 210537 2 1 9
48581 210537 3 1 9
48581 210537 4 2 8
48581 210537 5 3 7
48581 210537 6 4 6
48581 210537 7 4 6
48581 210537 8 5 5
48581 210537 9 5 5
48581 210537 10 5 5
!leg 265022 270819 10 0 1 attackers:270819;victims:266636;type:3;valid_origin:True;recurrent:True;local:False
265022 270819 1 1 0
265022 270819 2 1 0
265022 270819 3 1 0
265022 270819 4 1 0
265022 270819 5 1 0
265022 270819 6 1 0
265022 270819 7 1 0
265022 270819 8 1 0
265022 270819 9 1 0
265022 270819 10 1 0
!leg 393227 399695 10 0 1 attackers:393227;victims:399695;type:1;valid_origin:True;recurrent:True;local:False
393227 399695 1 1 0
393227 399695 2 1 0
393227 399695 3 1 0
393227 399695 4 1 0
393227 399695 5 1 0
393227 399695 6 1 0
393227 399695 7 1 0
393227 399695 8 1 0
393227 399695 9 1 0
393227 399695 10 1 0
!sus 203598 206383 6 4 3 attackers:203598;victims:206383;type:1;valid_origin:True;recurrent:True;local:False
203598 206383 1 0 3
203598 206383 2 0 3
203598 206383 3 0 3
203598 206383 4 1 2
203598 206383 5 3 0
203598 206383 6 2 1
203598 206383 7 3 0
203598 206383 8 3 0
203598 206383 9 3 0
203598 206383 10 3 0
!sus 57695 199972 6 4 8 attackers:57695;victims:199972;type:1;valid_origin:True;recurrent:True;local:False
57695 199972 1 0 8
57695 199972 2 0 8
57695 199972 3 1 7
57695 199972 4 3 5
57695 199972 5 5 3
57695 199972 6 7 1
57695 199972 7 6 2
57695 199972 8 7 1
57695 199972 9 8 0
57695 199972 10 7 1
!sus 13335 16814 0 10 6 attackers:16814;victims:13335;type:1;valid_origin:True;recurrent:True;local:False
13335 16814 1 0 6
13335 16814 2 0 6
13335 16814 3 0 6
13335 16814 4 0 6
13335 16814 5 0 6
13335 16814 6 0 6
13335 16814 7 0 6
13335 16814 8 0 6
13335 16814 9 0 6
13335 16814 10 0 6
!sus 29467 200617 5 5 8 attackers:29467;victims:200617;type:1;valid_origin:True;recurrent:True;local:False
29467 200617 1 8 0
29467 200617 2 0 8
29467 200617 3 5 3
29467 200617 4 5 3
29467 200617 5 0 8
29467 200617 6 2 6
29467 200617 7 5 3
29467 200617 8 5 3
29467 200617 9 3 5
29467 200617 10 1 7
!sus 328658 329230 2 8 12 attackers:328658;victims:329230;type:1;valid_origin:True;recurrent:True;local:False
328658 329230 1 12 0
328658 329230 2 7 5
328658 329230 3 6 6
328658 329230 4 0 12
328658 329230 5 0 12
328658 329230 6 0 12
328658 329230 7 0 12
328658 329230 8 0 12
328658 329230 9 0 12
328658 329230 10 0 12
!sus 44103 199760 0 10 5 attackers:44103;victims:199760;type:1;valid_origin:True;recurrent:True;local:False
44103 199760 1 0 5
44103 199760 2 1 4
44103 199760 3 0 5
44103 199760 4 0 5
44103 199760 5 0 5
44103 199760 6 0 5
44103 199760 7 0 5
44103 199760 8 0 5
44103 199760 9 0 5
44103 199760 10 0 5
!sus 57870 199177 2 8 6 attackers:57870;victims:199177;type:1;valid_origin:True;recurrent:True;local:False
57870 199177 1 0 6
57870 199177 2 0 6
57870 199177 3 0 6
57870 199177 4 0 6
57870 199177 5 4 2
57870 199177 6 2 4
57870 199177 7 1 5
57870 199177 8 2 4
57870 199177 9 1 5
57870 199177 10 5 1
!leg 9009 47617 10 0 1 attackers:9009;victims:47617;type:1;valid_origin:True;recurrent:False;local:False
9009 47617 1 1 0
9009 47617 2 1 0
9009 47617 3 1 0
9009 47617 4 1 0
9009 47617 5 1 0
9009 47617 6 1 0
9009 47617 7 1 0
9009 47617 8 1 0
9009 47617 9 1 0
9009 47617 10 1 0
!sus 557 13335 3 7 12 attackers:557;victims:13335;type:1;valid_origin:True;recurrent:True;local:False
557 13335 1 0 12
557 13335 2 5 7
557 13335 3 1 11
557 13335 4 4 8
557 13335 5 1 11
557 13335 6 2 10
557 13335 7 5 7
557 13335 8 10 2
557 13335 9 12 0
557 13335 10 12 0
!sus 34947 59796 0 10 1 attackers:59796;victims:34947;type:1;valid_origin:True;recurrent:True;local:False
34947 59796 1 0 1
34947 59796 2 0 1
34947 59796 3 0 1
34947 59796 4 0 1
34947 59796 5 0 1
34947 59796 6 0 1
34947 59796 7 0 1
34947 59796 8 0 1
34947 59796 9 0 1
34947 59796 10 0 1
!sus 50058 150325 9 1 4 attackers:50058;victims:150325;type:1;valid_origin:True;recurrent:True;local:False
50058 150325 1 0 4
50058 150325 2 4 0
50058 150325 3 4 0
50058 150325 4 4 0
50058 150325 5 4 0
50058 150325 6 4 0
50058 150325 7 4 0
50058 150325 8 4 0
50058 150325 9 4 0
50058 150325 10 4 0
!sus 50058 200536 3 7 548 attackers:50058;victims:199650,200907,200536,200949,199613,200105;type:1,2,3;valid_origin:True;recurrent:True;local:False
50058 200536 1 14 534
50058 200536 2 103 445
50058 200536 3 199 349
50058 200536 4 227 321
50058 200536 5 251 297
50058 200536 6 247 301
50058 200536 7 270 278
50058 200536 8 343 205
50058 200536 9 343 205
50058 200536 10 365 183
!sus 199700 208164 1 9 5 attackers:208164;victims:199700;type:1;valid_origin:True;recurrent:True;local:False
199700 208164 1 5 0
199700 208164 2 0 5
199700 208164 3 0 5
199700 208164 4 0 5
199700 208164 5 0 5
199700 208164 6 0 5
199700 208164 7 0 5
199700 208164 8 0 5
199700 208164 9 0 5
199700 208164 10 0 5
!sus 988 17149 0 10 6 attackers:17149;victims:988;type:1;valid_origin:True;recurrent:True;local:False
988 17149 1 0 6
988 17149 2 0 6
988 17149 3 0 6
988 17149 4 0 6
988 17149 5 0 6
988 17149 6 0 6
988 17149 7 0 6
988 17149 8 0 6
988 17149 9 0 6
988 17149 10 0 6
!sus 56630 200105 0 10 415 attackers:200105,56630;victims:203236,200105;type:1,2,4,5;valid_origin:True;recurrent:True;local:False
56630 200105 1 2 413
56630 200105 2 4 411
56630 200105 3 2 413
56630 200105 4 4 411
56630 200105 5 4 411
56630 200105 6 4 411
56630 200105 7 4 411
56630 200105 8 6 409
56630 200105 9 6 409
56630 200105 10 8 407
!sus 202881 205329 0 10 1 attackers:205329;victims:202881;type:1;valid_origin:True;recurrent:True;local:False
202881 205329 1 0 1
202881 205329 2 0 1
202881 205329 3 0 1
202881 205329 4 0 1
202881 205329 5 0 1
202881 205329 6 0 1
202881 205329 7 0 1
202881 205329 8 0 1
202881 205329 9 0 1
202881 205329 10 0 1
!sus 138997 212483 0 10 347 attackers:138997;victims:210714,201217;type:2;valid_origin:True;recurrent:True;local:False
138997 212483 1 0 347
138997 212483 2 0 347
138997 212483 3 0 347
138997 212483 4 0 347
138997 212483 5 1 346
138997 212483 6 1 346
138997 212483 7 2 345
138997 212483 8 1 346
138997 212483 9 2 345
138997 212483 10 1 346
!sus 3356 27458 0 10 2 attackers:3356;victims:27458;type:1;valid_origin:True;recurrent:True;local:False
3356 27458 1 0 2
3356 27458 2 0 2
3356 27458 3 0 2
3356 27458 4 0 2
3356 27458 5 0 2
3356 27458 6 0 2
3356 27458 7 0 2
3356 27458 8 0 2
3356 27458 9 0 2
3356 27458 10 0 2
!sus 3280 204446 0 10 21 attackers:3280;victims:204446;type:1;valid_origin:True;recurrent:True;local:False
3280 204446 1 0 21
3280 204446 2 5 16
3280 204446 3 6 15
3280 204446 4 7 14
3280 204446 5 7 14
3280 204446 6 7 14
3280 204446 7 7 14
3280 204446 8 7 14
3280 204446 9 7 14
3280 204446 10 7 14
!sus 29467 57644 3 7 10 attackers:29467;victims:57644;type:1;valid_origin:True;recurrent:True;local:False
29467 57644 1 10 0
29467 57644 2 0 10
29467 57644 3 7 3
29467 57644 4 5 5
29467 57644 5 0 10
29467 57644 6 2 8
29467 57644 7 5 5
29467 57644 8 7 3
29467 57644 9 3 7
29467 57644 10 1 9
!sus 26415 138457 5 5 1 attackers:138457;victims:396710;type:2;valid_origin:False;recurrent:True;local:False
26415 138457 1 0 1
26415 138457 2 0 1
26415 138457 3 0 1
26415 138457 4 0 1
26415 138457 5 1 0
26415 138457 6 1 0
26415 138457 7 1 0
26415 138457 8 0 1
26415 138457 9 1 0
26415 138457 10 1 0
!sus 6145 50058 0 10 11 attackers:50058;victims:6145;type:1;valid_origin:True;recurrent:True;local:False
6145 50058 1 0 11
6145 50058 2 0 11
6145 50058 3 0 11
6145 50058 4 0 11
6145 50058 5 0 11
6145 50058 6 0 11
6145 50058 7 0 11
6145 50058 8 0 11
6145 50058 9 4 7
6145 50058 10 0 11
!sus 266291 273611 0 10 3 attackers:266291;victims:273611;type:1;valid_origin:True;recurrent:True;local:False
266291 273611 1 0 3
266291 273611 2 0 3
266291 273611 3 0 3
266291 273611 4 0 3
266291 273611 5 0 3
266291 273611 6 0 3
266291 273611 7 0 3
266291 273611 8 0 3
266291 273611 9 0 3
266291 273611 10 0 3
!sus 48581 203458 3 7 6 attackers:48581;victims:203458;type:1;valid_origin:True;recurrent:True;local:False
48581 203458 1 3 3
48581 203458 2 0 6
48581 203458 3 0 6
48581 203458 4 4 2
48581 203458 5 2 4
48581 203458 6 6 0
48581 203458 7 3 3
48581 203458 8 6 0
48581 203458 9 2 4
48581 203458 10 3 3
!sus 7018 399553 0 10 1 attackers:7018;victims:399553;type:1;valid_origin:True;recurrent:True;local:False
7018 399553 1 0 1
7018 399553 2 0 1
7018 399553 3 0 1
7018 399553 4 0 1
7018 399553 5 0 1
7018 399553 6 0 1
7018 399553 7 0 1
7018 399553 8 0 1
7018 399553 9 0 1
7018 399553 10 0 1
!sus 37100 329091 1 9 440 attackers:37100;victims:329091;type:1;valid_origin:True;recurrent:True;local:False
37100 329091 1 353 87
37100 329091 2 2 438
37100 329091 3 83 357
37100 329091 4 156 284
37100 329091 5 83 357
37100 329091 6 100 340
37100 329091 7 66 374
37100 329091 8 82 358
37100 329091 9 0 440
37100 329091 10 19 421
!sus 202481 212622 0 10 2 attackers:202481;victims:212622;type:1;valid_origin:True;recurrent:True;local:False
202481 212622 1 0 2
202481 212622 2 0 2
202481 212622 3 0 2
202481 212622 4 0 2
202481 212622 5 0 2
202481 212622 6 0 2
202481 212622 7 0 2
202481 212622 8 0 2
202481 212622 9 0 2
202481 212622 10 0 2
!sus 263260 272464 1 9 6 attackers:263260;victims:272464;type:1;valid_origin:True;recurrent:True;local:False
263260 272464 1 6 0
263260 272464 2 1 5
263260 272464 3 2 4
263260 272464 4 0 6
263260 272464 5 0 6
263260 272464 6 0 6
263260 272464 7 0 6
263260 272464 8 0 6
263260 272464 9 0 6
263260 272464 10 0 6
!sus 209861 211380 8 2 2 attackers:209861;victims:211380;type:1;valid_origin:True;recurrent:True;local:False
209861 211380 1 0 2
209861 211380 2 0 2
209861 211380 3 2 0
209861 211380 4 2 0
209861 211380 5 2 0
209861 211380 6 2 0
209861 211380 7 2 0
209861 211380 8 2 0
209861 211380 9 2 0
209861 211380 10 2 0
