!sus 9498 52863 0 10 112 attackers:52863;victims:38746,133938,137670,24186,56201,56207,141745,136248,131283,151108,137889,136342,134041,400519,138077,38026,132298,136948,134341,133499,152691,153221,152177,137554,59189,45245,38614,149576,149019,133255,137085,149478,4775,150434,400395,21859,142054,133234,133971,24432,58715,132335,3360,136636,9829,134204,137530,149794,132445,134562,151704,140612,132933,45117,139922,13335,152334,45326,23688,55915,135310,58682,58923,135391,54994,24560,137967,149546,139901,45102,45528,40138,54253,139331,140093,139057,136435,138509,137041,139325,149037,138171,150625,203020,135181,140077,150156,135866,132856,134326,133317,131216,132199;type:2,3,4,5;valid_origin:False;recurrent:True;local:True
9498 52863 1 0 112
9498 52863 2 0 112
9498 52863 3 0 112
9498 52863 4 9 103
9498 52863 5 0 112
9498 52863 6 0 112
9498 52863 7 0 112
9498 52863 8 0 112
9498 52863 9 0 112
9498 52863 10 0 112
!sus 61708 273544 5 5 6 attackers:61708;victims:273544;type:1;valid_origin:True;recurrent:True;local:False
61708 273544 1 6 0
61708 273544 2 6 0
61708 273544 3 5 1
61708 273544 4 6 0
61708 273544 5 1 5
61708 273544 6 0 6
61708 273544 7 0 6
61708 273544 8 5 1
61708 273544 9 0 6
61708 273544 10 2 4
!sus 15830 53583 3 7 3 attackers:15830;victims:53583;type:1;valid_origin:False;recurrent:True;local:False
15830 53583 1 0 3
15830 53583 2 0 3
15830 53583 3 0 3
15830 53583 4 1 2
15830 53583 5 1 2
15830 53583 6 1 2
15830 53583 7 2 1
15830 53583 8 2 1
15830 53583 9 2 1
15830 53583 10 1 2
!leg 215622 216394 10 0 52 attackers:216394;victims:215622;type:1;valid_origin:True;recurrent:False;local:False
215622 216394 1 52 0
215622 216394 2 52 0
215622 216394 3 52 0
215622 216394 4 52 0
215622 216394 5 52 0
215622 216394 6 52 0
215622 216394 7 52 0
215622 216394 8 52 0
215622 216394 9 52 0
215622 216394 10 52 0
!leg 39351 42149 10 0 1 attackers:39351;victims:42149;type:1;valid_origin:True;recurrent:False;local:True
39351 42149 1 1 0
39351 42149 2 1 0
39351 42149 3 1 0
39351 42149 4 1 0
39351 42149 5 1 0
39351 42149 6 1 0
39351 42149 7 1 0
39351 42149 8 1 0
39351 42149 9 1 0
39351 42149 10 1 0
!sus 7720 139589 0 10 4 attackers:7720;victims:139589;type:1;valid_origin:True;recurrent:True;local:False
7720 139589 1 0 4
7720 139589 2 0 4
7720 139589 3 0 4
7720 139589 4 0 4
7720 139589 5 0 4
7720 139589 6 0 4
7720 139589 7 1 3
7720 139589 8 1 3
7720 139589 9 1 3
7720 139589 10 1 3
!sus 26042 207957 8 2 1 attackers:26042;victims:207957;type:1;valid_origin:True;recurrent:True;local:False
26042 207957 1 0 1
26042 207957 2 0 1
26042 207957 3 1 0
26042 207957 4 1 0
26042 207957 5 1 0
26042 207957 6 1 0
26042 207957 7 1 0
26042 207957 8 1 0
26042 207957 9 1 0
26042 207957 10 1 0
!leg 6949 22773 10 0 65 attackers:22773;victims:6949;type:1;valid_origin:True;recurrent:False;local:False
6949 22773 1 65 0
6949 22773 2 65 0
6949 22773 3 65 0
6949 22773 4 65 0
6949 22773 5 65 0
6949 22773 6 65 0
6949 22773 7 65 0
6949 22773 8 65 0
6949 22773 9 65 0
6949 22773 10 65 0
!sus 28458 400317 7 3 3 attackers:28458;victims:400317;type:1;valid_origin:True;recurrent:True;local:False
28458 400317 1 0 3
28458 400317 2 1 2
28458 400317 3 1 2
28458 400317 4 2 1
28458 400317 5 2 1
28458 400317 6 3 0
28458 400317 7 3 0
28458 400317 8 3 0
28458 400317 9 3 0
28458 400317 10 3 0
!sus 15694 41745 8 2 2 attackers:15694;victims:41745;type:1;valid_origin:True;recurrent:True;local:False
15694 41745 1 0 2
15694 41745 2 1 1
15694 41745 3 2 0
15694 41745 4 2 0
15694 41745 5 2 0
15694 41745 6 2 0
15694 41745 7 2 0
15694 41745 8 2 0
15694 41745 9 2 0
15694 41745 10 2 0
!leg 31500 57333 10 0 1 attackers:31500;victims:57333;type:1;valid_origin:True;recurrent:False;local:False
31500 57333 1 1 0
31500 57333 2 1 0
31500 57333 3 1 0
31500 57333 4 1 0
31500 57333 5 1 0
31500 57333 6 1 0
31500 57333 7 1 0
31500 57333 8 1 0
31500 57333 9 1 0
31500 57333 10 1 0
!sus 13335 38565 2 8 720 attackers:38565;victims:13335;type:1;valid_origin:True;recurrent:True;local:False
13335 38565 1 12 708
13335 38565 2 21 699
13335 38565 3 21 699
13335 38565 4 171 549
13335 38565 5 101 619
13335 38565 6 364 356
13335 38565 7 331 389
13335 38565 8 139 581
13335 38565 9 229 491
13335 38565 10 374 346
!sus 12713 23947 7 3 1 attackers:12713;victims:131111;type:2;valid_origin:True;recurrent:True;local:False
12713 23947 1 0 1
12713 23947 2 0 1
12713 23947 3 0 1
12713 23947 4 1 0
12713 23947 5 1 0
12713 23947 6 1 0
12713 23947 7 1 0
12713 23947 8 1 0
12713 23947 9 1 0
12713 23947 10 1 0
!sus 272073 273909 5 5 3 attackers:272073;victims:273909;type:1;valid_origin:True;recurrent:True;local:False
272073 273909 1 3 0
272073 273909 2 3 0
272073 273909 3 3 0
272073 273909 4 3 0
272073 273909 5 1 2
272073 273909 6 1 2
272073 273909 7 1 2
272073 273909 8 3 0
272073 273909 9 0 3
272073 273909 10 1 2
!sus 3303 201054 2 8 10 attackers:3303;victims:51960,198430,52079,56838,43093,60552,205604,57121,8819;type:2,3;valid_origin:True;recurrent:True;local:True
3303 201054 1 1 9
3303 201054 2 1 9
3303 201054 3 1 9
3303 201054 4 0 10
3303 201054 5 1 9
3303 201054 6 1 9
3303 201054 7 1 9
3303 201054 8 10 0
3303 201054 9 1 9
3303 201054 10 10 0
!sus 44356 264409 9 1 14 attackers:44356;victims:271010;type:4;valid_origin:True;recurrent:True;local:False
44356 264409 1 0 14
44356 264409 2 14 0
44356 264409 3 14 0
44356 264409 4 14 0
44356 264409 5 14 0
44356 264409 6 14 0
44356 264409 7 14 0
44356 264409 8 14 0
44356 264409 9 14 0
44356 264409 10 14 0
!sus 44324 134835 0 10 8 attackers:134835;victims:44324;type:1;valid_origin:True;recurrent:True;local:False
44324 134835 1 0 8
44324 134835 2 0 8
44324 134835 3 0 8
44324 134835 4 0 8
44324 134835 5 0 8
44324 134835 6 0 8
44324 134835 7 0 8
44324 134835 8 0 8
44324 134835 9 0 8
44324 134835 10 0 8
!sus 198825 207466 0 10 114 attackers:198825;victims:207466;type:1;valid_origin:True;recurrent:True;local:False
198825 207466 1 0 114
198825 207466 2 0 114
198825 207466 3 1 113
198825 207466 4 6 108
198825 207466 5 7 107
198825 207466 6 7 107
198825 207466 7 10 104
198825 207466 8 19 95
198825 207466 9 7 107
198825 207466 10 11 103
!sus 211826 213894 3 7 1 attackers:211826;victims:213894;type:1;valid_origin:True;recurrent:True;local:False
211826 213894 1 1 0
211826 213894 2 0 1
211826 213894 3 1 0
211826 213894 4 0 1
211826 213894 5 0 1
211826 213894 6 1 0
211826 213894 7 0 1
211826 213894 8 0 1
211826 213894 9 0 1
211826 213894 10 0 1
!sus 6797 12552 1 9 5 attackers:12552;victims:6797;type:1;valid_origin:True;recurrent:True;local:False
6797 12552 1 4 1
6797 12552 2 0 5
6797 12552 3 0 5
6797 12552 4 0 5
6797 12552 5 0 5
6797 12552 6 0 5
6797 12552 7 0 5
6797 12552 8 0 5
6797 12552 9 0 5
6797 12552 10 0 5
!sus 200781 215682 1 9 5 attackers:200781;victims:215682;type:1;valid_origin:True;recurrent:True;local:False
200781 215682 1 1 4
200781 215682 2 0 5
200781 215682 3 0 5
200781 215682 4 0 5
200781 215682 5 0 5
200781 215682 6 1 4
200781 215682 7 2 3
200781 215682 8 3 2
200781 215682 9 0 5
200781 215682 10 1 4
!leg 6939 26682 10 0 55 attackers:6939;victims:26682;type:1;valid_origin:True;recurrent:False;local:False
6939 26682 1 55 0
6939 26682 2 55 0
6939 26682 3 55 0
6939 26682 4 55 0
6939 26682 5 55 0
6939 26682 6 55 0
6939 26682 7 55 0
6939 26682 8 55 0
6939 26682 9 55 0
6939 26682 10 55 0
!sus 59514 201814 9 1 1 attackers:59514;victims:201814;type:1;valid_origin:True;recurrent:True;local:True
59514 201814 1 0 1
59514 201814 2 1 0
59514 201814 3 1 0
59514 201814 4 1 0
59514 201814 5 1 0
59514 201814 6 1 0
59514 201814 7 1 0
59514 201814 8 1 0
59514 201814 9 1 0
59514 201814 10 1 0
!sus 8641 263009 9 1 1 attackers:263009;victims:48108;type:2;valid_origin:True;recurrent:False;local:False
8641 263009 1 0 1
8641 263009 2 1 0
8641 263009 3 1 0
8641 263009 4 1 0
8641 263009 5 1 0
8641 263009 6 1 0
8641 263009 7 1 0
8641 263009 8 1 0
8641 263009 9 1 0
8641 263009 10 1 0
!leg 42337 213775 10 0 589 attackers:42337;victims:213775,216344;type:1,2;valid_origin:True;recurrent:False;local:False
42337 213775 1 589 0
42337 213775 2 589 0
42337 213775 3 589 0
42337 213775 4 589 0
42337 213775 5 589 0
42337 213775 6 589 0
42337 213775 7 589 0
42337 213775 8 589 0
42337 213775 9 589 0
42337 213775 10 589 0
!sus 49367 136258 9 1 11 attackers:49367;victims:136258;type:1;valid_origin:True;recurrent:True;local:False
49367 136258 1 0 11
49367 136258 2 7 4
49367 136258 3 10 1
49367 136258 4 11 0
49367 136258 5 11 0
49367 136258 6 11 0
49367 136258 7 11 0
49367 136258 8 11 0
49367 136258 9 11 0
49367 136258 10 11 0
!sus 262589 267807 1 9 4 attackers:262589;victims:267807;type:1;valid_origin:True;recurrent:True;local:False
262589 267807 1 0 4
262589 267807 2 0 4
262589 267807 3 1 3
262589 267807 4 1 3
262589 267807 5 1 3
262589 267807 6 1 3
262589 267807 7 0 4
262589 267807 8 0 4
262589 267807 9 1 3
262589 267807 10 4 0
!sus 142271 149714 9 1 1 attackers:142271;victims:149714;type:1;valid_origin:True;recurrent:True;local:True
142271 149714 1 0 1
142271 149714 2 1 0
142271 149714 3 1 0
142271 149714 4 1 0
142271 149714 5 1 0
142271 149714 6 1 0
142271 149714 7 1 0
142271 149714 8 1 0
142271 149714 9 1 0
142271 149714 10 1 0
!sus 55836 152497 8 2 3 attackers:55836;victims:152497;type:1;valid_origin:True;recurrent:True;local:False
55836 152497 1 3 0
55836 152497 2 3 0
55836 152497 3 2 1
55836 152497 4 3 0
55836 152497 5 2 1
55836 152497 6 0 3
55836 152497 7 2 1
55836 152497 8 2 1
55836 152497 9 2 1
55836 152497 10 1 2
!sus 262589 272801 0 10 10 attackers:262589;victims:272801;type:1;valid_origin:True;recurrent:True;local:False
262589 272801 1 0 10
262589 272801 2 0 10
262589 272801 3 0 10
262589 272801 4 0 10
262589 272801 5 0 10
262589 272801 6 0 10
262589 272801 7 0 10
262589 272801 8 0 10
262589 272801 9 0 10
262589 272801 10 0 10
!leg 17433 214013 10 0 1 attackers:17433;victims:214013;type:1;valid_origin:False;recurrent:True;local:False
17433 214013 1 1 0
17433 214013 2 1 0
17433 214013 3 1 0
17433 214013 4 1 0
17433 214013 5 1 0
17433 214013 6 1 0
17433 214013 7 1 0
17433 214013 8 1 0
17433 214013 9 1 0
17433 214013 10 1 0
!sus 293 23855 9 1 3 attackers:23855;victims:3424,293;type:1,2;valid_origin:True;recurrent:True;local:False
293 23855 1 1 2
293 23855 2 2 1
293 23855 3 2 1
293 23855 4 2 1
293 23855 5 2 1
293 23855 6 2 1
293 23855 7 2 1
293 23855 8 2 1
293 23855 9 2 1
293 23855 10 2 1
!sus 215304 216324 1 9 3 attackers:215304;victims:216324;type:1;valid_origin:True;recurrent:True;local:False
215304 216324 1 0 3
215304 216324 2 0 3
215304 216324 3 0 3
215304 216324 4 0 3
215304 216324 5 1 2
215304 216324 6 2 1
215304 216324 7 0 3
215304 216324 8 0 3
215304 216324 9 1 2
215304 216324 10 1 2
!sus 134835 215343 9 1 6 attackers:134835;victims:215343;type:1;valid_origin:True;recurrent:True;local:False
134835 215343 1 1 5
134835 215343 2 6 0
134835 215343 3 6 0
134835 215343 4 6 0
134835 215343 5 6 0
134835 215343 6 6 0
134835 215343 7 6 0
134835 215343 8 6 0
134835 215343 9 6 0
134835 215343 10 6 0
!sus 204496 213937 6 4 1 attackers:204496;victims:213937;type:1;valid_origin:True;recurrent:True;local:False
204496 213937 1 1 0
204496 213937 2 1 0
204496 213937 3 1 0
204496 213937 4 1 0
204496 213937 5 1 0
204496 213937 6 0 1
204496 213937 7 0 1
204496 213937 8 1 0
204496 213937 9 0 1
204496 213937 10 0 1
!sus 53667 150289 8 2 93 attackers:53667;victims:150289;type:1;valid_origin:True;recurrent:False;local:False
53667 150289 1 0 93
53667 150289 2 11 82
53667 150289 3 51 42
53667 150289 4 86 7
53667 150289 5 86 7
53667 150289 6 88 5
53667 150289 7 88 5
53667 150289 8 88 5
53667 150289 9 88 5
53667 150289 10 88 5
!sus 133210 153454 1 9 12 attackers:133210;victims:153454;type:1;valid_origin:True;recurrent:True;local:False
133210 153454 1 6 6
133210 153454 2 4 8
133210 153454 3 10 2
133210 153454 4 6 6
133210 153454 5 0 12
133210 153454 6 4 8
133210 153454 7 0 12
133210 153454 8 6 6
133210 153454 9 0 12
133210 153454 10 1 11
!sus 63023 214168 0 10 2 attackers:63023;victims:214168;type:1;valid_origin:True;recurrent:True;local:False
63023 214168 1 0 2
63023 214168 2 0 2
63023 214168 3 0 2
63023 214168 4 0 2
63023 214168 5 0 2
63023 214168 6 0 2
63023 214168 7 0 2
63023 214168 8 0 2
63023 214168 9 0 2
63023 214168 10 0 2
!leg 61512 267795 10 0 59 attackers:61512;victims:267795;type:1;valid_origin:True;recurrent:False;local:False
61512 267795 1 59 0
61512 267795 2 59 0
61512 267795 3 59 0
61512 267795 4 59 0
61512 267795 5 59 0
61512 267795 6 59 0
61512 267795 7 59 0
61512 267795 8 59 0
61512 267795 9 59 0
61512 267795 10 59 0
!sus 23061 49592 0 10 1 attackers:49592;victims:23061;type:1;valid_origin:True;recurrent:True;local:False
23061 49592 1 0 1
23061 49592 2 0 1
23061 49592 3 0 1
23061 49592 4 0 1
23061 49592 5 0 1
23061 49592 6 0 1
23061 49592 7 0 1
23061 49592 8 0 1
23061 49592 9 0 1
23061 49592 10 0 1
!sus 15169 131330 7 3 2 attackers:131330;victims:396982;type:2;valid_origin:True;recurrent:False;local:False
15169 131330 1 0 2
15169 131330 2 0 2
15169 131330 3 1 1
15169 131330 4 2 0
15169 131330 5 2 0
15169 131330 6 2 0
15169 131330 7 2 0
15169 131330 8 2 0
15169 131330 9 2 0
15169 131330 10 2 0
!sus 3303 60533 9 1 1 attackers:3303;victims:60533;type:1;valid_origin:True;recurrent:False;local:True
3303 60533 1 0 1
3303 60533 2 1 0
3303 60533 3 1 0
3303 60533 4 1 0
3303 60533 5 1 0
3303 60533 6 1 0
3303 60533 7 1 0
3303 60533 8 1 0
3303 60533 9 1 0
3303 60533 10 1 0
!sus 132822 198949 2 8 10 attackers:198949;victims:132822;type:1;valid_origin:True;recurrent:True;local:False
132822 198949 1 0 10
132822 198949 2 0 10
132822 198949 3 0 10
132822 198949 4 0 10
132822 198949 5 2 8
132822 198949 6 5 5
132822 198949 7 6 4
132822 198949 8 5 5
132822 198949 9 0 10
132822 198949 10 7 3
!sus 15830 149506 4 6 4 attackers:15830;victims:149506;type:1;valid_origin:True;recurrent:True;local:False
15830 149506 1 4 0
15830 149506 2 0 4
15830 149506 3 0 4
15830 149506 4 0 4
15830 149506 5 3 1
15830 149506 6 3 1
15830 149506 7 4 0
15830 149506 8 2 2
15830 149506 9 0 4
15830 149506 10 0 4
!leg 27010 213856 10 0 134 attackers:213856;victims:27010;type:1;valid_origin:True;recurrent:False;local:False
27010 213856 1 134 0
27010 213856 2 134 0
27010 213856 3 134 0
27010 213856 4 134 0
27010 213856 5 134 0
27010 213856 6 134 0
27010 213856 7 134 0
27010 213856 8 134 0
27010 213856 9 134 0
27010 213856 10 134 0
!sus 37100 328750 8 2 2 attackers:37100;victims:328750;type:1;valid_origin:True;recurrent:True;local:False
37100 328750 1 0 2
37100 328750 2 0 2
37100 328750 3 2 0
37100 328750 4 2 0
37100 328750 5 2 0
37100 328750 6 2 0
37100 328750 7 2 0
37100 328750 8 2 0
37100 328750 9 2 0
37100 328750 10 2 0
!sus 136258 152734 0 10 4 attackers:152734;victims:136258;type:1;valid_origin:True;recurrent:True;local:False
136258 152734 1 0 4
136258 152734 2 0 4
136258 152734 3 0 4
136258 152734 4 0 4
136258 152734 5 0 4
136258 152734 6 0 4
136258 152734 7 0 4
136258 152734 8 0 4
136258 152734 9 0 4
136258 152734 10 0 4
!sus 48407 50300 1 9 122 attackers:50300;victims:48407;type:1;valid_origin:True;recurrent:True;local:False
48407 50300 1 0 122
48407 50300 2 0 122
48407 50300 3 6 116
48407 50300 4 4 118
48407 50300 5 21 101
48407 50300 6 28 94
48407 50300 7 26 96
48407 50300 8 53 69
48407 50300 9 69 53
48407 50300 10 48 74
!sus 2027 203062 0 10 4 attackers:2027;victims:203062;type:1;valid_origin:True;recurrent:True;local:False
2027 203062 1 0 4
2027 203062 2 0 4
2027 203062 3 0 4
2027 203062 4 0 4
2027 203062 5 0 4
2027 203062 6 0 4
2027 203062 7 0 4
2027 203062 8 0 4
2027 203062 9 1 3
2027 203062 10 0 4
!leg 24342 139928 10 0 54 attackers:24342;victims:139928;type:1;valid_origin:True;recurrent:False;local:False
24342 139928 1 54 0
24342 139928 2 54 0
24342 139928 3 54 0
24342 139928 4 54 0
24342 139928 5 54 0
24342 139928 6 54 0
24342 139928 7 54 0
24342 139928 8 54 0
24342 139928 9 54 0
24342 139928 10 54 0
!sus 45230 132238 0 10 1 attackers:45230;victims:132238;type:1;valid_origin:True;recurrent:True;local:False
45230 132238 1 0 1
45230 132238 2 0 1
45230 132238 3 0 1
45230 132238 4 0 1
45230 132238 5 0 1
45230 132238 6 0 1
45230 132238 7 0 1
45230 132238 8 0 1
45230 132238 9 0 1
45230 132238 10 0 1
!sus 207336 210152 3 7 3 attackers:207336;victims:206125;type:3;valid_origin:True;recurrent:True;local:False
207336 210152 1 0 3
207336 210152 2 0 3
207336 210152 3 0 3
207336 210152 4 1 2
207336 210152 5 1 2
207336 210152 6 1 2
207336 210152 7 1 2
207336 210152 8 3 0
207336 210152 9 3 0
207336 210152 10 3 0
!sus 209605 214295 8 2 1 attackers:209605;victims:214295;type:1;valid_origin:True;recurrent:True;local:False
209605 214295 1 1 0
209605 214295 2 1 0
209605 214295 3 1 0
209605 214295 4 1 0
209605 214295 5 1 0
209605 214295 6 0 1
209605 214295 7 1 0
209605 214295 8 1 0
209605 214295 9 0 1
209605 214295 10 1 0
!leg 30058 35625 10 0 1 attackers:35625;victims:210644;type:2;valid_origin:True;recurrent:True;local:False
30058 35625 1 1 0
30058 35625 2 1 0
30058 35625 3 1 0
30058 35625 4 1 0
30058 35625 5 1 0
30058 35625 6 1 0
30058 35625 7 1 0
30058 35625 8 1 0
30058 35625 9 1 0
30058 35625 10 1 0
!leg 56246 58495 10 0 22 attackers:58495;victims:56229;type:4;valid_origin:True;recurrent:False;local:False
56246 58495 1 22 0
56246 58495 2 22 0
56246 58495 3 22 0
56246 58495 4 22 0
56246 58495 5 22 0
56246 58495 6 22 0
56246 58495 7 22 0
56246 58495 8 22 0
56246 58495 9 22 0
56246 58495 10 22 0
!sus 37447 329269 7 3 12 attackers:37447;victims:329269;type:1;valid_origin:True;recurrent:True;local:False
37447 329269 1 0 12
37447 329269 2 0 12
37447 329269 3 10 2
37447 329269 4 7 5
37447 329269 5 0 12
37447 329269 6 11 1
37447 329269 7 8 4
37447 329269 8 12 0
37447 329269 9 12 0
37447 329269 10 12 0
!leg 1680 61696 10 0 1 attackers:61696;victims:43842;type:2;valid_origin:True;recurrent:True;local:False
1680 61696 1 1 0
1680 61696 2 1 0
1680 61696 3 1 0
1680 61696 4 1 0
1680 61696 5 1 0
1680 61696 6 1 0
1680 61696 7 1 0
1680 61696 8 1 0
1680 61696 9 1 0
1680 61696 10 1 0
!sus 41033 213921 0 10 1 attackers:41033;victims:213921;type:1;valid_origin:True;recurrent:True;local:False
41033 213921 1 0 1
41033 213921 2 0 1
41033 213921 3 0 1
41033 213921 4 0 1
41033 213921 5 0 1
41033 213921 6 0 1
41033 213921 7 0 1
41033 213921 8 0 1
41033 213921 9 0 1
41033 213921 10 0 1
!sus 34872 153176 7 3 2 attackers:34872;victims:153176;type:1;valid_origin:True;recurrent:True;local:False
34872 153176 1 0 2
34872 153176 2 0 2
34872 153176 3 1 1
34872 153176 4 2 0
34872 153176 5 2 0
34872 153176 6 2 0
34872 153176 7 2 0
34872 153176 8 2 0
34872 153176 9 2 0
34872 153176 10 2 0
!sus 263528 267501 0 10 4 attackers:267501;victims:263528;type:1;valid_origin:True;recurrent:True;local:False
263528 267501 1 1 3
263528 267501 2 2 2
263528 267501 3 2 2
263528 267501 4 2 2
263528 267501 5 2 2
263528 267501 6 2 2
263528 267501 7 2 2
263528 267501 8 2 2
263528 267501 9 2 2
263528 267501 10 2 2
!sus 203842 214116 9 1 1 attackers:203842;victims:214116;type:1;valid_origin:True;recurrent:True;local:False
203842 214116 1 1 0
203842 214116 2 1 0
203842 214116 3 1 0
203842 214116 4 1 0
203842 214116 5 1 0
203842 214116 6 0 1
203842 214116 7 1 0
203842 214116 8 1 0
203842 214116 9 1 0
203842 214116 10 1 0
!leg 7046 40492 10 0 2 attackers:7046;victims:40492;type:1;valid_origin:True;recurrent:False;local:False
7046 40492 1 2 0
7046 40492 2 2 0
7046 40492 3 2 0
7046 40492 4 2 0
7046 40492 5 2 0
7046 40492 6 2 0
7046 40492 7 2 0
7046 40492 8 2 0
7046 40492 9 2 0
7046 40492 10 2 0
!leg 52941 264054 10 0 32 attackers:52941;victims:264054;type:1;valid_origin:True;recurrent:False;local:False
52941 264054 1 32 0
52941 264054 2 32 0
52941 264054 3 32 0
52941 264054 4 32 0
52941 264054 5 32 0
52941 264054 6 32 0
52941 264054 7 32 0
52941 264054 8 32 0
52941 264054 9 32 0
52941 264054 10 32 0
!sus 209533 213928 4 6 127 attackers:209533;victims:213928;type:1;valid_origin:True;recurrent:True;local:False
209533 213928 1 0 127
209533 213928 2 17 110
209533 213928 3 48 79
209533 213928 4 17 110
209533 213928 5 22 105
209533 213928 6 109 18
209533 213928 7 125 2
209533 213928 8 98 29
209533 213928 9 25 102
209533 213928 10 127 0
!sus 203 10753 0 10 1 attackers:203;victims:10753;type:1;valid_origin:True;recurrent:True;local:False
203 10753 1 0 1
203 10753 2 0 1
203 10753 3 0 1
203 10753 4 0 1
203 10753 5 0 1
203 10753 6 0 1
203 10753 7 0 1
203 10753 8 0 1
203 10753 9 0 1
203 10753 10 0 1
!sus 8849 213884 0 10 2 attackers:8849;victims:213884;type:1;valid_origin:True;recurrent:True;local:False
8849 213884 1 0 2
8849 213884 2 0 2
8849 213884 3 0 2
8849 213884 4 0 2
8849 213884 5 0 2
8849 213884 6 0 2
8849 213884 7 0 2
8849 213884 8 0 2
8849 213884 9 0 2
8849 213884 10 0 2
!sus 2 137889 7 3 11 attackers:137889;victims:2;type:1;valid_origin:False;recurrent:False;local:False
2 137889 1 0 11
2 137889 2 3 8
2 137889 3 6 5
2 137889 4 5 6
2 137889 5 7 4
2 137889 6 7 4
2 137889 7 7 4
2 137889 8 7 4
2 137889 9 7 4
2 137889 10 7 4
!leg 35133 49033 10 0 1 attackers:35133;victims:49033;type:1;valid_origin:True;recurrent:True;local:False
35133 49033 1 1 0
35133 49033 2 1 0
35133 49033 3 1 0
35133 49033 4 1 0
35133 49033 5 1 0
35133 49033 6 1 0
35133 49033 7 1 0
35133 49033 8 1 0
35133 49033 9 1 0
35133 49033 10 1 0
!sus 137085 150061 1 9 41 attackers:137085;victims:137085;type:2;valid_origin:False;recurrent:True;local:False
137085 150061 1 24 17
137085 150061 2 10 31
137085 150061 3 3 38
137085 150061 4 2 39
137085 150061 5 2 39
137085 150061 6 1 40
137085 150061 7 1 40
137085 150061 8 1 40
137085 150061 9 2 39
137085 150061 10 2 39
!sus 214654 215304 1 9 8 attackers:215304;victims:214654;type:1;valid_origin:True;recurrent:True;local:False
214654 215304 1 0 8
214654 215304 2 3 5
214654 215304 3 4 4
214654 215304 4 0 8
214654 215304 5 1 7
214654 215304 6 0 8
214654 215304 7 8 0
214654 215304 8 0 8
214654 215304 9 0 8
214654 215304 10 0 8
!sus 47105 51765 0 10 3 attackers:51765;victims:47105;type:1;valid_origin:True;recurrent:True;local:False
47105 51765 1 0 3
47105 51765 2 0 3
47105 51765 3 0 3
47105 51765 4 0 3
47105 51765 5 0 3
47105 51765 6 0 3
47105 51765 7 0 3
47105 51765 8 0 3
47105 51765 9 0 3
47105 51765 10 0 3
!sus 3269 213970 8 2 18 attackers:3269;victims:213970;type:1;valid_origin:True;recurrent:True;local:False
3269 213970 1 18 0
3269 213970 2 18 0
3269 213970 3 17 1
3269 213970 4 18 0
3269 213970 5 18 0
3269 213970 6 3 15
3269 213970 7 16 2
3269 213970 8 18 0
3269 213970 9 14 4
3269 213970 10 9 9
!sus 13335 267056 2 8 1 attackers:267056;victims:13335;type:1;valid_origin:True;recurrent:True;local:False
13335 267056 1 0 1
13335 267056 2 0 1
13335 267056 3 0 1
13335 267056 4 0 1
13335 267056 5 0 1
13335 267056 6 0 1
13335 267056 7 1 0
13335 267056 8 0 1
13335 267056 9 0 1
13335 267056 10 1 0
!sus 37497 51873 8 2 1 attackers:51873;victims:37497;type:1;valid_origin:True;recurrent:True;local:True
37497 51873 1 0 1
37497 51873 2 0 1
37497 51873 3 1 0
37497 51873 4 1 0
37497 51873 5 1 0
37497 51873 6 1 0
37497 51873 7 1 0
37497 51873 8 1 0
37497 51873 9 1 0
37497 51873 10 1 0
!sus 100 16158 0 10 2 attackers:16158;victims:100;type:1;valid_origin:True;recurrent:True;local:False
100 16158 1 1 1
100 16158 2 1 1
100 16158 3 1 1
100 16158 4 1 1
100 16158 5 1 1
100 16158 6 1 1
100 16158 7 1 1
100 16158 8 1 1
100 16158 9 1 1
100 16158 10 1 1
!leg 6 137889 10 0 11 attackers:137889;victims:6;type:1;valid_origin:False;recurrent:False;local:False
6 137889 1 7 4
6 137889 2 10 1
6 137889 3 10 1
6 137889 4 10 1
6 137889 5 10 1
6 137889 6 10 1
6 137889 7 10 1
6 137889 8 10 1
6 137889 9 10 1
6 137889 10 10 1
!leg 23956 149309 10 0 2 attackers:149309;victims:152916;type:2;valid_origin:True;recurrent:False;local:False
23956 149309 1 2 0
23956 149309 2 2 0
23956 149309 3 2 0
23956 149309 4 2 0
23956 149309 5 2 0
23956 149309 6 2 0
23956 149309 7 2 0
23956 149309 8 2 0
23956 149309 9 2 0
23956 149309 10 2 0
!sus 18734 21859 0 10 12 attackers:18734;victims:21859;type:1;valid_origin:True;recurrent:True;local:False
18734 21859 1 0 12
18734 21859 2 0 12
18734 21859 3 0 12
18734 21859 4 0 12
18734 21859 5 0 12
18734 21859 6 0 12
18734 21859 7 0 12
18734 21859 8 0 12
18734 21859 9 0 12
18734 21859 10 1 11
!leg 35625 43445 10 0 1 attackers:35625;victims:43445;type:1;valid_origin:True;recurrent:False;local:False
35625 43445 1 1 0
35625 43445 2 1 0
35625 43445 3 1 0
35625 43445 4 1 0
35625 43445 5 1 0
35625 43445 6 1 0
35625 43445 7 1 0
35625 43445 8 1 0
35625 43445 9 1 0
35625 43445 10 1 0
!sus 262663 264953 0 10 7 attackers:264953;victims:262663;type:1;valid_origin:True;recurrent:True;local:False
262663 264953 1 0 7
262663 264953 2 0 7
262663 264953 3 0 7
262663 264953 4 0 7
262663 264953 5 0 7
262663 264953 6 0 7
262663 264953 7 0 7
262663 264953 8 0 7
262663 264953 9 0 7
262663 264953 10 0 7
!sus 30844 328722 9 1 3 attackers:30844;victims:328722;type:1;valid_origin:True;recurrent:True;local:False
30844 328722 1 0 3
30844 328722 2 3 0
30844 328722 3 3 0
30844 328722 4 3 0
30844 328722 5 3 0
30844 328722 6 3 0
30844 328722 7 3 0
30844 328722 8 3 0
30844 328722 9 3 0
30844 328722 10 3 0
!leg 39351 204564 10 0 1 attackers:39351;victims:204564;type:1;valid_origin:True;recurrent:False;local:True
39351 204564 1 1 0
39351 204564 2 1 0
39351 204564 3 1 0
39351 204564 4 1 0
39351 204564 5 1 0
39351 204564 6 1 0
39351 204564 7 1 0
39351 204564 8 1 0
39351 204564 9 1 0
39351 204564 10 1 0
!sus 12310 64289 6 4 1 attackers:12310;victims:214008;type:4;valid_origin:True;recurrent:True;local:False
12310 64289 1 0 1
12310 64289 2 0 1
12310 64289 3 0 1
12310 64289 4 0 1
12310 64289 5 1 0
12310 64289 6 1 0
12310 64289 7 1 0
12310 64289 8 1 0
12310 64289 9 1 0
12310 64289 10 1 0
!sus 33922 49912 0 10 337 attackers:33922;victims:49912;type:1;valid_origin:False;recurrent:True;local:False
33922 49912 1 68 269
33922 49912 2 0 337
33922 49912 3 126 211
33922 49912 4 0 337
33922 49912 5 0 337
33922 49912 6 99 238
33922 49912 7 30 307
33922 49912 8 45 292
33922 49912 9 76 261
33922 49912 10 0 337
!sus 137047 153460 9 1 28 attackers:137047;victims:153460;type:1;valid_origin:True;recurrent:True;local:False
137047 153460 1 28 0
137047 153460 2 28 0
137047 153460 3 28 0
137047 153460 4 28 0
137047 153460 5 28 0
137047 153460 6 1 27
137047 153460 7 28 0
137047 153460 8 28 0
137047 153460 9 23 5
137047 153460 10 22 6
!leg 152644 401322 10 0 1 attackers:401322;victims:152644;type:1;valid_origin:True;recurrent:True;local:False
152644 401322 1 1 0
152644 401322 2 1 0
152644 401322 3 1 0
152644 401322 4 1 0
152644 401322 5 1 0
152644 401322 6 1 0
152644 401322 7 1 0
152644 401322 8 1 0
152644 401322 9 1 0
152644 401322 10 1 0
!sus 23470 152698 8 2 7 attackers:23470;victims:152698;type:1;valid_origin:False;recurrent:True;local:False
23470 152698 1 0 7
23470 152698 2 0 7
23470 152698 3 7 0
23470 152698 4 7 0
23470 152698 5 7 0
23470 152698 6 7 0
23470 152698 7 7 0
23470 152698 8 7 0
23470 152698 9 7 0
23470 152698 10 7 0
!sus 29028 262589 8 2 1 attackers:262589;victims:29028;type:1;valid_origin:True;recurrent:True;local:False
29028 262589 1 0 1
29028 262589 2 0 1
29028 262589 3 1 0
29028 262589 4 1 0
29028 262589 5 1 0
29028 262589 6 1 0
29028 262589 7 1 0
29028 262589 8 1 0
29028 262589 9 1 0
29028 262589 10 1 0
!sus 9116 31133 7 3 1 attackers:31133;victims:61102;type:3;valid_origin:True;recurrent:True;local:False
9116 31133 1 0 1
9116 31133 2 0 1
9116 31133 3 1 0
9116 31133 4 0 1
9116 31133 5 1 0
9116 31133 6 1 0
9116 31133 7 1 0
9116 31133 8 1 0
9116 31133 9 1 0
9116 31133 10 1 0
!sus 152900 214999 0 10 8 attackers:152900;victims:214999;type:1;valid_origin:True;recurrent:True;local:False
152900 214999 1 0 8
152900 214999 2 0 8
152900 214999 3 0 8
152900 214999 4 0 8
152900 214999 5 2 6
152900 214999 6 2 6
152900 214999 7 3 5
152900 214999 8 2 6
152900 214999 9 3 5
152900 214999 10 4 4
!sus 6939 7303 4 6 68 attackers:6939;victims:27997,263235,27768,64117,272803,27875;type:2,3;valid_origin:True;recurrent:True;local:False
6939 7303 1 18 50
6939 7303 2 21 47
6939 7303 3 31 37
6939 7303 4 43 25
6939 7303 5 21 47
6939 7303 6 28 40
6939 7303 7 61 7
6939 7303 8 58 10
6939 7303 9 25 43
6939 7303 10 62 6
!sus 270052 273165 9 1 1 attackers:273165;victims:270052;type:1;valid_origin:True;recurrent:True;local:False
270052 273165 1 0 1
270052 273165 2 1 0
270052 273165 3 1 0
270052 273165 4 1 0
270052 273165 5 1 0
270052 273165 6 1 0
270052 273165 7 1 0
270052 273165 8 1 0
270052 273165 9 1 0
270052 273165 10 1 0
!leg 50104 55518 10 0 1 attackers:55518;victims:50104;type:1;valid_origin:True;recurrent:False;local:False
50104 55518 1 1 0
50104 55518 2 1 0
50104 55518 3 1 0
50104 55518 4 1 0
50104 55518 5 1 0
50104 55518 6 1 0
50104 55518 7 1 0
50104 55518 8 1 0
50104 55518 9 1 0
50104 55518 10 1 0
!leg 52941 267055 10 0 19 attackers:52941;victims:268288;type:2;valid_origin:True;recurrent:False;local:False
52941 267055 1 19 0
52941 267055 2 19 0
52941 267055 3 19 0
52941 267055 4 19 0
52941 267055 5 19 0
52941 267055 6 19 0
52941 267055 7 19 0
52941 267055 8 19 0
52941 267055 9 19 0
52941 267055 10 19 0
!sus 32884 328847 0 10 1 attackers:328847;victims:32884;type:1;valid_origin:True;recurrent:True;local:False
32884 328847 1 0 1
32884 328847 2 0 1
32884 328847 3 0 1
32884 328847 4 0 1
32884 328847 5 0 1
32884 328847 6 0 1
32884 328847 7 0 1
32884 328847 8 0 1
32884 328847 9 0 1
32884 328847 10 0 1
!leg 262355 265294 10 0 1 attackers:262355;victims:265294;type:1;valid_origin:True;recurrent:False;local:False
262355 265294 1 1 0
262355 265294 2 1 0
262355 265294 3 1 0
262355 265294 4 1 0
262355 265294 5 1 0
262355 265294 6 1 0
262355 265294 7 1 0
262355 265294 8 1 0
262355 265294 9 1 0
262355 265294 10 1 0
!leg 35708 140682 10 0 1 attackers:35708;victims:140682;type:1;valid_origin:True;recurrent:False;local:True
35708 140682 1 1 0
35708 140682 2 1 0
35708 140682 3 1 0
35708 140682 4 1 0
35708 140682 5 1 0
35708 140682 6 1 0
35708 140682 7 1 0
35708 140682 8 1 0
35708 140682 9 1 0
35708 140682 10 1 0
!leg 24579 199995 10 0 21 attackers:24579;victims:209664;type:3;valid_origin:True;recurrent:False;local:False
24579 199995 1 21 0
24579 199995 2 21 0
24579 199995 3 21 0
24579 199995 4 21 0
24579 199995 5 21 0
24579 199995 6 21 0
24579 199995 7 21 0
24579 199995 8 21 0
24579 199995 9 21 0
24579 199995 10 21 0
!leg 262725 328266 10 0 1 attackers:328266;victims:266551;type:3;valid_origin:True;recurrent:True;local:True
262725 328266 1 1 0
262725 328266 2 1 0
262725 328266 3 1 0
262725 328266 4 1 0
262725 328266 5 1 0
262725 328266 6 1 0
262725 328266 7 1 0
262725 328266 8 1 0
262725 328266 9 1 0
262725 328266 10 1 0
!sus 52468 273855 0 10 140 attackers:52468;victims:273855;type:1;valid_origin:True;recurrent:True;local:False
52468 273855 1 8 132
52468 273855 2 5 135
52468 273855 3 17 123
52468 273855 4 10 130
52468 273855 5 0 140
52468 273855 6 0 140
52468 273855 7 0 140
52468 273855 8 2 138
52468 273855 9 0 140
52468 273855 10 0 140
!sus 9498 262791 0 10 513 attackers:262791;victims:59353,135101,133148,56201,55510,138701,153395,136294,134712,58668,141351,9230,24084,131283,23752,134226,134867,142468,136670,132955,136342,140988,400519,132438,147303,137449,153377,38744,135219,137090,140076,152177,19239,58813,151474,45432,137106,146957,134970,139565,151957,138915,150648,138731,152573,135615,133234,136416,135723,147222,136598,136629,132335,137530,215468,151704,151781,136214,141737,141438,134146,138362,136550,132275,146866,45766,45326,139479,63963,135256,141732,134801,149614,139780,132436,135826,149546,137609,139331,135240,138659,140087,150152,133055,151626,138509,133697,136555,138614,137396,132970,139325,63843,149037,150291,151122,45650,55474,132987,146946,150156,133317,134153,147185,18022,149514,138218,151727,45272,151734,150714,139227,150429,138640,134036,147177,153221,133499,152679,63996,137550,135092,136937,137554,136519,149815,141434,17469,45953,134841,137085,149478,139236,45747,56107,24391,136007,142278,17648,38071,401199,45609,135254,149794,136514,137884,135038,23923,38011,137048,149860,139850,133980,55915,150406,139928,152532,150575,131464,138587,138754,140541,136215,139834,18256,58947,24560,138319,136303,133237,137023,136418,139544,136134,45528,137034,133270,139857,151981,55406,137482,151635,137093,138388,137505,140380,64018,134113,135597,7633,139211,152474,152565,137541,136374,136928,152886,203020,207990,140077,132518,132774,137568,132856,138325,134066,134017,135874,146915,135090,131340,137670,135334,141217,23664,141533,150744,138505,151703,4007,147207,140889,138487,132267,23991,153038,38026,139025,136512,134341,63969,137964,17903,137130,136808,147059,137947,149491,138933,150653,58445,4613,132948,149432,136014,142054,140901,136325,132844,24556,137059,138024,38210,141448,140213,137868,139825,9829,136732,152525,138638,142619,137163,134180,2687,138192,141879,64058,149991,13335,134128,137453,137480,55402,137532,4243,133287,139870,139701,137862,54994,137197,132566,140381,139041,214174,141283,133443,38562,59362,137416,141257,36068,137586,138756,136224,138623,5087,153181,132278,134277,133299,38138,139913,64037,138150,149306,24122,134502,140215,151709,58945,24186,138212,141745,38030,139008,137033,141227,139792,141467,151108,137889,38031,137015,135420,134041,152916,135215,136901,134572,63984,133770,135076,150335,135578,151084,140669,152685,137080,9288,56224,133255,138221,134990,140199,149549,135346,132116,142037,132445,134903,134562,140543,136297,38203,149415,132933,151476,135692,141423,140228,152098,38241,45117,141474,147179,150001,140934,7565,134450,152334,133037,153392,137997,150808,140957,138346,23688,142542,136262,134186,150408,151837,10879,150601,141825,134901,212217,58923,147298,59191,132408,137967,139901,149523,147294,40138,141264,150351,146898,136438,138336,4749,137041,151624,152125,58656,137278,18207,134732,64065,135866,131216,139720,141459,141293,59236;type:2,3,4,5,6,7,8;valid_origin:False;recurrent:True;local:True
9498 262791 1 0 513
9498 262791 2 0 513
9498 262791 3 0 513
9498 262791 4 158 355
9498 262791 5 0 513
9498 262791 6 0 513
9498 262791 7 0 513
9498 262791 8 0 513
9498 262791 9 0 513
9498 262791 10 0 513
!sus 60068 401408 1 9 2 attackers:60068;victims:401408;type:1;valid_origin:True;recurrent:True;local:False
60068 401408 1 2 0
60068 401408 2 1 1
60068 401408 3 1 1
60068 401408 4 1 1
60068 401408 5 1 1
60068 401408 6 1 1
60068 401408 7 1 1
60068 401408 8 1 1
60068 401408 9 0 2
60068 401408 10 1 1
!sus 396908 401012 4 6 1 attackers:396908;victims:401012;type:1;valid_origin:True;recurrent:True;local:False
396908 401012 1 1 0
396908 401012 2 1 0
396908 401012 3 1 0
396908 401012 4 1 0
396908 401012 5 0 1
396908 401012 6 0 1
396908 401012 7 0 1
396908 401012 8 0 1
396908 401012 9 0 1
396908 401012 10 0 1
!sus 3300 212565 0 10 2 attackers:3300;victims:212565;type:1;valid_origin:True;recurrent:True;local:False
3300 212565 1 0 2
3300 212565 2 0 2
3300 212565 3 0 2
3300 212565 4 0 2
3300 212565 5 0 2
3300 212565 6 0 2
3300 212565 7 0 2
3300 212565 8 0 2
3300 212565 9 0 2
3300 212565 10 0 2
!sus 135910 152952 5 5 21 attackers:135910;victims:152952;type:1;valid_origin:True;recurrent:True;local:False
135910 152952 1 18 3
135910 152952 2 19 2
135910 152952 3 12 9
135910 152952 4 16 5
135910 152952 5 0 21
135910 152952 6 0 21
135910 152952 7 0 21
135910 152952 8 11 10
135910 152952 9 0 21
135910 152952 10 0 21
!leg 8757 61696 10 0 1 attackers:61696;victims:270842;type:6;valid_origin:True;recurrent:False;local:False
8757 61696 1 1 0
8757 61696 2 1 0
8757 61696 3 1 0
8757 61696 4 1 0
8757 61696 5 1 0
8757 61696 6 1 0
8757 61696 7 1 0
8757 61696 8 1 0
8757 61696 9 1 0
8757 61696 10 1 0
!sus 28462 265606 7 3 1 attackers:265606;victims:28462;type:1;valid_origin:True;recurrent:True;local:False
28462 265606 1 1 0
28462 265606 2 1 0
28462 265606 3 1 0
28462 265606 4 1 0
28462 265606 5 1 0
28462 265606 6 0 1
28462 265606 7 1 0
28462 265606 8 1 0
28462 265606 9 0 1
28462 265606 10 0 1
!sus 16909 47272 9 1 37 attackers:47272;victims:16909;type:1;valid_origin:False;recurrent:False;local:False
16909 47272 1 14 23
16909 47272 2 37 0
16909 47272 3 37 0
16909 47272 4 37 0
16909 47272 5 37 0
16909 47272 6 37 0
16909 47272 7 37 0
16909 47272 8 37 0
16909 47272 9 37 0
16909 47272 10 37 0
!leg 984 214143 10 0 3 attackers:984;victims:214143;type:1;valid_origin:False;recurrent:True;local:False
984 214143 1 3 0
984 214143 2 3 0
984 214143 3 3 0
984 214143 4 3 0
984 214143 5 3 0
984 214143 6 3 0
984 214143 7 3 0
984 214143 8 3 0
984 214143 9 3 0
984 214143 10 2 1
!sus 12552 215403 0 10 1 attackers:12552;victims:215403;type:1;valid_origin:True;recurrent:True;local:False
12552 215403 1 0 1
12552 215403 2 0 1
12552 215403 3 0 1
12552 215403 4 0 1
12552 215403 5 0 1
12552 215403 6 0 1
12552 215403 7 0 1
12552 215403 8 0 1
12552 215403 9 0 1
12552 215403 10 0 1
!sus 131745 199414 9 1 4 attackers:199414;victims:131745;type:1;valid_origin:True;recurrent:True;local:False
131745 199414 1 0 4
131745 199414 2 4 0
131745 199414 3 4 0
131745 199414 4 4 0
131745 199414 5 4 0
131745 199414 6 4 0
131745 199414 7 4 0
131745 199414 8 4 0
131745 199414 9 4 0
131745 199414 10 4 0
!sus 34245 213849 5 5 2 attackers:34245;victims:213849;type:1;valid_origin:True;recurrent:True;local:False
34245 213849 1 0 2
34245 213849 2 0 2
34245 213849 3 0 2
34245 213849 4 0 2
34245 213849 5 1 1
34245 213849 6 2 0
34245 213849 7 2 0
34245 213849 8 2 0
34245 213849 9 2 0
34245 213849 10 2 0
!sus 271900 273882 9 1 3 attackers:271900;victims:273882;type:1;valid_origin:True;recurrent:True;local:False
271900 273882 1 3 0
271900 273882 2 3 0
271900 273882 3 3 0
271900 273882 4 3 0
271900 273882 5 3 0
271900 273882 6 0 3
271900 273882 7 3 0
271900 273882 8 3 0
271900 273882 9 2 1
271900 273882 10 3 0
!sus 2607 3303 9 1 1 attackers:3303;victims:2607;type:1;valid_origin:True;recurrent:False;local:True
2607 3303 1 0 1
2607 3303 2 1 0
2607 3303 3 1 0
2607 3303 4 1 0
2607 3303 5 1 0
2607 3303 6 1 0
2607 3303 7 1 0
2607 3303 8 1 0
2607 3303 9 1 0
2607 3303 10 1 0
!leg 37497 211175 10 0 1 attackers:37497;victims:211175;type:1;valid_origin:True;recurrent:False;local:True
37497 211175 1 1 0
37497 211175 2 1 0
37497 211175 3 1 0
37497 211175 4 1 0
37497 211175 5 1 0
37497 211175 6 1 0
37497 211175 7 1 0
37497 211175 8 1 0
37497 211175 9 1 0
37497 211175 10 1 0
!sus 13378 50131 3 7 6 attackers:50131;victims:13378;type:1;valid_origin:False;recurrent:True;local:False
13378 50131 1 6 0
13378 50131 2 0 6
13378 50131 3 4 2
13378 50131 4 0 6
13378 50131 5 0 6
13378 50131 6 0 6
13378 50131 7 4 2
13378 50131 8 1 5
13378 50131 9 0 6
13378 50131 10 0 6
!sus 50053 51396 8 2 6 attackers:51396;victims:50053;type:1;valid_origin:True;recurrent:True;local:False
50053 51396 1 0 6
50053 51396 2 4 2
50053 51396 3 2 4
50053 51396 4 5 1
50053 51396 5 6 0
50053 51396 6 6 0
50053 51396 7 6 0
50053 51396 8 6 0
50053 51396 9 6 0
50053 51396 10 6 0
!sus 1299 214228 3 7 1 attackers:1299;victims:214228;type:1;valid_origin:True;recurrent:True;local:False
1299 214228 1 0 1
1299 214228 2 0 1
1299 214228 3 1 0
1299 214228 4 0 1
1299 214228 5 0 1
1299 214228 6 0 1
1299 214228 7 0 1
1299 214228 8 1 0
1299 214228 9 0 1
1299 214228 10 1 0
!sus 30990 30999 7 3 34 attackers:30990;victims:30999;type:1;valid_origin:True;recurrent:True;local:False
30990 30999 1 6 28
30990 30999 2 8 26
30990 30999 3 13 21
30990 30999 4 24 10
30990 30999 5 26 8
30990 30999 6 27 7
30990 30999 7 26 8
30990 30999 8 26 8
30990 30999 9 28 6
30990 30999 10 26 8
!sus 18672 23273 9 1 1 attackers:18672;victims:23273;type:1;valid_origin:True;recurrent:True;local:False
18672 23273 1 1 0
18672 23273 2 1 0
18672 23273 3 1 0
18672 23273 4 1 0
18672 23273 5 1 0
18672 23273 6 0 1
18672 23273 7 1 0
18672 23273 8 1 0
18672 23273 9 1 0
18672 23273 10 1 0
!sus 199414 214382 7 3 1 attackers:199414;victims:214382;type:1;valid_origin:True;recurrent:True;local:False
199414 214382 1 1 0
199414 214382 2 0 1
199414 214382 3 0 1
199414 214382 4 0 1
199414 214382 5 1 0
199414 214382 6 1 0
199414 214382 7 1 0
199414 214382 8 1 0
199414 214382 9 1 0
199414 214382 10 1 0
!sus 34689 212477 8 2 45 attackers:212477;victims:34689;type:1;valid_origin:True;recurrent:True;local:False
34689 212477 1 3 42
34689 212477 2 20 25
34689 212477 3 40 5
34689 212477 4 42 3
34689 212477 5 43 2
34689 212477 6 45 0
34689 212477 7 45 0
34689 212477 8 45 0
34689 212477 9 45 0
34689 212477 10 45 0
!sus 12713 62255 4 6 1 attackers:12713;victims:42148;type:3;valid_origin:True;recurrent:True;local:False
12713 62255 1 0 1
12713 62255 2 0 1
12713 62255 3 0 1
12713 62255 4 0 1
12713 62255 5 0 1
12713 62255 6 1 0
12713 62255 7 1 0
12713 62255 8 0 1
12713 62255 9 1 0
12713 62255 10 1 0
!leg 213775 216344 10 0 423 attackers:213775;victims:216344;type:1;valid_origin:True;recurrent:False;local:False
213775 216344 1 423 0
213775 216344 2 423 0
213775 216344 3 423 0
213775 216344 4 423 0
213775 216344 5 423 0
213775 216344 6 423 0
213775 216344 7 423 0
213775 216344 8 423 0
213775 216344 9 423 0
213775 216344 10 423 0
!sus 34872 213901 8 2 3 attackers:34872;victims:213901;type:1;valid_origin:True;recurrent:True;local:False
34872 213901 1 0 3
34872 213901 2 0 3
34872 213901 3 3 0
34872 213901 4 3 0
34872 213901 5 3 0
34872 213901 6 3 0
34872 213901 7 3 0
34872 213901 8 3 0
34872 213901 9 3 0
34872 213901 10 3 0
!sus 58057 212378 9 1 140 attackers:58057;victims:212378;type:1;valid_origin:True;recurrent:False;local:False
58057 212378 1 25 115
58057 212378 2 73 67
58057 212378 3 88 52
58057 212378 4 110 30
58057 212378 5 107 33
58057 212378 6 116 24
58057 212378 7 120 20
58057 212378 8 120 20
58057 212378 9 127 13
58057 212378 10 117 23
!sus 38823 43745 9 1 5 attackers:38823;victims:43745;type:1;valid_origin:True;recurrent:True;local:False
38823 43745 1 5 0
38823 43745 2 5 0
38823 43745 3 5 0
38823 43745 4 5 0
38823 43745 5 5 0
38823 43745 6 0 5
38823 43745 7 5 0
38823 43745 8 5 0
38823 43745 9 5 0
38823 43745 10 5 0
!sus 214331 214569 0 10 48 attackers:214331;victims:214569;type:1;valid_origin:True;recurrent:True;local:False
214331 214569 1 0 48
214331 214569 2 0 48
214331 214569 3 0 48
214331 214569 4 0 48
214331 214569 5 0 48
214331 214569 6 6 42
214331 214569 7 1 47
214331 214569 8 21 27
214331 214569 9 9 39
214331 214569 10 24 24
!sus 22381 273732 7 3 26 attackers:22381;victims:30383;type:2;valid_origin:True;recurrent:True;local:False
22381 273732 1 1 25
22381 273732 2 2 24
22381 273732 3 4 22
22381 273732 4 25 1
22381 273732 5 26 0
22381 273732 6 26 0
22381 273732 7 26 0
22381 273732 8 26 0
22381 273732 9 26 0
22381 273732 10 26 0
!sus 52468 273082 0 10 2 attackers:52468;victims:273082;type:1;valid_origin:True;recurrent:True;local:False
52468 273082 1 0 2
52468 273082 2 0 2
52468 273082 3 0 2
52468 273082 4 0 2
52468 273082 5 0 2
52468 273082 6 0 2
52468 273082 7 0 2
52468 273082 8 0 2
52468 273082 9 0 2
52468 273082 10 0 2
!leg 174 153418 10 0 90 attackers:174;victims:153418;type:1;valid_origin:True;recurrent:False;local:False
174 153418 1 79 11
174 153418 2 66 24
174 153418 3 74 16
174 153418 4 67 23
174 153418 5 59 31
174 153418 6 60 30
174 153418 7 60 30
174 153418 8 56 34
174 153418 9 57 33
174 153418 10 86 4
!sus 6762 398465 4 6 1 attackers:6762;victims:199856;type:2;valid_origin:True;recurrent:True;local:False
6762 398465 1 0 1
6762 398465 2 0 1
6762 398465 3 0 1
6762 398465 4 0 1
6762 398465 5 0 1
6762 398465 6 0 1
6762 398465 7 1 0
6762 398465 8 1 0
6762 398465 9 1 0
6762 398465 10 1 0
!sus 2780 16758 8 2 5 attackers:16758;victims:2780;type:1;valid_origin:True;recurrent:True;local:False
2780 16758 1 5 0
2780 16758 2 5 0
2780 16758 3 5 0
2780 16758 4 5 0
2780 16758 5 5 0
2780 16758 6 5 0
2780 16758 7 5 0
2780 16758 8 5 0
2780 16758 9 0 5
2780 16758 10 2 3
!leg 38193 132788 10 0 287 attackers:38193;victims:132788;type:1;valid_origin:True;recurrent:False;local:False
38193 132788 1 287 0
38193 132788 2 287 0
38193 132788 3 287 0
38193 132788 4 287 0
38193 132788 5 287 0
38193 132788 6 287 0
38193 132788 7 287 0
38193 132788 8 287 0
38193 132788 9 287 0
38193 132788 10 287 0
!sus 15353 62836 2 8 3 attackers:15353;victims:62836;type:1;valid_origin:True;recurrent:True;local:False
15353 62836 1 3 0
15353 62836 2 0 3
15353 62836 3 3 0
15353 62836 4 1 2
15353 62836 5 1 2
15353 62836 6 0 3
15353 62836 7 0 3
15353 62836 8 1 2
15353 62836 9 0 3
15353 62836 10 1 2
!sus 4788 136106 8 2 2 attackers:136106;victims:38758;type:3;valid_origin:True;recurrent:True;local:False
4788 136106 1 0 2
4788 136106 2 1 1
4788 136106 3 2 0
4788 136106 4 2 0
4788 136106 5 2 0
4788 136106 6 2 0
4788 136106 7 2 0
4788 136106 8 2 0
4788 136106 9 2 0
4788 136106 10 2 0
!sus 56541 565541 9 1 2 attackers:56541;victims:565541;type:1;valid_origin:False;recurrent:True;local:False
56541 565541 1 2 0
56541 565541 2 2 0
56541 565541 3 2 0
56541 565541 4 2 0
56541 565541 5 2 0
56541 565541 6 0 2
56541 565541 7 2 0
56541 565541 8 2 0
56541 565541 9 2 0
56541 565541 10 2 0
!sus 48252 393894 9 1 5 attackers:48252;victims:393894;type:1;valid_origin:True;recurrent:True;local:False
48252 393894 1 0 5
48252 393894 2 5 0
48252 393894 3 5 0
48252 393894 4 5 0
48252 393894 5 5 0
48252 393894 6 5 0
48252 393894 7 5 0
48252 393894 8 5 0
48252 393894 9 5 0
48252 393894 10 5 0
!leg 263009 268904 10 0 113 attackers:263009;victims:268904;type:1;valid_origin:True;recurrent:False;local:False
263009 268904 1 113 0
263009 268904 2 113 0
263009 268904 3 113 0
263009 268904 4 113 0
263009 268904 5 113 0
263009 268904 6 113 0
263009 268904 7 113 0
263009 268904 8 113 0
263009 268904 9 113 0
263009 268904 10 113 0
!sus 210732 213929 8 2 1 attackers:210732;victims:213929;type:1;valid_origin:True;recurrent:True;local:False
210732 213929 1 0 1
210732 213929 2 0 1
210732 213929 3 1 0
210732 213929 4 1 0
210732 213929 5 1 0
210732 213929 6 1 0
210732 213929 7 1 0
210732 213929 8 1 0
210732 213929 9 1 0
210732 213929 10 1 0
!sus 48300 64457 6 4 28 attackers:64457;victims:48300;type:1;valid_origin:True;recurrent:True;local:False
48300 64457 1 28 0
48300 64457 2 25 3
48300 64457 3 3 25
48300 64457 4 11 17
48300 64457 5 26 2
48300 64457 6 0 28
48300 64457 7 22 6
48300 64457 8 26 2
48300 64457 9 0 28
48300 64457 10 19 9
!leg 6777 37497 10 0 1 attackers:6777;victims:37497;type:1;valid_origin:True;recurrent:True;local:False
6777 37497 1 1 0
6777 37497 2 1 0
6777 37497 3 1 0
6777 37497 4 1 0
6777 37497 5 1 0
6777 37497 6 1 0
6777 37497 7 1 0
6777 37497 8 1 0
6777 37497 9 1 0
6777 37497 10 1 0
!sus 59318 139901 4 6 1 attackers:59318;victims:13335;type:2;valid_origin:True;recurrent:True;local:True
59318 139901 1 0 1
59318 139901 2 0 1
59318 139901 3 0 1
59318 139901 4 0 1
59318 139901 5 0 1
59318 139901 6 0 1
59318 139901 7 1 0
59318 139901 8 1 0
59318 139901 9 1 0
59318 139901 10 1 0
!sus 62275 204471 0 10 5 attackers:62275;victims:204471;type:1;valid_origin:True;recurrent:True;local:False
62275 204471 1 0 5
62275 204471 2 2 3
62275 204471 3 2 3
62275 204471 4 2 3
62275 204471 5 2 3
62275 204471 6 2 3
62275 204471 7 2 3
62275 204471 8 2 3
62275 204471 9 2 3
62275 204471 10 2 3
!leg 61696 266248 10 0 1 attackers:61696;victims:266248;type:1;valid_origin:True;recurrent:False;local:False
61696 266248 1 1 0
61696 266248 2 1 0
61696 266248 3 1 0
61696 266248 4 1 0
61696 266248 5 1 0
61696 266248 6 1 0
61696 266248 7 1 0
61696 266248 8 1 0
61696 266248 9 1 0
61696 266248 10 1 0
!sus 199414 214677 8 2 1 attackers:199414;victims:214677;type:1;valid_origin:True;recurrent:True;local:False
199414 214677 1 0 1
199414 214677 2 0 1
199414 214677 3 1 0
199414 214677 4 1 0
199414 214677 5 1 0
199414 214677 6 1 0
199414 214677 7 1 0
199414 214677 8 1 0
199414 214677 9 1 0
199414 214677 10 1 0
!leg 39737 48112 10 0 1 attackers:39737;victims:48112;type:1;valid_origin:True;recurrent:False;local:False
39737 48112 1 1 0
39737 48112 2 1 0
39737 48112 3 1 0
39737 48112 4 1 0
39737 48112 5 1 0
39737 48112 6 1 0
39737 48112 7 1 0
39737 48112 8 1 0
39737 48112 9 1 0
39737 48112 10 1 0
!sus 57304 134654 4 6 1 attackers:57304;victims:153063;type:2;valid_origin:True;recurrent:True;local:False
57304 134654 1 0 1
57304 134654 2 0 1
57304 134654 3 0 1
57304 134654 4 0 1
57304 134654 5 0 1
57304 134654 6 1 0
57304 134654 7 0 1
57304 134654 8 1 0
57304 134654 9 1 0
57304 134654 10 1 0
!sus 13335 37119 0 10 3 attackers:37119;victims:13335;type:1;valid_origin:True;recurrent:True;local:False
13335 37119 1 0 3
13335 37119 2 0 3
13335 37119 3 0 3
13335 37119 4 0 3
13335 37119 5 1 2
13335 37119 6 1 2
13335 37119 7 1 2
13335 37119 8 1 2
13335 37119 9 1 2
13335 37119 10 1 2
!sus 399861 401481 3 7 84 attackers:399861;victims:401481;type:1;valid_origin:True;recurrent:True;local:False
399861 401481 1 77 7
399861 401481 2 77 7
399861 401481 3 21 63
399861 401481 4 71 13
399861 401481 5 1 83
399861 401481 6 0 84
399861 401481 7 0 84
399861 401481 8 0 84
399861 401481 9 0 84
399861 401481 10 0 84
!sus 8529 139938 8 2 1 attackers:8529;victims:139938;type:1;valid_origin:True;recurrent:True;local:False
8529 139938 1 0 1
8529 139938 2 0 1
8529 139938 3 1 0
8529 139938 4 1 0
8529 139938 5 1 0
8529 139938 6 1 0
8529 139938 7 1 0
8529 139938 8 1 0
8529 139938 9 1 0
8529 139938 10 1 0
!sus 39838 267832 3 7 2 attackers:267832;victims:39838;type:1;valid_origin:True;recurrent:True;local:False
39838 267832 1 0 2
39838 267832 2 0 2
39838 267832 3 0 2
39838 267832 4 1 1
39838 267832 5 0 2
39838 267832 6 1 1
39838 267832 7 0 2
39838 267832 8 2 0
39838 267832 9 2 0
39838 267832 10 2 0
!leg 212477 213941 10 0 85 attackers:212477;victims:213941;type:1;valid_origin:True;recurrent:False;local:False
212477 213941 1 85 0
212477 213941 2 85 0
212477 213941 3 85 0
212477 213941 4 85 0
212477 213941 5 85 0
212477 213941 6 85 0
212477 213941 7 85 0
212477 213941 8 85 0
212477 213941 9 85 0
212477 213941 10 85 0
!sus 55836 153227 8 2 6 attackers:55836;victims:153227;type:1;valid_origin:True;recurrent:True;local:False
55836 153227 1 6 0
55836 153227 2 6 0
55836 153227 3 5 1
55836 153227 4 6 0
55836 153227 5 6 0
55836 153227 6 1 5
55836 153227 7 5 1
55836 153227 8 6 0
55836 153227 9 4 2
55836 153227 10 3 3
!sus 8966 215024 2 8 17 attackers:8966;victims:215024;type:1;valid_origin:True;recurrent:True;local:False
8966 215024 1 16 1
8966 215024 2 6 11
8966 215024 3 9 8
8966 215024 4 0 17
8966 215024 5 7 10
8966 215024 6 1 16
8966 215024 7 3 14
8966 215024 8 7 10
8966 215024 9 0 17
8966 215024 10 3 14
!leg 206924 212232 10 0 73 attackers:206924;victims:212232;type:1;valid_origin:True;recurrent:False;local:False
206924 212232 1 58 15
206924 212232 2 61 12
206924 212232 3 70 3
206924 212232 4 73 0
206924 212232 5 73 0
206924 212232 6 73 0
206924 212232 7 73 0
206924 212232 8 73 0
206924 212232 9 73 0
206924 212232 10 73 0
!sus 9498 268976 0 10 530 attackers:268976;victims:59353,135101,56201,55510,153395,136294,134712,58668,141351,9230,24084,131283,23752,142468,134867,136670,132955,136342,140988,400519,132438,147303,137449,153377,132298,135219,137090,152691,152177,19239,45432,137106,149576,146957,134970,139565,150648,138731,152573,135615,21859,133234,135723,147222,149777,136598,136629,132335,3360,137530,134204,215468,151704,151781,141452,141737,141438,138362,136550,132275,146866,45326,139479,63963,135256,141732,152661,135310,134801,149614,132436,135826,149546,137609,139331,135240,138659,140087,150152,136435,133055,151626,138509,133697,136555,138614,132970,139325,142031,133034,63843,149037,151122,45650,55474,132987,146946,135181,150156,131304,133317,48851,147185,38746,133938,18022,149514,138218,151727,45272,151734,150714,139227,138640,134036,136948,147177,153221,133499,212795,152679,63996,137550,136937,137554,141434,17469,45953,134841,137085,149478,139236,45747,24432,56107,24391,136007,17648,24323,38071,401199,45609,135254,149794,136514,137884,135038,23923,139922,137048,149860,133980,55915,139928,135341,152532,150575,131464,138587,138754,140541,136215,58682,18256,24560,138319,136303,133237,137023,139544,136134,45528,137034,133270,151981,55406,137482,137093,151803,138388,139270,137505,140380,64018,135597,147180,7633,139211,152565,131243,137541,136374,136928,152886,203020,207990,140077,132518,132774,137568,132856,138325,134017,135874,146915,135090,131340,36351,137670,135334,141217,23664,141533,150744,138505,151703,136027,4007,147207,149433,138487,132267,153038,38026,136512,134341,63969,137964,17903,137130,136808,147059,137947,59189,45245,138933,38614,149019,150653,58445,4775,4613,150434,132948,400395,142054,136325,132844,24556,137059,138024,141448,38210,149449,139825,136636,9829,136732,152525,138638,140612,142619,137163,134180,2687,138192,141879,64058,13335,134128,137453,137480,55402,135527,4243,139036,133287,139870,139701,137862,54994,137197,132566,140381,45102,54253,140093,139041,214174,141283,38562,59362,137416,141257,36068,137586,138756,136224,138623,5087,153181,36344,46160,132278,134277,133299,64037,38138,139913,137812,149306,24122,140215,151709,58945,140585,24186,138403,56207,141745,138212,38030,136248,137033,141227,139792,151108,137889,38031,137015,135420,134041,152916,135215,136901,138077,63984,133770,135076,150335,151084,140669,137080,56224,133255,138221,133971,134990,140199,149549,58715,132116,142037,132445,134903,134562,140543,136297,151675,38203,149415,132933,135692,141423,140228,152098,38241,45117,147179,140934,150001,136429,7565,134450,152334,133037,153392,137997,138346,23688,142542,136262,134186,150408,151837,10879,150601,141825,134901,212217,149489,58923,135391,59191,137967,139901,147294,150459,40138,139057,141264,146898,136438,138336,4749,147033,137041,151624,152125,138171,150625,58656,137278,18207,134732,64065,135866,134326,131216,141459,141293,132199,59236;type:2,3,4,5,6,7,8;valid_origin:False;recurrent:True;local:True
9498 268976 1 35 495
9498 268976 2 35 495
9498 268976 3 40 490
9498 268976 4 200 330
9498 268976 5 0 530
9498 268976 6 0 530
9498 268976 7 0 530
9498 268976 8 0 530
9498 268976 9 0 530
9498 268976 10 0 530
!leg 209735 215039 10 0 12 attackers:209735;victims:215039,214693;type:1,2;valid_origin:True;recurrent:False;local:False
209735 215039 1 12 0
209735 215039 2 12 0
209735 215039 3 12 0
209735 215039 4 12 0
209735 215039 5 12 0
209735 215039 6 12 0
209735 215039 7 12 0
209735 215039 8 12 0
209735 215039 9 12 0
209735 215039 10 12 0
!leg 24482 36958 10 0 1 attackers:24482;victims:36958;type:1;valid_origin:True;recurrent:False;local:False
24482 36958 1 1 0
24482 36958 2 1 0
24482 36958 3 1 0
24482 36958 4 1 0
24482 36958 5 1 0
24482 36958 6 1 0
24482 36958 7 1 0
24482 36958 8 1 0
24482 36958 9 1 0
24482 36958 10 1 0
!sus 10099 328916 8 2 1 attackers:10099;victims:328916;type:1;valid_origin:True;recurrent:True;local:False
10099 328916 1 0 1
10099 328916 2 0 1
10099 328916 3 1 0
10099 328916 4 1 0
10099 328916 5 1 0
10099 328916 6 1 0
10099 328916 7 1 0
10099 328916 8 1 0
10099 328916 9 1 0
10099 328916 10 1 0
!sus 10075 50629 9 1 1 attackers:50629;victims:10075;type:1;valid_origin:True;recurrent:True;local:True
10075 50629 1 0 1
10075 50629 2 1 0
10075 50629 3 1 0
10075 50629 4 1 0
10075 50629 5 1 0
10075 50629 6 1 0
10075 50629 7 1 0
10075 50629 8 1 0
10075 50629 9 1 0
10075 50629 10 1 0
!sus 207841 212895 8 2 6 attackers:207841;victims:212895;type:1;valid_origin:True;recurrent:True;local:False
207841 212895 1 0 6
207841 212895 2 1 5
207841 212895 3 4 2
207841 212895 4 6 0
207841 212895 5 6 0
207841 212895 6 6 0
207841 212895 7 6 0
207841 212895 8 6 0
207841 212895 9 6 0
207841 212895 10 6 0
!leg 12179 19934 10 0 69 attackers:12179;victims:19934;type:1;valid_origin:True;recurrent:False;local:False
12179 19934 1 69 0
12179 19934 2 69 0
12179 19934 3 69 0
12179 19934 4 69 0
12179 19934 5 69 0
12179 19934 6 69 0
12179 19934 7 69 0
12179 19934 8 69 0
12179 19934 9 69 0
12179 19934 10 69 0
!sus 200088 214349 6 4 1 attackers:200088;victims:214349;type:1;valid_origin:True;recurrent:True;local:False
200088 214349 1 1 0
200088 214349 2 1 0
200088 214349 3 1 0
200088 214349 4 1 0
200088 214349 5 0 1
200088 214349 6 0 1
200088 214349 7 1 0
200088 214349 8 1 0
200088 214349 9 0 1
200088 214349 10 0 1
!sus 51396 64457 9 1 14 attackers:64457;victims:51396;type:1;valid_origin:True;recurrent:True;local:False
51396 64457 1 6 8
51396 64457 2 12 2
51396 64457 3 10 4
51396 64457 4 11 3
51396 64457 5 12 2
51396 64457 6 12 2
51396 64457 7 13 1
51396 64457 8 10 4
51396 64457 9 12 2
51396 64457 10 13 1
!sus 18914 400647 3 7 3 attackers:18914;victims:400647;type:1;valid_origin:True;recurrent:True;local:False
18914 400647 1 3 0
18914 400647 2 3 0
18914 400647 3 1 2
18914 400647 4 0 3
18914 400647 5 2 1
18914 400647 6 1 2
18914 400647 7 1 2
18914 400647 8 1 2
18914 400647 9 0 3
18914 400647 10 1 2
!sus 206262 213900 0 10 91 attackers:206262;victims:213900;type:1;valid_origin:True;recurrent:True;local:False
206262 213900 1 0 91
206262 213900 2 0 91
206262 213900 3 0 91
206262 213900 4 0 91
206262 213900 5 0 91
206262 213900 6 0 91
206262 213900 7 0 91
206262 213900 8 0 91
206262 213900 9 0 91
206262 213900 10 0 91
!sus 41798 199524 0 10 633 attackers:41798;victims:199524;type:1;valid_origin:True;recurrent:True;local:False
41798 199524 1 0 633
41798 199524 2 0 633
41798 199524 3 0 633
41798 199524 4 0 633
41798 199524 5 0 633
41798 199524 6 0 633
41798 199524 7 0 633
41798 199524 8 0 633
41798 199524 9 0 633
41798 199524 10 0 633
!sus 38008 150289 9 1 4 attackers:38008;victims:150289;type:1;valid_origin:True;recurrent:True;local:False
38008 150289 1 0 4
38008 150289 2 3 1
38008 150289 3 4 0
38008 150289 4 4 0
38008 150289 5 4 0
38008 150289 6 4 0
38008 150289 7 4 0
38008 150289 8 4 0
38008 150289 9 4 0
38008 150289 10 4 0
!sus 20473 271201 0 10 2 attackers:271201;victims:213954;type:2;valid_origin:True;recurrent:True;local:False
20473 271201 1 0 2
20473 271201 2 0 2
20473 271201 3 0 2
20473 271201 4 0 2
20473 271201 5 0 2
20473 271201 6 0 2
20473 271201 7 0 2
20473 271201 8 0 2
20473 271201 9 0 2
20473 271201 10 0 2
!leg 58057 213758 10 0 7 attackers:58057;victims:213758;type:1;valid_origin:True;recurrent:False;local:False
58057 213758 1 7 0
58057 213758 2 7 0
58057 213758 3 7 0
58057 213758 4 7 0
58057 213758 5 7 0
58057 213758 6 7 0
58057 213758 7 7 0
58057 213758 8 7 0
58057 213758 9 7 0
58057 213758 10 7 0
!sus 8781 139057 0 10 2 attackers:8781;victims:139057;type:1;valid_origin:True;recurrent:True;local:False
8781 139057 1 1 1
8781 139057 2 1 1
8781 139057 3 1 1
8781 139057 4 1 1
8781 139057 5 1 1
8781 139057 6 1 1
8781 139057 7 1 1
8781 139057 8 1 1
8781 139057 9 1 1
8781 139057 10 1 1
!sus 52320 272730 4 6 1 attackers:52320;victims:262957;type:4;valid_origin:True;recurrent:False;local:False
52320 272730 1 0 1
52320 272730 2 0 1
52320 272730 3 0 1
52320 272730 4 0 1
52320 272730 5 0 1
52320 272730 6 0 1
52320 272730 7 1 0
52320 272730 8 1 0
52320 272730 9 1 0
52320 272730 10 1 0
!leg 52559 268866 10 0 4 attackers:52559;victims:268866;type:1;valid_origin:True;recurrent:False;local:False
52559 268866 1 4 0
52559 268866 2 4 0
52559 268866 3 4 0
52559 268866 4 4 0
52559 268866 5 4 0
52559 268866 6 4 0
52559 268866 7 4 0
52559 268866 8 4 0
52559 268866 9 4 0
52559 268866 10 4 0
!sus 214950 328867 0 10 242 attackers:328867;victims:214950;type:1;valid_origin:True;recurrent:True;local:False
214950 328867 1 0 242
214950 328867 2 0 242
214950 328867 3 0 242
214950 328867 4 0 242
214950 328867 5 0 242
214950 328867 6 0 242
214950 328867 7 0 242
214950 328867 8 0 242
214950 328867 9 0 242
214950 328867 10 0 242
!sus 25091 213868 0 10 2 attackers:25091;victims:213868;type:1;valid_origin:True;recurrent:True;local:False
25091 213868 1 1 1
25091 213868 2 1 1
25091 213868 3 1 1
25091 213868 4 1 1
25091 213868 5 1 1
25091 213868 6 1 1
25091 213868 7 1 1
25091 213868 8 1 1
25091 213868 9 1 1
25091 213868 10 1 1
!sus 26617 269927 8 2 5 attackers:26617;victims:269927;type:1;valid_origin:True;recurrent:True;local:False
26617 269927 1 0 5
26617 269927 2 1 4
26617 269927 3 5 0
26617 269927 4 5 0
26617 269927 5 5 0
26617 269927 6 5 0
26617 269927 7 5 0
26617 269927 8 5 0
26617 269927 9 5 0
26617 269927 10 5 0
!sus 4837 137897 0 10 3 attackers:137897;victims:137897;type:3;valid_origin:False;recurrent:True;local:False
4837 137897 1 0 3
4837 137897 2 0 3
4837 137897 3 0 3
4837 137897 4 0 3
4837 137897 5 0 3
4837 137897 6 0 3
4837 137897 7 1 2
4837 137897 8 0 3
4837 137897 9 0 3
4837 137897 10 0 3
!sus 399861 401457 0 10 46 attackers:399861;victims:401457;type:1;valid_origin:True;recurrent:True;local:False
399861 401457 1 1 45
399861 401457 2 0 46
399861 401457 3 2 44
399861 401457 4 1 45
399861 401457 5 2 44
399861 401457 6 2 44
399861 401457 7 0 46
399861 401457 8 1 45
399861 401457 9 0 46
399861 401457 10 2 44
!sus 13156 20879 8 2 8 attackers:20879;victims:210221,47202,13156;type:1,3;valid_origin:True;recurrent:True;local:False
13156 20879 1 0 8
13156 20879 2 0 8
13156 20879 3 8 0
13156 20879 4 8 0
13156 20879 5 8 0
13156 20879 6 8 0
13156 20879 7 8 0
13156 20879 8 8 0
13156 20879 9 8 0
13156 20879 10 8 0
!sus 153371 209650 5 5 5 attackers:153371;victims:209650;type:1;valid_origin:True;recurrent:True;local:False
153371 209650 1 0 5
153371 209650 2 0 5
153371 209650 3 1 4
153371 209650 4 1 4
153371 209650 5 0 5
153371 209650 6 3 2
153371 209650 7 3 2
153371 209650 8 5 0
153371 209650 9 4 1
153371 209650 10 4 1
!leg 58656 134801 10 0 202 attackers:58656;victims:134801;type:1;valid_origin:True;recurrent:False;local:False
58656 134801 1 202 0
58656 134801 2 202 0
58656 134801 3 202 0
58656 134801 4 202 0
58656 134801 5 202 0
58656 134801 6 202 0
58656 134801 7 202 0
58656 134801 8 202 0
58656 134801 9 202 0
58656 134801 10 202 0
!sus 61112 401434 9 1 16 attackers:61112;victims:401434;type:1;valid_origin:False;recurrent:True;local:False
61112 401434 1 16 0
61112 401434 2 16 0
61112 401434 3 16 0
61112 401434 4 16 0
61112 401434 5 16 0
61112 401434 6 0 16
61112 401434 7 16 0
61112 401434 8 16 0
61112 401434 9 16 0
61112 401434 10 16 0
!leg 53087 264011 10 0 1 attackers:264011;victims:264539;type:2;valid_origin:True;recurrent:False;local:False
53087 264011 1 1 0
53087 264011 2 1 0
53087 264011 3 1 0
53087 264011 4 1 0
53087 264011 5 1 0
53087 264011 6 1 0
53087 264011 7 1 0
53087 264011 8 1 0
53087 264011 9 1 0
53087 264011 10 1 0
!sus 6762 9829 8 2 73 attackers:6762;victims:135139,9829,133715,23770,133287,135236;type:1,2,3;valid_origin:True;recurrent:True;local:False
6762 9829 1 17 56
6762 9829 2 26 47
6762 9829 3 48 25
6762 9829 4 48 25
6762 9829 5 47 26
6762 9829 6 48 25
6762 9829 7 48 25
6762 9829 8 49 24
6762 9829 9 49 24
6762 9829 10 51 22
!leg 34872 214008 10 0 4 attackers:34872;victims:214008;type:1;valid_origin:True;recurrent:False;local:False
34872 214008 1 3 1
34872 214008 2 4 0
34872 214008 3 4 0
34872 214008 4 4 0
34872 214008 5 4 0
34872 214008 6 4 0
34872 214008 7 4 0
34872 214008 8 4 0
34872 214008 9 4 0
34872 214008 10 4 0
!sus 24748 396998 1 9 226 attackers:24748;victims:202651,17293,273091,197795,61464,203739,199366,269514,271267,63068,271204,209371,210250,27656,265210,207582,203758,27697,262899,268099,398736,267293,267135,52962,266353,52635,270924,266226,271612,56309,267355,269245,398395,266361,262273,211585,199608,399838,269556,49099,152700,26277,150493,270441,13984,269444,209737,60503,266440,271345,266937,142299,139648,29889,262663,52794,38638,270865,214547,400860,20278,36666,400529,199707,136523,22184,268138,273744,264974,267096,273448,271236,207796,201064,26904,10431,268854,269609,265053,52210,208324,26616,268942,396356,6921,269075,268712,44810,16686,958,11331,58955,31486,215015,263256,19326,270469,142565,266460,36231,201178,400804,215645,61737,268085,216030,215073,270256,132335,269271,270265,267455,398810,263571,214379,56106,142036,12129,269107,266093,19318,151000,26042,52778,38701,269303,268518,46475,199907,18779,23470,29262,270244,265255,269162,263290,400426,265192,132325,265983,5033,211567,397283,263750,215046,213250,269120,52041,270388,273818,203735,49683,42567,399647,46261,28135,268441,262954,266777,396998,203470,61977,394933,209711,8893,140389,400333,265245,48011,141968,271624,52917,53667,399250,213889,263618,399624,267176,397031,62610,270663,268357,265080,61896,19762,57497,16617,211090,263952,213257,43260,63989,268656,202520,27589,401314,211871,270452,61651,214693,17388,16987,267575,33182,151338,25184,59711,265400,263995,41378,200554,924,12975,264092,60721,51791,271148,271627,28610,270548,264351,46962,30644,207600;type:1,2,3,4,5,6;valid_origin:False;recurrent:True;local:False
24748 396998 1 21 205
24748 396998 2 21 205
24748 396998 3 22 204
24748 396998 4 21 205
24748 396998 5 37 189
24748 396998 6 80 146
24748 396998 7 82 144
24748 396998 8 76 150
24748 396998 9 79 147
24748 396998 10 118 108
!sus 50869 200736 8 2 2 attackers:50869;victims:200736;type:1;valid_origin:True;recurrent:True;local:False
50869 200736 1 0 2
50869 200736 2 0 2
50869 200736 3 2 0
50869 200736 4 2 0
50869 200736 5 2 0
50869 200736 6 2 0
50869 200736 7 2 0
50869 200736 8 2 0
50869 200736 9 2 0
50869 200736 10 2 0
!sus 3462 263009 9 1 4 attackers:263009;victims:3462;type:1;valid_origin:True;recurrent:False;local:False
3462 263009 1 2 2
3462 263009 2 3 1
3462 263009 3 3 1
3462 263009 4 3 1
3462 263009 5 3 1
3462 263009 6 3 1
3462 263009 7 3 1
3462 263009 8 3 1
3462 263009 9 3 1
3462 263009 10 3 1
!sus 203420 213396 6 4 3 attackers:213396;victims:203420;type:1;valid_origin:True;recurrent:True;local:False
203420 213396 1 0 3
203420 213396 2 0 3
203420 213396 3 0 3
203420 213396 4 2 1
203420 213396 5 1 2
203420 213396 6 3 0
203420 213396 7 3 0
203420 213396 8 3 0
203420 213396 9 3 0
203420 213396 10 3 0
!sus 37100 37436 6 4 1 attackers:37100;victims:37436;type:1;valid_origin:True;recurrent:True;local:False
37100 37436 1 0 1
37100 37436 2 0 1
37100 37436 3 0 1
37100 37436 4 0 1
37100 37436 5 1 0
37100 37436 6 1 0
37100 37436 7 1 0
37100 37436 8 1 0
37100 37436 9 1 0
37100 37436 10 1 0
!leg 59605 211175 10 0 1 attackers:59605;victims:211175;type:1;valid_origin:True;recurrent:False;local:False
59605 211175 1 1 0
59605 211175 2 1 0
59605 211175 3 1 0
59605 211175 4 1 0
59605 211175 5 1 0
59605 211175 6 1 0
59605 211175 7 1 0
59605 211175 8 1 0
59605 211175 9 1 0
59605 211175 10 1 0
!leg 137444 150748 10 0 291 attackers:150748;victims:137444;type:1;valid_origin:True;recurrent:False;local:False
137444 150748 1 291 0
137444 150748 2 291 0
137444 150748 3 291 0
137444 150748 4 291 0
137444 150748 5 291 0
137444 150748 6 291 0
137444 150748 7 291 0
137444 150748 8 291 0
137444 150748 9 291 0
137444 150748 10 291 0
!leg 210752 213758 10 0 3 attackers:210752;victims:213758;type:1;valid_origin:True;recurrent:True;local:False
210752 213758 1 3 0
210752 213758 2 3 0
210752 213758 3 3 0
210752 213758 4 3 0
210752 213758 5 3 0
210752 213758 6 3 0
210752 213758 7 3 0
210752 213758 8 3 0
210752 213758 9 3 0
210752 213758 10 3 0
!sus 211619 213999 0 10 3 attackers:211619;victims:213999;type:1;valid_origin:True;recurrent:True;local:False
211619 213999 1 0 3
211619 213999 2 0 3
211619 213999 3 0 3
211619 213999 4 0 3
211619 213999 5 0 3
211619 213999 6 0 3
211619 213999 7 0 3
211619 213999 8 0 3
211619 213999 9 0 3
211619 213999 10 0 3
!sus 49436 262589 4 6 2 attackers:262589;victims:41451,49436;type:1,2;valid_origin:True;recurrent:True;local:False
49436 262589 1 1 1
49436 262589 2 1 1
49436 262589 3 1 1
49436 262589 4 1 1
49436 262589 5 1 1
49436 262589 6 2 0
49436 262589 7 1 1
49436 262589 8 2 0
49436 262589 9 2 0
49436 262589 10 2 0
!sus 13259 49054 9 1 284 attackers:13259;victims:49054;type:1;valid_origin:True;recurrent:True;local:False
13259 49054 1 274 10
13259 49054 2 276 8
13259 49054 3 277 7
13259 49054 4 284 0
13259 49054 5 284 0
13259 49054 6 42 242
13259 49054 7 264 20
13259 49054 8 268 16
13259 49054 9 241 43
13259 49054 10 220 64
!sus 3342 21217 7 3 1 attackers:3342;victims:21217;type:1;valid_origin:True;recurrent:True;local:False
3342 21217 1 0 1
3342 21217 2 0 1
3342 21217 3 0 1
3342 21217 4 1 0
3342 21217 5 1 0
3342 21217 6 1 0
3342 21217 7 1 0
3342 21217 8 1 0
3342 21217 9 1 0
3342 21217 10 1 0
!sus 15525 204057 9 1 3 attackers:15525;victims:204057;type:1;valid_origin:True;recurrent:True;local:False
15525 204057 1 0 3
15525 204057 2 2 1
15525 204057 3 2 1
15525 204057 4 3 0
15525 204057 5 3 0
15525 204057 6 3 0
15525 204057 7 3 0
15525 204057 8 3 0
15525 204057 9 3 0
15525 204057 10 3 0
!sus 1653 39362 9 1 2 attackers:1653;victims:39362;type:1;valid_origin:True;recurrent:True;local:False
1653 39362 1 2 0
1653 39362 2 2 0
1653 39362 3 2 0
1653 39362 4 2 0
1653 39362 5 2 0
1653 39362 6 1 1
1653 39362 7 2 0
1653 39362 8 2 0
1653 39362 9 2 0
1653 39362 10 2 0
!leg 50629 57333 10 0 1 attackers:50629;victims:57333;type:1;valid_origin:True;recurrent:False;local:True
50629 57333 1 1 0
50629 57333 2 1 0
50629 57333 3 1 0
50629 57333 4 1 0
50629 57333 5 1 0
50629 57333 6 1 0
50629 57333 7 1 0
50629 57333 8 1 0
50629 57333 9 1 0
50629 57333 10 1 0
!sus 12 3269 6 4 15 attackers:3269;victims:12;type:1;valid_origin:True;recurrent:True;local:False
12 3269 1 0 15
12 3269 2 6 9
12 3269 3 6 9
12 3269 4 6 9
12 3269 5 15 0
12 3269 6 14 1
12 3269 7 15 0
12 3269 8 15 0
12 3269 9 15 0
12 3269 10 15 0
!leg 3303 48326 10 0 8 attackers:3303;victims:51653,197398,48326,57248,63293,57051,59477,57547;type:1,2,3;valid_origin:True;recurrent:False;local:True
3303 48326 1 7 1
3303 48326 2 7 1
3303 48326 3 7 1
3303 48326 4 7 1
3303 48326 5 7 1
3303 48326 6 7 1
3303 48326 7 8 0
3303 48326 8 8 0
3303 48326 9 8 0
3303 48326 10 8 0
!sus 3303 5617 0 10 16 attackers:3303;victims:202393,198591,59415,47223,41297,196901,60782,58335,39041,198498,56838,197940,203389,216316,8819;type:2,3;valid_origin:True;recurrent:True;local:True
3303 5617 1 2 14
3303 5617 2 0 16
3303 5617 3 5 11
3303 5617 4 4 12
3303 5617 5 5 11
3303 5617 6 5 11
3303 5617 7 5 11
3303 5617 8 4 12
3303 5617 9 5 11
3303 5617 10 5 11
!sus 25467 213904 4 6 1 attackers:25467;victims:213904;type:1;valid_origin:True;recurrent:True;local:False
25467 213904 1 0 1
25467 213904 2 1 0
25467 213904 3 0 1
25467 213904 4 0 1
25467 213904 5 0 1
25467 213904 6 1 0
25467 213904 7 1 0
25467 213904 8 1 0
25467 213904 9 0 1
25467 213904 10 0 1
!sus 54994 139922 0 10 4 attackers:139922;victims:54994;type:1;valid_origin:True;recurrent:True;local:False
54994 139922 1 0 4
54994 139922 2 0 4
54994 139922 3 0 4
54994 139922 4 0 4
54994 139922 5 0 4
54994 139922 6 0 4
54994 139922 7 0 4
54994 139922 8 0 4
54994 139922 9 0 4
54994 139922 10 0 4
!sus 33774 36947 8 2 184 attackers:36947;victims:329494;type:2;valid_origin:True;recurrent:True;local:False
33774 36947 1 148 36
33774 36947 2 128 56
33774 36947 3 137 47
33774 36947 4 125 59
33774 36947 5 102 82
33774 36947 6 69 115
33774 36947 7 134 50
33774 36947 8 115 69
33774 36947 9 0 184
33774 36947 10 119 65
!leg 37662 328760 10 0 2 attackers:328760;victims:328365;type:3;valid_origin:True;recurrent:False;local:False
37662 328760 1 2 0
37662 328760 2 2 0
37662 328760 3 2 0
37662 328760 4 2 0
37662 328760 5 2 0
37662 328760 6 2 0
37662 328760 7 2 0
37662 328760 8 2 0
37662 328760 9 2 0
37662 328760 10 2 0
!leg 48009 62255 10 0 5 attackers:62255;victims:48009;type:1;valid_origin:True;recurrent:False;local:False
48009 62255 1 5 0
48009 62255 2 5 0
48009 62255 3 5 0
48009 62255 4 5 0
48009 62255 5 5 0
48009 62255 6 5 0
48009 62255 7 5 0
48009 62255 8 5 0
48009 62255 9 5 0
48009 62255 10 5 0
!sus 271253 274665 0 10 3 attackers:271253;victims:274665;type:1;valid_origin:True;recurrent:True;local:False
271253 274665 1 1 2
271253 274665 2 0 3
271253 274665 3 1 2
271253 274665 4 0 3
271253 274665 5 0 3
271253 274665 6 0 3
271253 274665 7 0 3
271253 274665 8 0 3
271253 274665 9 0 3
271253 274665 10 0 3
!sus 21826 64120 4 6 100 attackers:21826;victims:64120;type:1;valid_origin:True;recurrent:True;local:False
21826 64120 1 0 100
21826 64120 2 0 100
21826 64120 3 0 100
21826 64120 4 2 98
21826 64120 5 7 93
21826 64120 6 55 45
21826 64120 7 46 54
21826 64120 8 68 32
21826 64120 9 63 37
21826 64120 10 71 29
!sus 8866 61696 4 6 1 attackers:61696;victims:8866;type:1;valid_origin:True;recurrent:False;local:False
8866 61696 1 0 1
8866 61696 2 0 1
8866 61696 3 0 1
8866 61696 4 0 1
8866 61696 5 0 1
8866 61696 6 1 0
8866 61696 7 0 1
8866 61696 8 1 0
8866 61696 9 1 0
8866 61696 10 1 0
!sus 44324 213856 0 10 31 attackers:213856;victims:44324;type:1;valid_origin:True;recurrent:True;local:False
44324 213856 1 0 31
44324 213856 2 1 30
44324 213856 3 1 30
44324 213856 4 1 30
44324 213856 5 1 30
44324 213856 6 1 30
44324 213856 7 1 30
44324 213856 8 1 30
44324 213856 9 1 30
44324 213856 10 1 30
!sus 32815 401466 3 7 2 attackers:401466;victims:32815;type:1;valid_origin:True;recurrent:True;local:False
32815 401466 1 0 2
32815 401466 2 0 2
32815 401466 3 0 2
32815 401466 4 0 2
32815 401466 5 0 2
32815 401466 6 2 0
32815 401466 7 0 2
32815 401466 8 2 0
32815 401466 9 2 0
32815 401466 10 0 2
!leg 329415 329464 10 0 1 attackers:329415;victims:329464;type:1;valid_origin:True;recurrent:True;local:False
329415 329464 1 1 0
329415 329464 2 1 0
329415 329464 3 1 0
329415 329464 4 1 0
329415 329464 5 1 0
329415 329464 6 1 0
329415 329464 7 1 0
329415 329464 8 1 0
329415 329464 9 1 0
329415 329464 10 1 0
!leg 52863 270749 10 0 61 attackers:52863;victims:270749;type:1;valid_origin:True;recurrent:True;local:False
52863 270749 1 50 11
52863 270749 2 52 9
52863 270749 3 53 8
52863 270749 4 52 9
52863 270749 5 53 8
52863 270749 6 55 6
52863 270749 7 52 9
52863 270749 8 55 6
52863 270749 9 55 6
52863 270749 10 53 8
!sus 52468 273966 0 10 1 attackers:52468;victims:273966;type:1;valid_origin:True;recurrent:True;local:False
52468 273966 1 0 1
52468 273966 2 0 1
52468 273966 3 0 1
52468 273966 4 0 1
52468 273966 5 0 1
52468 273966 6 0 1
52468 273966 7 0 1
52468 273966 8 0 1
52468 273966 9 0 1
52468 273966 10 0 1
!sus 396295 398647 3 7 66 attackers:396295;victims:398647;type:1;valid_origin:True;recurrent:True;local:False
396295 398647 1 58 8
396295 398647 2 56 10
396295 398647 3 11 55
396295 398647 4 57 9
396295 398647 5 1 65
396295 398647 6 0 66
396295 398647 7 0 66
396295 398647 8 0 66
396295 398647 9 0 66
396295 398647 10 0 66
!leg 35280 59217 10 0 1 attackers:35280;victims:59217;type:1;valid_origin:True;recurrent:False;local:False
35280 59217 1 1 0
35280 59217 2 1 0
35280 59217 3 1 0
35280 59217 4 1 0
35280 59217 5 1 0
35280 59217 6 1 0
35280 59217 7 1 0
35280 59217 8 1 0
35280 59217 9 1 0
35280 59217 10 1 0
!sus 202425 204615 8 2 5 attackers:202425;victims:204615;type:1;valid_origin:True;recurrent:True;local:False
202425 204615 1 0 5
202425 204615 2 2 3
202425 204615 3 3 2
202425 204615 4 5 0
202425 204615 5 5 0
202425 204615 6 5 0
202425 204615 7 5 0
202425 204615 8 5 0
202425 204615 9 5 0
202425 204615 10 5 0
!sus 6424 141193 0 10 14 attackers:141193;victims:6424;type:1;valid_origin:True;recurrent:True;local:False
6424 141193 1 0 14
6424 141193 2 0 14
6424 141193 3 0 14
6424 141193 4 0 14
6424 141193 5 0 14
6424 141193 6 0 14
6424 141193 7 0 14
6424 141193 8 0 14
6424 141193 9 0 14
6424 141193 10 0 14
!sus 8717 47288 9 1 5 attackers:8717;victims:212193;type:2;valid_origin:True;recurrent:False;local:False
8717 47288 1 2 3
8717 47288 2 5 0
8717 47288 3 5 0
8717 47288 4 5 0
8717 47288 5 5 0
8717 47288 6 5 0
8717 47288 7 5 0
8717 47288 8 5 0
8717 47288 9 5 0
8717 47288 10 5 0
!leg 64457 215120 10 0 78 attackers:215120;victims:51396,64457,48300;type:1,2;valid_origin:False;recurrent:True;local:False
64457 215120 1 62 16
64457 215120 2 57 21
64457 215120 3 62 16
64457 215120 4 58 20
64457 215120 5 62 16
64457 215120 6 64 14
64457 215120 7 57 21
64457 215120 8 62 16
64457 215120 9 62 16
64457 215120 10 59 19
!leg 9299 9374 10 0 1 attackers:9299;victims:9374;type:1;valid_origin:True;recurrent:False;local:False
9299 9374 1 1 0
9299 9374 2 1 0
9299 9374 3 1 0
9299 9374 4 1 0
9299 9374 5 1 0
9299 9374 6 1 0
9299 9374 7 1 0
9299 9374 8 1 0
9299 9374 9 1 0
9299 9374 10 1 0
!leg 3216 24689 10 0 18 attackers:3216;victims:24689;type:1;valid_origin:True;recurrent:False;local:False
3216 24689 1 18 0
3216 24689 2 18 0
3216 24689 3 18 0
3216 24689 4 18 0
3216 24689 5 18 0
3216 24689 6 18 0
3216 24689 7 18 0
3216 24689 8 18 0
3216 24689 9 18 0
3216 24689 10 18 0
!sus 24115 62255 1 9 603 attackers:24115;victims:30833,206515,47764,29421,50158,57174,212545,57553,207016,49390,201275,60192,41601,209927,48716,42678,59583,202768,41124,61121,200015,197460,47718,24722,57460,8441,47119,43908,47694,205559,56493,30822,34597,34910,8393,61372,42745,62330,39735,56818,197591,202279,196695,9131,57843,58310,208435,197453,197695,59452,44539,59392,62382,47974,56631,198705,39262,60956,47168,9198,49160,48166,29304,51932,57424,49916,211928,44799,48096,44094,198437,199287,210342,196977,49729,39558,42608,47550,35598,20590,202508,24663,12724,29128,35539,199040,198981,60411,28968,57420,58048,49444,200778,48009,52091,202082,51613,41802,49757,12406,204490,47677,42753,51183,5429,34527,207532,31069,50465,136907,62316,51804,58207,48333,198210,44172,202619,56676,57842,47335,24955,202958,197578,57164,212260,30854,56666,211404,215590,209890,215897,48282,22764,206301,215037,208978,12773,211624,51596,48788,205569,57128,203270,28736,60732,198803,41081,204827,200575,44391,209008,5387,61326,61111,212456,212675,48061,47728,15757,210725,50923,43362,199194,34786,42636,50780,44173,51725,50477,35271,59796,51472,52131,57857,51444,48287,44378,34639,202497,201812,51971,211932,214186,8470,34123,61152,208777,44056,203337,214804,201564,211773,205062,48271,197379,56864,62366,203118,44687,210787,57658,201297,42219,208165,49063,50052,211150,41798,8369,31277,200734,48595,212136,212236,48882,49347,34602,200762,201012,199524,13107,43197,213203,196638,44604,44027,51538,62207,210471,52184,24680,49418,60067,39156,205954,60388,62283,210200,43972,136479,211101,196767,15559,41344,213191,49583,43993,61400,200590,207104,196851,42521,25141,49371,43234,31225,201018,56829,60681,48940,42834,50218,212863,59661,35140,51641,41419,204108,5598,41704,57005,204199,199264,61035,50703,50652,8274,204198,204237,34192,204564,35566,43298,8241,35768,59935,211529,212277,57680,197968,211520,204226,47181,51831,201498,29046,47860,42702,208534,206904,205567,204231,51028,198588,15672,49342,135298,62360,39494,132471,201826,210188,29031,57661,56903,198762,196914,48371,197303,35273,43410,59815,210989,42151,51218,41774,214268,60095,24689,51904,51698,209759,47522,41975,206724,6874,44429,59509,206805,35129,39824,199274,197287,215457,8193,58147,199317,48347,56766,29182,47156,61178,209248,207240,51642,59666,50448,51578,207433,215997,13178,41039,57363,44559,215623,50107,203444,60162,31499,39068,47235,12722,44477,13335,42713,34047,207957,50760,60216,47995,48822,49505,39442,210063,204908,41413,15984,20764,207447,31626,57828,208975,56975,200107,48219,215121,59412,205576,206668,215314,8492,8872,211724,59867,198675,58002,61375,206026,58084,214721,39697,59478,59633,211609,50942,60553,8752,51916,24881,200166,201429,49797,12418,207496,56398,41904,49179,205960,199420,41560,39034,44802,35644,49320,208503,57160,214656,209382,34879,199809,197275,209599,25299,34052,52168,206653,39231,15552,58116,207333,42551,47481,39711,198933,215688,50204,52213,208087,6761,216332,215456,8334,207133,200161,215881,51178,197714,8720,44584,202804,211183,202760,44903,48108,60569,21299,29355,51017,209720,48102,50762,47709,210706,201677,50122,207472,200044,41625,206810,202537,41575,197960,208780,39089,199798,57996,200389,34629,31192,31214,60967,215445,48234,204311,197015,39707,56915,201247,48349,15493,48687,39684,34550,199148,21446,25355,43727,59801,43201,198445,39266,8905,8846,203907,57212,61068,49791,43268,9213,57982,60839,39593,6694,15756,44660,61344,8742,44710,44020,139057,51780,204579,55330,61261,206407,208388,49811,57113,208677,48614,61435,39589,50536,51437,29226,25308,214348,50416,204298,33904,203517,57898,212487,41875,213926,204891,209476,204520,196629;type:2,3,4,5,6,7,9;valid_origin:True;recurrent:True;local:False
24115 62255 1 1 602
24115 62255 2 0 603
24115 62255 3 0 603
24115 62255 4 231 372
24115 62255 5 9 594
24115 62255 6 0 603
24115 62255 7 0 603
24115 62255 8 5 598
24115 62255 9 319 284
24115 62255 10 0 603
!sus 33360 133360 9 1 8 attackers:133360;victims:133360;type:2;valid_origin:True;recurrent:True;local:False
33360 133360 1 0 8
33360 133360 2 5 3
33360 133360 3 5 3
33360 133360 4 6 2
33360 133360 5 6 2
33360 133360 6 6 2
33360 133360 7 6 2
33360 133360 8 6 2
33360 133360 9 6 2
33360 133360 10 6 2
!sus 56655 212642 8 2 12 attackers:56655;victims:212642;type:1;valid_origin:True;recurrent:True;local:False
56655 212642 1 0 12
56655 212642 2 2 10
56655 212642 3 12 0
56655 212642 4 12 0
56655 212642 5 12 0
56655 212642 6 12 0
56655 212642 7 12 0
56655 212642 8 12 0
56655 212642 9 12 0
56655 212642 10 12 0
!sus 214693 215039 0 10 78 attackers:215039;victims:214693;type:1;valid_origin:True;recurrent:False;local:False
214693 215039 1 0 78
214693 215039 2 0 78
214693 215039 3 0 78
214693 215039 4 0 78
214693 215039 5 0 78
214693 215039 6 0 78
214693 215039 7 0 78
214693 215039 8 0 78
214693 215039 9 0 78
214693 215039 10 0 78
!sus 39386 152144 0 10 1 attackers:39386;victims:54994;type:5;valid_origin:True;recurrent:True;local:False
39386 152144 1 0 1
39386 152144 2 0 1
39386 152144 3 0 1
39386 152144 4 0 1
39386 152144 5 0 1
39386 152144 6 0 1
39386 152144 7 0 1
39386 152144 8 0 1
39386 152144 9 0 1
39386 152144 10 0 1
!sus 207314 212271 8 2 1 attackers:212271;victims:207314;type:1;valid_origin:True;recurrent:True;local:False
207314 212271 1 0 1
207314 212271 2 0 1
207314 212271 3 1 0
207314 212271 4 1 0
207314 212271 5 1 0
207314 212271 6 1 0
207314 212271 7 1 0
207314 212271 8 1 0
207314 212271 9 1 0
207314 212271 10 1 0
!leg 9498 139479 10 0 63 attackers:9498;victims:139479;type:1;valid_origin:True;recurrent:False;local:False
9498 139479 1 63 0
9498 139479 2 63 0
9498 139479 3 63 0
9498 139479 4 63 0
9498 139479 5 63 0
9498 139479 6 63 0
9498 139479 7 63 0
9498 139479 8 63 0
9498 139479 9 63 0
9498 139479 10 63 0
!sus 3223 400282 0 10 3195 attackers:3223;victims:267091,263151,269700,263470,266615,267489,264100,264316,273651,268939,266301,271634,268066,53107,268286,268199,262487,262486,269153,265942,267246,266380,262593,262663,264254,268263,269060,268397,265930,61763,270358,270704,268226,270316,28181,262821,270444,264023,262501,52863,262880,269687,262820,53230,268678,52872,268628,53057,265100,25832,263347,269324,53221,266618,271221,267564,27720,271669,264359,267079,262369,269304,268479,52924,262597,266235,262808,271025,262427,268208,265066,28135,262954,270517,264962,270631,271139,269070,53183,213920,266529,262713,270894,272697,52716,53153,52584,272575,268713,53243,28186,270930,262609,270749,266638,263442,265437,262545,28296,264929,262979,269737,263339,262613,262503,265929,61744,268531,61621,271562,262790;type:2,3,4,5,6,7;valid_origin:False;recurrent:True;local:False
3223 400282 1 975 2220
3223 400282 2 1140 2055
3223 400282 3 1273 1922
3223 400282 4 1421 1774
3223 400282 5 1376 1819
3223 400282 6 1445 1750
3223 400282 7 1453 1742
3223 400282 8 1510 1685
3223 400282 9 1530 1665
3223 400282 10 1477 1718
!sus 52374 63293 0 10 15 attackers:52374;victims:63293;type:1;valid_origin:True;recurrent:True;local:False
52374 63293 1 0 15
52374 63293 2 0 15
52374 63293 3 0 15
52374 63293 4 0 15
52374 63293 5 1 14
52374 63293 6 1 14
52374 63293 7 1 14
52374 63293 8 1 14
52374 63293 9 1 14
52374 63293 10 2 13
!sus 29657 212555 7 3 3 attackers:29657;victims:212555;type:1;valid_origin:True;recurrent:True;local:False
29657 212555 1 3 0
29657 212555 2 3 0
29657 212555 3 3 0
29657 212555 4 3 0
29657 212555 5 3 0
29657 212555 6 0 3
29657 212555 7 3 0
29657 212555 8 3 0
29657 212555 9 0 3
29657 212555 10 0 3
!sus 15139 400684 0 10 2 attackers:400684;victims:15139;type:1;valid_origin:True;recurrent:True;local:False
15139 400684 1 0 2
15139 400684 2 0 2
15139 400684 3 0 2
15139 400684 4 0 2
15139 400684 5 0 2
15139 400684 6 1 1
15139 400684 7 1 1
15139 400684 8 0 2
15139 400684 9 0 2
15139 400684 10 0 2
!sus 11432 273568 9 1 3 attackers:273568;victims:11432;type:1;valid_origin:True;recurrent:True;local:False
11432 273568 1 1 2
11432 273568 2 3 0
11432 273568 3 3 0
11432 273568 4 3 0
11432 273568 5 3 0
11432 273568 6 3 0
11432 273568 7 3 0
11432 273568 8 3 0
11432 273568 9 3 0
11432 273568 10 3 0
!sus 6939 52559 0 10 8 attackers:6939;victims:268866,268976;type:2;valid_origin:True;recurrent:False;local:False
6939 52559 1 4 4
6939 52559 2 4 4
6939 52559 3 4 4
6939 52559 4 4 4
6939 52559 5 4 4
6939 52559 6 4 4
6939 52559 7 4 4
6939 52559 8 4 4
6939 52559 9 4 4
6939 52559 10 4 4
!sus 28458 396356 7 3 27 attackers:28458;victims:273045,64267,136787,136258,396356;type:1,2;valid_origin:True;recurrent:True;local:False
28458 396356 1 3 24
28458 396356 2 13 14
28458 396356 3 13 14
28458 396356 4 18 9
28458 396356 5 18 9
28458 396356 6 18 9
28458 396356 7 18 9
28458 396356 8 18 9
28458 396356 9 18 9
28458 396356 10 18 9
!sus 10808 15830 5 5 1 attackers:15830;victims:10808;type:1;valid_origin:True;recurrent:True;local:False
10808 15830 1 0 1
10808 15830 2 0 1
10808 15830 3 0 1
10808 15830 4 0 1
10808 15830 5 1 0
10808 15830 6 0 1
10808 15830 7 1 0
10808 15830 8 1 0
10808 15830 9 1 0
10808 15830 10 1 0
!leg 3356 18862 10 0 45 attackers:3356;victims:18862;type:1;valid_origin:True;recurrent:False;local:False
3356 18862 1 44 1
3356 18862 2 45 0
3356 18862 3 45 0
3356 18862 4 45 0
3356 18862 5 45 0
3356 18862 6 45 0
3356 18862 7 45 0
3356 18862 8 45 0
3356 18862 9 45 0
3356 18862 10 45 0
!sus 2 397424 0 10 2 attackers:397424;victims:2;type:1;valid_origin:True;recurrent:True;local:False
2 397424 1 0 2
2 397424 2 0 2
2 397424 3 0 2
2 397424 4 0 2
2 397424 5 0 2
2 397424 6 0 2
2 397424 7 0 2
2 397424 8 0 2
2 397424 9 0 2
2 397424 10 0 2
!sus 44317 214648 3 7 3 attackers:214648;victims:44317;type:1;valid_origin:True;recurrent:True;local:False
44317 214648 1 1 2
44317 214648 2 1 2
44317 214648 3 3 0
44317 214648 4 1 2
44317 214648 5 1 2
44317 214648 6 1 2
44317 214648 7 1 2
44317 214648 8 2 1
44317 214648 9 1 2
44317 214648 10 2 1
!sus 199717 214240 9 1 1 attackers:199717;victims:214240;type:1;valid_origin:True;recurrent:True;local:False
199717 214240 1 0 1
199717 214240 2 1 0
199717 214240 3 1 0
199717 214240 4 1 0
199717 214240 5 1 0
199717 214240 6 1 0
199717 214240 7 1 0
199717 214240 8 1 0
199717 214240 9 1 0
199717 214240 10 1 0
!sus 24115 34177 0 10 1 attackers:24115;victims:44494;type:2;valid_origin:True;recurrent:True;local:False
24115 34177 1 0 1
24115 34177 2 0 1
24115 34177 3 0 1
24115 34177 4 0 1
24115 34177 5 0 1
24115 34177 6 0 1
24115 34177 7 0 1
24115 34177 8 0 1
24115 34177 9 0 1
24115 34177 10 0 1
!sus 32098 215367 8 2 1 attackers:32098;victims:215367;type:1;valid_origin:True;recurrent:True;local:False
32098 215367 1 0 1
32098 215367 2 0 1
32098 215367 3 1 0
32098 215367 4 1 0
32098 215367 5 1 0
32098 215367 6 1 0
32098 215367 7 1 0
32098 215367 8 1 0
32098 215367 9 1 0
32098 215367 10 1 0
!sus 59105 214495 0 10 5 attackers:59105;victims:214495;type:1;valid_origin:True;recurrent:True;local:False
59105 214495 1 0 5
59105 214495 2 0 5
59105 214495 3 0 5
59105 214495 4 0 5
59105 214495 5 0 5
59105 214495 6 0 5
59105 214495 7 0 5
59105 214495 8 2 3
59105 214495 9 2 3
59105 214495 10 2 3
!sus 47055 52025 7 3 7 attackers:52025;victims:47055;type:1;valid_origin:True;recurrent:True;local:False
47055 52025 1 0 7
47055 52025 2 3 4
47055 52025 3 3 4
47055 52025 4 7 0
47055 52025 5 7 0
47055 52025 6 7 0
47055 52025 7 7 0
47055 52025 8 7 0
47055 52025 9 7 0
47055 52025 10 7 0
!sus 36065 53356 9 1 1 attackers:53356;victims:36065;type:1;valid_origin:True;recurrent:True;local:False
36065 53356 1 1 0
36065 53356 2 1 0
36065 53356 3 1 0
36065 53356 4 0 1
36065 53356 5 1 0
36065 53356 6 1 0
36065 53356 7 1 0
36065 53356 8 1 0
36065 53356 9 1 0
36065 53356 10 1 0
!sus 20940 263725 0 10 1 attackers:263725;victims:20940;type:1;valid_origin:True;recurrent:True;local:False
20940 263725 1 0 1
20940 263725 2 0 1
20940 263725 3 0 1
20940 263725 4 0 1
20940 263725 5 0 1
20940 263725 6 0 1
20940 263725 7 0 1
20940 263725 8 0 1
20940 263725 9 0 1
20940 263725 10 0 1
!sus 60171 329496 3 7 2 attackers:60171;victims:329496;type:1;valid_origin:True;recurrent:True;local:False
60171 329496 1 2 0
60171 329496 2 0 2
60171 329496 3 2 0
60171 329496 4 0 2
60171 329496 5 0 2
60171 329496 6 0 2
60171 329496 7 0 2
60171 329496 8 0 2
60171 329496 9 0 2
60171 329496 10 2 0
!leg 45352 263528 10 0 1 attackers:45352;victims:271084;type:2;valid_origin:True;recurrent:False;local:True
45352 263528 1 1 0
45352 263528 2 1 0
45352 263528 3 1 0
45352 263528 4 1 0
45352 263528 5 1 0
45352 263528 6 1 0
45352 263528 7 1 0
45352 263528 8 1 0
45352 263528 9 1 0
45352 263528 10 1 0
!sus 34872 215509 9 1 57 attackers:34872;victims:215509;type:1;valid_origin:True;recurrent:True;local:False
34872 215509 1 1 56
34872 215509 2 48 9
34872 215509 3 49 8
34872 215509 4 54 3
34872 215509 5 55 2
34872 215509 6 55 2
34872 215509 7 56 1
34872 215509 8 56 1
34872 215509 9 56 1
34872 215509 10 56 1
!sus 5852 12076 0 10 4 attackers:5852;victims:12076;type:1;valid_origin:True;recurrent:True;local:False
5852 12076 1 0 4
5852 12076 2 0 4
5852 12076 3 0 4
5852 12076 4 0 4
5852 12076 5 0 4
5852 12076 6 0 4
5852 12076 7 0 4
5852 12076 8 0 4
5852 12076 9 0 4
5852 12076 10 0 4
!sus 213220 213861 7 3 53 attackers:213220;victims:213861;type:1;valid_origin:True;recurrent:True;local:False
213220 213861 1 53 0
213220 213861 2 53 0
213220 213861 3 53 0
213220 213861 4 53 0
213220 213861 5 52 1
213220 213861 6 10 43
213220 213861 7 24 29
213220 213861 8 53 0
213220 213861 9 11 42
213220 213861 10 27 26
!sus 329394 329491 8 2 2 attackers:329394;victims:329491;type:1;valid_origin:True;recurrent:True;local:False
329394 329491 1 2 0
329394 329491 2 2 0
329394 329491 3 2 0
329394 329491 4 2 0
329394 329491 5 2 0
329394 329491 6 0 2
329394 329491 7 2 0
329394 329491 8 2 0
329394 329491 9 1 1
329394 329491 10 2 0
!sus 11331 32558 8 2 176 attackers:32558;victims:11331;type:1;valid_origin:False;recurrent:True;local:False
11331 32558 1 176 0
11331 32558 2 176 0
11331 32558 3 176 0
11331 32558 4 176 0
11331 32558 5 176 0
11331 32558 6 136 40
11331 32558 7 175 1
11331 32558 8 175 1
11331 32558 9 1 175
11331 32558 10 76 100
!sus 209735 212895 9 1 2 attackers:209735;victims:212895;type:1;valid_origin:True;recurrent:True;local:False
209735 212895 1 0 2
209735 212895 2 2 0
209735 212895 3 2 0
209735 212895 4 2 0
209735 212895 5 2 0
209735 212895 6 2 0
209735 212895 7 2 0
209735 212895 8 2 0
209735 212895 9 2 0
209735 212895 10 2 0
!leg 38195 50104 10 0 1 attackers:38195;victims:50104;type:1;valid_origin:True;recurrent:False;local:False
38195 50104 1 1 0
38195 50104 2 1 0
38195 50104 3 1 0
38195 50104 4 1 0
38195 50104 5 1 0
38195 50104 6 1 0
38195 50104 7 1 0
38195 50104 8 1 0
38195 50104 9 1 0
38195 50104 10 1 0
!sus 47330 215938 4 6 1 attackers:47330;victims:215938;type:1;valid_origin:True;recurrent:True;local:False
47330 215938 1 0 1
47330 215938 2 0 1
47330 215938 3 0 1
47330 215938 4 1 0
47330 215938 5 0 1
47330 215938 6 1 0
47330 215938 7 0 1
47330 215938 8 0 1
47330 215938 9 1 0
47330 215938 10 1 0
!sus 54281 54852 7 3 6 attackers:54852;victims:54281;type:1;valid_origin:True;recurrent:True;local:False
54281 54852 1 0 6
54281 54852 2 0 6
54281 54852 3 3 3
54281 54852 4 6 0
54281 54852 5 5 1
54281 54852 6 6 0
54281 54852 7 6 0
54281 54852 8 6 0
54281 54852 9 6 0
54281 54852 10 6 0
!sus 26617 269734 8 2 2 attackers:26617;victims:269734;type:1;valid_origin:True;recurrent:True;local:False
26617 269734 1 0 2
26617 269734 2 0 2
26617 269734 3 2 0
26617 269734 4 2 0
26617 269734 5 2 0
26617 269734 6 2 0
26617 269734 7 2 0
26617 269734 8 2 0
26617 269734 9 2 0
26617 269734 10 2 0
!sus 21995 22950 4 6 3 attackers:22950;victims:21995;type:1;valid_origin:True;recurrent:True;local:False
21995 22950 1 3 0
21995 22950 2 3 0
21995 22950 3 3 0
21995 22950 4 3 0
21995 22950 5 1 2
21995 22950 6 0 3
21995 22950 7 0 3
21995 22950 8 1 2
21995 22950 9 0 3
21995 22950 10 0 3
!sus 271900 273906 9 1 3 attackers:271900;victims:273906;type:1;valid_origin:True;recurrent:True;local:False
271900 273906 1 3 0
271900 273906 2 3 0
271900 273906 3 3 0
271900 273906 4 3 0
271900 273906 5 3 0
271900 273906 6 0 3
271900 273906 7 3 0
271900 273906 8 3 0
271900 273906 9 3 0
271900 273906 10 3 0
!sus 34372 203724 1 9 3 attackers:34372;victims:203724;type:1;valid_origin:True;recurrent:True;local:False
34372 203724 1 0 3
34372 203724 2 0 3
34372 203724 3 0 3
34372 203724 4 0 3
34372 203724 5 0 3
34372 203724 6 0 3
34372 203724 7 1 2
34372 203724 8 0 3
34372 203724 9 1 2
34372 203724 10 2 1
!sus 199414 214943 6 4 1 attackers:199414;victims:214943;type:1;valid_origin:True;recurrent:True;local:False
199414 214943 1 0 1
199414 214943 2 0 1
199414 214943 3 0 1
199414 214943 4 0 1
199414 214943 5 1 0
199414 214943 6 1 0
199414 214943 7 1 0
199414 214943 8 1 0
199414 214943 9 1 0
199414 214943 10 1 0
!leg 12166 36498 10 0 60 attackers:36498;victims:12166;type:1;valid_origin:True;recurrent:False;local:False
12166 36498 1 60 0
12166 36498 2 60 0
12166 36498 3 60 0
12166 36498 4 60 0
12166 36498 5 60 0
12166 36498 6 60 0
12166 36498 7 60 0
12166 36498 8 60 0
12166 36498 9 60 0
12166 36498 10 60 0
!sus 3223 134734 0 10 83 attackers:3223;victims:131464;type:2;valid_origin:True;recurrent:True;local:False
3223 134734 1 0 83
3223 134734 2 0 83
3223 134734 3 0 83
3223 134734 4 0 83
3223 134734 5 0 83
3223 134734 6 0 83
3223 134734 7 0 83
3223 134734 8 0 83
3223 134734 9 0 83
3223 134734 10 0 83
!sus 20932 205080 3 7 3 attackers:20932;victims:205080;type:1;valid_origin:True;recurrent:True;local:False
20932 205080 1 1 2
20932 205080 2 1 2
20932 205080 3 1 2
20932 205080 4 1 2
20932 205080 5 1 2
20932 205080 6 1 2
20932 205080 7 2 1
20932 205080 8 1 2
20932 205080 9 2 1
20932 205080 10 2 1
!sus 16509 37199 0 10 1 attackers:37199;victims:16509;type:1;valid_origin:False;recurrent:True;local:False
16509 37199 1 0 1
16509 37199 2 0 1
16509 37199 3 0 1
16509 37199 4 0 1
16509 37199 5 0 1
16509 37199 6 0 1
16509 37199 7 0 1
16509 37199 8 0 1
16509 37199 9 0 1
16509 37199 10 0 1
!leg 52965 268314 10 0 31 attackers:52965;victims:268314;type:1;valid_origin:True;recurrent:False;local:False
52965 268314 1 31 0
52965 268314 2 31 0
52965 268314 3 31 0
52965 268314 4 31 0
52965 268314 5 31 0
52965 268314 6 31 0
52965 268314 7 31 0
52965 268314 8 31 0
52965 268314 9 31 0
52965 268314 10 31 0
!leg 57333 137409 10 0 1 attackers:137409;victims:57333;type:1;valid_origin:True;recurrent:False;local:False
57333 137409 1 1 0
57333 137409 2 1 0
57333 137409 3 1 0
57333 137409 4 1 0
57333 137409 5 1 0
57333 137409 6 1 0
57333 137409 7 1 0
57333 137409 8 1 0
57333 137409 9 1 0
57333 137409 10 1 0
!leg 199518 212895 10 0 92 attackers:212895;victims:199518;type:1;valid_origin:True;recurrent:False;local:False
199518 212895 1 92 0
199518 212895 2 92 0
199518 212895 3 92 0
199518 212895 4 92 0
199518 212895 5 92 0
199518 212895 6 92 0
199518 212895 7 92 0
199518 212895 8 92 0
199518 212895 9 92 0
199518 212895 10 92 0
!sus 1288 15830 0 10 6 attackers:15830;victims:1288;type:1;valid_origin:True;recurrent:True;local:False
1288 15830 1 0 6
1288 15830 2 0 6
1288 15830 3 1 5
1288 15830 4 0 6
1288 15830 5 0 6
1288 15830 6 0 6
1288 15830 7 0 6
1288 15830 8 0 6
1288 15830 9 0 6
1288 15830 10 0 6
!sus 33774 329494 5 5 184 attackers:33774;victims:329494;type:1;valid_origin:True;recurrent:True;local:False
33774 329494 1 152 32
33774 329494 2 150 34
33774 329494 3 129 55
33774 329494 4 173 11
33774 329494 5 54 130
33774 329494 6 2 182
33774 329494 7 30 154
33774 329494 8 150 34
33774 329494 9 0 184
33774 329494 10 16 168
!sus 204108 214721 0 10 8 attackers:204108;victims:214721;type:1;valid_origin:True;recurrent:True;local:False
204108 214721 1 0 8
204108 214721 2 0 8
204108 214721 3 0 8
204108 214721 4 0 8
204108 214721 5 0 8
204108 214721 6 0 8
204108 214721 7 0 8
204108 214721 8 0 8
204108 214721 9 0 8
204108 214721 10 0 8
!sus 23862 23962 8 2 7 attackers:23862;victims:23862;type:2;valid_origin:True;recurrent:True;local:False
23862 23962 1 1 6
23862 23962 2 1 6
23862 23962 3 7 0
23862 23962 4 7 0
23862 23962 5 7 0
23862 23962 6 7 0
23862 23962 7 7 0
23862 23962 8 7 0
23862 23962 9 7 0
23862 23962 10 7 0
!leg 149704 153068 10 0 1 attackers:153068;victims:149704;type:1;valid_origin:True;recurrent:False;local:False
149704 153068 1 1 0
149704 153068 2 1 0
149704 153068 3 1 0
149704 153068 4 1 0
149704 153068 5 1 0
149704 153068 6 1 0
149704 153068 7 1 0
149704 153068 8 1 0
149704 153068 9 1 0
149704 153068 10 1 0
!sus 50867 400395 8 2 3 attackers:50867;victims:400395;type:1;valid_origin:True;recurrent:True;local:False
50867 400395 1 0 3
50867 400395 2 0 3
50867 400395 3 3 0
50867 400395 4 3 0
50867 400395 5 3 0
50867 400395 6 3 0
50867 400395 7 3 0
50867 400395 8 3 0
50867 400395 9 3 0
50867 400395 10 3 0
!leg 906 931 10 0 5 attackers:906;victims:152586,931,400061;type:1,2;valid_origin:False;recurrent:False;local:False
906 931 1 5 0
906 931 2 5 0
906 931 3 5 0
906 931 4 5 0
906 931 5 5 0
906 931 6 5 0
906 931 7 5 0
906 931 8 5 0
906 931 9 5 0
906 931 10 5 0
!leg 6774 61292 10 0 70 attackers:61292;victims:34762,37455,328397,36996,37327,328915,8315,328578,328748,329192,328490,328468,329021,37663,329409,329044,28747,211371,208406,18106,30999,329167,36939,328020,206841,329363,328399,329475,328548,22572,329378,328411,20582,329261,56837,37474,327910,329042,329279,20650,328858,328719,328808,328753,328993,51110,6774,329074,21859,329101,329278,328835,37722,43256,196755,329029,54303,34773,24409,329028,13335,328507,328749,328041,51299,328806,36999,328068,329174,12486;type:1,2,3,4;valid_origin:True;recurrent:True;local:True
6774 61292 1 40 30
6774 61292 2 66 4
6774 61292 3 67 3
6774 61292 4 67 3
6774 61292 5 67 3
6774 61292 6 67 3
6774 61292 7 67 3
6774 61292 8 67 3
6774 61292 9 67 3
6774 61292 10 67 3
!leg 198831 216147 10 0 52 attackers:198831;victims:216147;type:1;valid_origin:True;recurrent:False;local:False
198831 216147 1 52 0
198831 216147 2 52 0
198831 216147 3 52 0
198831 216147 4 52 0
198831 216147 5 52 0
198831 216147 6 52 0
198831 216147 7 52 0
198831 216147 8 52 0
198831 216147 9 52 0
198831 216147 10 52 0
!leg 30058 35600 10 0 1 attackers:35600;victims:210644;type:2;valid_origin:True;recurrent:True;local:True
30058 35600 1 1 0
30058 35600 2 1 0
30058 35600 3 1 0
30058 35600 4 1 0
30058 35600 5 1 0
30058 35600 6 1 0
30058 35600 7 1 0
30058 35600 8 1 0
30058 35600 9 1 0
30058 35600 10 1 0
!sus 11812 25932 9 1 54 attackers:25932;victims:11812;type:1;valid_origin:False;recurrent:True;local:False
11812 25932 1 54 0
11812 25932 2 54 0
11812 25932 3 54 0
11812 25932 4 54 0
11812 25932 5 54 0
11812 25932 6 44 10
11812 25932 7 54 0
11812 25932 8 54 0
11812 25932 9 0 54
11812 25932 10 39 15
