!leg 262879 267613 10 0 1 attackers:267613;victims:262879;type:1;valid_origin:True;recurrent:False;local:False
262879 267613 1 1 0
262879 267613 2 1 0
262879 267613 3 1 0
262879 267613 4 1 0
262879 267613 5 1 0
262879 267613 6 1 0
262879 267613 7 1 0
262879 267613 8 1 0
262879 267613 9 1 0
262879 267613 10 1 0
!sus 41051 216190 2 8 37 attackers:41051;victims:216190;type:1;valid_origin:True;recurrent:True;local:False
41051 216190 1 0 37
41051 216190 2 0 37
41051 216190 3 2 35
41051 216190 4 3 34
41051 216190 5 3 34
41051 216190 6 7 30
41051 216190 7 7 30
41051 216190 8 31 6
41051 216190 9 32 5
41051 216190 10 11 26
!leg 13122 62663 10 0 2 attackers:62663;victims:13122;type:1;valid_origin:True;recurrent:False;local:False
13122 62663 1 2 0
13122 62663 2 2 0
13122 62663 3 2 0
13122 62663 4 2 0
13122 62663 5 2 0
13122 62663 6 2 0
13122 62663 7 2 0
13122 62663 8 2 0
13122 62663 9 2 0
13122 62663 10 2 0
!sus 212508 215664 5 5 103 attackers:212508;victims:215664;type:1;valid_origin:True;recurrent:True;local:False
212508 215664 1 3 100
212508 215664 2 12 91
212508 215664 3 23 80
212508 215664 4 41 62
212508 215664 5 51 52
212508 215664 6 62 41
212508 215664 7 69 34
212508 215664 8 79 24
212508 215664 9 69 34
212508 215664 10 88 15
!sus 12654 31742 2 8 4 attackers:31742;victims:12654;type:1;valid_origin:True;recurrent:True;local:False
12654 31742 1 0 4
12654 31742 2 0 4
12654 31742 3 1 3
12654 31742 4 1 3
12654 31742 5 1 3
12654 31742 6 1 3
12654 31742 7 2 2
12654 31742 8 2 2
12654 31742 9 3 1
12654 31742 10 3 1
!leg 210233 216157 10 0 5 attackers:210233;victims:216157;type:1;valid_origin:True;recurrent:True;local:False
210233 216157 1 3 2
210233 216157 2 5 0
210233 216157 3 5 0
210233 216157 4 5 0
210233 216157 5 5 0
210233 216157 6 5 0
210233 216157 7 5 0
210233 216157 8 5 0
210233 216157 9 5 0
210233 216157 10 5 0
!leg 6939 215582 10 0 14 attackers:6939;victims:215582;type:1;valid_origin:True;recurrent:False;local:False
6939 215582 1 14 0
6939 215582 2 14 0
6939 215582 3 14 0
6939 215582 4 14 0
6939 215582 5 14 0
6939 215582 6 14 0
6939 215582 7 14 0
6939 215582 8 14 0
6939 215582 9 14 0
6939 215582 10 14 0
!leg 62663 201211 10 0 3 attackers:62663;victims:60603,200463;type:2;valid_origin:True;recurrent:False;local:False
62663 201211 1 3 0
62663 201211 2 3 0
62663 201211 3 3 0
62663 201211 4 3 0
62663 201211 5 3 0
62663 201211 6 3 0
62663 201211 7 3 0
62663 201211 8 3 0
62663 201211 9 3 0
62663 201211 10 3 0
!sus 2027 57797 2 8 9 attackers:2027;victims:57797;type:1;valid_origin:True;recurrent:True;local:False
2027 57797 1 0 9
2027 57797 2 1 8
2027 57797 3 1 8
2027 57797 4 2 7
2027 57797 5 4 5
2027 57797 6 2 7
2027 57797 7 4 5
2027 57797 8 6 3
2027 57797 9 4 5
2027 57797 10 6 3
!sus 35819 136907 0 10 21 attackers:35819;victims:136907;type:1;valid_origin:True;recurrent:True;local:False
35819 136907 1 0 21
35819 136907 2 0 21
35819 136907 3 0 21
35819 136907 4 0 21
35819 136907 5 0 21
35819 136907 6 0 21
35819 136907 7 0 21
35819 136907 8 1 20
35819 136907 9 1 20
35819 136907 10 1 20
!sus 7046 21530 9 1 1 attackers:7046;victims:21530;type:1;valid_origin:True;recurrent:True;local:False
7046 21530 1 1 0
7046 21530 2 1 0
7046 21530 3 1 0
7046 21530 4 1 0
7046 21530 5 1 0
7046 21530 6 1 0
7046 21530 7 0 1
7046 21530 8 1 0
7046 21530 9 1 0
7046 21530 10 1 0
!sus 62309 209533 9 1 3 attackers:209533;victims:62309;type:1;valid_origin:True;recurrent:True;local:False
62309 209533 1 1 2
62309 209533 2 3 0
62309 209533 3 3 0
62309 209533 4 3 0
62309 209533 5 3 0
62309 209533 6 3 0
62309 209533 7 3 0
62309 209533 8 3 0
62309 209533 9 3 0
62309 209533 10 3 0
!leg 43996 262589 10 0 1 attackers:262589;victims:43996;type:1;valid_origin:True;recurrent:False;local:False
43996 262589 1 1 0
43996 262589 2 1 0
43996 262589 3 1 0
43996 262589 4 1 0
43996 262589 5 1 0
43996 262589 6 1 0
43996 262589 7 1 0
43996 262589 8 1 0
43996 262589 9 1 0
43996 262589 10 1 0
!sus 917 57578 7 3 3 attackers:917;victims:57578;type:1;valid_origin:True;recurrent:True;local:False
917 57578 1 1 2
917 57578 2 1 2
917 57578 3 1 2
917 57578 4 2 1
917 57578 5 2 1
917 57578 6 2 1
917 57578 7 2 1
917 57578 8 2 1
917 57578 9 2 1
917 57578 10 2 1
!leg 28889 262589 10 0 4 attackers:262589;victims:208350,28889,43848,60274;type:1,2;valid_origin:True;recurrent:False;local:False
28889 262589 1 4 0
28889 262589 2 4 0
28889 262589 3 4 0
28889 262589 4 4 0
28889 262589 5 4 0
28889 262589 6 4 0
28889 262589 7 4 0
28889 262589 8 4 0
28889 262589 9 4 0
28889 262589 10 4 0
!leg 55674 137312 10 0 1 attackers:55674;victims:137312;type:1;valid_origin:True;recurrent:False;local:False
55674 137312 1 1 0
55674 137312 2 1 0
55674 137312 3 1 0
55674 137312 4 1 0
55674 137312 5 1 0
55674 137312 6 1 0
55674 137312 7 1 0
55674 137312 8 1 0
55674 137312 9 1 0
55674 137312 10 1 0
!leg 22822 47734 10 0 1 attackers:47734;victims:19905;type:2;valid_origin:True;recurrent:False;local:False
22822 47734 1 1 0
22822 47734 2 1 0
22822 47734 3 1 0
22822 47734 4 1 0
22822 47734 5 1 0
22822 47734 6 1 0
22822 47734 7 1 0
22822 47734 8 1 0
22822 47734 9 1 0
22822 47734 10 1 0
!sus 34872 211449 9 1 3 attackers:34872;victims:211449;type:1;valid_origin:True;recurrent:True;local:False
34872 211449 1 1 2
34872 211449 2 3 0
34872 211449 3 3 0
34872 211449 4 3 0
34872 211449 5 3 0
34872 211449 6 3 0
34872 211449 7 3 0
34872 211449 8 3 0
34872 211449 9 3 0
34872 211449 10 3 0
!sus 59105 209306 7 3 3 attackers:59105;victims:209306;type:1;valid_origin:True;recurrent:True;local:False
59105 209306 1 2 1
59105 209306 2 0 3
59105 209306 3 2 1
59105 209306 4 1 2
59105 209306 5 2 1
59105 209306 6 2 1
59105 209306 7 2 1
59105 209306 8 2 1
59105 209306 9 1 2
59105 209306 10 2 1
!leg 3816 52330 10 0 56 attackers:52330;victims:3816;type:1;valid_origin:False;recurrent:False;local:False
3816 52330 1 30 26
3816 52330 2 48 8
3816 52330 3 49 7
3816 52330 4 49 7
3816 52330 5 50 6
3816 52330 6 47 9
3816 52330 7 46 10
3816 52330 8 55 1
3816 52330 9 55 1
3816 52330 10 56 0
!sus 25799 26617 6 4 2 attackers:26617;victims:25799;type:1;valid_origin:True;recurrent:True;local:False
25799 26617 1 0 2
25799 26617 2 0 2
25799 26617 3 0 2
25799 26617 4 0 2
25799 26617 5 2 0
25799 26617 6 2 0
25799 26617 7 2 0
25799 26617 8 2 0
25799 26617 9 2 0
25799 26617 10 2 0
!sus 329005 329253 0 10 3 attackers:329253;victims:329005;type:1;valid_origin:True;recurrent:True;local:False
329005 329253 1 0 3
329005 329253 2 0 3
329005 329253 3 0 3
329005 329253 4 0 3
329005 329253 5 0 3
329005 329253 6 0 3
329005 329253 7 0 3
329005 329253 8 0 3
329005 329253 9 0 3
329005 329253 10 0 3
!leg 141243 150605 10 0 74 attackers:141243;victims:150605;type:1;valid_origin:False;recurrent:False;local:False
141243 150605 1 74 0
141243 150605 2 74 0
141243 150605 3 74 0
141243 150605 4 74 0
141243 150605 5 74 0
141243 150605 6 74 0
141243 150605 7 74 0
141243 150605 8 74 0
141243 150605 9 74 0
141243 150605 10 74 0
!sus 51019 209806 7 3 3 attackers:51019;victims:209806;type:1;valid_origin:True;recurrent:True;local:False
51019 209806 1 0 3
51019 209806 2 0 3
51019 209806 3 0 3
51019 209806 4 2 1
51019 209806 5 2 1
51019 209806 6 3 0
51019 209806 7 3 0
51019 209806 8 3 0
51019 209806 9 3 0
51019 209806 10 3 0
!sus 58057 200529 9 1 112 attackers:58057;victims:200529;type:1;valid_origin:True;recurrent:True;local:False
58057 200529 1 44 68
58057 200529 2 62 50
58057 200529 3 66 46
58057 200529 4 88 24
58057 200529 5 98 14
58057 200529 6 98 14
58057 200529 7 102 10
58057 200529 8 104 8
58057 200529 9 112 0
58057 200529 10 112 0
!sus 37100 328839 9 1 5 attackers:37100;victims:328839;type:1;valid_origin:True;recurrent:True;local:False
37100 328839 1 0 5
37100 328839 2 4 1
37100 328839 3 4 1
37100 328839 4 4 1
37100 328839 5 4 1
37100 328839 6 4 1
37100 328839 7 4 1
37100 328839 8 4 1
37100 328839 9 4 1
37100 328839 10 4 1
!leg 13786 28670 10 0 3 attackers:13786;victims:269172,264213,265451;type:6;valid_origin:True;recurrent:False;local:True
13786 28670 1 3 0
13786 28670 2 3 0
13786 28670 3 3 0
13786 28670 4 3 0
13786 28670 5 3 0
13786 28670 6 3 0
13786 28670 7 3 0
13786 28670 8 3 0
13786 28670 9 3 0
13786 28670 10 3 0
!sus 212271 212477 3 7 147 attackers:212477;victims:216164,212271;type:1,2;valid_origin:True;recurrent:True;local:False
212271 212477 1 0 147
212271 212477 2 0 147
212271 212477 3 1 146
212271 212477 4 27 120
212271 212477 5 30 117
212271 212477 6 81 66
212271 212477 7 48 99
212271 212477 8 95 52
212271 212477 9 30 117
212271 212477 10 124 23
!leg 31638 62663 10 0 2 attackers:62663;victims:31638;type:1;valid_origin:True;recurrent:False;local:False
31638 62663 1 2 0
31638 62663 2 2 0
31638 62663 3 2 0
31638 62663 4 2 0
31638 62663 5 2 0
31638 62663 6 2 0
31638 62663 7 2 0
31638 62663 8 2 0
31638 62663 9 2 0
31638 62663 10 2 0
!sus 39279 216137 0 10 1 attackers:39279;victims:216137;type:3;valid_origin:True;recurrent:True;local:False
39279 216137 1 0 1
39279 216137 2 0 1
39279 216137 3 0 1
39279 216137 4 0 1
39279 216137 5 0 1
39279 216137 6 0 1
39279 216137 7 0 1
39279 216137 8 0 1
39279 216137 9 0 1
39279 216137 10 0 1
!sus 7195 265657 9 1 3 attackers:7195;victims:265657;type:1;valid_origin:True;recurrent:True;local:False
7195 265657 1 1 2
7195 265657 2 2 1
7195 265657 3 3 0
7195 265657 4 3 0
7195 265657 5 3 0
7195 265657 6 3 0
7195 265657 7 3 0
7195 265657 8 3 0
7195 265657 9 3 0
7195 265657 10 3 0
!sus 50157 57463 8 2 1 attackers:57463;victims:50157;type:1;valid_origin:True;recurrent:False;local:True
50157 57463 1 0 1
50157 57463 2 0 1
50157 57463 3 1 0
50157 57463 4 1 0
50157 57463 5 1 0
50157 57463 6 1 0
50157 57463 7 1 0
50157 57463 8 1 0
50157 57463 9 1 0
50157 57463 10 1 0
!sus 147049 211192 0 10 4 attackers:147049;victims:211192;type:1;valid_origin:True;recurrent:True;local:False
147049 211192 1 0 4
147049 211192 2 0 4
147049 211192 3 0 4
147049 211192 4 0 4
147049 211192 5 0 4
147049 211192 6 0 4
147049 211192 7 0 4
147049 211192 8 1 3
147049 211192 9 2 2
147049 211192 10 0 4
!leg 13559 26520 10 0 143 attackers:13559;victims:26520;type:1;valid_origin:True;recurrent:False;local:False
13559 26520 1 136 7
13559 26520 2 140 3
13559 26520 3 139 4
13559 26520 4 143 0
13559 26520 5 143 0
13559 26520 6 143 0
13559 26520 7 143 0
13559 26520 8 143 0
13559 26520 9 143 0
13559 26520 10 143 0
!sus 7018 32673 7 3 2 attackers:7018;victims:32673;type:1;valid_origin:True;recurrent:True;local:False
7018 32673 1 2 0
7018 32673 2 2 0
7018 32673 3 2 0
7018 32673 4 2 0
7018 32673 5 2 0
7018 32673 6 1 1
7018 32673 7 1 1
7018 32673 8 1 1
7018 32673 9 2 0
7018 32673 10 2 0
!leg 50023 200612 10 0 1 attackers:200612;victims:34657;type:2;valid_origin:True;recurrent:False;local:True
50023 200612 1 1 0
50023 200612 2 1 0
50023 200612 3 1 0
50023 200612 4 1 0
50023 200612 5 1 0
50023 200612 6 1 0
50023 200612 7 1 0
50023 200612 8 1 0
50023 200612 9 1 0
50023 200612 10 1 0
!sus 148973 397165 0 10 7 attackers:397165;victims:148973;type:1;valid_origin:False;recurrent:True;local:False
148973 397165 1 1 6
148973 397165 2 1 6
148973 397165 3 2 5
148973 397165 4 0 7
148973 397165 5 0 7
148973 397165 6 0 7
148973 397165 7 0 7
148973 397165 8 0 7
148973 397165 9 0 7
148973 397165 10 0 7
!sus 209533 212858 9 1 50 attackers:209533;victims:212858;type:1;valid_origin:True;recurrent:False;local:False
209533 212858 1 7 43
209533 212858 2 50 0
209533 212858 3 50 0
209533 212858 4 50 0
209533 212858 5 50 0
209533 212858 6 50 0
209533 212858 7 50 0
209533 212858 8 50 0
209533 212858 9 50 0
209533 212858 10 50 0
!sus 211826 328608 0 10 2 attackers:211826;victims:328608;type:1;valid_origin:False;recurrent:True;local:False
211826 328608 1 0 2
211826 328608 2 0 2
211826 328608 3 0 2
211826 328608 4 0 2
211826 328608 5 0 2
211826 328608 6 0 2
211826 328608 7 0 2
211826 328608 8 0 2
211826 328608 9 0 2
211826 328608 10 0 2
!sus 400 269532 2 8 2 attackers:269532;victims:400;type:1;valid_origin:False;recurrent:False;local:False
400 269532 1 0 2
400 269532 2 0 2
400 269532 3 0 2
400 269532 4 0 2
400 269532 5 1 1
400 269532 6 1 1
400 269532 7 1 1
400 269532 8 1 1
400 269532 9 2 0
400 269532 10 2 0
!sus 44446 60858 0 10 142 attackers:60858;victims:44446;type:1;valid_origin:True;recurrent:True;local:False
44446 60858 1 0 142
44446 60858 2 0 142
44446 60858 3 0 142
44446 60858 4 0 142
44446 60858 5 0 142
44446 60858 6 0 142
44446 60858 7 0 142
44446 60858 8 0 142
44446 60858 9 0 142
44446 60858 10 0 142
!sus 209533 210826 0 10 230 attackers:209533;victims:210826;type:1;valid_origin:True;recurrent:True;local:False
209533 210826 1 22 208
209533 210826 2 8 222
209533 210826 3 11 219
209533 210826 4 31 199
209533 210826 5 9 221
209533 210826 6 14 216
209533 210826 7 0 230
209533 210826 8 8 222
209533 210826 9 0 230
209533 210826 10 24 206
!leg 269194 271116 10 0 193 attackers:269194;victims:271116;type:1,3;valid_origin:True;recurrent:False;local:False
269194 271116 1 138 55
269194 271116 2 145 48
269194 271116 3 146 47
269194 271116 4 189 4
269194 271116 5 150 43
269194 271116 6 154 39
269194 271116 7 151 42
269194 271116 8 177 16
269194 271116 9 178 15
269194 271116 10 191 2
!leg 7597 138128 10 0 2 attackers:7597;victims:133844;type:2;valid_origin:True;recurrent:False;local:False
7597 138128 1 2 0
7597 138128 2 2 0
7597 138128 3 2 0
7597 138128 4 2 0
7597 138128 5 2 0
7597 138128 6 2 0
7597 138128 7 2 0
7597 138128 8 2 0
7597 138128 9 2 0
7597 138128 10 2 0
!sus 140227 216038 9 1 2 attackers:140227;victims:216038;type:1;valid_origin:True;recurrent:True;local:False
140227 216038 1 0 2
140227 216038 2 2 0
140227 216038 3 2 0
140227 216038 4 2 0
140227 216038 5 2 0
140227 216038 6 2 0
140227 216038 7 2 0
140227 216038 8 2 0
140227 216038 9 2 0
140227 216038 10 2 0
!leg 6939 48732 10 0 5 attackers:6939;victims:48732;type:1;valid_origin:True;recurrent:False;local:False
6939 48732 1 5 0
6939 48732 2 5 0
6939 48732 3 5 0
6939 48732 4 5 0
6939 48732 5 5 0
6939 48732 6 5 0
6939 48732 7 5 0
6939 48732 8 5 0
6939 48732 9 5 0
6939 48732 10 5 0
!leg 262589 272986 10 0 11 attackers:262589;victims:272986;type:1;valid_origin:True;recurrent:True;local:False
262589 272986 1 11 0
262589 272986 2 11 0
262589 272986 3 11 0
262589 272986 4 11 0
262589 272986 5 10 1
262589 272986 6 9 2
262589 272986 7 9 2
262589 272986 8 9 2
262589 272986 9 11 0
262589 272986 10 11 0
!sus 21574 263270 9 1 7 attackers:21574;victims:263270;type:1;valid_origin:True;recurrent:True;local:False
21574 263270 1 3 4
21574 263270 2 7 0
21574 263270 3 7 0
21574 263270 4 7 0
21574 263270 5 7 0
21574 263270 6 7 0
21574 263270 7 7 0
21574 263270 8 7 0
21574 263270 9 7 0
21574 263270 10 7 0
!sus 3 267702 0 10 37 attackers:267702;victims:3;type:1;valid_origin:False;recurrent:True;local:False
3 267702 1 0 37
3 267702 2 0 37
3 267702 3 0 37
3 267702 4 0 37
3 267702 5 1 36
3 267702 6 1 36
3 267702 7 6 31
3 267702 8 0 37
3 267702 9 1 36
3 267702 10 5 32
!sus 61512 273063 4 6 280 attackers:61512;victims:273063;type:1;valid_origin:False;recurrent:True;local:False
61512 273063 1 217 63
61512 273063 2 251 29
61512 273063 3 203 77
61512 273063 4 182 98
61512 273063 5 14 266
61512 273063 6 36 244
61512 273063 7 0 280
61512 273063 8 41 239
61512 273063 9 93 187
61512 273063 10 127 153
!sus 266266 272416 0 10 21 attackers:272416;victims:266266;type:1;valid_origin:True;recurrent:True;local:False
266266 272416 1 0 21
266266 272416 2 0 21
266266 272416 3 0 21
266266 272416 4 0 21
266266 272416 5 0 21
266266 272416 6 0 21
266266 272416 7 1 20
266266 272416 8 0 21
266266 272416 9 1 20
266266 272416 10 1 20
!sus 42473 202101 8 2 5 attackers:42473;victims:202101;type:1;valid_origin:True;recurrent:True;local:False
42473 202101 1 0 5
42473 202101 2 3 2
42473 202101 3 2 3
42473 202101 4 3 2
42473 202101 5 4 1
42473 202101 6 5 0
42473 202101 7 5 0
42473 202101 8 3 2
42473 202101 9 3 2
42473 202101 10 3 2
!sus 262378 263378 8 2 3 attackers:262378;victims:263378;type:1;valid_origin:False;recurrent:False;local:False
262378 263378 1 0 3
262378 263378 2 0 3
262378 263378 3 3 0
262378 263378 4 3 0
262378 263378 5 3 0
262378 263378 6 3 0
262378 263378 7 3 0
262378 263378 8 3 0
262378 263378 9 3 0
262378 263378 10 3 0
!sus 198057 216360 6 4 18 attackers:216360;victims:198057;type:1;valid_origin:True;recurrent:True;local:False
198057 216360 1 1 17
198057 216360 2 1 17
198057 216360 3 8 10
198057 216360 4 3 15
198057 216360 5 13 5
198057 216360 6 18 0
198057 216360 7 16 2
198057 216360 8 18 0
198057 216360 9 18 0
198057 216360 10 18 0
!sus 270200 272314 0 10 43 attackers:270200;victims:272314;type:1;valid_origin:True;recurrent:True;local:False
270200 272314 1 0 43
270200 272314 2 0 43
270200 272314 3 10 33
270200 272314 4 0 43
270200 272314 5 0 43
270200 272314 6 0 43
270200 272314 7 0 43
270200 272314 8 0 43
270200 272314 9 0 43
270200 272314 10 0 43
!sus 60117 215758 0 10 5 attackers:60117;victims:215758;type:1;valid_origin:False;recurrent:True;local:False
60117 215758 1 0 5
60117 215758 2 0 5
60117 215758 3 0 5
60117 215758 4 0 5
60117 215758 5 0 5
60117 215758 6 0 5
60117 215758 7 0 5
60117 215758 8 0 5
60117 215758 9 0 5
60117 215758 10 0 5
!sus 44477 44559 4 6 28 attackers:44477;victims:44559;type:1;valid_origin:True;recurrent:True;local:False
44477 44559 1 20 8
44477 44559 2 20 8
44477 44559 3 22 6
44477 44559 4 20 8
44477 44559 5 11 17
44477 44559 6 0 28
44477 44559 7 0 28
44477 44559 8 0 28
44477 44559 9 0 28
44477 44559 10 0 28
!sus 13786 28327 9 1 1 attackers:13786;victims:12654;type:6;valid_origin:True;recurrent:True;local:True
13786 28327 1 0 1
13786 28327 2 1 0
13786 28327 3 1 0
13786 28327 4 1 0
13786 28327 5 1 0
13786 28327 6 1 0
13786 28327 7 1 0
13786 28327 8 1 0
13786 28327 9 1 0
13786 28327 10 1 0
!leg 47734 48141 10 0 22 attackers:47734;victims:48141;type:1;valid_origin:True;recurrent:False;local:False
47734 48141 1 15 7
47734 48141 2 17 5
47734 48141 3 21 1
47734 48141 4 22 0
47734 48141 5 21 1
47734 48141 6 21 1
47734 48141 7 22 0
47734 48141 8 21 1
47734 48141 9 22 0
47734 48141 10 22 0
!sus 37100 329289 9 1 7 attackers:37100;victims:329289;type:1;valid_origin:True;recurrent:True;local:False
37100 329289 1 1 6
37100 329289 2 6 1
37100 329289 3 6 1
37100 329289 4 6 1
37100 329289 5 6 1
37100 329289 6 6 1
37100 329289 7 6 1
37100 329289 8 6 1
37100 329289 9 6 1
37100 329289 10 7 0
!leg 262302 262977 10 0 11 attackers:262977;victims:262302;type:1;valid_origin:True;recurrent:False;local:False
262302 262977 1 11 0
262302 262977 2 11 0
262302 262977 3 11 0
262302 262977 4 11 0
262302 262977 5 11 0
262302 262977 6 11 0
262302 262977 7 11 0
262302 262977 8 11 0
262302 262977 9 11 0
262302 262977 10 11 0
!leg 47864 62663 10 0 1 attackers:62663;victims:202958;type:4;valid_origin:True;recurrent:False;local:False
47864 62663 1 1 0
47864 62663 2 1 0
47864 62663 3 1 0
47864 62663 4 1 0
47864 62663 5 1 0
47864 62663 6 1 0
47864 62663 7 1 0
47864 62663 8 1 0
47864 62663 9 1 0
47864 62663 10 1 0
!sus 15830 152095 0 10 8 attackers:15830;victims:152095;type:1;valid_origin:True;recurrent:True;local:False
15830 152095 1 0 8
15830 152095 2 0 8
15830 152095 3 0 8
15830 152095 4 0 8
15830 152095 5 0 8
15830 152095 6 0 8
15830 152095 7 0 8
15830 152095 8 0 8
15830 152095 9 0 8
15830 152095 10 1 7
!leg 268525 268546 10 0 139 attackers:268546;victims:268525;type:1;valid_origin:True;recurrent:False;local:False
268525 268546 1 98 41
268525 268546 2 121 18
268525 268546 3 136 3
268525 268546 4 128 11
268525 268546 5 127 12
268525 268546 6 139 0
268525 268546 7 139 0
268525 268546 8 139 0
268525 268546 9 139 0
268525 268546 10 139 0
!sus 37100 329298 1 9 216 attackers:37100;victims:329298;type:1;valid_origin:True;recurrent:True;local:False
37100 329298 1 133 83
37100 329298 2 2 214
37100 329298 3 0 216
37100 329298 4 0 216
37100 329298 5 2 214
37100 329298 6 69 147
37100 329298 7 0 216
37100 329298 8 0 216
37100 329298 9 0 216
37100 329298 10 4 212
!sus 1030 395497 8 2 1 attackers:1030;victims:395497;type:1;valid_origin:True;recurrent:True;local:False
1030 395497 1 1 0
1030 395497 2 1 0
1030 395497 3 1 0
1030 395497 4 1 0
1030 395497 5 1 0
1030 395497 6 1 0
1030 395497 7 0 1
1030 395497 8 1 0
1030 395497 9 0 1
1030 395497 10 1 0
!sus 215542 216389 2 8 168 attackers:216389;victims:215542;type:1;valid_origin:True;recurrent:True;local:False
215542 216389 1 163 5
215542 216389 2 33 135
215542 216389 3 150 18
215542 216389 4 1 167
215542 216389 5 0 168
215542 216389 6 0 168
215542 216389 7 0 168
215542 216389 8 75 93
215542 216389 9 0 168
215542 216389 10 0 168
!sus 263164 265290 2 8 3 attackers:263164;victims:28590;type:4;valid_origin:True;recurrent:True;local:False
263164 265290 1 0 3
263164 265290 2 0 3
263164 265290 3 0 3
263164 265290 4 0 3
263164 265290 5 0 3
263164 265290 6 0 3
263164 265290 7 0 3
263164 265290 8 3 0
263164 265290 9 3 0
263164 265290 10 0 3
!leg 8708 47734 10 0 118 attackers:47734;victims:42568,31244,48931,51626,51793,205087,58034,52023,39888,39211,41219,42637,58023,33911,40998;type:2,3;valid_origin:True;recurrent:False;local:False
8708 47734 1 99 19
8708 47734 2 113 5
8708 47734 3 117 1
8708 47734 4 116 2
8708 47734 5 118 0
8708 47734 6 117 1
8708 47734 7 118 0
8708 47734 8 118 0
8708 47734 9 117 1
8708 47734 10 118 0
!sus 34450 47734 9 1 14 attackers:47734;victims:34450;type:1;valid_origin:True;recurrent:False;local:False
34450 47734 1 6 8
34450 47734 2 14 0
34450 47734 3 14 0
34450 47734 4 14 0
34450 47734 5 14 0
34450 47734 6 14 0
34450 47734 7 14 0
34450 47734 8 14 0
34450 47734 9 14 0
34450 47734 10 14 0
!leg 3356 25773 10 0 18 attackers:3356;victims:48851;type:2;valid_origin:True;recurrent:False;local:False
3356 25773 1 17 1
3356 25773 2 17 1
3356 25773 3 18 0
3356 25773 4 18 0
3356 25773 5 18 0
3356 25773 6 18 0
3356 25773 7 18 0
3356 25773 8 18 0
3356 25773 9 18 0
3356 25773 10 18 0
!sus 47734 50886 8 2 14 attackers:47734;victims:50886;type:1;valid_origin:True;recurrent:False;local:False
47734 50886 1 0 14
47734 50886 2 5 9
47734 50886 3 12 2
47734 50886 4 12 2
47734 50886 5 12 2
47734 50886 6 14 0
47734 50886 7 14 0
47734 50886 8 14 0
47734 50886 9 14 0
47734 50886 10 14 0
!leg 55672 55674 10 0 1 attackers:55674;victims:55672;type:1;valid_origin:True;recurrent:False;local:False
55672 55674 1 1 0
55672 55674 2 1 0
55672 55674 3 1 0
55672 55674 4 1 0
55672 55674 5 1 0
55672 55674 6 1 0
55672 55674 7 1 0
55672 55674 8 1 0
55672 55674 9 1 0
55672 55674 10 1 0
!sus 209533 215953 1 9 11 attackers:209533;victims:215953;type:1;valid_origin:True;recurrent:True;local:False
209533 215953 1 7 4
209533 215953 2 0 11
209533 215953 3 0 11
209533 215953 4 0 11
209533 215953 5 0 11
209533 215953 6 0 11
209533 215953 7 0 11
209533 215953 8 0 11
209533 215953 9 0 11
209533 215953 10 0 11
!leg 266451 267613 10 0 1 attackers:267613;victims:266451;type:1;valid_origin:True;recurrent:False;local:False
266451 267613 1 1 0
266451 267613 2 1 0
266451 267613 3 1 0
266451 267613 4 1 0
266451 267613 5 1 0
266451 267613 6 1 0
266451 267613 7 1 0
266451 267613 8 1 0
266451 267613 9 1 0
266451 267613 10 1 0
!leg 3257 64250 10 0 41 attackers:3257;victims:64250;type:1;valid_origin:True;recurrent:False;local:False
3257 64250 1 41 0
3257 64250 2 41 0
3257 64250 3 41 0
3257 64250 4 41 0
3257 64250 5 41 0
3257 64250 6 41 0
3257 64250 7 41 0
3257 64250 8 41 0
3257 64250 9 41 0
3257 64250 10 41 0
!sus 1030 399737 8 2 1 attackers:1030;victims:399737;type:1;valid_origin:True;recurrent:True;local:False
1030 399737 1 1 0
1030 399737 2 1 0
1030 399737 3 1 0
1030 399737 4 1 0
1030 399737 5 1 0
1030 399737 6 1 0
1030 399737 7 0 1
1030 399737 8 1 0
1030 399737 9 0 1
1030 399737 10 1 0
!leg 57356 62663 10 0 2 attackers:62663;victims:57356;type:1;valid_origin:True;recurrent:False;local:False
57356 62663 1 2 0
57356 62663 2 2 0
57356 62663 3 2 0
57356 62663 4 2 0
57356 62663 5 2 0
57356 62663 6 2 0
57356 62663 7 2 0
57356 62663 8 2 0
57356 62663 9 2 0
57356 62663 10 2 0
!leg 48695 215557 10 0 102 attackers:48695;victims:215557;type:1;valid_origin:True;recurrent:True;local:False
48695 215557 1 102 0
48695 215557 2 102 0
48695 215557 3 102 0
48695 215557 4 102 0
48695 215557 5 102 0
48695 215557 6 88 14
48695 215557 7 68 34
48695 215557 8 102 0
48695 215557 9 79 23
48695 215557 10 102 0
!sus 9 141314 0 10 9 attackers:141314;victims:9;type:1;valid_origin:False;recurrent:True;local:False
9 141314 1 0 9
9 141314 2 0 9
9 141314 3 0 9
9 141314 4 0 9
9 141314 5 0 9
9 141314 6 0 9
9 141314 7 0 9
9 141314 8 0 9
9 141314 9 0 9
9 141314 10 0 9
!sus 955 205794 0 10 10 attackers:955;victims:205794;type:1;valid_origin:True;recurrent:True;local:False
955 205794 1 0 10
955 205794 2 0 10
955 205794 3 0 10
955 205794 4 0 10
955 205794 5 0 10
955 205794 6 0 10
955 205794 7 0 10
955 205794 8 0 10
955 205794 9 0 10
955 205794 10 0 10
!leg 49415 62663 10 0 2 attackers:62663;victims:49415;type:1;valid_origin:True;recurrent:False;local:False
49415 62663 1 2 0
49415 62663 2 2 0
49415 62663 3 2 0
49415 62663 4 2 0
49415 62663 5 2 0
49415 62663 6 2 0
49415 62663 7 2 0
49415 62663 8 2 0
49415 62663 9 2 0
49415 62663 10 2 0
!leg 7342 262589 10 0 3 attackers:262589;victims:396549,7342,397197;type:1,2;valid_origin:True;recurrent:False;local:False
7342 262589 1 3 0
7342 262589 2 3 0
7342 262589 3 3 0
7342 262589 4 3 0
7342 262589 5 3 0
7342 262589 6 3 0
7342 262589 7 3 0
7342 262589 8 3 0
7342 262589 9 3 0
7342 262589 10 3 0
!leg 1030 7488 10 0 4 attackers:1030;victims:7488;type:1;valid_origin:True;recurrent:True;local:False
1030 7488 1 4 0
1030 7488 2 4 0
1030 7488 3 4 0
1030 7488 4 4 0
1030 7488 5 4 0
1030 7488 6 4 0
1030 7488 7 3 1
1030 7488 8 4 0
1030 7488 9 4 0
1030 7488 10 4 0
!leg 35600 48732 10 0 1 attackers:35600;victims:48732;type:1;valid_origin:True;recurrent:False;local:True
35600 48732 1 1 0
35600 48732 2 1 0
35600 48732 3 1 0
35600 48732 4 1 0
35600 48732 5 1 0
35600 48732 6 1 0
35600 48732 7 1 0
35600 48732 8 1 0
35600 48732 9 1 0
35600 48732 10 1 0
!sus 60512 60539 0 10 5 attackers:60539;victims:42337;type:2,4;valid_origin:False;recurrent:True;local:False
60512 60539 1 0 5
60512 60539 2 0 5
60512 60539 3 0 5
60512 60539 4 0 5
60512 60539 5 0 5
60512 60539 6 0 5
60512 60539 7 0 5
60512 60539 8 0 5
60512 60539 9 0 5
60512 60539 10 0 5
!sus 3356 268843 4 6 2 attackers:3356;victims:268843;type:1;valid_origin:True;recurrent:True;local:False
3356 268843 1 0 2
3356 268843 2 0 2
3356 268843 3 1 1
3356 268843 4 0 2
3356 268843 5 1 1
3356 268843 6 1 1
3356 268843 7 2 0
3356 268843 8 2 0
3356 268843 9 2 0
3356 268843 10 2 0
!sus 49531 216332 2 8 8 attackers:49531;victims:216332;type:1;valid_origin:True;recurrent:True;local:False
49531 216332 1 8 0
49531 216332 2 4 4
49531 216332 3 8 0
49531 216332 4 0 8
49531 216332 5 0 8
49531 216332 6 0 8
49531 216332 7 0 8
49531 216332 8 1 7
49531 216332 9 0 8
49531 216332 10 0 8
!leg 34465 37739 10 0 162 attackers:34465;victims:37739;type:1;valid_origin:True;recurrent:True;local:False
34465 37739 1 162 0
34465 37739 2 152 10
34465 37739 3 148 14
34465 37739 4 153 9
34465 37739 5 139 23
34465 37739 6 139 23
34465 37739 7 88 74
34465 37739 8 134 28
34465 37739 9 95 67
34465 37739 10 154 8
!leg 47734 48948 10 0 28 attackers:47734;victims:57034,59590;type:2;valid_origin:True;recurrent:False;local:False
47734 48948 1 28 0
47734 48948 2 28 0
47734 48948 3 28 0
47734 48948 4 28 0
47734 48948 5 28 0
47734 48948 6 28 0
47734 48948 7 28 0
47734 48948 8 28 0
47734 48948 9 28 0
47734 48948 10 28 0
!sus 200019 206170 8 2 8 attackers:206170;victims:200019;type:1;valid_origin:True;recurrent:True;local:False
200019 206170 1 0 8
200019 206170 2 0 8
200019 206170 3 8 0
200019 206170 4 7 1
200019 206170 5 6 2
200019 206170 6 7 1
200019 206170 7 8 0
200019 206170 8 8 0
200019 206170 9 8 0
200019 206170 10 8 0
!sus 15830 215835 0 10 4 attackers:15830;victims:215835;type:1;valid_origin:True;recurrent:True;local:False
15830 215835 1 1 3
15830 215835 2 0 4
15830 215835 3 0 4
15830 215835 4 0 4
15830 215835 5 0 4
15830 215835 6 0 4
15830 215835 7 0 4
15830 215835 8 0 4
15830 215835 9 0 4
15830 215835 10 0 4
!sus 41095 262253 2 8 11 attackers:262253;victims:269975,273000,271857;type:2;valid_origin:True;recurrent:True;local:False
41095 262253 1 2 9
41095 262253 2 4 7
41095 262253 3 4 7
41095 262253 4 4 7
41095 262253 5 4 7
41095 262253 6 7 4
41095 262253 7 4 7
41095 262253 8 4 7
41095 262253 9 4 7
41095 262253 10 7 4
!sus 215569 215828 8 2 163 attackers:215828;victims:215569;type:1,4,5;valid_origin:True;recurrent:False;local:False
215569 215828 1 0 163
215569 215828 2 65 98
215569 215828 3 148 15
215569 215828 4 157 6
215569 215828 5 157 6
215569 215828 6 157 6
215569 215828 7 160 3
215569 215828 8 161 2
215569 215828 9 162 1
215569 215828 10 163 0
!sus 15353 208753 0 10 151 attackers:15353;victims:208753;type:1;valid_origin:True;recurrent:True;local:False
15353 208753 1 0 151
15353 208753 2 0 151
15353 208753 3 0 151
15353 208753 4 0 151
15353 208753 5 0 151
15353 208753 6 0 151
15353 208753 7 1 150
15353 208753 8 1 150
15353 208753 9 1 150
15353 208753 10 1 150
!leg 6939 152184 10 0 43 attackers:6939;victims:152184;type:1;valid_origin:True;recurrent:False;local:False
6939 152184 1 43 0
6939 152184 2 43 0
6939 152184 3 43 0
6939 152184 4 43 0
6939 152184 5 43 0
6939 152184 6 43 0
6939 152184 7 43 0
6939 152184 8 43 0
6939 152184 9 43 0
6939 152184 10 43 0
!sus 28006 28011 1 9 1 attackers:28006;victims:28011;type:1;valid_origin:True;recurrent:True;local:False
28006 28011 1 0 1
28006 28011 2 1 0
28006 28011 3 0 1
28006 28011 4 0 1
28006 28011 5 0 1
28006 28011 6 0 1
28006 28011 7 0 1
28006 28011 8 0 1
28006 28011 9 0 1
28006 28011 10 0 1
!sus 11432 268698 8 2 37 attackers:268698;victims:271358;type:2;valid_origin:True;recurrent:False;local:False
11432 268698 1 8 29
11432 268698 2 18 19
11432 268698 3 29 8
11432 268698 4 26 11
11432 268698 5 33 4
11432 268698 6 29 8
11432 268698 7 36 1
11432 268698 8 37 0
11432 268698 9 37 0
11432 268698 10 37 0
!sus 23125 47496 0 10 1 attackers:47496;victims:23125;type:1;valid_origin:True;recurrent:True;local:False
23125 47496 1 0 1
23125 47496 2 0 1
23125 47496 3 0 1
23125 47496 4 0 1
23125 47496 5 0 1
23125 47496 6 0 1
23125 47496 7 0 1
23125 47496 8 0 1
23125 47496 9 0 1
23125 47496 10 0 1
!sus 44324 199765 5 5 103 attackers:199765;victims:44324,23347;type:1,2;valid_origin:True;recurrent:True;local:False
44324 199765 1 4 99
44324 199765 2 14 89
44324 199765 3 35 68
44324 199765 4 39 64
44324 199765 5 49 54
44324 199765 6 71 32
44324 199765 7 66 37
44324 199765 8 74 29
44324 199765 9 74 29
44324 199765 10 75 28
!leg 60868 62663 10 0 2 attackers:62663;victims:60868;type:1;valid_origin:True;recurrent:True;local:False
60868 62663 1 2 0
60868 62663 2 2 0
60868 62663 3 2 0
60868 62663 4 2 0
60868 62663 5 2 0
60868 62663 6 2 0
60868 62663 7 2 0
60868 62663 8 2 0
60868 62663 9 2 0
60868 62663 10 2 0
!sus 7046 22142 9 1 1 attackers:7046;victims:22142;type:1;valid_origin:True;recurrent:True;local:False
7046 22142 1 1 0
7046 22142 2 1 0
7046 22142 3 1 0
7046 22142 4 1 0
7046 22142 5 1 0
7046 22142 6 1 0
7046 22142 7 0 1
7046 22142 8 1 0
7046 22142 9 1 0
7046 22142 10 1 0
!sus 24762 41691 8 2 3 attackers:41691;victims:24762;type:1;valid_origin:True;recurrent:True;local:False
24762 41691 1 3 0
24762 41691 2 3 0
24762 41691 3 3 0
24762 41691 4 2 1
24762 41691 5 3 0
24762 41691 6 0 3
24762 41691 7 2 1
24762 41691 8 0 3
24762 41691 9 3 0
24762 41691 10 2 1
!sus 13335 28294 0 10 17 attackers:28294;victims:13335;type:1;valid_origin:True;recurrent:True;local:False
13335 28294 1 0 17
13335 28294 2 0 17
13335 28294 3 0 17
13335 28294 4 0 17
13335 28294 5 0 17
13335 28294 6 0 17
13335 28294 7 0 17
13335 28294 8 0 17
13335 28294 9 0 17
13335 28294 10 1 16
!sus 43766 139057 0 10 14 attackers:43766;victims:139057;type:1;valid_origin:True;recurrent:True;local:False
43766 139057 1 0 14
43766 139057 2 0 14
43766 139057 3 0 14
43766 139057 4 0 14
43766 139057 5 0 14
43766 139057 6 0 14
43766 139057 7 0 14
43766 139057 8 0 14
43766 139057 9 0 14
43766 139057 10 0 14
!leg 52935 263099 10 0 7 attackers:263099;victims:273379;type:2;valid_origin:True;recurrent:False;local:False
52935 263099 1 7 0
52935 263099 2 7 0
52935 263099 3 7 0
52935 263099 4 7 0
52935 263099 5 7 0
52935 263099 6 7 0
52935 263099 7 7 0
52935 263099 8 7 0
52935 263099 9 7 0
52935 263099 10 7 0
!sus 11260 13335 0 10 3 attackers:11260;victims:13335;type:1;valid_origin:True;recurrent:True;local:False
11260 13335 1 0 3
11260 13335 2 0 3
11260 13335 3 0 3
11260 13335 4 0 3
11260 13335 5 0 3
11260 13335 6 0 3
11260 13335 7 0 3
11260 13335 8 0 3
11260 13335 9 0 3
11260 13335 10 0 3
!leg 57463 201706 10 0 1 attackers:57463;victims:43278;type:2;valid_origin:True;recurrent:True;local:True
57463 201706 1 1 0
57463 201706 2 1 0
57463 201706 3 1 0
57463 201706 4 1 0
57463 201706 5 1 0
57463 201706 6 1 0
57463 201706 7 1 0
57463 201706 8 1 0
57463 201706 9 1 0
57463 201706 10 1 0
!sus 174 266434 0 10 3 attackers:266434;victims:174;type:1;valid_origin:True;recurrent:True;local:False
174 266434 1 0 3
174 266434 2 0 3
174 266434 3 0 3
174 266434 4 0 3
174 266434 5 0 3
174 266434 6 0 3
174 266434 7 0 3
174 266434 8 0 3
174 266434 9 0 3
174 266434 10 0 3
!sus 983 52320 7 3 3 attackers:52320;victims:38136;type:2;valid_origin:True;recurrent:True;local:False
983 52320 1 0 3
983 52320 2 1 2
983 52320 3 1 2
983 52320 4 2 1
983 52320 5 3 0
983 52320 6 3 0
983 52320 7 3 0
983 52320 8 3 0
983 52320 9 3 0
983 52320 10 3 0
!leg 262977 265178 10 0 7 attackers:262977;victims:265178;type:1;valid_origin:True;recurrent:False;local:False
262977 265178 1 7 0
262977 265178 2 7 0
262977 265178 3 7 0
262977 265178 4 7 0
262977 265178 5 7 0
262977 265178 6 7 0
262977 265178 7 7 0
262977 265178 8 7 0
262977 265178 9 7 0
262977 265178 10 7 0
!sus 35505 47734 9 1 14 attackers:47734;victims:35505;type:1;valid_origin:True;recurrent:False;local:False
35505 47734 1 5 9
35505 47734 2 11 3
35505 47734 3 12 2
35505 47734 4 14 0
35505 47734 5 14 0
35505 47734 6 14 0
35505 47734 7 14 0
35505 47734 8 14 0
35505 47734 9 14 0
35505 47734 10 14 0
!sus 18747 394354 9 1 2 attackers:18747;victims:207266;type:2;valid_origin:True;recurrent:True;local:False
18747 394354 1 0 2
18747 394354 2 2 0
18747 394354 3 2 0
18747 394354 4 2 0
18747 394354 5 2 0
18747 394354 6 2 0
18747 394354 7 2 0
18747 394354 8 2 0
18747 394354 9 2 0
18747 394354 10 2 0
!leg 4800 142347 10 0 119 attackers:4800;victims:151533,142347;type:1,2;valid_origin:True;recurrent:False;local:False
4800 142347 1 119 0
4800 142347 2 119 0
4800 142347 3 119 0
4800 142347 4 119 0
4800 142347 5 119 0
4800 142347 6 119 0
4800 142347 7 119 0
4800 142347 8 119 0
4800 142347 9 119 0
4800 142347 10 119 0
!leg 59332 134113 10 0 58 attackers:59332;victims:133070;type:2;valid_origin:True;recurrent:False;local:False
59332 134113 1 58 0
59332 134113 2 58 0
59332 134113 3 58 0
59332 134113 4 58 0
59332 134113 5 58 0
59332 134113 6 58 0
59332 134113 7 58 0
59332 134113 8 58 0
59332 134113 9 58 0
59332 134113 10 58 0
!sus 56655 60326 5 5 5 attackers:56655;victims:60326;type:1;valid_origin:True;recurrent:True;local:False
56655 60326 1 1 4
56655 60326 2 1 4
56655 60326 3 2 3
56655 60326 4 2 3
56655 60326 5 4 1
56655 60326 6 2 3
56655 60326 7 4 1
56655 60326 8 4 1
56655 60326 9 3 2
56655 60326 10 4 1
!sus 15169 52965 0 10 1 attackers:52965;victims:15169;type:1;valid_origin:True;recurrent:True;local:False
15169 52965 1 0 1
15169 52965 2 0 1
15169 52965 3 0 1
15169 52965 4 0 1
15169 52965 5 0 1
15169 52965 6 0 1
15169 52965 7 0 1
15169 52965 8 0 1
15169 52965 9 0 1
15169 52965 10 0 1
!sus 9 133981 6 4 4 attackers:133981;victims:9;type:1;valid_origin:True;recurrent:True;local:False
9 133981 1 0 4
9 133981 2 1 3
9 133981 3 0 4
9 133981 4 1 3
9 133981 5 3 1
9 133981 6 3 1
9 133981 7 3 1
9 133981 8 3 1
9 133981 9 3 1
9 133981 10 3 1
!sus 33823 47734 9 1 19 attackers:47734;victims:33823,35161;type:1,2;valid_origin:True;recurrent:False;local:False
33823 47734 1 9 10
33823 47734 2 15 4
33823 47734 3 15 4
33823 47734 4 18 1
33823 47734 5 18 1
33823 47734 6 18 1
33823 47734 7 18 1
33823 47734 8 19 0
33823 47734 9 18 1
33823 47734 10 18 1
!sus 3258 11930 7 3 3 attackers:3258;victims:11930;type:1;valid_origin:True;recurrent:True;local:False
3258 11930 1 0 3
3258 11930 2 1 2
3258 11930 3 0 3
3258 11930 4 3 0
3258 11930 5 3 0
3258 11930 6 3 0
3258 11930 7 3 0
3258 11930 8 3 0
3258 11930 9 3 0
3258 11930 10 3 0
!sus 39570 215836 1 9 1 attackers:39570;victims:215836;type:1;valid_origin:True;recurrent:True;local:False
39570 215836 1 1 0
39570 215836 2 0 1
39570 215836 3 0 1
39570 215836 4 0 1
39570 215836 5 0 1
39570 215836 6 0 1
39570 215836 7 0 1
39570 215836 8 0 1
39570 215836 9 0 1
39570 215836 10 0 1
!sus 58057 215669 1 9 448 attackers:58057;victims:215669;type:1;valid_origin:True;recurrent:True;local:False
58057 215669 1 254 194
58057 215669 2 64 384
58057 215669 3 112 336
58057 215669 4 139 309
58057 215669 5 21 427
58057 215669 6 108 340
58057 215669 7 89 359
58057 215669 8 53 395
58057 215669 9 100 348
58057 215669 10 126 322
!sus 12654 212271 0 10 21 attackers:212271;victims:12654;type:1;valid_origin:True;recurrent:True;local:False
12654 212271 1 0 21
12654 212271 2 0 21
12654 212271 3 0 21
12654 212271 4 1 20
12654 212271 5 1 20
12654 212271 6 1 20
12654 212271 7 3 18
12654 212271 8 5 16
12654 212271 9 5 16
12654 212271 10 10 11
!sus 15412 132228 8 2 4 attackers:15412;victims:133383,132228;type:1,2;valid_origin:True;recurrent:False;local:False
15412 132228 1 2 2
15412 132228 2 2 2
15412 132228 3 3 1
15412 132228 4 3 1
15412 132228 5 4 0
15412 132228 6 4 0
15412 132228 7 4 0
15412 132228 8 4 0
15412 132228 9 4 0
15412 132228 10 4 0
!sus 23520 273132 0 10 7 attackers:23520;victims:273132;type:1;valid_origin:True;recurrent:True;local:False
23520 273132 1 2 5
23520 273132 2 0 7
23520 273132 3 1 6
23520 273132 4 0 7
23520 273132 5 0 7
23520 273132 6 1 6
23520 273132 7 0 7
23520 273132 8 0 7
23520 273132 9 0 7
23520 273132 10 0 7
!leg 58965 135753 10 0 61 attackers:58965;victims:135753;type:1;valid_origin:True;recurrent:False;local:False
58965 135753 1 61 0
58965 135753 2 61 0
58965 135753 3 61 0
58965 135753 4 61 0
58965 135753 5 61 0
58965 135753 6 61 0
58965 135753 7 61 0
58965 135753 8 61 0
58965 135753 9 61 0
58965 135753 10 61 0
!sus 983 57463 9 1 2 attackers:57463;victims:983,38136;type:1,2;valid_origin:True;recurrent:True;local:True
983 57463 1 1 1
983 57463 2 2 0
983 57463 3 2 0
983 57463 4 2 0
983 57463 5 2 0
983 57463 6 2 0
983 57463 7 2 0
983 57463 8 2 0
983 57463 9 2 0
983 57463 10 2 0
!leg 265296 267613 10 0 1 attackers:267613;victims:265296;type:1;valid_origin:True;recurrent:False;local:False
265296 267613 1 1 0
265296 267613 2 1 0
265296 267613 3 1 0
265296 267613 4 1 0
265296 267613 5 1 0
265296 267613 6 1 0
265296 267613 7 1 0
265296 267613 8 1 0
265296 267613 9 1 0
265296 267613 10 1 0
!sus 21738 202427 0 10 8 attackers:21738;victims:202427;type:1;valid_origin:True;recurrent:True;local:False
21738 202427 1 0 8
21738 202427 2 1 7
21738 202427 3 1 7
21738 202427 4 2 6
21738 202427 5 2 6
21738 202427 6 2 6
21738 202427 7 2 6
21738 202427 8 2 6
21738 202427 9 3 5
21738 202427 10 3 5
!leg 174 50411 10 0 3 attackers:174;victims:50411;type:1;valid_origin:True;recurrent:False;local:False
174 50411 1 3 0
174 50411 2 3 0
174 50411 3 3 0
174 50411 4 3 0
174 50411 5 3 0
174 50411 6 3 0
174 50411 7 3 0
174 50411 8 3 0
174 50411 9 3 0
174 50411 10 3 0
!sus 38193 63139 0 10 51 attackers:38193;victims:138915;type:2;valid_origin:True;recurrent:True;local:False
38193 63139 1 1 50
38193 63139 2 4 47
38193 63139 3 4 47
38193 63139 4 4 47
38193 63139 5 4 47
38193 63139 6 4 47
38193 63139 7 4 47
38193 63139 8 4 47
38193 63139 9 4 47
38193 63139 10 6 45
!sus 215589 216311 2 8 3 attackers:216311;victims:215589;type:1;valid_origin:True;recurrent:True;local:False
215589 216311 1 0 3
215589 216311 2 3 0
215589 216311 3 1 2
215589 216311 4 1 2
215589 216311 5 0 3
215589 216311 6 0 3
215589 216311 7 0 3
215589 216311 8 1 2
215589 216311 9 0 3
215589 216311 10 3 0
!sus 18229 133372 9 1 752 attackers:18229;victims:17501,133372;type:1,3;valid_origin:True;recurrent:True;local:False
18229 133372 1 284 468
18229 133372 2 594 158
18229 133372 3 698 54
18229 133372 4 710 42
18229 133372 5 727 25
18229 133372 6 731 21
18229 133372 7 728 24
18229 133372 8 736 16
18229 133372 9 734 18
18229 133372 10 752 0
!sus 6453 132354 0 10 1 attackers:6453;victims:132354;type:1;valid_origin:True;recurrent:True;local:False
6453 132354 1 0 1
6453 132354 2 0 1
6453 132354 3 0 1
6453 132354 4 0 1
6453 132354 5 0 1
6453 132354 6 0 1
6453 132354 7 0 1
6453 132354 8 0 1
6453 132354 9 0 1
6453 132354 10 0 1
!sus 37678 329381 2 8 45 attackers:37678;victims:329381;type:1;valid_origin:True;recurrent:True;local:False
37678 329381 1 17 28
37678 329381 2 19 26
37678 329381 3 36 9
37678 329381 4 12 33
37678 329381 5 6 39
37678 329381 6 4 41
37678 329381 7 0 45
37678 329381 8 4 41
37678 329381 9 33 12
37678 329381 10 0 45
!leg 262977 268234 10 0 4 attackers:262977;victims:268234;type:1;valid_origin:True;recurrent:True;local:False
262977 268234 1 4 0
262977 268234 2 4 0
262977 268234 3 4 0
262977 268234 4 4 0
262977 268234 5 4 0
262977 268234 6 4 0
262977 268234 7 4 0
262977 268234 8 4 0
262977 268234 9 4 0
262977 268234 10 4 0
!leg 197071 215569 10 0 118 attackers:197071;victims:215569;type:1;valid_origin:True;recurrent:False;local:False
197071 215569 1 108 10
197071 215569 2 104 14
197071 215569 3 117 1
197071 215569 4 113 5
197071 215569 5 118 0
197071 215569 6 117 1
197071 215569 7 118 0
197071 215569 8 118 0
197071 215569 9 118 0
197071 215569 10 118 0
!leg 1006 398465 10 0 63 attackers:398465;victims:1006;type:1;valid_origin:False;recurrent:False;local:False
1006 398465 1 63 0
1006 398465 2 63 0
1006 398465 3 62 1
1006 398465 4 59 4
1006 398465 5 56 7
1006 398465 6 58 5
1006 398465 7 59 4
1006 398465 8 59 4
1006 398465 9 59 4
1006 398465 10 61 2
!sus 58057 207550 2 8 91 attackers:58057;victims:207550;type:1;valid_origin:True;recurrent:True;local:False
58057 207550 1 74 17
58057 207550 2 7 84
58057 207550 3 30 61
58057 207550 4 50 41
58057 207550 5 1 90
58057 207550 6 35 56
58057 207550 7 16 75
58057 207550 8 2 89
58057 207550 9 17 74
58057 207550 10 36 55
!leg 44682 47734 10 0 84 attackers:47734;victims:44682,31244,35267,39346,49252,35450;type:1,2;valid_origin:True;recurrent:False;local:False
44682 47734 1 73 11
44682 47734 2 82 2
44682 47734 3 76 8
44682 47734 4 83 1
44682 47734 5 82 2
44682 47734 6 83 1
44682 47734 7 83 1
44682 47734 8 84 0
44682 47734 9 83 1
44682 47734 10 84 0
!leg 714 47734 10 0 16 attackers:47734;victims:714,6185;type:1,2;valid_origin:True;recurrent:False;local:False
714 47734 1 16 0
714 47734 2 16 0
714 47734 3 16 0
714 47734 4 16 0
714 47734 5 16 0
714 47734 6 16 0
714 47734 7 16 0
714 47734 8 16 0
714 47734 9 16 0
714 47734 10 16 0
!sus 7489 142148 4 6 7 attackers:7489;victims:7489,142148;type:1,3;valid_origin:True;recurrent:True;local:False
7489 142148 1 7 0
7489 142148 2 7 0
7489 142148 3 7 0
7489 142148 4 3 4
7489 142148 5 3 4
7489 142148 6 3 4
7489 142148 7 3 4
7489 142148 8 7 0
7489 142148 9 3 4
7489 142148 10 3 4
!leg 6939 264768 10 0 23 attackers:6939;victims:264768;type:1;valid_origin:True;recurrent:False;local:False
6939 264768 1 23 0
6939 264768 2 23 0
6939 264768 3 23 0
6939 264768 4 23 0
6939 264768 5 23 0
6939 264768 6 23 0
6939 264768 7 23 0
6939 264768 8 23 0
6939 264768 9 23 0
6939 264768 10 23 0
!leg 262378 264344 10 0 3 attackers:264344;victims:263378;type:2;valid_origin:False;recurrent:False;local:False
262378 264344 1 3 0
262378 264344 2 3 0
262378 264344 3 3 0
262378 264344 4 3 0
262378 264344 5 3 0
262378 264344 6 3 0
262378 264344 7 3 0
262378 264344 8 3 0
262378 264344 9 3 0
262378 264344 10 3 0
!leg 47734 58022 10 0 16 attackers:47734;victims:58022;type:1;valid_origin:True;recurrent:False;local:False
47734 58022 1 15 1
47734 58022 2 16 0
47734 58022 3 16 0
47734 58022 4 16 0
47734 58022 5 16 0
47734 58022 6 16 0
47734 58022 7 16 0
47734 58022 8 16 0
47734 58022 9 16 0
47734 58022 10 16 0
!sus 200223 216279 2 8 104 attackers:200223;victims:216279;type:1;valid_origin:True;recurrent:True;local:False
200223 216279 1 90 14
200223 216279 2 36 68
200223 216279 3 55 49
200223 216279 4 0 104
200223 216279 5 0 104
200223 216279 6 0 104
200223 216279 7 0 104
200223 216279 8 20 84
200223 216279 9 0 104
200223 216279 10 0 104
!sus 1030 40706 8 2 2 attackers:1030;victims:40706;type:1;valid_origin:True;recurrent:True;local:False
1030 40706 1 2 0
1030 40706 2 2 0
1030 40706 3 2 0
1030 40706 4 2 0
1030 40706 5 2 0
1030 40706 6 2 0
1030 40706 7 1 1
1030 40706 8 2 0
1030 40706 9 1 1
1030 40706 10 2 0
!leg 52571 262696 10 0 4 attackers:52571;victims:262696;type:1;valid_origin:True;recurrent:False;local:False
52571 262696 1 4 0
52571 262696 2 4 0
52571 262696 3 4 0
52571 262696 4 4 0
52571 262696 5 4 0
52571 262696 6 4 0
52571 262696 7 4 0
52571 262696 8 4 0
52571 262696 9 4 0
52571 262696 10 4 0
!sus 28146 53122 0 10 23 attackers:53122;victims:28146;type:1;valid_origin:False;recurrent:True;local:False
28146 53122 1 0 23
28146 53122 2 0 23
28146 53122 3 2 21
28146 53122 4 3 20
28146 53122 5 3 20
28146 53122 6 2 21
28146 53122 7 3 20
28146 53122 8 3 20
28146 53122 9 3 20
28146 53122 10 3 20
!sus 12956 396986 4 6 4 attackers:12956;victims:396986;type:1;valid_origin:True;recurrent:True;local:False
12956 396986 1 0 4
12956 396986 2 0 4
12956 396986 3 2 2
12956 396986 4 2 2
12956 396986 5 2 2
12956 396986 6 2 2
12956 396986 7 3 1
12956 396986 8 4 0
12956 396986 9 4 0
12956 396986 10 4 0
!leg 31313 47734 10 0 9 attackers:47734;victims:48843;type:2;valid_origin:True;recurrent:False;local:False
31313 47734 1 9 0
31313 47734 2 9 0
31313 47734 3 9 0
31313 47734 4 9 0
31313 47734 5 9 0
31313 47734 6 9 0
31313 47734 7 9 0
31313 47734 8 9 0
31313 47734 9 9 0
31313 47734 10 9 0
!sus 50629 398704 9 1 1 attackers:50629;victims:398704;type:1;valid_origin:True;recurrent:True;local:True
50629 398704 1 0 1
50629 398704 2 1 0
50629 398704 3 1 0
50629 398704 4 1 0
50629 398704 5 1 0
50629 398704 6 1 0
50629 398704 7 1 0
50629 398704 8 1 0
50629 398704 9 1 0
50629 398704 10 1 0
!sus 28398 265582 5 5 3 attackers:28398;victims:265582;type:1;valid_origin:True;recurrent:True;local:False
28398 265582 1 0 3
28398 265582 2 0 3
28398 265582 3 0 3
28398 265582 4 0 3
28398 265582 5 0 3
28398 265582 6 2 1
28398 265582 7 3 0
28398 265582 8 3 0
28398 265582 9 3 0
28398 265582 10 3 0
!sus 4635 9270 9 1 1 attackers:4635;victims:9270;type:1;valid_origin:True;recurrent:True;local:False
4635 9270 1 0 1
4635 9270 2 1 0
4635 9270 3 1 0
4635 9270 4 1 0
4635 9270 5 1 0
4635 9270 6 1 0
4635 9270 7 1 0
4635 9270 8 1 0
4635 9270 9 1 0
4635 9270 10 1 0
!sus 208046 215762 0 10 1 attackers:208046;victims:215762;type:1;valid_origin:True;recurrent:True;local:False
208046 215762 1 0 1
208046 215762 2 0 1
208046 215762 3 0 1
208046 215762 4 0 1
208046 215762 5 0 1
208046 215762 6 0 1
208046 215762 7 0 1
208046 215762 8 0 1
208046 215762 9 0 1
208046 215762 10 0 1
!sus 52468 273077 0 10 27 attackers:52468;victims:273077;type:1;valid_origin:True;recurrent:True;local:False
52468 273077 1 10 17
52468 273077 2 0 27
52468 273077 3 0 27
52468 273077 4 0 27
52468 273077 5 0 27
52468 273077 6 8 19
52468 273077 7 0 27
52468 273077 8 0 27
52468 273077 9 6 21
52468 273077 10 0 27
!leg 24631 204203 10 0 181 attackers:24631;victims:204203;type:1;valid_origin:True;recurrent:False;local:False
24631 204203 1 181 0
24631 204203 2 181 0
24631 204203 3 181 0
24631 204203 4 181 0
24631 204203 5 181 0
24631 204203 6 181 0
24631 204203 7 181 0
24631 204203 8 181 0
24631 204203 9 181 0
24631 204203 10 181 0
!sus 57463 203333 2 8 1 attackers:57463;victims:203333;type:1;valid_origin:True;recurrent:True;local:True
57463 203333 1 0 1
57463 203333 2 0 1
57463 203333 3 0 1
57463 203333 4 0 1
57463 203333 5 0 1
57463 203333 6 0 1
57463 203333 7 0 1
57463 203333 8 0 1
57463 203333 9 1 0
57463 203333 10 1 0
!sus 54994 61135 0 10 2 attackers:61135;victims:54994;type:1;valid_origin:True;recurrent:True;local:False
54994 61135 1 0 2
54994 61135 2 0 2
54994 61135 3 0 2
54994 61135 4 0 2
54994 61135 5 0 2
54994 61135 6 0 2
54994 61135 7 0 2
54994 61135 8 0 2
54994 61135 9 0 2
54994 61135 10 0 2
!sus 3356 263681 0 10 9 attackers:263681;victims:263681,41095;type:3,4;valid_origin:True;recurrent:True;local:False
3356 263681 1 0 9
3356 263681 2 0 9
3356 263681 3 0 9
3356 263681 4 0 9
3356 263681 5 0 9
3356 263681 6 0 9
3356 263681 7 0 9
3356 263681 8 0 9
3356 263681 9 0 9
3356 263681 10 0 9
!leg 7597 142333 10 0 2 attackers:142333;victims:133844;type:3;valid_origin:True;recurrent:False;local:False
7597 142333 1 2 0
7597 142333 2 2 0
7597 142333 3 2 0
7597 142333 4 2 0
7597 142333 5 2 0
7597 142333 6 2 0
7597 142333 7 2 0
7597 142333 8 2 0
7597 142333 9 2 0
7597 142333 10 2 0
!leg 12735 47734 10 0 3 attackers:47734;victims:208425,8589,34619;type:2,3;valid_origin:True;recurrent:False;local:False
12735 47734 1 3 0
12735 47734 2 3 0
12735 47734 3 3 0
12735 47734 4 3 0
12735 47734 5 3 0
12735 47734 6 3 0
12735 47734 7 3 0
12735 47734 8 3 0
12735 47734 9 3 0
12735 47734 10 3 0
!sus 1030 397668 8 2 1 attackers:1030;victims:397668;type:1;valid_origin:True;recurrent:True;local:False
1030 397668 1 1 0
1030 397668 2 1 0
1030 397668 3 1 0
1030 397668 4 1 0
1030 397668 5 1 0
1030 397668 6 1 0
1030 397668 7 0 1
1030 397668 8 1 0
1030 397668 9 0 1
1030 397668 10 1 0
!sus 29049 211790 7 3 2 attackers:29049;victims:211790;type:1;valid_origin:True;recurrent:True;local:False
29049 211790 1 1 1
29049 211790 2 1 1
29049 211790 3 1 1
29049 211790 4 2 0
29049 211790 5 2 0
29049 211790 6 2 0
29049 211790 7 2 0
29049 211790 8 2 0
29049 211790 9 2 0
29049 211790 10 2 0
!sus 329007 329210 0 10 150 attackers:329210;victims:329007;type:1;valid_origin:True;recurrent:True;local:False
329007 329210 1 42 108
329007 329210 2 1 149
329007 329210 3 65 85
329007 329210 4 0 150
329007 329210 5 0 150
329007 329210 6 0 150
329007 329210 7 0 150
329007 329210 8 0 150
329007 329210 9 0 150
329007 329210 10 0 150
!leg 5483 47734 10 0 20 attackers:47734;victims:48808,56795;type:2;valid_origin:True;recurrent:False;local:False
5483 47734 1 19 1
5483 47734 2 19 1
5483 47734 3 20 0
5483 47734 4 20 0
5483 47734 5 20 0
5483 47734 6 20 0
5483 47734 7 20 0
5483 47734 8 20 0
5483 47734 9 20 0
5483 47734 10 20 0
!leg 21003 328539 10 0 71 attackers:21003;victims:328539;type:1;valid_origin:True;recurrent:False;local:False
21003 328539 1 71 0
21003 328539 2 71 0
21003 328539 3 71 0
21003 328539 4 71 0
21003 328539 5 71 0
21003 328539 6 71 0
21003 328539 7 71 0
21003 328539 8 71 0
21003 328539 9 71 0
21003 328539 10 71 0
!sus 2497 15830 0 10 3 attackers:2497;victims:15830,17819,132146;type:1,2,3;valid_origin:True;recurrent:True;local:False
2497 15830 1 0 3
2497 15830 2 0 3
2497 15830 3 0 3
2497 15830 4 1 2
2497 15830 5 1 2
2497 15830 6 1 2
2497 15830 7 1 2
2497 15830 8 1 2
2497 15830 9 1 2
2497 15830 10 1 2
!sus 209533 215769 0 10 13 attackers:209533;victims:215769;type:1;valid_origin:True;recurrent:True;local:False
209533 215769 1 0 13
209533 215769 2 0 13
209533 215769 3 0 13
209533 215769 4 0 13
209533 215769 5 0 13
209533 215769 6 0 13
209533 215769 7 0 13
209533 215769 8 0 13
209533 215769 9 0 13
209533 215769 10 0 13
!sus 45712 457112 7 3 3 attackers:45712;victims:457112;type:1;valid_origin:True;recurrent:True;local:False
45712 457112 1 3 0
45712 457112 2 2 1
45712 457112 3 2 1
45712 457112 4 3 0
45712 457112 5 2 1
45712 457112 6 2 1
45712 457112 7 0 3
45712 457112 8 2 1
45712 457112 9 1 2
45712 457112 10 0 3
!leg 137578 150334 10 0 62 attackers:137578;victims:150334;type:1;valid_origin:False;recurrent:False;local:False
137578 150334 1 62 0
137578 150334 2 62 0
137578 150334 3 62 0
137578 150334 4 62 0
137578 150334 5 62 0
137578 150334 6 62 0
137578 150334 7 62 0
137578 150334 8 62 0
137578 150334 9 62 0
137578 150334 10 62 0
!sus 62663 206067 9 1 2 attackers:62663;victims:206067;type:1;valid_origin:True;recurrent:True;local:False
62663 206067 1 1 1
62663 206067 2 2 0
62663 206067 3 2 0
62663 206067 4 2 0
62663 206067 5 2 0
62663 206067 6 2 0
62663 206067 7 2 0
62663 206067 8 2 0
62663 206067 9 2 0
62663 206067 10 2 0
!leg 266437 267613 10 0 1 attackers:267613;victims:266437;type:1;valid_origin:True;recurrent:False;local:False
266437 267613 1 1 0
266437 267613 2 1 0
266437 267613 3 1 0
266437 267613 4 1 0
266437 267613 5 1 0
266437 267613 6 1 0
266437 267613 7 1 0
266437 267613 8 1 0
266437 267613 9 1 0
266437 267613 10 1 0
!sus 8311 215784 4 6 1 attackers:8311;victims:215784;type:1;valid_origin:True;recurrent:True;local:False
8311 215784 1 1 0
8311 215784 2 1 0
8311 215784 3 1 0
8311 215784 4 0 1
8311 215784 5 0 1
8311 215784 6 1 0
8311 215784 7 0 1
8311 215784 8 0 1
8311 215784 9 0 1
8311 215784 10 0 1
!leg 60021 132213 10 0 1 attackers:132213;victims:139226;type:2;valid_origin:True;recurrent:False;local:False
60021 132213 1 1 0
60021 132213 2 1 0
60021 132213 3 1 0
60021 132213 4 1 0
60021 132213 5 1 0
60021 132213 6 1 0
60021 132213 7 1 0
60021 132213 8 1 0
60021 132213 9 1 0
60021 132213 10 1 0
!leg 6939 52409 10 0 8 attackers:6939;victims:269910;type:2;valid_origin:True;recurrent:False;local:False
6939 52409 1 8 0
6939 52409 2 8 0
6939 52409 3 8 0
6939 52409 4 8 0
6939 52409 5 8 0
6939 52409 6 8 0
6939 52409 7 8 0
6939 52409 8 8 0
6939 52409 9 8 0
6939 52409 10 8 0
!sus 18229 54994 0 10 32 attackers:18229;victims:54994;type:1;valid_origin:True;recurrent:True;local:False
18229 54994 1 0 32
18229 54994 2 0 32
18229 54994 3 0 32
18229 54994 4 0 32
18229 54994 5 0 32
18229 54994 6 0 32
18229 54994 7 0 32
18229 54994 8 0 32
18229 54994 9 0 32
18229 54994 10 0 32
!sus 41327 41827 9 1 4 attackers:41327;victims:41827;type:1;valid_origin:True;recurrent:True;local:False
41327 41827 1 2 2
41327 41827 2 3 1
41327 41827 3 4 0
41327 41827 4 4 0
41327 41827 5 4 0
41327 41827 6 4 0
41327 41827 7 4 0
41327 41827 8 4 0
41327 41827 9 4 0
41327 41827 10 4 0
!sus 34019 263702 0 10 1 attackers:263702;victims:263702;type:5;valid_origin:False;recurrent:True;local:True
34019 263702 1 0 1
34019 263702 2 0 1
34019 263702 3 0 1
34019 263702 4 0 1
34019 263702 5 0 1
34019 263702 6 0 1
34019 263702 7 0 1
34019 263702 8 0 1
34019 263702 9 0 1
34019 263702 10 0 1
!sus 60068 151048 8 2 122 attackers:60068;victims:139351,151048;type:1,2;valid_origin:True;recurrent:True;local:False
60068 151048 1 27 95
60068 151048 2 40 82
60068 151048 3 69 53
60068 151048 4 93 29
60068 151048 5 104 18
60068 151048 6 114 8
60068 151048 7 110 12
60068 151048 8 118 4
60068 151048 9 118 4
60068 151048 10 122 0
!sus 200351 399646 6 4 60 attackers:399646;victims:200351;type:1;valid_origin:True;recurrent:True;local:False
200351 399646 1 10 50
200351 399646 2 33 27
200351 399646 3 7 53
200351 399646 4 45 15
200351 399646 5 34 26
200351 399646 6 48 12
200351 399646 7 26 34
200351 399646 8 30 30
200351 399646 9 39 21
200351 399646 10 34 26
!sus 42908 202643 8 2 1 attackers:42908;victims:202643;type:1;valid_origin:True;recurrent:True;local:False
42908 202643 1 1 0
42908 202643 2 1 0
42908 202643 3 1 0
42908 202643 4 1 0
42908 202643 5 1 0
42908 202643 6 0 1
42908 202643 7 1 0
42908 202643 8 1 0
42908 202643 9 0 1
42908 202643 10 1 0
!sus 48014 215707 0 10 2 attackers:48014;victims:215707;type:1;valid_origin:True;recurrent:True;local:False
48014 215707 1 0 2
48014 215707 2 0 2
48014 215707 3 0 2
48014 215707 4 0 2
48014 215707 5 0 2
48014 215707 6 0 2
48014 215707 7 0 2
48014 215707 8 0 2
48014 215707 9 0 2
48014 215707 10 0 2
!leg 59256 152472 10 0 91 attackers:59256;victims:152472;type:1;valid_origin:True;recurrent:False;local:False
59256 152472 1 91 0
59256 152472 2 91 0
59256 152472 3 91 0
59256 152472 4 91 0
59256 152472 5 91 0
59256 152472 6 91 0
59256 152472 7 91 0
59256 152472 8 91 0
59256 152472 9 91 0
59256 152472 10 91 0
!leg 3356 48851 10 0 24 attackers:3356;victims:48851;type:1;valid_origin:True;recurrent:False;local:False
3356 48851 1 24 0
3356 48851 2 24 0
3356 48851 3 24 0
3356 48851 4 24 0
3356 48851 5 24 0
3356 48851 6 24 0
3356 48851 7 24 0
3356 48851 8 24 0
3356 48851 9 24 0
3356 48851 10 24 0
!leg 5631 62663 10 0 2 attackers:62663;victims:5631;type:1;valid_origin:True;recurrent:False;local:False
5631 62663 1 2 0
5631 62663 2 2 0
5631 62663 3 2 0
5631 62663 4 2 0
5631 62663 5 2 0
5631 62663 6 2 0
5631 62663 7 2 0
5631 62663 8 2 0
5631 62663 9 2 0
5631 62663 10 2 0
!sus 2914 268573 0 10 1 attackers:2914;victims:268573;type:1;valid_origin:True;recurrent:True;local:False
2914 268573 1 0 1
2914 268573 2 0 1
2914 268573 3 0 1
2914 268573 4 0 1
2914 268573 5 0 1
2914 268573 6 0 1
2914 268573 7 0 1
2914 268573 8 0 1
2914 268573 9 0 1
2914 268573 10 0 1
!sus 52468 273079 6 4 135 attackers:52468;victims:273079;type:1;valid_origin:True;recurrent:True;local:False
52468 273079 1 18 117
52468 273079 2 4 131
52468 273079 3 78 57
52468 273079 4 85 50
52468 273079 5 80 55
52468 273079 6 77 58
52468 273079 7 82 53
52468 273079 8 69 66
52468 273079 9 16 119
52468 273079 10 36 99
!sus 49434 263702 0 10 1 attackers:263702;victims:263702;type:3;valid_origin:True;recurrent:True;local:True
49434 263702 1 0 1
49434 263702 2 0 1
49434 263702 3 0 1
49434 263702 4 0 1
49434 263702 5 0 1
49434 263702 6 0 1
49434 263702 7 0 1
49434 263702 8 0 1
49434 263702 9 0 1
49434 263702 10 0 1
!sus 57463 199918 7 3 1 attackers:57463;victims:199918;type:1;valid_origin:True;recurrent:True;local:True
57463 199918 1 0 1
57463 199918 2 0 1
57463 199918 3 0 1
57463 199918 4 1 0
57463 199918 5 1 0
57463 199918 6 1 0
57463 199918 7 1 0
57463 199918 8 1 0
57463 199918 9 1 0
57463 199918 10 1 0
!sus 53813 55644 0 10 2 attackers:55644;victims:53813;type:1;valid_origin:True;recurrent:True;local:False
53813 55644 1 0 2
53813 55644 2 0 2
53813 55644 3 0 2
53813 55644 4 1 1
53813 55644 5 1 1
53813 55644 6 1 1
53813 55644 7 1 1
53813 55644 8 1 1
53813 55644 9 1 1
53813 55644 10 1 1
!leg 63023 212477 10 0 79 attackers:212477;victims:207713;type:2;valid_origin:True;recurrent:False;local:False
63023 212477 1 48 31
63023 212477 2 75 4
63023 212477 3 77 2
63023 212477 4 79 0
63023 212477 5 79 0
63023 212477 6 79 0
63023 212477 7 79 0
63023 212477 8 79 0
63023 212477 9 79 0
63023 212477 10 79 0
!leg 37727 62663 10 0 2 attackers:62663;victims:32021;type:2;valid_origin:True;recurrent:False;local:False
37727 62663 1 2 0
37727 62663 2 2 0
37727 62663 3 2 0
37727 62663 4 2 0
37727 62663 5 2 0
37727 62663 6 2 0
37727 62663 7 2 0
37727 62663 8 2 0
37727 62663 9 2 0
37727 62663 10 2 0
!sus 174 50607 0 10 236 attackers:174;victims:203505,199723,42209,49528,201091,198909,199341,2821,59686,196901,34969,204444,201695,49787,198537,51426,199201,203985,210142,199842,48626,30838,199846,199057,42667,60810,198498,197318,51648,196927,209276,203765,50550,43498,198235,204479,202126,203375,204744,56783,201661,197672,204930,208331,57945,48742,198389,209062;type:2,3;valid_origin:True;recurrent:True;local:False
174 50607 1 0 236
174 50607 2 0 236
174 50607 3 0 236
174 50607 4 0 236
174 50607 5 0 236
174 50607 6 0 236
174 50607 7 0 236
174 50607 8 0 236
174 50607 9 0 236
174 50607 10 0 236
!leg 203636 209533 10 0 1 attackers:209533;victims:203636;type:1;valid_origin:True;recurrent:False;local:False
203636 209533 1 1 0
203636 209533 2 1 0
203636 209533 3 1 0
203636 209533 4 1 0
203636 209533 5 1 0
203636 209533 6 1 0
203636 209533 7 1 0
203636 209533 8 1 0
203636 209533 9 1 0
203636 209533 10 1 0
!leg 45705 55674 10 0 1 attackers:55674;victims:45705;type:1;valid_origin:True;recurrent:False;local:False
45705 55674 1 1 0
45705 55674 2 1 0
45705 55674 3 1 0
45705 55674 4 1 0
45705 55674 5 1 0
45705 55674 6 1 0
45705 55674 7 1 0
45705 55674 8 1 0
45705 55674 9 1 0
45705 55674 10 1 0
!leg 262977 268485 10 0 10 attackers:262977;victims:268485;type:1;valid_origin:True;recurrent:False;local:False
262977 268485 1 10 0
262977 268485 2 10 0
262977 268485 3 10 0
262977 268485 4 10 0
262977 268485 5 10 0
262977 268485 6 10 0
262977 268485 7 10 0
262977 268485 8 10 0
262977 268485 9 10 0
262977 268485 10 10 0
!sus 51095 63139 0 10 145 attackers:51095;victims:138915;type:2;valid_origin:True;recurrent:True;local:False
51095 63139 1 0 145
51095 63139 2 0 145
51095 63139 3 0 145
51095 63139 4 0 145
51095 63139 5 1 144
51095 63139 6 0 145
51095 63139 7 1 144
51095 63139 8 4 141
51095 63139 9 4 141
51095 63139 10 20 125
!sus 13919 139195 0 10 6 attackers:139195;victims:137133,139195;type:2,3;valid_origin:True;recurrent:True;local:False
13919 139195 1 0 6
13919 139195 2 0 6
13919 139195 3 0 6
13919 139195 4 0 6
13919 139195 5 0 6
13919 139195 6 0 6
13919 139195 7 2 4
13919 139195 8 0 6
13919 139195 9 3 3
13919 139195 10 3 3
!sus 35661 210732 5 5 8 attackers:35661;victims:210732;type:1;valid_origin:True;recurrent:True;local:False
35661 210732 1 0 8
35661 210732 2 2 6
35661 210732 3 3 5
35661 210732 4 3 5
35661 210732 5 3 5
35661 210732 6 5 3
35661 210732 7 8 0
35661 210732 8 6 2
35661 210732 9 8 0
35661 210732 10 7 1
!sus 917 36260 0 10 1 attackers:917;victims:36260;type:1;valid_origin:True;recurrent:True;local:False
917 36260 1 0 1
917 36260 2 0 1
917 36260 3 0 1
917 36260 4 0 1
917 36260 5 0 1
917 36260 6 0 1
917 36260 7 0 1
917 36260 8 0 1
917 36260 9 0 1
917 36260 10 0 1
!sus 9198 215670 2 8 249 attackers:9198;victims:215670;type:1;valid_origin:True;recurrent:False;local:False
9198 215670 1 216 33
9198 215670 2 102 147
9198 215670 3 67 182
9198 215670 4 69 180
9198 215670 5 36 213
9198 215670 6 88 161
9198 215670 7 95 154
9198 215670 8 24 225
9198 215670 9 98 151
9198 215670 10 125 124
!sus 57406 210000 0 10 7 attackers:210000;victims:57406;type:1;valid_origin:True;recurrent:True;local:False
57406 210000 1 0 7
57406 210000 2 0 7
57406 210000 3 0 7
57406 210000 4 0 7
57406 210000 5 0 7
57406 210000 6 0 7
57406 210000 7 0 7
57406 210000 8 0 7
57406 210000 9 0 7
57406 210000 10 0 7
!sus 6893 35600 6 4 11 attackers:35600;victims:6893;type:1;valid_origin:True;recurrent:True;local:False
6893 35600 1 0 11
6893 35600 2 1 10
6893 35600 3 1 10
6893 35600 4 4 7
6893 35600 5 9 2
6893 35600 6 11 0
6893 35600 7 9 2
6893 35600 8 11 0
6893 35600 9 11 0
6893 35600 10 11 0
!sus 268276 273425 3 7 2 attackers:268276;victims:273425;type:1;valid_origin:True;recurrent:True;local:False
268276 273425 1 2 0
268276 273425 2 2 0
268276 273425 3 2 0
268276 273425 4 0 2
268276 273425 5 0 2
268276 273425 6 0 2
268276 273425 7 0 2
268276 273425 8 0 2
268276 273425 9 0 2
268276 273425 10 0 2
!sus 37114 328290 0 10 2 attackers:37114;victims:328290;type:1;valid_origin:True;recurrent:True;local:False
37114 328290 1 0 2
37114 328290 2 0 2
37114 328290 3 0 2
37114 328290 4 0 2
37114 328290 5 0 2
37114 328290 6 0 2
37114 328290 7 0 2
37114 328290 8 0 2
37114 328290 9 0 2
37114 328290 10 0 2
!sus 52468 273127 7 3 20 attackers:52468;victims:273127;type:1;valid_origin:True;recurrent:True;local:False
52468 273127 1 1 19
52468 273127 2 1 19
52468 273127 3 6 14
52468 273127 4 14 6
52468 273127 5 16 4
52468 273127 6 17 3
52468 273127 7 17 3
52468 273127 8 17 3
52468 273127 9 18 2
52468 273127 10 17 3
!sus 208548 400587 4 6 54 attackers:400587;victims:208548;type:1;valid_origin:True;recurrent:False;local:False
208548 400587 1 3 51
208548 400587 2 10 44
208548 400587 3 9 45
208548 400587 4 19 35
208548 400587 5 33 21
208548 400587 6 21 33
208548 400587 7 33 21
208548 400587 8 37 17
208548 400587 9 27 27
208548 400587 10 37 17
!leg 50124 216155 10 0 219 attackers:50124;victims:216155;type:1;valid_origin:True;recurrent:False;local:False
50124 216155 1 219 0
50124 216155 2 219 0
50124 216155 3 219 0
50124 216155 4 219 0
50124 216155 5 219 0
50124 216155 6 219 0
50124 216155 7 219 0
50124 216155 8 219 0
50124 216155 9 219 0
50124 216155 10 219 0
!sus 28172 270613 0 10 11 attackers:28172;victims:270613;type:1;valid_origin:True;recurrent:True;local:False
28172 270613 1 2 9
28172 270613 2 2 9
28172 270613 3 3 8
28172 270613 4 2 9
28172 270613 5 3 8
28172 270613 6 2 9
28172 270613 7 5 6
28172 270613 8 3 8
28172 270613 9 3 8
28172 270613 10 4 7
!sus 39122 215733 1 9 4 attackers:39122;victims:215733;type:1;valid_origin:True;recurrent:True;local:False
39122 215733 1 0 4
39122 215733 2 0 4
39122 215733 3 0 4
39122 215733 4 0 4
39122 215733 5 2 2
39122 215733 6 2 2
39122 215733 7 3 1
39122 215733 8 0 4
39122 215733 9 2 2
39122 215733 10 2 2
!sus 48581 215548 6 4 9 attackers:48581;victims:215548;type:1;valid_origin:True;recurrent:True;local:False
48581 215548 1 0 9
48581 215548 2 0 9
48581 215548 3 1 8
48581 215548 4 8 1
48581 215548 5 0 9
48581 215548 6 9 0
48581 215548 7 9 0
48581 215548 8 9 0
48581 215548 9 9 0
48581 215548 10 9 0
!sus 150718 150753 0 10 11 attackers:150718;victims:150753;type:1;valid_origin:True;recurrent:True;local:False
150718 150753 1 0 11
150718 150753 2 0 11
150718 150753 3 0 11
150718 150753 4 0 11
150718 150753 5 0 11
150718 150753 6 0 11
150718 150753 7 0 11
150718 150753 8 0 11
150718 150753 9 0 11
150718 150753 10 0 11
!leg 13208 62663 10 0 2 attackers:62663;victims:13208;type:1;valid_origin:True;recurrent:False;local:False
13208 62663 1 2 0
13208 62663 2 2 0
13208 62663 3 2 0
13208 62663 4 2 0
13208 62663 5 2 0
13208 62663 6 2 0
13208 62663 7 2 0
13208 62663 8 2 0
13208 62663 9 2 0
13208 62663 10 2 0
!sus 202673 215693 1 9 4 attackers:202673;victims:215693;type:1;valid_origin:True;recurrent:True;local:False
202673 215693 1 4 0
202673 215693 2 0 4
202673 215693 3 0 4
202673 215693 4 0 4
202673 215693 5 0 4
202673 215693 6 0 4
202673 215693 7 0 4
202673 215693 8 0 4
202673 215693 9 0 4
202673 215693 10 0 4
!sus 34872 215788 7 3 3 attackers:34872;victims:215788;type:1;valid_origin:True;recurrent:True;local:False
34872 215788 1 0 3
34872 215788 2 0 3
34872 215788 3 1 2
34872 215788 4 2 1
34872 215788 5 2 1
34872 215788 6 3 0
34872 215788 7 3 0
34872 215788 8 3 0
34872 215788 9 3 0
34872 215788 10 3 0
!sus 39640 209618 4 6 4 attackers:39640;victims:209618;type:1;valid_origin:True;recurrent:True;local:False
39640 209618 1 4 0
39640 209618 2 3 1
39640 209618 3 4 0
39640 209618 4 0 4
39640 209618 5 1 3
39640 209618 6 0 4
39640 209618 7 0 4
39640 209618 8 3 1
39640 209618 9 0 4
39640 209618 10 0 4
!sus 13180 133180 0 10 13 attackers:133180;victims:133180;type:2;valid_origin:True;recurrent:True;local:False
13180 133180 1 0 13
13180 133180 2 0 13
13180 133180 3 0 13
13180 133180 4 0 13
13180 133180 5 0 13
13180 133180 6 0 13
13180 133180 7 0 13
13180 133180 8 0 13
13180 133180 9 0 13
13180 133180 10 0 13
!sus 29632 203636 9 1 3 attackers:29632;victims:203636;type:1;valid_origin:True;recurrent:True;local:False
29632 203636 1 0 3
29632 203636 2 2 1
29632 203636 3 3 0
29632 203636 4 3 0
29632 203636 5 3 0
29632 203636 6 3 0
29632 203636 7 3 0
29632 203636 8 3 0
29632 203636 9 3 0
29632 203636 10 3 0
!sus 197275 215646 3 7 8 attackers:197275;victims:215646;type:1;valid_origin:True;recurrent:True;local:False
197275 215646 1 8 0
197275 215646 2 6 2
197275 215646 3 7 1
197275 215646 4 0 8
197275 215646 5 0 8
197275 215646 6 0 8
197275 215646 7 0 8
197275 215646 8 3 5
197275 215646 9 0 8
197275 215646 10 0 8
!leg 198804 400587 10 0 52 attackers:400587;victims:198804;type:1;valid_origin:True;recurrent:False;local:False
198804 400587 1 52 0
198804 400587 2 52 0
198804 400587 3 52 0
198804 400587 4 52 0
198804 400587 5 52 0
198804 400587 6 52 0
198804 400587 7 52 0
198804 400587 8 52 0
198804 400587 9 52 0
198804 400587 10 52 0
!sus 44854 206924 4 6 4 attackers:44854;victims:206924;type:1;valid_origin:True;recurrent:True;local:False
44854 206924 1 1 3
44854 206924 2 1 3
44854 206924 3 1 3
44854 206924 4 1 3
44854 206924 5 1 3
44854 206924 6 1 3
44854 206924 7 4 0
44854 206924 8 4 0
44854 206924 9 4 0
44854 206924 10 4 0
!leg 5398 211360 10 0 89 attackers:5398;victims:211360;type:1;valid_origin:True;recurrent:False;local:False
5398 211360 1 47 42
5398 211360 2 63 26
5398 211360 3 80 9
5398 211360 4 89 0
5398 211360 5 89 0
5398 211360 6 89 0
5398 211360 7 89 0
5398 211360 8 89 0
5398 211360 9 89 0
5398 211360 10 89 0
!sus 23961 202402 1 9 2 attackers:23961;victims:202402;type:1;valid_origin:True;recurrent:True;local:False
23961 202402 1 1 1
23961 202402 2 1 1
23961 202402 3 1 1
23961 202402 4 1 1
23961 202402 5 1 1
23961 202402 6 1 1
23961 202402 7 1 1
23961 202402 8 1 1
23961 202402 9 2 0
23961 202402 10 1 1
!sus 41953 47734 9 1 9 attackers:47734;victims:41953;type:1;valid_origin:True;recurrent:False;local:False
41953 47734 1 0 9
41953 47734 2 6 3
41953 47734 3 9 0
41953 47734 4 9 0
41953 47734 5 9 0
41953 47734 6 9 0
41953 47734 7 9 0
41953 47734 8 9 0
41953 47734 9 9 0
41953 47734 10 9 0
!sus 51975 60140 4 6 5 attackers:51975;victims:60140;type:1;valid_origin:True;recurrent:True;local:False
51975 60140 1 0 5
51975 60140 2 0 5
51975 60140 3 0 5
51975 60140 4 0 5
51975 60140 5 1 4
51975 60140 6 4 1
51975 60140 7 0 5
51975 60140 8 4 1
51975 60140 9 4 1
51975 60140 10 4 1
!sus 268094 273344 0 10 3 attackers:268094;victims:273344;type:1;valid_origin:True;recurrent:True;local:False
268094 273344 1 0 3
268094 273344 2 0 3
268094 273344 3 0 3
268094 273344 4 0 3
268094 273344 5 0 3
268094 273344 6 0 3
268094 273344 7 0 3
268094 273344 8 0 3
268094 273344 9 0 3
268094 273344 10 0 3
!leg 47734 203929 10 0 13 attackers:47734;victims:203929;type:1;valid_origin:True;recurrent:False;local:False
47734 203929 1 13 0
47734 203929 2 13 0
47734 203929 3 13 0
47734 203929 4 13 0
47734 203929 5 13 0
47734 203929 6 13 0
47734 203929 7 13 0
47734 203929 8 13 0
47734 203929 9 13 0
47734 203929 10 13 0
!sus 60569 60659 0 10 37 attackers:60569;victims:60659;type:1;valid_origin:False;recurrent:True;local:False
60569 60659 1 7 30
60569 60659 2 8 29
60569 60659 3 9 28
60569 60659 4 8 29
60569 60659 5 11 26
60569 60659 6 11 26
60569 60659 7 11 26
60569 60659 8 12 25
60569 60659 9 13 24
60569 60659 10 10 27
!leg 16509 198316 10 0 89 attackers:16509;victims:198316;type:1;valid_origin:True;recurrent:False;local:False
16509 198316 1 86 3
16509 198316 2 88 1
16509 198316 3 89 0
16509 198316 4 89 0
16509 198316 5 89 0
16509 198316 6 89 0
16509 198316 7 89 0
16509 198316 8 89 0
16509 198316 9 89 0
16509 198316 10 89 0
!sus 8697 13335 0 10 2 attackers:8697;victims:13335;type:1;valid_origin:True;recurrent:True;local:False
8697 13335 1 0 2
8697 13335 2 0 2
8697 13335 3 0 2
8697 13335 4 0 2
8697 13335 5 0 2
8697 13335 6 0 2
8697 13335 7 0 2
8697 13335 8 1 1
8697 13335 9 1 1
8697 13335 10 1 1
!leg 9009 47734 10 0 12 attackers:47734;victims:3210,33911,50578;type:2;valid_origin:True;recurrent:False;local:False
9009 47734 1 12 0
9009 47734 2 12 0
9009 47734 3 12 0
9009 47734 4 12 0
9009 47734 5 12 0
9009 47734 6 12 0
9009 47734 7 12 0
9009 47734 8 12 0
9009 47734 9 12 0
9009 47734 10 12 0
!sus 5617 30012 2 8 1 attackers:5617;victims:30012;type:1;valid_origin:True;recurrent:True;local:False
5617 30012 1 0 1
5617 30012 2 0 1
5617 30012 3 0 1
5617 30012 4 0 1
5617 30012 5 0 1
5617 30012 6 0 1
5617 30012 7 0 1
5617 30012 8 1 0
5617 30012 9 1 0
5617 30012 10 0 1
!leg 265337 267613 10 0 1 attackers:267613;victims:265337;type:1;valid_origin:True;recurrent:False;local:False
265337 267613 1 1 0
265337 267613 2 1 0
265337 267613 3 1 0
265337 267613 4 1 0
265337 267613 5 1 0
265337 267613 6 1 0
265337 267613 7 1 0
265337 267613 8 1 0
265337 267613 9 1 0
265337 267613 10 1 0
!leg 39582 47734 10 0 1 attackers:47734;victims:39582;type:1;valid_origin:True;recurrent:False;local:False
39582 47734 1 1 0
39582 47734 2 1 0
39582 47734 3 1 0
39582 47734 4 1 0
39582 47734 5 1 0
39582 47734 6 1 0
39582 47734 7 1 0
39582 47734 8 1 0
39582 47734 9 1 0
39582 47734 10 1 0
!sus 1030 399935 8 2 2 attackers:1030;victims:399935;type:1;valid_origin:True;recurrent:True;local:False
1030 399935 1 2 0
1030 399935 2 2 0
1030 399935 3 2 0
1030 399935 4 2 0
1030 399935 5 2 0
1030 399935 6 2 0
1030 399935 7 1 1
1030 399935 8 2 0
1030 399935 9 1 1
1030 399935 10 2 0
!leg 12654 47734 10 0 1 attackers:47734;victims:12654;type:1;valid_origin:True;recurrent:False;local:False
12654 47734 1 1 0
12654 47734 2 1 0
12654 47734 3 1 0
12654 47734 4 1 0
12654 47734 5 1 0
12654 47734 6 1 0
12654 47734 7 1 0
12654 47734 8 1 0
12654 47734 9 1 0
12654 47734 10 1 0
!sus 2027 215596 9 1 392 attackers:2027;victims:215596;type:1;valid_origin:True;recurrent:False;local:False
2027 215596 1 305 87
2027 215596 2 232 160
2027 215596 3 252 140
2027 215596 4 235 157
2027 215596 5 234 158
2027 215596 6 273 119
2027 215596 7 274 118
2027 215596 8 186 206
2027 215596 9 300 92
2027 215596 10 310 82
!sus 10 202393 0 10 3 attackers:202393;victims:10;type:1;valid_origin:True;recurrent:True;local:False
10 202393 1 0 3
10 202393 2 0 3
10 202393 3 0 3
10 202393 4 0 3
10 202393 5 0 3
10 202393 6 0 3
10 202393 7 0 3
10 202393 8 0 3
10 202393 9 0 3
10 202393 10 0 3
!sus 64139 263681 0 10 3 attackers:64139;victims:263681;type:1;valid_origin:True;recurrent:True;local:False
64139 263681 1 0 3
64139 263681 2 0 3
64139 263681 3 0 3
64139 263681 4 0 3
64139 263681 5 0 3
64139 263681 6 0 3
64139 263681 7 0 3
64139 263681 8 0 3
64139 263681 9 0 3
64139 263681 10 0 3
!leg 12389 50157 10 0 5 attackers:12389;victims:50157;type:1;valid_origin:True;recurrent:False;local:False
12389 50157 1 5 0
12389 50157 2 5 0
12389 50157 3 5 0
12389 50157 4 5 0
12389 50157 5 5 0
12389 50157 6 5 0
12389 50157 7 5 0
12389 50157 8 5 0
12389 50157 9 5 0
12389 50157 10 5 0
!leg 12310 47734 10 0 8 attackers:12310,47734;victims:49719,714,6185;type:2,3;valid_origin:True;recurrent:False;local:False
12310 47734 1 7 1
12310 47734 2 7 1
12310 47734 3 7 1
12310 47734 4 8 0
12310 47734 5 8 0
12310 47734 6 8 0
12310 47734 7 8 0
12310 47734 8 8 0
12310 47734 9 8 0
12310 47734 10 8 0
!sus 53667 139791 7 3 1 attackers:53667;victims:139791;type:1;valid_origin:False;recurrent:True;local:False
53667 139791 1 0 1
53667 139791 2 0 1
53667 139791 3 0 1
53667 139791 4 1 0
53667 139791 5 1 0
53667 139791 6 1 0
53667 139791 7 1 0
53667 139791 8 1 0
53667 139791 9 1 0
53667 139791 10 1 0
!leg 213045 215849 10 0 1 attackers:215849;victims:215569;type:6;valid_origin:True;recurrent:False;local:False
213045 215849 1 1 0
213045 215849 2 1 0
213045 215849 3 1 0
213045 215849 4 1 0
213045 215849 5 1 0
213045 215849 6 1 0
213045 215849 7 1 0
213045 215849 8 1 0
213045 215849 9 1 0
213045 215849 10 1 0
!sus 2 29091 7 3 2 attackers:2;victims:37249;type:2;valid_origin:True;recurrent:True;local:False
2 29091 1 0 2
2 29091 2 0 2
2 29091 3 1 1
2 29091 4 2 0
2 29091 5 2 0
2 29091 6 2 0
2 29091 7 2 0
2 29091 8 2 0
2 29091 9 2 0
2 29091 10 2 0
!sus 64041 142148 0 10 4 attackers:64041;victims:7489;type:2;valid_origin:True;recurrent:True;local:False
64041 142148 1 0 4
64041 142148 2 0 4
64041 142148 3 0 4
64041 142148 4 0 4
64041 142148 5 0 4
64041 142148 6 0 4
64041 142148 7 0 4
64041 142148 8 0 4
64041 142148 9 0 4
64041 142148 10 0 4
!sus 268200 268339 0 10 29 attackers:268339;victims:268200;type:1;valid_origin:True;recurrent:True;local:False
268200 268339 1 0 29
268200 268339 2 2 27
268200 268339 3 2 27
268200 268339 4 3 26
268200 268339 5 2 27
268200 268339 6 2 27
268200 268339 7 6 23
268200 268339 8 2 27
268200 268339 9 2 27
268200 268339 10 3 26
!sus 7195 142561 6 4 3 attackers:7195;victims:142561;type:1;valid_origin:True;recurrent:True;local:False
7195 142561 1 0 3
7195 142561 2 0 3
7195 142561 3 0 3
7195 142561 4 1 2
7195 142561 5 3 0
7195 142561 6 3 0
7195 142561 7 3 0
7195 142561 8 3 0
7195 142561 9 3 0
7195 142561 10 3 0
!leg 6939 267766 10 0 8 attackers:6939;victims:267766;type:1;valid_origin:True;recurrent:False;local:False
6939 267766 1 8 0
6939 267766 2 8 0
6939 267766 3 8 0
6939 267766 4 8 0
6939 267766 5 8 0
6939 267766 6 8 0
6939 267766 7 8 0
6939 267766 8 8 0
6939 267766 9 8 0
6939 267766 10 8 0
!sus 1299 209365 9 1 1 attackers:1299;victims:209365;type:1;valid_origin:True;recurrent:True;local:False
1299 209365 1 0 1
1299 209365 2 1 0
1299 209365 3 1 0
1299 209365 4 1 0
1299 209365 5 1 0
1299 209365 6 1 0
1299 209365 7 1 0
1299 209365 8 1 0
1299 209365 9 1 0
1299 209365 10 1 0
!sus 209533 215650 8 2 4 attackers:209533;victims:215650;type:1;valid_origin:True;recurrent:True;local:False
209533 215650 1 0 4
209533 215650 2 0 4
209533 215650 3 4 0
209533 215650 4 4 0
209533 215650 5 4 0
209533 215650 6 4 0
209533 215650 7 4 0
209533 215650 8 4 0
209533 215650 9 4 0
209533 215650 10 4 0
!sus 49612 50131 8 2 191 attackers:49612;victims:50131;type:1;valid_origin:False;recurrent:True;local:False
49612 50131 1 36 155
49612 50131 2 70 121
49612 50131 3 104 87
49612 50131 4 105 86
49612 50131 5 135 56
49612 50131 6 153 38
49612 50131 7 147 44
49612 50131 8 146 45
49612 50131 9 167 24
49612 50131 10 162 29
!leg 3360 29467 10 0 1 attackers:29467;victims:3360;type:1;valid_origin:True;recurrent:True;local:False
3360 29467 1 1 0
3360 29467 2 1 0
3360 29467 3 1 0
3360 29467 4 1 0
3360 29467 5 1 0
3360 29467 6 1 0
3360 29467 7 1 0
3360 29467 8 1 0
3360 29467 9 1 0
3360 29467 10 1 0
!sus 56655 215780 4 6 28 attackers:56655;victims:215780;type:1;valid_origin:False;recurrent:True;local:False
56655 215780 1 0 28
56655 215780 2 0 28
56655 215780 3 0 28
56655 215780 4 0 28
56655 215780 5 4 24
56655 215780 6 6 22
56655 215780 7 25 3
56655 215780 8 28 0
56655 215780 9 28 0
56655 215780 10 26 2
!sus 42635 49353 9 1 1 attackers:49353;victims:42635;type:1;valid_origin:True;recurrent:True;local:False
42635 49353 1 1 0
42635 49353 2 1 0
42635 49353 3 1 0
42635 49353 4 1 0
42635 49353 5 1 0
42635 49353 6 1 0
42635 49353 7 0 1
42635 49353 8 1 0
42635 49353 9 1 0
42635 49353 10 1 0
!sus 37738 138627 4 6 1 attackers:37738;victims:138627;type:1;valid_origin:True;recurrent:True;local:False
37738 138627 1 0 1
37738 138627 2 0 1
37738 138627 3 0 1
37738 138627 4 0 1
37738 138627 5 0 1
37738 138627 6 0 1
37738 138627 7 1 0
37738 138627 8 1 0
37738 138627 9 1 0
37738 138627 10 1 0
!sus 57463 215664 6 4 1 attackers:57463;victims:215664;type:1;valid_origin:True;recurrent:True;local:True
57463 215664 1 0 1
57463 215664 2 0 1
57463 215664 3 0 1
57463 215664 4 0 1
57463 215664 5 1 0
57463 215664 6 1 0
57463 215664 7 1 0
57463 215664 8 1 0
57463 215664 9 1 0
57463 215664 10 1 0
!leg 18126 23615 10 0 103 attackers:18126;victims:23615;type:1;valid_origin:True;recurrent:False;local:False
18126 23615 1 103 0
18126 23615 2 103 0
18126 23615 3 103 0
18126 23615 4 103 0
18126 23615 5 103 0
18126 23615 6 103 0
18126 23615 7 103 0
18126 23615 8 103 0
18126 23615 9 103 0
18126 23615 10 103 0
!leg 57463 210752 10 0 1 attackers:57463;victims:210752;type:1;valid_origin:True;recurrent:True;local:True
57463 210752 1 1 0
57463 210752 2 1 0
57463 210752 3 1 0
57463 210752 4 1 0
57463 210752 5 1 0
57463 210752 6 1 0
57463 210752 7 1 0
57463 210752 8 1 0
57463 210752 9 1 0
57463 210752 10 1 0
!sus 13335 139922 2 8 145 attackers:139922;victims:13335;type:1;valid_origin:True;recurrent:True;local:False
13335 139922 1 1 144
13335 139922 2 12 133
13335 139922 3 11 134
13335 139922 4 22 123
13335 139922 5 22 123
13335 139922 6 24 121
13335 139922 7 22 123
13335 139922 8 72 73
13335 139922 9 78 67
13335 139922 10 83 62
!sus 12231 396318 0 10 1 attackers:12231;victims:396318;type:1;valid_origin:True;recurrent:True;local:False
12231 396318 1 0 1
12231 396318 2 0 1
12231 396318 3 0 1
12231 396318 4 0 1
12231 396318 5 0 1
12231 396318 6 0 1
12231 396318 7 0 1
12231 396318 8 0 1
12231 396318 9 0 1
12231 396318 10 0 1
!sus 21246 216122 0 10 93 attackers:21246;victims:216122;type:1;valid_origin:True;recurrent:True;local:False
21246 216122 1 18 75
21246 216122 2 0 93
21246 216122 3 0 93
21246 216122 4 0 93
21246 216122 5 0 93
21246 216122 6 0 93
21246 216122 7 0 93
21246 216122 8 0 93
21246 216122 9 0 93
21246 216122 10 0 93
!sus 49581 200373 9 1 25 attackers:49581;victims:200373;type:1;valid_origin:False;recurrent:True;local:False
49581 200373 1 0 25
49581 200373 2 13 12
49581 200373 3 21 4
49581 200373 4 25 0
49581 200373 5 25 0
49581 200373 6 25 0
49581 200373 7 25 0
49581 200373 8 25 0
49581 200373 9 25 0
49581 200373 10 25 0
!leg 138629 152452 10 0 3 attackers:138629;victims:152452;type:1;valid_origin:True;recurrent:True;local:False
138629 152452 1 3 0
138629 152452 2 3 0
138629 152452 3 3 0
138629 152452 4 3 0
138629 152452 5 3 0
138629 152452 6 3 0
138629 152452 7 3 0
138629 152452 8 3 0
138629 152452 9 3 0
138629 152452 10 3 0
!sus 50643 59956 0 10 4 attackers:50643;victims:59956;type:1;valid_origin:True;recurrent:True;local:False
50643 59956 1 0 4
50643 59956 2 0 4
50643 59956 3 0 4
50643 59956 4 0 4
50643 59956 5 0 4
50643 59956 6 0 4
50643 59956 7 0 4
50643 59956 8 0 4
50643 59956 9 0 4
50643 59956 10 0 4
!sus 44477 205007 0 10 620 attackers:205007;victims:44477;type:1;valid_origin:True;recurrent:True;local:False
44477 205007 1 0 620
44477 205007 2 0 620
44477 205007 3 0 620
44477 205007 4 0 620
44477 205007 5 0 620
44477 205007 6 0 620
44477 205007 7 0 620
44477 205007 8 0 620
44477 205007 9 0 620
44477 205007 10 0 620
!leg 28198 28260 10 0 15 attackers:28198;victims:268286,271370,265330,272182,52558,28260,269457;type:1,2;valid_origin:True;recurrent:False;local:False
28198 28260 1 14 1
28198 28260 2 14 1
28198 28260 3 14 1
28198 28260 4 14 1
28198 28260 5 14 1
28198 28260 6 14 1
28198 28260 7 14 1
28198 28260 8 15 0
28198 28260 9 15 0
28198 28260 10 15 0
!sus 18403 62663 7 3 4 attackers:62663;victims:18403;type:1;valid_origin:True;recurrent:False;local:False
18403 62663 1 1 3
18403 62663 2 1 3
18403 62663 3 1 3
18403 62663 4 3 1
18403 62663 5 3 1
18403 62663 6 3 1
18403 62663 7 3 1
18403 62663 8 3 1
18403 62663 9 3 1
18403 62663 10 3 1
!sus 1299 204800 9 1 1 attackers:1299;victims:204800;type:1;valid_origin:True;recurrent:True;local:False
1299 204800 1 1 0
1299 204800 2 0 1
1299 204800 3 1 0
1299 204800 4 1 0
1299 204800 5 1 0
1299 204800 6 1 0
1299 204800 7 1 0
1299 204800 8 1 0
1299 204800 9 1 0
1299 204800 10 1 0
!sus 23520 273099 0 10 2 attackers:23520;victims:273099;type:1;valid_origin:True;recurrent:True;local:False
23520 273099 1 1 1
23520 273099 2 0 2
23520 273099 3 1 1
23520 273099 4 0 2
23520 273099 5 0 2
23520 273099 6 1 1
23520 273099 7 0 2
23520 273099 8 0 2
23520 273099 9 0 2
23520 273099 10 0 2
!sus 198825 200136 0 10 149 attackers:200136;victims:198825;type:1;valid_origin:True;recurrent:True;local:False
198825 200136 1 9 140
198825 200136 2 17 132
198825 200136 3 23 126
198825 200136 4 36 113
198825 200136 5 53 96
198825 200136 6 39 110
198825 200136 7 49 100
198825 200136 8 53 96
198825 200136 9 53 96
198825 200136 10 55 94
!sus 7489 64041 0 10 7 attackers:7489;victims:7489,64041;type:1,3;valid_origin:True;recurrent:True;local:False
7489 64041 1 3 4
7489 64041 2 3 4
7489 64041 3 3 4
7489 64041 4 3 4
7489 64041 5 3 4
7489 64041 6 3 4
7489 64041 7 3 4
7489 64041 8 3 4
7489 64041 9 3 4
7489 64041 10 3 4
!sus 13705 399006 4 6 2 attackers:399006;victims:13705;type:1;valid_origin:True;recurrent:True;local:False
13705 399006 1 2 0
13705 399006 2 1 1
13705 399006 3 2 0
13705 399006 4 2 0
13705 399006 5 0 2
13705 399006 6 1 1
13705 399006 7 2 0
13705 399006 8 1 1
13705 399006 9 0 2
13705 399006 10 1 1
!leg 9002 50131 10 0 6 attackers:9002;victims:62707,50131,11563,399135;type:1,2;valid_origin:True;recurrent:False;local:False
9002 50131 1 6 0
9002 50131 2 6 0
9002 50131 3 6 0
9002 50131 4 6 0
9002 50131 5 6 0
9002 50131 6 6 0
9002 50131 7 6 0
9002 50131 8 6 0
9002 50131 9 6 0
9002 50131 10 6 0
!sus 1126 39686 9 1 1 attackers:39686;victims:1126;type:1;valid_origin:True;recurrent:False;local:False
1126 39686 1 0 1
1126 39686 2 1 0
1126 39686 3 1 0
1126 39686 4 1 0
1126 39686 5 1 0
1126 39686 6 1 0
1126 39686 7 1 0
1126 39686 8 1 0
1126 39686 9 1 0
1126 39686 10 1 0
!sus 50304 201454 3 7 20 attackers:50304;victims:201454;type:1;valid_origin:True;recurrent:True;local:False
50304 201454 1 0 20
50304 201454 2 0 20
50304 201454 3 2 18
50304 201454 4 3 17
50304 201454 5 7 13
50304 201454 6 7 13
50304 201454 7 10 10
50304 201454 8 11 9
50304 201454 9 11 9
50304 201454 10 12 8
!sus 174 62081 0 10 88 attackers:174;victims:207156,57255,209201,50153,206369,200289,208145;type:2,3;valid_origin:True;recurrent:True;local:False
174 62081 1 0 88
174 62081 2 0 88
174 62081 3 0 88
174 62081 4 0 88
174 62081 5 1 87
174 62081 6 0 88
174 62081 7 0 88
174 62081 8 2 86
174 62081 9 1 87
174 62081 10 1 87
!sus 955 199605 0 10 192 attackers:955;victims:134478,199605,200728;type:1,2,3;valid_origin:True;recurrent:True;local:False
955 199605 1 36 156
955 199605 2 64 128
955 199605 3 68 124
955 199605 4 68 124
955 199605 5 68 124
955 199605 6 68 124
955 199605 7 68 124
955 199605 8 68 124
955 199605 9 68 124
955 199605 10 70 122
