!sus 133954 1333954 4 6 4 attackers:133954;victims:133954;type:2;valid_origin:True;recurrent:False;local:False
133954 1333954 1 4 0
133954 1333954 2 4 0
133954 1333954 3 4 0
133954 1333954 4 4 0
133954 1333954 5 2 2
133954 1333954 6 2 2
133954 1333954 7 2 2
133954 1333954 8 2 2
133954 1333954 9 1 3
133954 1333954 10 0 4
!sus 10143 133210 8 2 1 attackers:133210;victims:10143;type:1;valid_origin:True;recurrent:True;local:False
10143 133210 1 0 1
10143 133210 2 0 1
10143 133210 3 1 0
10143 133210 4 1 0
10143 133210 5 1 0
10143 133210 6 1 0
10143 133210 7 1 0
10143 133210 8 1 0
10143 133210 9 1 0
10143 133210 10 1 0
!leg 17494 23764 10 0 1 attackers:17494;victims:23969;type:3;valid_origin:True;recurrent:False;local:False
17494 23764 1 1 0
17494 23764 2 1 0
17494 23764 3 1 0
17494 23764 4 1 0
17494 23764 5 1 0
17494 23764 6 1 0
17494 23764 7 1 0
17494 23764 8 1 0
17494 23764 9 1 0
17494 23764 10 1 0
!sus 31549 60014 7 3 147 attackers:31549;victims:60014;type:1;valid_origin:True;recurrent:True;local:False
31549 60014 1 147 0
31549 60014 2 147 0
31549 60014 3 147 0
31549 60014 4 142 5
31549 60014 5 89 58
31549 60014 6 125 22
31549 60014 7 147 0
31549 60014 8 3 144
31549 60014 9 0 147
31549 60014 10 0 147
!sus 51396 215310 7 3 10 attackers:51396;victims:215310;type:1;valid_origin:True;recurrent:True;local:False
51396 215310 1 0 10
51396 215310 2 0 10
51396 215310 3 7 3
51396 215310 4 4 6
51396 215310 5 10 0
51396 215310 6 10 0
51396 215310 7 10 0
51396 215310 8 10 0
51396 215310 9 10 0
51396 215310 10 10 0
!sus 701 133210 0 10 1 attackers:133210;victims:701;type:1;valid_origin:True;recurrent:True;local:False
701 133210 1 0 1
701 133210 2 0 1
701 133210 3 0 1
701 133210 4 0 1
701 133210 5 0 1
701 133210 6 0 1
701 133210 7 0 1
701 133210 8 0 1
701 133210 9 0 1
701 133210 10 0 1
!sus 4713 133210 6 4 1 attackers:133210;victims:4713;type:1;valid_origin:True;recurrent:False;local:False
4713 133210 1 0 1
4713 133210 2 0 1
4713 133210 3 0 1
4713 133210 4 0 1
4713 133210 5 1 0
4713 133210 6 1 0
4713 133210 7 1 0
4713 133210 8 1 0
4713 133210 9 1 0
4713 133210 10 1 0
!leg 17494 132215 10 0 72 attackers:17494;victims:132215;type:1;valid_origin:True;recurrent:False;local:False
17494 132215 1 72 0
17494 132215 2 72 0
17494 132215 3 72 0
17494 132215 4 72 0
17494 132215 5 72 0
17494 132215 6 72 0
17494 132215 7 72 0
17494 132215 8 72 0
17494 132215 9 72 0
17494 132215 10 72 0
!leg 45905 133210 10 0 1 attackers:133210;victims:45905;type:1;valid_origin:True;recurrent:False;local:False
45905 133210 1 1 0
45905 133210 2 1 0
45905 133210 3 1 0
45905 133210 4 1 0
45905 133210 5 1 0
45905 133210 6 1 0
45905 133210 7 1 0
45905 133210 8 1 0
45905 133210 9 1 0
45905 133210 10 1 0
!leg 9269 139628 10 0 1 attackers:9269;victims:38566;type:2;valid_origin:True;recurrent:False;local:False
9269 139628 1 1 0
9269 139628 2 1 0
9269 139628 3 1 0
9269 139628 4 1 0
9269 139628 5 1 0
9269 139628 6 1 0
9269 139628 7 1 0
9269 139628 8 1 0
9269 139628 9 1 0
9269 139628 10 1 0
!sus 58895 133210 7 3 1 attackers:133210;victims:58895;type:1;valid_origin:True;recurrent:False;local:False
58895 133210 1 0 1
58895 133210 2 0 1
58895 133210 3 0 1
58895 133210 4 1 0
58895 133210 5 1 0
58895 133210 6 1 0
58895 133210 7 1 0
58895 133210 8 1 0
58895 133210 9 1 0
58895 133210 10 1 0
!sus 60171 329310 6 4 17 attackers:60171;victims:329310;type:1;valid_origin:True;recurrent:True;local:False
60171 329310 1 0 17
60171 329310 2 3 14
60171 329310 3 5 12
60171 329310 4 8 9
60171 329310 5 15 2
60171 329310 6 15 2
60171 329310 7 16 1
60171 329310 8 16 1
60171 329310 9 16 1
60171 329310 10 16 1
!leg 53065 271660 10 0 11 attackers:271660;victims:263083;type:2;valid_origin:True;recurrent:False;local:False
53065 271660 1 11 0
53065 271660 2 11 0
53065 271660 3 11 0
53065 271660 4 11 0
53065 271660 5 11 0
53065 271660 6 11 0
53065 271660 7 11 0
53065 271660 8 11 0
53065 271660 9 11 0
53065 271660 10 11 0
!sus 5 137666 0 10 23 attackers:137666;victims:5;type:1;valid_origin:True;recurrent:True;local:False
5 137666 1 0 23
5 137666 2 0 23
5 137666 3 2 21
5 137666 4 2 21
5 137666 5 2 21
5 137666 6 3 20
5 137666 7 2 21
5 137666 8 7 16
5 137666 9 2 21
5 137666 10 2 21
!sus 56048 63633 6 4 9 attackers:56048;victims:63633;type:1;valid_origin:True;recurrent:True;local:False
56048 63633 1 9 0
56048 63633 2 9 0
56048 63633 3 9 0
56048 63633 4 8 1
56048 63633 5 3 6
56048 63633 6 7 2
56048 63633 7 8 1
56048 63633 8 0 9
56048 63633 9 0 9
56048 63633 10 0 9
!leg 43754 214570 10 0 43 attackers:43754;victims:214570;type:1;valid_origin:True;recurrent:False;local:False
43754 214570 1 43 0
43754 214570 2 43 0
43754 214570 3 43 0
43754 214570 4 43 0
43754 214570 5 43 0
43754 214570 6 43 0
43754 214570 7 43 0
43754 214570 8 43 0
43754 214570 9 43 0
43754 214570 10 43 0
!sus 133210 269517 1 9 1 attackers:133210;victims:269517;type:1;valid_origin:True;recurrent:False;local:False
133210 269517 1 0 1
133210 269517 2 0 1
133210 269517 3 0 1
133210 269517 4 0 1
133210 269517 5 0 1
133210 269517 6 0 1
133210 269517 7 0 1
133210 269517 8 0 1
133210 269517 9 0 1
133210 269517 10 1 0
!leg 6663 34296 10 0 1 attackers:6663;victims:34296;type:1;valid_origin:True;recurrent:False;local:False
6663 34296 1 1 0
6663 34296 2 1 0
6663 34296 3 1 0
6663 34296 4 1 0
6663 34296 5 1 0
6663 34296 6 1 0
6663 34296 7 1 0
6663 34296 8 1 0
6663 34296 9 1 0
6663 34296 10 1 0
!sus 15830 215010 0 10 9 attackers:15830;victims:215010;type:1;valid_origin:True;recurrent:True;local:False
15830 215010 1 0 9
15830 215010 2 0 9
15830 215010 3 0 9
15830 215010 4 0 9
15830 215010 5 0 9
15830 215010 6 1 8
15830 215010 7 0 9
15830 215010 8 0 9
15830 215010 9 0 9
15830 215010 10 0 9
!sus 30788 61164 4 6 4 attackers:30788;victims:61164;type:1;valid_origin:True;recurrent:True;local:False
30788 61164 1 4 0
30788 61164 2 4 0
30788 61164 3 3 1
30788 61164 4 4 0
30788 61164 5 1 3
30788 61164 6 0 4
30788 61164 7 0 4
30788 61164 8 0 4
30788 61164 9 0 4
30788 61164 10 0 4
!leg 134599 138640 10 0 3 attackers:138640;victims:140699;type:3;valid_origin:True;recurrent:False;local:False
134599 138640 1 3 0
134599 138640 2 3 0
134599 138640 3 3 0
134599 138640 4 3 0
134599 138640 5 3 0
134599 138640 6 3 0
134599 138640 7 3 0
134599 138640 8 3 0
134599 138640 9 3 0
134599 138640 10 3 0
!sus 61727 269557 0 10 3 attackers:61727;victims:269557;type:1;valid_origin:True;recurrent:True;local:False
61727 269557 1 1 2
61727 269557 2 1 2
61727 269557 3 1 2
61727 269557 4 1 2
61727 269557 5 1 2
61727 269557 6 1 2
61727 269557 7 1 2
61727 269557 8 1 2
61727 269557 9 1 2
61727 269557 10 1 2
!sus 3758 152885 4 6 9 attackers:3758;victims:152885;type:1;valid_origin:True;recurrent:True;local:False
3758 152885 1 9 0
3758 152885 2 8 1
3758 152885 3 9 0
3758 152885 4 7 2
3758 152885 5 0 9
3758 152885 6 4 5
3758 152885 7 0 9
3758 152885 8 0 9
3758 152885 9 0 9
3758 152885 10 0 9
!leg 132294 133210 10 0 1 attackers:133210;victims:132294;type:1;valid_origin:True;recurrent:False;local:False
132294 133210 1 1 0
132294 133210 2 1 0
132294 133210 3 1 0
132294 133210 4 1 0
132294 133210 5 1 0
132294 133210 6 1 0
132294 133210 7 1 0
132294 133210 8 1 0
132294 133210 9 1 0
132294 133210 10 1 0
!sus 15830 214722 0 10 6 attackers:15830;victims:214722;type:1;valid_origin:True;recurrent:True;local:False
15830 214722 1 2 4
15830 214722 2 0 6
15830 214722 3 0 6
15830 214722 4 0 6
15830 214722 5 1 5
15830 214722 6 3 3
15830 214722 7 0 6
15830 214722 8 0 6
15830 214722 9 0 6
15830 214722 10 0 6
!sus 15830 22585 3 7 8 attackers:15830;victims:22585;type:1;valid_origin:True;recurrent:True;local:False
15830 22585 1 1 7
15830 22585 2 3 5
15830 22585 3 4 4
15830 22585 4 4 4
15830 22585 5 4 4
15830 22585 6 4 4
15830 22585 7 5 3
15830 22585 8 4 4
15830 22585 9 5 3
15830 22585 10 5 3
!sus 208679 209533 9 1 3 attackers:209533;victims:208679;type:1;valid_origin:True;recurrent:True;local:False
208679 209533 1 0 3
208679 209533 2 2 1
208679 209533 3 3 0
208679 209533 4 3 0
208679 209533 5 3 0
208679 209533 6 3 0
208679 209533 7 3 0
208679 209533 8 3 0
208679 209533 9 3 0
208679 209533 10 3 0
!sus 14840 214657 9 1 8 attackers:14840;victims:214657;type:1;valid_origin:False;recurrent:True;local:False
14840 214657 1 8 0
14840 214657 2 8 0
14840 214657 3 6 2
14840 214657 4 7 1
14840 214657 5 7 1
14840 214657 6 6 2
14840 214657 7 6 2
14840 214657 8 5 3
14840 214657 9 0 8
14840 214657 10 6 2
!sus 43641 215420 0 10 3 attackers:43641;victims:215420;type:1;valid_origin:True;recurrent:True;local:False
43641 215420 1 0 3
43641 215420 2 0 3
43641 215420 3 0 3
43641 215420 4 0 3
43641 215420 5 0 3
43641 215420 6 0 3
43641 215420 7 0 3
43641 215420 8 0 3
43641 215420 9 0 3
43641 215420 10 0 3
!sus 28398 272385 8 2 21 attackers:28398;victims:272385;type:1;valid_origin:True;recurrent:True;local:False
28398 272385 1 21 0
28398 272385 2 16 5
28398 272385 3 17 4
28398 272385 4 14 7
28398 272385 5 13 8
28398 272385 6 10 11
28398 272385 7 16 5
28398 272385 8 13 8
28398 272385 9 10 11
28398 272385 10 14 7
!sus 3352 133210 0 10 1 attackers:133210;victims:3352;type:1;valid_origin:True;recurrent:True;local:False
3352 133210 1 0 1
3352 133210 2 0 1
3352 133210 3 0 1
3352 133210 4 0 1
3352 133210 5 0 1
3352 133210 6 0 1
3352 133210 7 0 1
3352 133210 8 0 1
3352 133210 9 0 1
3352 133210 10 0 1
!sus 17727 54994 0 10 2 attackers:17727;victims:54994;type:1;valid_origin:True;recurrent:True;local:False
17727 54994 1 0 2
17727 54994 2 0 2
17727 54994 3 0 2
17727 54994 4 0 2
17727 54994 5 0 2
17727 54994 6 0 2
17727 54994 7 0 2
17727 54994 8 0 2
17727 54994 9 0 2
17727 54994 10 0 2
!sus 37662 329426 0 10 6 attackers:37662;victims:329426;type:1;valid_origin:True;recurrent:True;local:False
37662 329426 1 1 5
37662 329426 2 0 6
37662 329426 3 0 6
37662 329426 4 0 6
37662 329426 5 0 6
37662 329426 6 0 6
37662 329426 7 0 6
37662 329426 8 0 6
37662 329426 9 0 6
37662 329426 10 0 6
!leg 7195 268024 10 0 1 attackers:7195;victims:268024;type:1;valid_origin:True;recurrent:False;local:False
7195 268024 1 1 0
7195 268024 2 1 0
7195 268024 3 1 0
7195 268024 4 1 0
7195 268024 5 1 0
7195 268024 6 1 0
7195 268024 7 1 0
7195 268024 8 1 0
7195 268024 9 1 0
7195 268024 10 1 0
!sus 46844 139791 7 3 3 attackers:46844;victims:139791;type:1;valid_origin:True;recurrent:True;local:False
46844 139791 1 0 3
46844 139791 2 0 3
46844 139791 3 0 3
46844 139791 4 2 1
46844 139791 5 3 0
46844 139791 6 3 0
46844 139791 7 3 0
46844 139791 8 3 0
46844 139791 9 3 0
46844 139791 10 3 0
!sus 28548 133210 9 1 1 attackers:133210;victims:28548;type:1;valid_origin:True;recurrent:True;local:False
28548 133210 1 0 1
28548 133210 2 1 0
28548 133210 3 1 0
28548 133210 4 1 0
28548 133210 5 1 0
28548 133210 6 1 0
28548 133210 7 1 0
28548 133210 8 1 0
28548 133210 9 1 0
28548 133210 10 1 0
!sus 59832 132337 6 4 1 attackers:132337;victims:8308;type:2;valid_origin:True;recurrent:True;local:True
59832 132337 1 0 1
59832 132337 2 0 1
59832 132337 3 0 1
59832 132337 4 0 1
59832 132337 5 1 0
59832 132337 6 1 0
59832 132337 7 1 0
59832 132337 8 1 0
59832 132337 9 1 0
59832 132337 10 1 0
!sus 28191 133210 1 9 1 attackers:133210;victims:28191;type:1;valid_origin:True;recurrent:False;local:False
28191 133210 1 0 1
28191 133210 2 0 1
28191 133210 3 0 1
28191 133210 4 0 1
28191 133210 5 0 1
28191 133210 6 0 1
28191 133210 7 0 1
28191 133210 8 1 0
28191 133210 9 0 1
28191 133210 10 0 1
!leg 134599 138482 10 0 2 attackers:138482;victims:140699;type:3;valid_origin:True;recurrent:False;local:False
134599 138482 1 2 0
134599 138482 2 2 0
134599 138482 3 2 0
134599 138482 4 2 0
134599 138482 5 2 0
134599 138482 6 2 0
134599 138482 7 2 0
134599 138482 8 2 0
134599 138482 9 2 0
134599 138482 10 2 0
!sus 14618 30265 6 4 4 attackers:14618;victims:30265;type:1;valid_origin:True;recurrent:True;local:False
14618 30265 1 4 0
14618 30265 2 4 0
14618 30265 3 4 0
14618 30265 4 4 0
14618 30265 5 2 2
14618 30265 6 4 0
14618 30265 7 4 0
14618 30265 8 0 4
14618 30265 9 0 4
14618 30265 10 0 4
!sus 41307 208013 7 3 7 attackers:41307;victims:208013;type:1;valid_origin:True;recurrent:True;local:False
41307 208013 1 7 0
41307 208013 2 7 0
41307 208013 3 7 0
41307 208013 4 7 0
41307 208013 5 6 1
41307 208013 6 5 2
41307 208013 7 7 0
41307 208013 8 0 7
41307 208013 9 0 7
41307 208013 10 0 7
!sus 47588 210964 4 6 6 attackers:47588;victims:210964;type:1;valid_origin:True;recurrent:True;local:False
47588 210964 1 0 6
47588 210964 2 0 6
47588 210964 3 0 6
47588 210964 4 0 6
47588 210964 5 0 6
47588 210964 6 0 6
47588 210964 7 4 2
47588 210964 8 6 0
47588 210964 9 4 2
47588 210964 10 4 2
!leg 264461 271660 10 0 2 attackers:271660;victims:272744;type:2;valid_origin:True;recurrent:False;local:False
264461 271660 1 2 0
264461 271660 2 2 0
264461 271660 3 2 0
264461 271660 4 2 0
264461 271660 5 2 0
264461 271660 6 2 0
264461 271660 7 2 0
264461 271660 8 2 0
264461 271660 9 2 0
264461 271660 10 2 0
!leg 262847 266389 10 0 20 attackers:266389;victims:273531;type:2;valid_origin:True;recurrent:False;local:False
262847 266389 1 20 0
262847 266389 2 20 0
262847 266389 3 20 0
262847 266389 4 20 0
262847 266389 5 20 0
262847 266389 6 20 0
262847 266389 7 20 0
262847 266389 8 20 0
262847 266389 9 20 0
262847 266389 10 20 0
!sus 35758 202940 0 10 151 attackers:202940;victims:35758;type:1;valid_origin:True;recurrent:True;local:False
35758 202940 1 12 139
35758 202940 2 16 135
35758 202940 3 28 123
35758 202940 4 52 99
35758 202940 5 54 97
35758 202940 6 46 105
35758 202940 7 57 94
35758 202940 8 70 81
35758 202940 9 65 86
35758 202940 10 57 94
!sus 133210 209854 0 10 1 attackers:133210;victims:209854;type:1;valid_origin:True;recurrent:True;local:False
133210 209854 1 0 1
133210 209854 2 0 1
133210 209854 3 0 1
133210 209854 4 0 1
133210 209854 5 0 1
133210 209854 6 0 1
133210 209854 7 0 1
133210 209854 8 0 1
133210 209854 9 0 1
133210 209854 10 0 1
!sus 3920 214639 8 2 6 attackers:3920;victims:214639;type:1;valid_origin:True;recurrent:True;local:False
3920 214639 1 0 6
3920 214639 2 3 3
3920 214639 3 6 0
3920 214639 4 6 0
3920 214639 5 6 0
3920 214639 6 6 0
3920 214639 7 6 0
3920 214639 8 6 0
3920 214639 9 6 0
3920 214639 10 6 0
!leg 7474 137938 10 0 1 attackers:7474;victims:137938;type:1;valid_origin:True;recurrent:False;local:False
7474 137938 1 1 0
7474 137938 2 1 0
7474 137938 3 1 0
7474 137938 4 1 0
7474 137938 5 1 0
7474 137938 6 1 0
7474 137938 7 1 0
7474 137938 8 1 0
7474 137938 9 1 0
7474 137938 10 1 0
!leg 57463 268024 10 0 1 attackers:57463;victims:268024;type:1;valid_origin:True;recurrent:False;local:True
57463 268024 1 1 0
57463 268024 2 1 0
57463 268024 3 1 0
57463 268024 4 1 0
57463 268024 5 1 0
57463 268024 6 1 0
57463 268024 7 1 0
57463 268024 8 1 0
57463 268024 9 1 0
57463 268024 10 1 0
!sus 43391 214584 5 5 18 attackers:43391;victims:214584;type:1;valid_origin:True;recurrent:True;local:False
43391 214584 1 17 1
43391 214584 2 12 6
43391 214584 3 7 11
43391 214584 4 1 17
43391 214584 5 16 2
43391 214584 6 0 18
43391 214584 7 15 3
43391 214584 8 8 10
43391 214584 9 0 18
43391 214584 10 15 3
!sus 21826 272102 9 1 7 attackers:21826;victims:272102;type:1;valid_origin:True;recurrent:True;local:False
21826 272102 1 0 7
21826 272102 2 7 0
21826 272102 3 7 0
21826 272102 4 7 0
21826 272102 5 7 0
21826 272102 6 7 0
21826 272102 7 7 0
21826 272102 8 7 0
21826 272102 9 7 0
21826 272102 10 7 0
!sus 212807 263224 0 10 6 attackers:263224;victims:212807;type:1;valid_origin:True;recurrent:True;local:False
212807 263224 1 0 6
212807 263224 2 0 6
212807 263224 3 0 6
212807 263224 4 0 6
212807 263224 5 0 6
212807 263224 6 0 6
212807 263224 7 1 5
212807 263224 8 1 5
212807 263224 9 0 6
212807 263224 10 1 5
!sus 23748 215239 0 10 5 attackers:23748;victims:215239;type:1;valid_origin:True;recurrent:True;local:False
23748 215239 1 0 5
23748 215239 2 0 5
23748 215239 3 0 5
23748 215239 4 0 5
23748 215239 5 0 5
23748 215239 6 0 5
23748 215239 7 0 5
23748 215239 8 0 5
23748 215239 9 0 5
23748 215239 10 0 5
!sus 47152 216418 5 5 40 attackers:47152;victims:216418;type:1;valid_origin:True;recurrent:True;local:False
47152 216418 1 9 31
47152 216418 2 14 26
47152 216418 3 14 26
47152 216418 4 30 10
47152 216418 5 16 24
47152 216418 6 14 26
47152 216418 7 36 4
47152 216418 8 38 2
47152 216418 9 39 1
47152 216418 10 38 2
!sus 23520 265580 4 6 10 attackers:23520;victims:265580;type:1;valid_origin:True;recurrent:True;local:False
23520 265580 1 0 10
23520 265580 2 0 10
23520 265580 3 0 10
23520 265580 4 0 10
23520 265580 5 1 9
23520 265580 6 9 1
23520 265580 7 10 0
23520 265580 8 0 10
23520 265580 9 9 1
23520 265580 10 8 2
!sus 3758 64013 5 5 4 attackers:3758;victims:64013;type:1;valid_origin:True;recurrent:True;local:False
3758 64013 1 4 0
3758 64013 2 4 0
3758 64013 3 4 0
3758 64013 4 4 0
3758 64013 5 0 4
3758 64013 6 3 1
3758 64013 7 0 4
3758 64013 8 0 4
3758 64013 9 0 4
3758 64013 10 0 4
!sus 134196 134835 1 9 5 attackers:134196;victims:134835;type:1;valid_origin:True;recurrent:True;local:False
134196 134835 1 0 5
134196 134835 2 0 5
134196 134835 3 0 5
134196 134835 4 0 5
134196 134835 5 0 5
134196 134835 6 1 4
134196 134835 7 2 3
134196 134835 8 0 5
134196 134835 9 2 3
134196 134835 10 3 2
!sus 3573 38794 9 1 3 attackers:38794;victims:3573;type:1;valid_origin:True;recurrent:True;local:False
3573 38794 1 0 3
3573 38794 2 2 1
3573 38794 3 2 1
3573 38794 4 2 1
3573 38794 5 2 1
3573 38794 6 2 1
3573 38794 7 2 1
3573 38794 8 2 1
3573 38794 9 3 0
3573 38794 10 3 0
!sus 52468 273214 0 10 6 attackers:52468;victims:273214;type:1;valid_origin:True;recurrent:True;local:False
52468 273214 1 3 3
52468 273214 2 3 3
52468 273214 3 0 6
52468 273214 4 0 6
52468 273214 5 0 6
52468 273214 6 0 6
52468 273214 7 0 6
52468 273214 8 0 6
52468 273214 9 0 6
52468 273214 10 0 6
!sus 8220 16921 8 2 6 attackers:8220;victims:16921;type:1;valid_origin:True;recurrent:True;local:False
8220 16921 1 2 4
8220 16921 2 3 3
8220 16921 3 4 2
8220 16921 4 5 1
8220 16921 5 5 1
8220 16921 6 5 1
8220 16921 7 5 1
8220 16921 8 5 1
8220 16921 9 6 0
8220 16921 10 6 0
!sus 2 270740 0 10 2 attackers:270740;victims:2;type:1;valid_origin:True;recurrent:True;local:False
2 270740 1 0 2
2 270740 2 0 2
2 270740 3 0 2
2 270740 4 0 2
2 270740 5 0 2
2 270740 6 0 2
2 270740 7 0 2
2 270740 8 0 2
2 270740 9 0 2
2 270740 10 0 2
!sus 133210 262659 0 10 1 attackers:133210;victims:262659;type:1;valid_origin:True;recurrent:True;local:False
133210 262659 1 0 1
133210 262659 2 0 1
133210 262659 3 0 1
133210 262659 4 0 1
133210 262659 5 0 1
133210 262659 6 0 1
133210 262659 7 0 1
133210 262659 8 0 1
133210 262659 9 0 1
133210 262659 10 0 1
!sus 28649 133210 0 10 1 attackers:133210;victims:28649;type:1;valid_origin:True;recurrent:True;local:False
28649 133210 1 0 1
28649 133210 2 0 1
28649 133210 3 0 1
28649 133210 4 0 1
28649 133210 5 0 1
28649 133210 6 0 1
28649 133210 7 0 1
28649 133210 8 0 1
28649 133210 9 0 1
28649 133210 10 0 1
!sus 7131 152735 3 7 11 attackers:7131;victims:152735;type:1;valid_origin:True;recurrent:True;local:False
7131 152735 1 4 7
7131 152735 2 0 11
7131 152735 3 7 4
7131 152735 4 7 4
7131 152735 5 5 6
7131 152735 6 0 11
7131 152735 7 8 3
7131 152735 8 0 11
7131 152735 9 0 11
7131 152735 10 1 10
!sus 7018 133210 0 10 1 attackers:133210;victims:7018;type:1;valid_origin:True;recurrent:True;local:False
7018 133210 1 0 1
7018 133210 2 0 1
7018 133210 3 0 1
7018 133210 4 0 1
7018 133210 5 0 1
7018 133210 6 0 1
7018 133210 7 0 1
7018 133210 8 0 1
7018 133210 9 0 1
7018 133210 10 0 1
!sus 270165 272369 3 7 6 attackers:272369;victims:270165;type:1;valid_origin:True;recurrent:True;local:False
270165 272369 1 2 4
270165 272369 2 1 5
270165 272369 3 1 5
270165 272369 4 2 4
270165 272369 5 4 2
270165 272369 6 2 4
270165 272369 7 3 3
270165 272369 8 4 2
270165 272369 9 3 3
270165 272369 10 4 2
!sus 150315 212085 1 9 8 attackers:150315;victims:212085;type:1;valid_origin:True;recurrent:True;local:False
150315 212085 1 0 8
150315 212085 2 0 8
150315 212085 3 0 8
150315 212085 4 0 8
150315 212085 5 0 8
150315 212085 6 1 7
150315 212085 7 1 7
150315 212085 8 2 6
150315 212085 9 4 4
150315 212085 10 5 3
!sus 1257 2568 8 2 9 attackers:1257;victims:2568;type:1;valid_origin:True;recurrent:True;local:False
1257 2568 1 0 9
1257 2568 2 3 6
1257 2568 3 7 2
1257 2568 4 7 2
1257 2568 5 9 0
1257 2568 6 9 0
1257 2568 7 9 0
1257 2568 8 9 0
1257 2568 9 9 0
1257 2568 10 9 0
!sus 60068 151797 1 9 146 attackers:151797;victims:140227;type:2;valid_origin:True;recurrent:True;local:False
60068 151797 1 0 146
60068 151797 2 15 131
60068 151797 3 21 125
60068 151797 4 22 124
60068 151797 5 29 117
60068 151797 6 29 117
60068 151797 7 28 118
60068 151797 8 79 67
60068 151797 9 43 103
60068 151797 10 40 106
!sus 62788 213253 0 10 3 attackers:62788;victims:213253;type:1;valid_origin:True;recurrent:True;local:False
62788 213253 1 0 3
62788 213253 2 0 3
62788 213253 3 0 3
62788 213253 4 0 3
62788 213253 5 0 3
62788 213253 6 0 3
62788 213253 7 0 3
62788 213253 8 0 3
62788 213253 9 0 3
62788 213253 10 0 3
!sus 56655 214576 1 9 5 attackers:56655;victims:214576;type:1;valid_origin:True;recurrent:True;local:False
56655 214576 1 0 5
56655 214576 2 0 5
56655 214576 3 1 4
56655 214576 4 1 4
56655 214576 5 0 5
56655 214576 6 0 5
56655 214576 7 3 2
56655 214576 8 0 5
56655 214576 9 1 4
56655 214576 10 0 5
!sus 30788 48456 4 6 4 attackers:30788;victims:48456;type:1;valid_origin:True;recurrent:True;local:False
30788 48456 1 4 0
30788 48456 2 4 0
30788 48456 3 3 1
30788 48456 4 4 0
30788 48456 5 1 3
30788 48456 6 0 4
30788 48456 7 0 4
30788 48456 8 0 4
30788 48456 9 0 4
30788 48456 10 0 4
!sus 208046 214557 4 6 7 attackers:208046;victims:214557;type:1;valid_origin:True;recurrent:True;local:False
208046 214557 1 7 0
208046 214557 2 7 0
208046 214557 3 7 0
208046 214557 4 7 0
208046 214557 5 0 7
208046 214557 6 0 7
208046 214557 7 1 6
208046 214557 8 0 7
208046 214557 9 0 7
208046 214557 10 0 7
!leg 28649 53181 10 0 38 attackers:28649;victims:263019;type:2;valid_origin:True;recurrent:False;local:False
28649 53181 1 38 0
28649 53181 2 38 0
28649 53181 3 38 0
28649 53181 4 38 0
28649 53181 5 38 0
28649 53181 6 38 0
28649 53181 7 38 0
28649 53181 8 38 0
28649 53181 9 38 0
28649 53181 10 38 0
!sus 15830 400940 0 10 15 attackers:15830;victims:400940;type:1;valid_origin:True;recurrent:True;local:False
15830 400940 1 1 14
15830 400940 2 0 15
15830 400940 3 0 15
15830 400940 4 0 15
15830 400940 5 1 14
15830 400940 6 2 13
15830 400940 7 0 15
15830 400940 8 0 15
15830 400940 9 0 15
15830 400940 10 0 15
!sus 3529 27064 5 5 12 attackers:27064;victims:3529;type:1;valid_origin:True;recurrent:True;local:False
3529 27064 1 12 0
3529 27064 2 12 0
3529 27064 3 8 4
3529 27064 4 10 2
3529 27064 5 0 12
3529 27064 6 5 7
3529 27064 7 11 1
3529 27064 8 0 12
3529 27064 9 0 12
3529 27064 10 0 12
!sus 11803 19893 6 4 6 attackers:19893;victims:11803;type:1;valid_origin:True;recurrent:True;local:False
11803 19893 1 6 0
11803 19893 2 6 0
11803 19893 3 5 1
11803 19893 4 6 0
11803 19893 5 0 6
11803 19893 6 6 0
11803 19893 7 6 0
11803 19893 8 0 6
11803 19893 9 0 6
11803 19893 10 0 6
!sus 7195 64096 0 10 6 attackers:7195;victims:64096;type:1;valid_origin:True;recurrent:True;local:False
7195 64096 1 0 6
7195 64096 2 0 6
7195 64096 3 1 5
7195 64096 4 1 5
7195 64096 5 2 4
7195 64096 6 2 4
7195 64096 7 2 4
7195 64096 8 2 4
7195 64096 9 2 4
7195 64096 10 2 4
!sus 264079 2640079 2 8 25 attackers:264079;victims:264079;type:2;valid_origin:True;recurrent:True;local:False
264079 2640079 1 23 2
264079 2640079 2 10 15
264079 2640079 3 21 4
264079 2640079 4 1 24
264079 2640079 5 6 19
264079 2640079 6 5 20
264079 2640079 7 10 15
264079 2640079 8 0 25
264079 2640079 9 0 25
264079 2640079 10 0 25
!sus 58212 63150 4 6 11 attackers:58212;victims:63150;type:1;valid_origin:True;recurrent:True;local:False
58212 63150 1 0 11
58212 63150 2 0 11
58212 63150 3 0 11
58212 63150 4 0 11
58212 63150 5 0 11
58212 63150 6 0 11
58212 63150 7 7 4
58212 63150 8 7 4
58212 63150 9 7 4
58212 63150 10 10 1
!sus 37612 328107 9 1 109 attackers:328107;victims:37612;type:1;valid_origin:True;recurrent:False;local:False
37612 328107 1 0 109
37612 328107 2 59 50
37612 328107 3 109 0
37612 328107 4 109 0
37612 328107 5 109 0
37612 328107 6 109 0
37612 328107 7 109 0
37612 328107 8 109 0
37612 328107 9 109 0
37612 328107 10 109 0
!leg 207252 214915 10 0 38 attackers:207252;victims:214915;type:1;valid_origin:True;recurrent:False;local:False
207252 214915 1 38 0
207252 214915 2 38 0
207252 214915 3 38 0
207252 214915 4 38 0
207252 214915 5 38 0
207252 214915 6 38 0
207252 214915 7 38 0
207252 214915 8 38 0
207252 214915 9 38 0
207252 214915 10 38 0
!sus 265691 272948 8 2 6 attackers:265691;victims:272948;type:1;valid_origin:True;recurrent:True;local:False
265691 272948 1 0 6
265691 272948 2 0 6
265691 272948 3 4 2
265691 272948 4 4 2
265691 272948 5 5 1
265691 272948 6 5 1
265691 272948 7 6 0
265691 272948 8 5 1
265691 272948 9 5 1
265691 272948 10 6 0
!leg 52631 262977 10 0 1 attackers:262977;victims:1237;type:4;valid_origin:True;recurrent:False;local:False
52631 262977 1 1 0
52631 262977 2 1 0
52631 262977 3 1 0
52631 262977 4 1 0
52631 262977 5 1 0
52631 262977 6 1 0
52631 262977 7 1 0
52631 262977 8 1 0
52631 262977 9 1 0
52631 262977 10 1 0
!sus 12353 133210 4 6 1 attackers:133210;victims:12353;type:1;valid_origin:True;recurrent:True;local:False
12353 133210 1 0 1
12353 133210 2 0 1
12353 133210 3 0 1
12353 133210 4 0 1
12353 133210 5 0 1
12353 133210 6 1 0
12353 133210 7 1 0
12353 133210 8 1 0
12353 133210 9 0 1
12353 133210 10 1 0
!leg 12322 142271 10 0 2 attackers:142271;victims:51207,12322;type:1,2;valid_origin:True;recurrent:False;local:True
12322 142271 1 2 0
12322 142271 2 2 0
12322 142271 3 2 0
12322 142271 4 2 0
12322 142271 5 2 0
12322 142271 6 2 0
12322 142271 7 2 0
12322 142271 8 2 0
12322 142271 9 2 0
12322 142271 10 2 0
!sus 28849 215119 7 3 5 attackers:28849;victims:215119;type:1;valid_origin:True;recurrent:True;local:False
28849 215119 1 5 0
28849 215119 2 5 0
28849 215119 3 5 0
28849 215119 4 5 0
28849 215119 5 5 0
28849 215119 6 5 0
28849 215119 7 3 2
28849 215119 8 0 5
28849 215119 9 0 5
28849 215119 10 0 5
!sus 37061 327689 5 5 6 attackers:37061;victims:327689;type:1;valid_origin:True;recurrent:True;local:False
37061 327689 1 6 0
37061 327689 2 6 0
37061 327689 3 6 0
37061 327689 4 6 0
37061 327689 5 4 2
37061 327689 6 2 4
37061 327689 7 1 5
37061 327689 8 0 6
37061 327689 9 0 6
37061 327689 10 0 6
!sus 20524 39205 3 7 6 attackers:39205;victims:20524;type:1;valid_origin:True;recurrent:True;local:False
20524 39205 1 6 0
20524 39205 2 6 0
20524 39205 3 3 3
20524 39205 4 6 0
20524 39205 5 1 5
20524 39205 6 1 5
20524 39205 7 0 6
20524 39205 8 0 6
20524 39205 9 0 6
20524 39205 10 0 6
!leg 23991 133210 10 0 1 attackers:133210;victims:23991;type:1;valid_origin:True;recurrent:False;local:False
23991 133210 1 1 0
23991 133210 2 1 0
23991 133210 3 1 0
23991 133210 4 1 0
23991 133210 5 1 0
23991 133210 6 1 0
23991 133210 7 1 0
23991 133210 8 1 0
23991 133210 9 1 0
23991 133210 10 1 0
!sus 203738 210464 0 10 1 attackers:210464;victims:203738;type:1;valid_origin:True;recurrent:True;local:False
203738 210464 1 0 1
203738 210464 2 0 1
203738 210464 3 0 1
203738 210464 4 0 1
203738 210464 5 0 1
203738 210464 6 0 1
203738 210464 7 0 1
203738 210464 8 0 1
203738 210464 9 0 1
203738 210464 10 0 1
!sus 43641 50580 0 10 5 attackers:43641;victims:50580;type:1;valid_origin:True;recurrent:True;local:False
43641 50580 1 0 5
43641 50580 2 0 5
43641 50580 3 0 5
43641 50580 4 0 5
43641 50580 5 0 5
43641 50580 6 0 5
43641 50580 7 0 5
43641 50580 8 0 5
43641 50580 9 0 5
43641 50580 10 0 5
!sus 24413 152919 1 9 11 attackers:24413;victims:152919;type:1;valid_origin:True;recurrent:True;local:False
24413 152919 1 7 4
24413 152919 2 0 11
24413 152919 3 3 8
24413 152919 4 0 11
24413 152919 5 0 11
24413 152919 6 0 11
24413 152919 7 0 11
24413 152919 8 0 11
24413 152919 9 0 11
24413 152919 10 0 11
!sus 48011 59441 8 2 7 attackers:48011;victims:59441;type:1;valid_origin:True;recurrent:True;local:False
48011 59441 1 0 7
48011 59441 2 2 5
48011 59441 3 5 2
48011 59441 4 6 1
48011 59441 5 7 0
48011 59441 6 7 0
48011 59441 7 7 0
48011 59441 8 7 0
48011 59441 9 7 0
48011 59441 10 7 0
!sus 28573 133210 4 6 1 attackers:133210;victims:28573;type:1;valid_origin:True;recurrent:True;local:False
28573 133210 1 0 1
28573 133210 2 0 1
28573 133210 3 0 1
28573 133210 4 0 1
28573 133210 5 1 0
28573 133210 6 1 0
28573 133210 7 0 1
28573 133210 8 0 1
28573 133210 9 1 0
28573 133210 10 1 0
!sus 21277 215369 5 5 7 attackers:21277;victims:215369;type:1;valid_origin:True;recurrent:True;local:False
21277 215369 1 7 0
21277 215369 2 7 0
21277 215369 3 6 1
21277 215369 4 6 1
21277 215369 5 3 4
21277 215369 6 6 1
21277 215369 7 0 7
21277 215369 8 0 7
21277 215369 9 0 7
21277 215369 10 0 7
!sus 34927 401172 7 3 6 attackers:34927;victims:401172;type:1;valid_origin:True;recurrent:True;local:False
34927 401172 1 6 0
34927 401172 2 5 1
34927 401172 3 5 1
34927 401172 4 3 3
34927 401172 5 4 2
34927 401172 6 4 2
34927 401172 7 5 1
34927 401172 8 3 3
34927 401172 9 3 3
34927 401172 10 4 2
!sus 13335 24432 7 3 26 attackers:24432;victims:13335;type:1;valid_origin:True;recurrent:True;local:False
13335 24432 1 8 18
13335 24432 2 10 16
13335 24432 3 11 15
13335 24432 4 19 7
13335 24432 5 14 12
13335 24432 6 17 9
13335 24432 7 21 5
13335 24432 8 20 6
13335 24432 9 23 3
13335 24432 10 23 3
!sus 33363 394447 6 4 4 attackers:33363;victims:394447;type:1;valid_origin:True;recurrent:True;local:False
33363 394447 1 4 0
33363 394447 2 3 1
33363 394447 3 4 0
33363 394447 4 3 1
33363 394447 5 3 1
33363 394447 6 1 3
33363 394447 7 4 0
33363 394447 8 0 4
33363 394447 9 0 4
33363 394447 10 0 4
!sus 7195 58061 2 8 12 attackers:7195;victims:58061;type:1;valid_origin:True;recurrent:True;local:False
7195 58061 1 1 11
7195 58061 2 1 11
7195 58061 3 4 8
7195 58061 4 4 8
7195 58061 5 5 7
7195 58061 6 4 8
7195 58061 7 6 6
7195 58061 8 5 7
7195 58061 9 7 5
7195 58061 10 7 5
!sus 58057 209745 2 8 2 attackers:58057;victims:209745;type:1;valid_origin:True;recurrent:True;local:False
58057 209745 1 2 0
58057 209745 2 2 0
58057 209745 3 1 1
58057 209745 4 1 1
58057 209745 5 1 1
58057 209745 6 0 2
58057 209745 7 0 2
58057 209745 8 0 2
58057 209745 9 0 2
58057 209745 10 0 2
!leg 133210 138638 10 0 1 attackers:133210;victims:138638;type:1;valid_origin:True;recurrent:False;local:False
133210 138638 1 1 0
133210 138638 2 1 0
133210 138638 3 1 0
133210 138638 4 1 0
133210 138638 5 1 0
133210 138638 6 1 0
133210 138638 7 1 0
133210 138638 8 1 0
133210 138638 9 1 0
133210 138638 10 1 0
!sus 133210 263421 4 6 1 attackers:133210;victims:263421;type:1;valid_origin:True;recurrent:False;local:False
133210 263421 1 0 1
133210 263421 2 0 1
133210 263421 3 0 1
133210 263421 4 0 1
133210 263421 5 0 1
133210 263421 6 0 1
133210 263421 7 1 0
133210 263421 8 1 0
133210 263421 9 1 0
133210 263421 10 1 0
!sus 9312 24013 4 6 1 attackers:9312;victims:24013;type:1;valid_origin:True;recurrent:True;local:False
9312 24013 1 0 1
9312 24013 2 0 1
9312 24013 3 0 1
9312 24013 4 0 1
9312 24013 5 0 1
9312 24013 6 1 0
9312 24013 7 0 1
9312 24013 8 1 0
9312 24013 9 1 0
9312 24013 10 1 0
!sus 2639 15830 0 10 7 attackers:15830;victims:2639;type:1;valid_origin:True;recurrent:True;local:False
2639 15830 1 0 7
2639 15830 2 0 7
2639 15830 3 0 7
2639 15830 4 0 7
2639 15830 5 0 7
2639 15830 6 0 7
2639 15830 7 0 7
2639 15830 8 0 7
2639 15830 9 0 7
2639 15830 10 0 7
!leg 133210 134702 10 0 1 attackers:133210;victims:134702;type:1;valid_origin:True;recurrent:False;local:False
133210 134702 1 1 0
133210 134702 2 1 0
133210 134702 3 1 0
133210 134702 4 1 0
133210 134702 5 1 0
133210 134702 6 1 0
133210 134702 7 1 0
133210 134702 8 1 0
133210 134702 9 1 0
133210 134702 10 1 0
!sus 3783 397459 3 7 6 attackers:3783;victims:397459;type:1;valid_origin:True;recurrent:True;local:False
3783 397459 1 6 0
3783 397459 2 6 0
3783 397459 3 2 4
3783 397459 4 5 1
3783 397459 5 0 6
3783 397459 6 0 6
3783 397459 7 0 6
3783 397459 8 0 6
3783 397459 9 0 6
3783 397459 10 0 6
!sus 9650 133210 2 8 1 attackers:133210;victims:9650;type:1;valid_origin:True;recurrent:True;local:False
9650 133210 1 0 1
9650 133210 2 0 1
9650 133210 3 0 1
9650 133210 4 0 1
9650 133210 5 0 1
9650 133210 6 0 1
9650 133210 7 0 1
9650 133210 8 0 1
9650 133210 9 1 0
9650 133210 10 1 0
!sus 6821 214632 5 5 6 attackers:6821;victims:214632;type:1;valid_origin:True;recurrent:True;local:False
6821 214632 1 6 0
6821 214632 2 6 0
6821 214632 3 6 0
6821 214632 4 5 1
6821 214632 5 2 4
6821 214632 6 3 3
6821 214632 7 5 1
6821 214632 8 0 6
6821 214632 9 0 6
6821 214632 10 0 6
!sus 56630 214891 0 10 15 attackers:56630;victims:214891;type:1;valid_origin:False;recurrent:True;local:False
56630 214891 1 0 15
56630 214891 2 0 15
56630 214891 3 0 15
56630 214891 4 0 15
56630 214891 5 0 15
56630 214891 6 0 15
56630 214891 7 0 15
56630 214891 8 0 15
56630 214891 9 0 15
56630 214891 10 0 15
!sus 12654 142289 0 10 176 attackers:142289;victims:12654;type:1;valid_origin:True;recurrent:True;local:False
12654 142289 1 0 176
12654 142289 2 0 176
12654 142289 3 0 176
12654 142289 4 0 176
12654 142289 5 0 176
12654 142289 6 0 176
12654 142289 7 0 176
12654 142289 8 0 176
12654 142289 9 0 176
12654 142289 10 0 176
!leg 6663 43633 10 0 1 attackers:6663;victims:43633;type:1;valid_origin:True;recurrent:False;local:False
6663 43633 1 1 0
6663 43633 2 1 0
6663 43633 3 1 0
6663 43633 4 1 0
6663 43633 5 1 0
6663 43633 6 1 0
6663 43633 7 1 0
6663 43633 8 1 0
6663 43633 9 1 0
6663 43633 10 1 0
!sus 262663 265312 9 1 6 attackers:265312;victims:262663;type:1;valid_origin:True;recurrent:True;local:False
262663 265312 1 3 3
262663 265312 2 4 2
262663 265312 3 4 2
262663 265312 4 4 2
262663 265312 5 4 2
262663 265312 6 4 2
262663 265312 7 4 2
262663 265312 8 4 2
262663 265312 9 4 2
262663 265312 10 4 2
!sus 2914 133210 0 10 1 attackers:133210;victims:2914;type:1;valid_origin:True;recurrent:True;local:False
2914 133210 1 0 1
2914 133210 2 0 1
2914 133210 3 0 1
2914 133210 4 0 1
2914 133210 5 0 1
2914 133210 6 0 1
2914 133210 7 0 1
2914 133210 8 0 1
2914 133210 9 0 1
2914 133210 10 0 1
!sus 41427 44477 1 9 7 attackers:41427;victims:44477;type:1;valid_origin:True;recurrent:True;local:False
41427 44477 1 0 7
41427 44477 2 0 7
41427 44477 3 0 7
41427 44477 4 0 7
41427 44477 5 0 7
41427 44477 6 0 7
41427 44477 7 0 7
41427 44477 8 1 6
41427 44477 9 3 4
41427 44477 10 5 2
!sus 52152 55002 0 10 11 attackers:55002;victims:52152;type:1;valid_origin:True;recurrent:True;local:False
52152 55002 1 0 11
52152 55002 2 0 11
52152 55002 3 0 11
52152 55002 4 0 11
52152 55002 5 0 11
52152 55002 6 0 11
52152 55002 7 0 11
52152 55002 8 0 11
52152 55002 9 0 11
52152 55002 10 0 11
!leg 57391 214570 10 0 205 attackers:57391;victims:214570;type:1;valid_origin:True;recurrent:True;local:False
57391 214570 1 205 0
57391 214570 2 205 0
57391 214570 3 205 0
57391 214570 4 205 0
57391 214570 5 205 0
57391 214570 6 205 0
57391 214570 7 205 0
57391 214570 8 205 0
57391 214570 9 205 0
57391 214570 10 205 0
!leg 6939 214731 10 0 5 attackers:6939;victims:214731;type:1;valid_origin:True;recurrent:False;local:False
6939 214731 1 5 0
6939 214731 2 5 0
6939 214731 3 5 0
6939 214731 4 5 0
6939 214731 5 5 0
6939 214731 6 5 0
6939 214731 7 5 0
6939 214731 8 5 0
6939 214731 9 5 0
6939 214731 10 5 0
!leg 9269 9534 10 0 1 attackers:9269;victims:9534;type:1;valid_origin:True;recurrent:False;local:False
9269 9534 1 1 0
9269 9534 2 1 0
9269 9534 3 1 0
9269 9534 4 1 0
9269 9534 5 1 0
9269 9534 6 1 0
9269 9534 7 1 0
9269 9534 8 1 0
9269 9534 9 1 0
9269 9534 10 1 0
!sus 20562 59318 7 3 1 attackers:59318;victims:13335;type:7;valid_origin:True;recurrent:True;local:True
20562 59318 1 0 1
20562 59318 2 0 1
20562 59318 3 0 1
20562 59318 4 1 0
20562 59318 5 1 0
20562 59318 6 1 0
20562 59318 7 1 0
20562 59318 8 1 0
20562 59318 9 1 0
20562 59318 10 1 0
!sus 270585 271456 0 10 73 attackers:270585;victims:271456;type:1;valid_origin:True;recurrent:True;local:False
270585 271456 1 2 71
270585 271456 2 10 63
270585 271456 3 2 71
270585 271456 4 10 63
270585 271456 5 6 67
270585 271456 6 10 63
270585 271456 7 20 53
270585 271456 8 14 59
270585 271456 9 13 60
270585 271456 10 17 56
!sus 3758 152903 5 5 10 attackers:3758;victims:152903;type:1;valid_origin:True;recurrent:True;local:False
3758 152903 1 10 0
3758 152903 2 9 1
3758 152903 3 10 0
3758 152903 4 9 1
3758 152903 5 0 10
3758 152903 6 6 4
3758 152903 7 0 10
3758 152903 8 0 10
3758 152903 9 0 10
3758 152903 10 0 10
!sus 44477 262572 8 2 36 attackers:262572;victims:26383,44559,215540,44477;type:1,2;valid_origin:True;recurrent:True;local:False
44477 262572 1 0 36
44477 262572 2 16 20
44477 262572 3 23 13
44477 262572 4 27 9
44477 262572 5 36 0
44477 262572 6 34 2
44477 262572 7 36 0
44477 262572 8 36 0
44477 262572 9 36 0
44477 262572 10 36 0
!sus 939 204601 0 10 59 attackers:939;victims:204601;type:1;valid_origin:True;recurrent:True;local:False
939 204601 1 0 59
939 204601 2 0 59
939 204601 3 0 59
939 204601 4 0 59
939 204601 5 0 59
939 204601 6 0 59
939 204601 7 0 59
939 204601 8 0 59
939 204601 9 0 59
939 204601 10 0 59
!sus 52721 133210 4 6 1 attackers:133210;victims:52721;type:1;valid_origin:True;recurrent:True;local:False
52721 133210 1 0 1
52721 133210 2 0 1
52721 133210 3 0 1
52721 133210 4 0 1
52721 133210 5 1 0
52721 133210 6 0 1
52721 133210 7 0 1
52721 133210 8 1 0
52721 133210 9 1 0
52721 133210 10 1 0
!sus 13335 27800 0 10 8 attackers:27800;victims:13335;type:1;valid_origin:True;recurrent:True;local:False
13335 27800 1 0 8
13335 27800 2 0 8
13335 27800 3 0 8
13335 27800 4 1 7
13335 27800 5 1 7
13335 27800 6 1 7
13335 27800 7 2 6
13335 27800 8 2 6
13335 27800 9 2 6
13335 27800 10 2 6
!leg 263009 264892 10 0 1 attackers:264892;victims:262374;type:2;valid_origin:True;recurrent:False;local:False
263009 264892 1 1 0
263009 264892 2 1 0
263009 264892 3 1 0
263009 264892 4 1 0
263009 264892 5 1 0
263009 264892 6 1 0
263009 264892 7 1 0
263009 264892 8 1 0
263009 264892 9 1 0
263009 264892 10 1 0
!leg 58715 134599 10 0 4 attackers:58715;victims:140699;type:3;valid_origin:True;recurrent:False;local:False
58715 134599 1 4 0
58715 134599 2 4 0
58715 134599 3 4 0
58715 134599 4 4 0
58715 134599 5 4 0
58715 134599 6 4 0
58715 134599 7 4 0
58715 134599 8 4 0
58715 134599 9 4 0
58715 134599 10 4 0
!leg 6886 43426 10 0 1 attackers:43426;victims:6886;type:1;valid_origin:True;recurrent:False;local:False
6886 43426 1 1 0
6886 43426 2 1 0
6886 43426 3 1 0
6886 43426 4 1 0
6886 43426 5 1 0
6886 43426 6 1 0
6886 43426 7 1 0
6886 43426 8 1 0
6886 43426 9 1 0
6886 43426 10 1 0
!sus 272730 2727230 0 10 13 attackers:272730;victims:272730;type:2;valid_origin:True;recurrent:False;local:False
272730 2727230 1 1 12
272730 2727230 2 1 12
272730 2727230 3 1 12
272730 2727230 4 1 12
272730 2727230 5 0 13
272730 2727230 6 1 12
272730 2727230 7 0 13
272730 2727230 8 0 13
272730 2727230 9 0 13
272730 2727230 10 0 13
!leg 9441 133210 10 0 1 attackers:133210;victims:9441;type:1;valid_origin:True;recurrent:False;local:False
9441 133210 1 1 0
9441 133210 2 1 0
9441 133210 3 1 0
9441 133210 4 1 0
9441 133210 5 1 0
9441 133210 6 1 0
9441 133210 7 1 0
9441 133210 8 1 0
9441 133210 9 1 0
9441 133210 10 1 0
!sus 135341 139057 0 10 58 attackers:135341;victims:139057;type:1;valid_origin:True;recurrent:True;local:False
135341 139057 1 0 58
135341 139057 2 0 58
135341 139057 3 2 56
135341 139057 4 2 56
135341 139057 5 5 53
135341 139057 6 5 53
135341 139057 7 9 49
135341 139057 8 9 49
135341 139057 9 9 49
135341 139057 10 9 49
!sus 61010 205342 5 5 1 attackers:61010;victims:205342;type:1;valid_origin:True;recurrent:True;local:False
61010 205342 1 1 0
61010 205342 2 1 0
61010 205342 3 1 0
61010 205342 4 1 0
61010 205342 5 0 1
61010 205342 6 1 0
61010 205342 7 0 1
61010 205342 8 0 1
61010 205342 9 0 1
61010 205342 10 0 1
!sus 15830 32824 0 10 9 attackers:15830;victims:32824;type:1;valid_origin:True;recurrent:True;local:False
15830 32824 1 0 9
15830 32824 2 0 9
15830 32824 3 0 9
15830 32824 4 0 9
15830 32824 5 0 9
15830 32824 6 0 9
15830 32824 7 0 9
15830 32824 8 3 6
15830 32824 9 3 6
15830 32824 10 3 6
!sus 135905 152950 7 3 14 attackers:135905;victims:152950;type:1;valid_origin:True;recurrent:True;local:False
135905 152950 1 14 0
135905 152950 2 14 0
135905 152950 3 14 0
135905 152950 4 13 1
135905 152950 5 8 6
135905 152950 6 13 1
135905 152950 7 11 3
135905 152950 8 0 14
135905 152950 9 0 14
135905 152950 10 0 14
!leg 52631 263073 10 0 8 attackers:52631;victims:267641;type:2;valid_origin:True;recurrent:False;local:False
52631 263073 1 8 0
52631 263073 2 8 0
52631 263073 3 8 0
52631 263073 4 8 0
52631 263073 5 8 0
52631 263073 6 8 0
52631 263073 7 8 0
52631 263073 8 8 0
52631 263073 9 8 0
52631 263073 10 8 0
!sus 12684 329307 0 10 9 attackers:12684;victims:329307;type:1;valid_origin:True;recurrent:True;local:False
12684 329307 1 0 9
12684 329307 2 0 9
12684 329307 3 0 9
12684 329307 4 0 9
12684 329307 5 0 9
12684 329307 6 0 9
12684 329307 7 0 9
12684 329307 8 0 9
12684 329307 9 0 9
12684 329307 10 0 9
!sus 29170 50091 2 8 7 attackers:29170;victims:50091;type:1;valid_origin:True;recurrent:True;local:False
29170 50091 1 6 1
29170 50091 2 0 7
29170 50091 3 6 1
29170 50091 4 0 7
29170 50091 5 0 7
29170 50091 6 0 7
29170 50091 7 3 4
29170 50091 8 0 7
29170 50091 9 0 7
29170 50091 10 0 7
!sus 42313 214469 6 4 3 attackers:42313;victims:214469;type:1;valid_origin:True;recurrent:True;local:False
42313 214469 1 3 0
42313 214469 2 3 0
42313 214469 3 3 0
42313 214469 4 2 1
42313 214469 5 2 1
42313 214469 6 0 3
42313 214469 7 3 0
42313 214469 8 0 3
42313 214469 9 0 3
42313 214469 10 0 3
!sus 57008 215055 6 4 8 attackers:57008;victims:215055;type:1;valid_origin:True;recurrent:True;local:False
57008 215055 1 8 0
57008 215055 2 8 0
57008 215055 3 8 0
57008 215055 4 8 0
57008 215055 5 0 8
57008 215055 6 5 3
57008 215055 7 5 3
57008 215055 8 0 8
57008 215055 9 0 8
57008 215055 10 0 8
!leg 28663 39386 10 0 1 attackers:39386;victims:265385;type:4;valid_origin:True;recurrent:False;local:False
28663 39386 1 1 0
28663 39386 2 1 0
28663 39386 3 1 0
28663 39386 4 1 0
28663 39386 5 1 0
28663 39386 6 1 0
28663 39386 7 1 0
28663 39386 8 1 0
28663 39386 9 1 0
28663 39386 10 1 0
!sus 34927 401214 8 2 6 attackers:34927;victims:401214;type:1;valid_origin:True;recurrent:True;local:False
34927 401214 1 6 0
34927 401214 2 5 1
34927 401214 3 5 1
34927 401214 4 3 3
34927 401214 5 5 1
34927 401214 6 5 1
34927 401214 7 5 1
34927 401214 8 4 2
34927 401214 9 3 3
34927 401214 10 5 1
!sus 61553 63293 0 10 11 attackers:61553;victims:63293;type:1;valid_origin:True;recurrent:True;local:False
61553 63293 1 0 11
61553 63293 2 0 11
61553 63293 3 0 11
61553 63293 4 0 11
61553 63293 5 0 11
61553 63293 6 0 11
61553 63293 7 1 10
61553 63293 8 0 11
61553 63293 9 1 10
61553 63293 10 1 10
!sus 2027 215097 5 5 175 attackers:2027;victims:215097;type:1;valid_origin:False;recurrent:True;local:False
2027 215097 1 0 175
2027 215097 2 3 172
2027 215097 3 76 99
2027 215097 4 58 117
2027 215097 5 85 90
2027 215097 6 99 76
2027 215097 7 107 68
2027 215097 8 88 87
2027 215097 9 95 80
2027 215097 10 88 87
!sus 6866 207431 2 8 5 attackers:6866;victims:207431;type:1;valid_origin:True;recurrent:True;local:False
6866 207431 1 4 1
6866 207431 2 1 4
6866 207431 3 4 1
6866 207431 4 1 4
6866 207431 5 1 4
6866 207431 6 1 4
6866 207431 7 0 5
6866 207431 8 0 5
6866 207431 9 0 5
6866 207431 10 0 5
!leg 266952 271208 10 0 1 attackers:266952;victims:271208;type:1;valid_origin:True;recurrent:False;local:False
266952 271208 1 1 0
266952 271208 2 1 0
266952 271208 3 1 0
266952 271208 4 1 0
266952 271208 5 1 0
266952 271208 6 1 0
266952 271208 7 1 0
266952 271208 8 1 0
266952 271208 9 1 0
266952 271208 10 1 0
!leg 262663 271564 10 0 3 attackers:271564;victims:262663;type:1;valid_origin:True;recurrent:True;local:False
262663 271564 1 2 1
262663 271564 2 2 1
262663 271564 3 2 1
262663 271564 4 2 1
262663 271564 5 2 1
262663 271564 6 2 1
262663 271564 7 2 1
262663 271564 8 2 1
262663 271564 9 2 1
262663 271564 10 2 1
!sus 12975 208905 4 6 1 attackers:208905;victims:15975;type:2;valid_origin:True;recurrent:True;local:False
12975 208905 1 0 1
12975 208905 2 0 1
12975 208905 3 0 1
12975 208905 4 0 1
12975 208905 5 0 1
12975 208905 6 0 1
12975 208905 7 1 0
12975 208905 8 1 0
12975 208905 9 1 0
12975 208905 10 1 0
!sus 13335 63859 3 7 15 attackers:63859;victims:13335;type:1;valid_origin:True;recurrent:True;local:False
13335 63859 1 0 15
13335 63859 2 0 15
13335 63859 3 0 15
13335 63859 4 0 15
13335 63859 5 0 15
13335 63859 6 1 14
13335 63859 7 2 13
13335 63859 8 8 7
13335 63859 9 8 7
13335 63859 10 8 7
!leg 2914 58629 10 0 7 attackers:2914;victims:58629;type:1;valid_origin:True;recurrent:True;local:False
2914 58629 1 4 3
2914 58629 2 4 3
2914 58629 3 4 3
2914 58629 4 5 2
2914 58629 5 5 2
2914 58629 6 5 2
2914 58629 7 6 1
2914 58629 8 6 1
2914 58629 9 7 0
2914 58629 10 7 0
!sus 954 1299 5 5 6 attackers:1299;victims:954;type:1;valid_origin:True;recurrent:True;local:False
954 1299 1 5 1
954 1299 2 5 1
954 1299 3 5 1
954 1299 4 1 5
954 1299 5 3 3
954 1299 6 2 4
954 1299 7 1 5
954 1299 8 3 3
954 1299 9 5 1
954 1299 10 5 1
!sus 59908 215298 0 10 6 attackers:59908;victims:215298;type:1;valid_origin:True;recurrent:True;local:False
59908 215298 1 1 5
59908 215298 2 0 6
59908 215298 3 1 5
59908 215298 4 0 6
59908 215298 5 1 5
59908 215298 6 0 6
59908 215298 7 1 5
59908 215298 8 0 6
59908 215298 9 0 6
59908 215298 10 0 6
!leg 22773 133210 10 0 1 attackers:133210;victims:22773;type:1;valid_origin:True;recurrent:False;local:False
22773 133210 1 1 0
22773 133210 2 1 0
22773 133210 3 1 0
22773 133210 4 1 0
22773 133210 5 1 0
22773 133210 6 1 0
22773 133210 7 1 0
22773 133210 8 1 0
22773 133210 9 1 0
22773 133210 10 1 0
!sus 43372 205481 1 9 6 attackers:43372;victims:205481;type:1;valid_origin:True;recurrent:True;local:False
43372 205481 1 5 1
43372 205481 2 3 3
43372 205481 3 1 5
43372 205481 4 0 6
43372 205481 5 0 6
43372 205481 6 0 6
43372 205481 7 0 6
43372 205481 8 0 6
43372 205481 9 0 6
43372 205481 10 0 6
!leg 17494 38040 10 0 6 attackers:17494;victims:23969;type:2;valid_origin:True;recurrent:False;local:False
17494 38040 1 6 0
17494 38040 2 6 0
17494 38040 3 6 0
17494 38040 4 6 0
17494 38040 5 6 0
17494 38040 6 6 0
17494 38040 7 6 0
17494 38040 8 6 0
17494 38040 9 6 0
17494 38040 10 6 0
!sus 3356 133210 0 10 1 attackers:133210;victims:3356;type:1;valid_origin:True;recurrent:True;local:False
3356 133210 1 0 1
3356 133210 2 0 1
3356 133210 3 0 1
3356 133210 4 0 1
3356 133210 5 0 1
3356 133210 6 0 1
3356 133210 7 0 1
3356 133210 8 0 1
3356 133210 9 0 1
3356 133210 10 0 1
!sus 18345 134176 0 10 14 attackers:18345;victims:134176;type:1;valid_origin:True;recurrent:True;local:False
18345 134176 1 1 13
18345 134176 2 2 12
18345 134176 3 2 12
18345 134176 4 2 12
18345 134176 5 2 12
18345 134176 6 2 12
18345 134176 7 2 12
18345 134176 8 3 11
18345 134176 9 2 12
18345 134176 10 2 12
!sus 52361 272839 5 5 10 attackers:52361;victims:272839;type:1;valid_origin:True;recurrent:True;local:False
52361 272839 1 10 0
52361 272839 2 9 1
52361 272839 3 10 0
52361 272839 4 9 1
52361 272839 5 5 5
52361 272839 6 7 3
52361 272839 7 2 8
52361 272839 8 0 10
52361 272839 9 0 10
52361 272839 10 0 10
!sus 9976 133210 9 1 1 attackers:133210;victims:9976;type:1;valid_origin:True;recurrent:False;local:False
9976 133210 1 0 1
9976 133210 2 1 0
9976 133210 3 1 0
9976 133210 4 1 0
9976 133210 5 1 0
9976 133210 6 1 0
9976 133210 7 1 0
9976 133210 8 1 0
9976 133210 9 1 0
9976 133210 10 1 0
!sus 136933 401254 2 8 20 attackers:136933;victims:401254;type:1;valid_origin:True;recurrent:True;local:False
136933 401254 1 9 11
136933 401254 2 0 20
136933 401254 3 13 7
136933 401254 4 15 5
136933 401254 5 10 10
136933 401254 6 0 20
136933 401254 7 9 11
136933 401254 8 0 20
136933 401254 9 0 20
136933 401254 10 0 20
!sus 13723 15830 0 10 10 attackers:15830;victims:13723;type:1;valid_origin:True;recurrent:True;local:False
13723 15830 1 0 10
13723 15830 2 3 7
13723 15830 3 5 5
13723 15830 4 5 5
13723 15830 5 5 5
13723 15830 6 5 5
13723 15830 7 5 5
13723 15830 8 5 5
13723 15830 9 5 5
13723 15830 10 5 5
!sus 52324 63293 0 10 8 attackers:52324;victims:63293;type:1;valid_origin:True;recurrent:True;local:False
52324 63293 1 0 8
52324 63293 2 0 8
52324 63293 3 0 8
52324 63293 4 0 8
52324 63293 5 0 8
52324 63293 6 0 8
52324 63293 7 0 8
52324 63293 8 0 8
52324 63293 9 0 8
52324 63293 10 1 7
!sus 3333 29390 1 9 1 attackers:29390;victims:12654;type:2;valid_origin:True;recurrent:True;local:False
3333 29390 1 0 1
3333 29390 2 0 1
3333 29390 3 0 1
3333 29390 4 0 1
3333 29390 5 0 1
3333 29390 6 0 1
3333 29390 7 0 1
3333 29390 8 1 0
3333 29390 9 0 1
3333 29390 10 0 1
!sus 272110 273861 6 4 6 attackers:272110;victims:273861;type:1;valid_origin:True;recurrent:True;local:False
272110 273861 1 6 0
272110 273861 2 6 0
272110 273861 3 6 0
272110 273861 4 6 0
272110 273861 5 3 3
272110 273861 6 6 0
272110 273861 7 4 2
272110 273861 8 0 6
272110 273861 9 0 6
272110 273861 10 0 6
!sus 4766 26506 7 3 9 attackers:4766;victims:26506;type:1;valid_origin:True;recurrent:True;local:False
4766 26506 1 1 8
4766 26506 2 4 5
4766 26506 3 4 5
4766 26506 4 7 2
4766 26506 5 7 2
4766 26506 6 7 2
4766 26506 7 7 2
4766 26506 8 8 1
4766 26506 9 7 2
4766 26506 10 8 1
!sus 23248 31850 7 3 10 attackers:23248;victims:31850;type:1;valid_origin:True;recurrent:True;local:False
23248 31850 1 10 0
23248 31850 2 10 0
23248 31850 3 10 0
23248 31850 4 9 1
23248 31850 5 6 4
23248 31850 6 7 3
23248 31850 7 8 2
23248 31850 8 0 10
23248 31850 9 0 10
23248 31850 10 0 10
!sus 37725 329206 6 4 6 attackers:329206;victims:37725;type:1;valid_origin:True;recurrent:True;local:False
37725 329206 1 0 6
37725 329206 2 0 6
37725 329206 3 2 4
37725 329206 4 0 6
37725 329206 5 6 0
37725 329206 6 6 0
37725 329206 7 6 0
37725 329206 8 6 0
37725 329206 9 6 0
37725 329206 10 6 0
!sus 57344 59318 0 10 1 attackers:59318;victims:13335;type:6;valid_origin:True;recurrent:True;local:True
57344 59318 1 0 1
57344 59318 2 0 1
57344 59318 3 0 1
57344 59318 4 0 1
57344 59318 5 0 1
57344 59318 6 0 1
57344 59318 7 0 1
57344 59318 8 0 1
57344 59318 9 0 1
57344 59318 10 0 1
!leg 31500 211581 10 0 1 attackers:31500;victims:211581;type:1;valid_origin:True;recurrent:False;local:False
31500 211581 1 1 0
31500 211581 2 1 0
31500 211581 3 1 0
31500 211581 4 1 0
31500 211581 5 1 0
31500 211581 6 1 0
31500 211581 7 1 0
31500 211581 8 1 0
31500 211581 9 1 0
31500 211581 10 1 0
!leg 61572 61832 10 0 1 attackers:61832;victims:61572;type:1;valid_origin:True;recurrent:False;local:False
61572 61832 1 1 0
61572 61832 2 1 0
61572 61832 3 1 0
61572 61832 4 1 0
61572 61832 5 1 0
61572 61832 6 1 0
61572 61832 7 1 0
61572 61832 8 1 0
61572 61832 9 1 0
61572 61832 10 1 0
!leg 17494 132203 10 0 10 attackers:17494;victims:132203;type:1;valid_origin:True;recurrent:False;local:False
17494 132203 1 8 2
17494 132203 2 10 0
17494 132203 3 10 0
17494 132203 4 10 0
17494 132203 5 10 0
17494 132203 6 10 0
17494 132203 7 10 0
17494 132203 8 10 0
17494 132203 9 10 0
17494 132203 10 10 0
!sus 209533 214641 0 10 3 attackers:209533;victims:214641;type:1;valid_origin:True;recurrent:True;local:False
209533 214641 1 0 3
209533 214641 2 0 3
209533 214641 3 0 3
209533 214641 4 0 3
209533 214641 5 0 3
209533 214641 6 0 3
209533 214641 7 0 3
209533 214641 8 0 3
209533 214641 9 0 3
209533 214641 10 0 3
!sus 138195 214740 1 9 3 attackers:138195;victims:214740;type:1;valid_origin:True;recurrent:True;local:False
138195 214740 1 2 1
138195 214740 2 0 3
138195 214740 3 0 3
138195 214740 4 0 3
138195 214740 5 0 3
138195 214740 6 0 3
138195 214740 7 0 3
138195 214740 8 0 3
138195 214740 9 0 3
138195 214740 10 0 3
!leg 133210 141968 10 0 1 attackers:133210;victims:141968;type:1;valid_origin:True;recurrent:False;local:False
133210 141968 1 1 0
133210 141968 2 1 0
133210 141968 3 1 0
133210 141968 4 1 0
133210 141968 5 1 0
133210 141968 6 1 0
133210 141968 7 1 0
133210 141968 8 1 0
133210 141968 9 1 0
133210 141968 10 1 0
!sus 133210 133993 8 2 1 attackers:133210;victims:133993;type:1;valid_origin:True;recurrent:False;local:False
133210 133993 1 0 1
133210 133993 2 1 0
133210 133993 3 0 1
133210 133993 4 1 0
133210 133993 5 1 0
133210 133993 6 1 0
133210 133993 7 1 0
133210 133993 8 1 0
133210 133993 9 1 0
133210 133993 10 1 0
!leg 32437 39351 10 0 5 attackers:39351;victims:32437,329039,329248,21739,328391;type:1,2;valid_origin:True;recurrent:True;local:True
32437 39351 1 5 0
32437 39351 2 5 0
32437 39351 3 5 0
32437 39351 4 5 0
32437 39351 5 5 0
32437 39351 6 5 0
32437 39351 7 5 0
32437 39351 8 5 0
32437 39351 9 5 0
32437 39351 10 5 0
!leg 214448 214868 10 0 41 attackers:214448;victims:214868;type:1;valid_origin:True;recurrent:False;local:False
214448 214868 1 38 3
214448 214868 2 22 19
214448 214868 3 39 2
214448 214868 4 26 15
214448 214868 5 38 3
214448 214868 6 36 5
214448 214868 7 39 2
214448 214868 8 41 0
214448 214868 9 39 2
214448 214868 10 39 2
!sus 209533 214542 7 3 3 attackers:209533;victims:214542;type:1;valid_origin:True;recurrent:True;local:False
209533 214542 1 0 3
209533 214542 2 1 2
209533 214542 3 1 2
209533 214542 4 2 1
209533 214542 5 2 1
209533 214542 6 3 0
209533 214542 7 3 0
209533 214542 8 3 0
209533 214542 9 3 0
209533 214542 10 3 0
!sus 133210 134788 9 1 1 attackers:133210;victims:134788;type:1;valid_origin:True;recurrent:True;local:False
133210 134788 1 0 1
133210 134788 2 1 0
133210 134788 3 1 0
133210 134788 4 1 0
133210 134788 5 1 0
133210 134788 6 1 0
133210 134788 7 1 0
133210 134788 8 1 0
133210 134788 9 1 0
133210 134788 10 1 0
!sus 63646 139162 5 5 7 attackers:63646;victims:139162;type:1;valid_origin:True;recurrent:True;local:False
63646 139162 1 7 0
63646 139162 2 7 0
63646 139162 3 7 0
63646 139162 4 7 0
63646 139162 5 2 5
63646 139162 6 4 3
63646 139162 7 0 7
63646 139162 8 0 7
63646 139162 9 0 7
63646 139162 10 0 7
!sus 13999 133210 8 2 1 attackers:133210;victims:13999;type:1;valid_origin:True;recurrent:True;local:False
13999 133210 1 0 1
13999 133210 2 0 1
13999 133210 3 1 0
13999 133210 4 1 0
13999 133210 5 1 0
13999 133210 6 1 0
13999 133210 7 1 0
13999 133210 8 1 0
13999 133210 9 1 0
13999 133210 10 1 0
!leg 3549 28209 10 0 37 attackers:28209;victims:267492,61605;type:4,5;valid_origin:True;recurrent:False;local:False
3549 28209 1 37 0
3549 28209 2 37 0
3549 28209 3 37 0
3549 28209 4 37 0
3549 28209 5 37 0
3549 28209 6 37 0
3549 28209 7 37 0
3549 28209 8 37 0
3549 28209 9 37 0
3549 28209 10 37 0
!leg 53087 272174 10 0 1 attackers:53087;victims:272174;type:1;valid_origin:True;recurrent:False;local:False
53087 272174 1 1 0
53087 272174 2 1 0
53087 272174 3 1 0
53087 272174 4 1 0
53087 272174 5 1 0
53087 272174 6 1 0
53087 272174 7 1 0
53087 272174 8 1 0
53087 272174 9 1 0
53087 272174 10 1 0
!sus 48503 133210 0 10 1 attackers:133210;victims:48503;type:1;valid_origin:True;recurrent:True;local:False
48503 133210 1 0 1
48503 133210 2 0 1
48503 133210 3 0 1
48503 133210 4 0 1
48503 133210 5 0 1
48503 133210 6 0 1
48503 133210 7 0 1
48503 133210 8 0 1
48503 133210 9 0 1
48503 133210 10 0 1
!sus 32038 396926 7 3 6 attackers:396926;victims:32038;type:1;valid_origin:True;recurrent:True;local:False
32038 396926 1 6 0
32038 396926 2 6 0
32038 396926 3 6 0
32038 396926 4 6 0
32038 396926 5 6 0
32038 396926 6 5 1
32038 396926 7 6 0
32038 396926 8 0 6
32038 396926 9 0 6
32038 396926 10 0 6
!sus 41051 208584 9 1 4 attackers:41051;victims:208584;type:1;valid_origin:True;recurrent:True;local:False
41051 208584 1 0 4
41051 208584 2 3 1
41051 208584 3 4 0
41051 208584 4 4 0
41051 208584 5 4 0
41051 208584 6 4 0
41051 208584 7 4 0
41051 208584 8 4 0
41051 208584 9 4 0
41051 208584 10 4 0
!sus 51765 200508 0 10 8 attackers:51765;victims:200508;type:1;valid_origin:True;recurrent:True;local:False
51765 200508 1 0 8
51765 200508 2 0 8
51765 200508 3 0 8
51765 200508 4 0 8
51765 200508 5 0 8
51765 200508 6 0 8
51765 200508 7 0 8
51765 200508 8 0 8
51765 200508 9 0 8
51765 200508 10 0 8
!sus 210464 215828 5 5 9 attackers:210464;victims:198057,44331,215828;type:1,2;valid_origin:True;recurrent:True;local:False
210464 215828 1 3 6
210464 215828 2 4 5
210464 215828 3 4 5
210464 215828 4 4 5
210464 215828 5 4 5
210464 215828 6 5 4
210464 215828 7 5 4
210464 215828 8 5 4
210464 215828 9 5 4
210464 215828 10 5 4
!leg 133210 149309 10 0 1 attackers:133210;victims:149309;type:1;valid_origin:True;recurrent:False;local:False
133210 149309 1 1 0
133210 149309 2 1 0
133210 149309 3 1 0
133210 149309 4 1 0
133210 149309 5 1 0
133210 149309 6 1 0
133210 149309 7 1 0
133210 149309 8 1 0
133210 149309 9 1 0
133210 149309 10 1 0
!sus 56258 152837 6 4 6 attackers:56258;victims:152837;type:1;valid_origin:True;recurrent:True;local:False
56258 152837 1 6 0
56258 152837 2 6 0
56258 152837 3 6 0
56258 152837 4 6 0
56258 152837 5 1 5
56258 152837 6 6 0
56258 152837 7 2 4
56258 152837 8 6 0
56258 152837 9 1 5
56258 152837 10 1 5
!sus 24429 58879 9 1 1 attackers:58879;victims:203020;type:6;valid_origin:True;recurrent:True;local:False
24429 58879 1 0 1
24429 58879 2 1 0
24429 58879 3 1 0
24429 58879 4 1 0
24429 58879 5 1 0
24429 58879 6 1 0
24429 58879 7 1 0
24429 58879 8 1 0
24429 58879 9 1 0
24429 58879 10 1 0
!leg 19151 133210 10 0 1 attackers:133210;victims:19151;type:1;valid_origin:True;recurrent:False;local:False
19151 133210 1 1 0
19151 133210 2 1 0
19151 133210 3 1 0
19151 133210 4 1 0
19151 133210 5 1 0
19151 133210 6 1 0
19151 133210 7 1 0
19151 133210 8 1 0
19151 133210 9 1 0
19151 133210 10 1 0
!sus 55116 209533 1 9 174 attackers:209533;victims:55116;type:1;valid_origin:True;recurrent:True;local:False
55116 209533 1 125 49
55116 209533 2 0 174
55116 209533 3 0 174
55116 209533 4 0 174
55116 209533 5 0 174
55116 209533 6 2 172
55116 209533 7 0 174
55116 209533 8 0 174
55116 209533 9 0 174
55116 209533 10 0 174
!sus 58299 214624 2 8 7 attackers:58299;victims:214624;type:1;valid_origin:True;recurrent:True;local:False
58299 214624 1 7 0
58299 214624 2 4 3
58299 214624 3 3 4
58299 214624 4 2 5
58299 214624 5 3 4
58299 214624 6 2 5
58299 214624 7 3 4
58299 214624 8 2 5
58299 214624 9 2 5
58299 214624 10 2 5
!sus 272094 273839 7 3 71 attackers:272094;victims:273839;type:1;valid_origin:True;recurrent:True;local:False
272094 273839 1 71 0
272094 273839 2 71 0
272094 273839 3 71 0
272094 273839 4 66 5
272094 273839 5 68 3
272094 273839 6 66 5
272094 273839 7 62 9
272094 273839 8 0 71
272094 273839 9 0 71
272094 273839 10 0 71
!sus 46058 139374 4 6 10 attackers:46058;victims:139374;type:1;valid_origin:True;recurrent:True;local:False
46058 139374 1 10 0
46058 139374 2 10 0
46058 139374 3 10 0
46058 139374 4 10 0
46058 139374 5 0 10
46058 139374 6 0 10
46058 139374 7 0 10
46058 139374 8 0 10
46058 139374 9 0 10
46058 139374 10 0 10
!sus 8220 133210 0 10 1 attackers:133210;victims:8220;type:1;valid_origin:True;recurrent:True;local:False
8220 133210 1 0 1
8220 133210 2 0 1
8220 133210 3 0 1
8220 133210 4 0 1
8220 133210 5 0 1
8220 133210 6 0 1
8220 133210 7 0 1
8220 133210 8 0 1
8220 133210 9 0 1
8220 133210 10 0 1
!sus 34872 209642 0 10 4 attackers:34872;victims:209642;type:1;valid_origin:True;recurrent:True;local:False
34872 209642 1 0 4
34872 209642 2 0 4
34872 209642 3 0 4
34872 209642 4 0 4
34872 209642 5 0 4
34872 209642 6 0 4
34872 209642 7 0 4
34872 209642 8 0 4
34872 209642 9 1 3
34872 209642 10 0 4
!sus 2914 266413 0 10 22 attackers:2914;victims:267443,266413,269206;type:1,2;valid_origin:True;recurrent:True;local:False
2914 266413 1 2 20
2914 266413 2 1 21
2914 266413 3 5 17
2914 266413 4 5 17
2914 266413 5 7 15
2914 266413 6 6 16
2914 266413 7 6 16
2914 266413 8 7 15
2914 266413 9 7 15
2914 266413 10 7 15
!sus 14346 15830 0 10 6 attackers:15830;victims:14346;type:1;valid_origin:True;recurrent:True;local:False
14346 15830 1 0 6
14346 15830 2 0 6
14346 15830 3 1 5
14346 15830 4 1 5
14346 15830 5 1 5
14346 15830 6 1 5
14346 15830 7 1 5
14346 15830 8 1 5
14346 15830 9 1 5
14346 15830 10 0 6
!sus 42910 44901 6 4 8 attackers:44901;victims:42910;type:1;valid_origin:True;recurrent:True;local:False
42910 44901 1 0 8
42910 44901 2 2 6
42910 44901 3 3 5
42910 44901 4 3 5
42910 44901 5 8 0
42910 44901 6 8 0
42910 44901 7 8 0
42910 44901 8 8 0
42910 44901 9 8 0
42910 44901 10 8 0
!sus 265139 273530 6 4 9 attackers:265139;victims:273530;type:1;valid_origin:True;recurrent:True;local:False
265139 273530 1 9 0
265139 273530 2 9 0
265139 273530 3 9 0
265139 273530 4 9 0
265139 273530 5 3 6
265139 273530 6 8 1
265139 273530 7 8 1
265139 273530 8 0 9
265139 273530 9 0 9
265139 273530 10 0 9
!sus 100 329381 0 10 6 attackers:329381;victims:100;type:1;valid_origin:True;recurrent:True;local:False
100 329381 1 0 6
100 329381 2 0 6
100 329381 3 0 6
100 329381 4 1 5
100 329381 5 0 6
100 329381 6 2 4
100 329381 7 2 4
100 329381 8 2 4
100 329381 9 2 4
100 329381 10 1 5
!sus 36040 136873 4 6 1 attackers:136873;victims:36040;type:1;valid_origin:True;recurrent:True;local:False
36040 136873 1 0 1
36040 136873 2 0 1
36040 136873 3 0 1
36040 136873 4 0 1
36040 136873 5 0 1
36040 136873 6 0 1
36040 136873 7 1 0
36040 136873 8 1 0
36040 136873 9 1 0
36040 136873 10 1 0
!leg 133210 138934 10 0 1 attackers:133210;victims:138934;type:1;valid_origin:True;recurrent:False;local:False
133210 138934 1 1 0
133210 138934 2 1 0
133210 138934 3 1 0
133210 138934 4 1 0
133210 138934 5 1 0
133210 138934 6 1 0
133210 138934 7 1 0
133210 138934 8 1 0
133210 138934 9 1 0
133210 138934 10 1 0
!sus 7049 59318 0 10 1 attackers:59318;victims:42473;type:2;valid_origin:True;recurrent:True;local:True
7049 59318 1 0 1
7049 59318 2 0 1
7049 59318 3 0 1
7049 59318 4 0 1
7049 59318 5 0 1
7049 59318 6 0 1
7049 59318 7 0 1
7049 59318 8 0 1
7049 59318 9 0 1
7049 59318 10 0 1
!sus 24748 50889 1 9 1 attackers:24748;victims:50889;type:1;valid_origin:True;recurrent:True;local:False
24748 50889 1 0 1
24748 50889 2 0 1
24748 50889 3 0 1
24748 50889 4 0 1
24748 50889 5 0 1
24748 50889 6 0 1
24748 50889 7 0 1
24748 50889 8 0 1
24748 50889 9 1 0
24748 50889 10 0 1
!sus 16592 273189 9 1 267 attackers:273189;victims:16592;type:1;valid_origin:True;recurrent:True;local:False
16592 273189 1 67 200
16592 273189 2 142 125
16592 273189 3 168 99
16592 273189 4 168 99
16592 273189 5 201 66
16592 273189 6 189 78
16592 273189 7 198 69
16592 273189 8 230 37
16592 273189 9 235 32
16592 273189 10 243 24
!sus 38731 152933 7 3 7 attackers:38731;victims:152933;type:1;valid_origin:True;recurrent:True;local:False
38731 152933 1 7 0
38731 152933 2 5 2
38731 152933 3 7 0
38731 152933 4 5 2
38731 152933 5 5 2
38731 152933 6 4 3
38731 152933 7 7 0
38731 152933 8 0 7
38731 152933 9 0 7
38731 152933 10 0 7
!leg 13786 267373 10 0 2 attackers:267373;victims:264229;type:3;valid_origin:True;recurrent:False;local:False
13786 267373 1 2 0
13786 267373 2 2 0
13786 267373 3 2 0
13786 267373 4 2 0
13786 267373 5 2 0
13786 267373 6 2 0
13786 267373 7 2 0
13786 267373 8 2 0
13786 267373 9 2 0
13786 267373 10 2 0
!sus 52468 273822 1 9 8 attackers:52468;victims:273822;type:1;valid_origin:True;recurrent:True;local:False
52468 273822 1 7 1
52468 273822 2 3 5
52468 273822 3 0 8
52468 273822 4 0 8
52468 273822 5 0 8
52468 273822 6 0 8
52468 273822 7 0 8
52468 273822 8 0 8
52468 273822 9 0 8
52468 273822 10 0 8
!sus 30962 41692 9 1 3 attackers:30962;victims:41692;type:1;valid_origin:True;recurrent:True;local:False
30962 41692 1 0 3
30962 41692 2 2 1
30962 41692 3 2 1
30962 41692 4 2 1
30962 41692 5 2 1
30962 41692 6 2 1
30962 41692 7 2 1
30962 41692 8 2 1
30962 41692 9 3 0
30962 41692 10 2 1
!sus 37677 327978 3 7 110 attackers:37677;victims:327978;type:1;valid_origin:True;recurrent:True;local:False
37677 327978 1 96 14
37677 327978 2 91 19
37677 327978 3 105 5
37677 327978 4 49 61
37677 327978 5 42 68
37677 327978 6 0 110
37677 327978 7 27 83
37677 327978 8 0 110
37677 327978 9 0 110
37677 327978 10 0 110
!sus 7545 17494 8 2 8 attackers:17494;victims:38803;type:2;valid_origin:True;recurrent:False;local:False
7545 17494 1 0 8
7545 17494 2 1 7
7545 17494 3 5 3
7545 17494 4 5 3
7545 17494 5 8 0
7545 17494 6 7 1
7545 17494 7 8 0
7545 17494 8 8 0
7545 17494 9 8 0
7545 17494 10 8 0
!sus 209533 215165 0 10 36 attackers:209533;victims:215165;type:1;valid_origin:True;recurrent:True;local:False
209533 215165 1 6 30
209533 215165 2 0 36
209533 215165 3 1 35
209533 215165 4 0 36
209533 215165 5 0 36
209533 215165 6 1 35
209533 215165 7 0 36
209533 215165 8 0 36
209533 215165 9 0 36
209533 215165 10 0 36
!sus 1 137498 8 2 2 attackers:137498;victims:1;type:1;valid_origin:False;recurrent:True;local:False
1 137498 1 0 2
1 137498 2 0 2
1 137498 3 2 0
1 137498 4 2 0
1 137498 5 2 0
1 137498 6 2 0
1 137498 7 2 0
1 137498 8 2 0
1 137498 9 2 0
1 137498 10 2 0
!sus 9002 59919 9 1 3 attackers:9002;victims:59919,207937;type:1,2;valid_origin:True;recurrent:True;local:False
9002 59919 1 0 3
9002 59919 2 2 1
9002 59919 3 2 1
9002 59919 4 3 0
9002 59919 5 3 0
9002 59919 6 3 0
9002 59919 7 3 0
9002 59919 8 3 0
9002 59919 9 3 0
9002 59919 10 3 0
!sus 209 133210 9 1 1 attackers:133210;victims:209;type:1;valid_origin:True;recurrent:True;local:False
209 133210 1 0 1
209 133210 2 1 0
209 133210 3 1 0
209 133210 4 1 0
209 133210 5 1 0
209 133210 6 1 0
209 133210 7 1 0
209 133210 8 1 0
209 133210 9 1 0
209 133210 10 1 0
!sus 37273 329425 0 10 63 attackers:37273;victims:329425;type:1;valid_origin:True;recurrent:True;local:False
37273 329425 1 0 63
37273 329425 2 0 63
37273 329425 3 0 63
37273 329425 4 0 63
37273 329425 5 0 63
37273 329425 6 0 63
37273 329425 7 0 63
37273 329425 8 0 63
37273 329425 9 0 63
37273 329425 10 0 63
!sus 1299 272392 9 1 3 attackers:1299;victims:272392;type:1;valid_origin:True;recurrent:True;local:False
1299 272392 1 3 0
1299 272392 2 2 1
1299 272392 3 2 1
1299 272392 4 2 1
1299 272392 5 2 1
1299 272392 6 2 1
1299 272392 7 1 2
1299 272392 8 2 1
1299 272392 9 2 1
1299 272392 10 2 1
!sus 3741 10361 7 3 2 attackers:3741;victims:10361;type:1;valid_origin:True;recurrent:True;local:False
3741 10361 1 0 2
3741 10361 2 1 1
3741 10361 3 1 1
3741 10361 4 2 0
3741 10361 5 2 0
3741 10361 6 2 0
3741 10361 7 2 0
3741 10361 8 2 0
3741 10361 9 2 0
3741 10361 10 2 0
!sus 30788 50529 4 6 4 attackers:30788;victims:50529;type:1;valid_origin:True;recurrent:True;local:False
30788 50529 1 4 0
30788 50529 2 4 0
30788 50529 3 3 1
30788 50529 4 4 0
30788 50529 5 1 3
30788 50529 6 0 4
30788 50529 7 0 4
30788 50529 8 0 4
30788 50529 9 0 4
30788 50529 10 0 4
!leg 3356 397789 10 0 65 attackers:3356;victims:397789;type:1;valid_origin:True;recurrent:False;local:False
3356 397789 1 62 3
3356 397789 2 63 2
3356 397789 3 63 2
3356 397789 4 61 4
3356 397789 5 63 2
3356 397789 6 62 3
3356 397789 7 62 3
3356 397789 8 63 2
3356 397789 9 60 5
3356 397789 10 59 6
!sus 14551 36224 9 1 5 attackers:14551;victims:36224;type:1;valid_origin:True;recurrent:True;local:False
14551 36224 1 0 5
14551 36224 2 5 0
14551 36224 3 5 0
14551 36224 4 5 0
14551 36224 5 5 0
14551 36224 6 5 0
14551 36224 7 5 0
14551 36224 8 5 0
14551 36224 9 5 0
14551 36224 10 5 0
!leg 12713 47195 10 0 1 attackers:12713;victims:47195;type:1;valid_origin:True;recurrent:False;local:False
12713 47195 1 1 0
12713 47195 2 1 0
12713 47195 3 1 0
12713 47195 4 1 0
12713 47195 5 1 0
12713 47195 6 1 0
12713 47195 7 1 0
12713 47195 8 1 0
12713 47195 9 1 0
12713 47195 10 1 0
!sus 33442 42908 6 4 2 attackers:42908;victims:33442;type:1;valid_origin:True;recurrent:True;local:False
33442 42908 1 0 2
33442 42908 2 0 2
33442 42908 3 0 2
33442 42908 4 0 2
33442 42908 5 2 0
33442 42908 6 2 0
33442 42908 7 2 0
33442 42908 8 2 0
33442 42908 9 2 0
33442 42908 10 2 0
!sus 47975 146887 9 1 6 attackers:146887;victims:47975;type:1;valid_origin:True;recurrent:True;local:False
47975 146887 1 0 6
47975 146887 2 5 1
47975 146887 3 6 0
47975 146887 4 6 0
47975 146887 5 6 0
47975 146887 6 6 0
47975 146887 7 6 0
47975 146887 8 6 0
47975 146887 9 6 0
47975 146887 10 6 0
!sus 463 27065 7 3 84 attackers:27065;victims:463;type:1;valid_origin:True;recurrent:True;local:False
463 27065 1 84 0
463 27065 2 84 0
463 27065 3 81 3
463 27065 4 82 2
463 27065 5 83 1
463 27065 6 81 3
463 27065 7 84 0
463 27065 8 0 84
463 27065 9 0 84
463 27065 10 0 84
!sus 1680 11289 8 2 4 attackers:1680;victims:11289;type:1;valid_origin:True;recurrent:True;local:False
1680 11289 1 0 4
1680 11289 2 0 4
1680 11289 3 3 1
1680 11289 4 4 0
1680 11289 5 4 0
1680 11289 6 4 0
1680 11289 7 4 0
1680 11289 8 4 0
1680 11289 9 4 0
1680 11289 10 4 0
!sus 132784 152551 2 8 18 attackers:132784;victims:152551;type:1;valid_origin:True;recurrent:True;local:False
132784 152551 1 13 5
132784 152551 2 15 3
132784 152551 3 3 15
132784 152551 4 5 13
132784 152551 5 0 18
132784 152551 6 0 18
132784 152551 7 0 18
132784 152551 8 0 18
132784 152551 9 0 18
132784 152551 10 0 18
!sus 40805 401031 5 5 221 attackers:40805;victims:401031;type:1,3;valid_origin:True;recurrent:True;local:False
40805 401031 1 183 38
40805 401031 2 113 108
40805 401031 3 150 71
40805 401031 4 123 98
40805 401031 5 83 138
40805 401031 6 26 195
40805 401031 7 115 106
40805 401031 8 47 174
40805 401031 9 48 173
40805 401031 10 34 187
!sus 10753 273003 5 5 7 attackers:10753;victims:273003;type:1;valid_origin:True;recurrent:True;local:False
10753 273003 1 7 0
10753 273003 2 7 0
10753 273003 3 7 0
10753 273003 4 5 2
10753 273003 5 1 6
10753 273003 6 3 4
10753 273003 7 7 0
10753 273003 8 0 7
10753 273003 9 0 7
10753 273003 10 0 7
!sus 48823 51796 0 10 8 attackers:48823;victims:51796;type:1;valid_origin:True;recurrent:True;local:False
48823 51796 1 0 8
48823 51796 2 0 8
48823 51796 3 0 8
48823 51796 4 0 8
48823 51796 5 0 8
48823 51796 6 0 8
48823 51796 7 0 8
48823 51796 8 0 8
48823 51796 9 0 8
48823 51796 10 0 8
!sus 153057 214583 5 5 3 attackers:153057;victims:214583;type:1;valid_origin:True;recurrent:True;local:False
153057 214583 1 3 0
153057 214583 2 3 0
153057 214583 3 3 0
153057 214583 4 1 2
153057 214583 5 2 1
153057 214583 6 1 2
153057 214583 7 2 1
153057 214583 8 0 3
153057 214583 9 0 3
153057 214583 10 0 3
!sus 6762 138070 9 1 5 attackers:6762;victims:138070;type:1;valid_origin:True;recurrent:True;local:False
6762 138070 1 0 5
6762 138070 2 5 0
6762 138070 3 5 0
6762 138070 4 5 0
6762 138070 5 5 0
6762 138070 6 5 0
6762 138070 7 5 0
6762 138070 8 5 0
6762 138070 9 5 0
6762 138070 10 5 0
!sus 60900 399486 1 9 37 attackers:399486;victims:60900;type:1;valid_origin:True;recurrent:True;local:False
60900 399486 1 0 37
60900 399486 2 4 33
60900 399486 3 6 31
60900 399486 4 7 30
60900 399486 5 7 30
60900 399486 6 9 28
60900 399486 7 12 25
60900 399486 8 16 21
60900 399486 9 14 23
60900 399486 10 20 17
!leg 6939 266031 10 0 1 attackers:6939;victims:6979;type:6;valid_origin:True;recurrent:False;local:True
6939 266031 1 1 0
6939 266031 2 1 0
6939 266031 3 1 0
6939 266031 4 1 0
6939 266031 5 1 0
6939 266031 6 1 0
6939 266031 7 1 0
6939 266031 8 1 0
6939 266031 9 1 0
6939 266031 10 1 0
!sus 8732 35729 0 10 1 attackers:35729;victims:8732;type:1;valid_origin:True;recurrent:False;local:False
8732 35729 1 0 1
8732 35729 2 0 1
8732 35729 3 0 1
8732 35729 4 0 1
8732 35729 5 0 1
8732 35729 6 0 1
8732 35729 7 0 1
8732 35729 8 0 1
8732 35729 9 0 1
8732 35729 10 0 1
!sus 3399 214640 0 10 17 attackers:3399;victims:214640;type:1;valid_origin:True;recurrent:True;local:False
3399 214640 1 1 16
3399 214640 2 0 17
3399 214640 3 3 14
3399 214640 4 3 14
3399 214640 5 0 17
3399 214640 6 0 17
3399 214640 7 0 17
3399 214640 8 0 17
3399 214640 9 0 17
3399 214640 10 4 13
!sus 61521 63293 0 10 2 attackers:61521;victims:63293;type:1;valid_origin:True;recurrent:True;local:False
61521 63293 1 0 2
61521 63293 2 1 1
61521 63293 3 1 1
61521 63293 4 1 1
61521 63293 5 1 1
61521 63293 6 1 1
61521 63293 7 1 1
61521 63293 8 1 1
61521 63293 9 1 1
61521 63293 10 1 1
!sus 37284 329435 7 3 6 attackers:37284;victims:329435;type:1;valid_origin:True;recurrent:True;local:False
37284 329435 1 6 0
37284 329435 2 6 0
37284 329435 3 6 0
37284 329435 4 6 0
37284 329435 5 6 0
37284 329435 6 5 1
37284 329435 7 5 1
37284 329435 8 0 6
37284 329435 9 0 6
37284 329435 10 0 6
!leg 4609 133210 10 0 1 attackers:133210;victims:4609;type:1;valid_origin:True;recurrent:False;local:False
4609 133210 1 1 0
4609 133210 2 1 0
4609 133210 3 1 0
4609 133210 4 1 0
4609 133210 5 1 0
4609 133210 6 1 0
4609 133210 7 1 0
4609 133210 8 1 0
4609 133210 9 1 0
4609 133210 10 1 0
!sus 6939 7470 0 10 20 attackers:6939;victims:7693,205977;type:2;valid_origin:True;recurrent:True;local:False
6939 7470 1 0 20
6939 7470 2 2 18
6939 7470 3 5 15
6939 7470 4 1 19
6939 7470 5 5 15
6939 7470 6 5 15
6939 7470 7 5 15
6939 7470 8 5 15
6939 7470 9 5 15
6939 7470 10 6 14
!sus 15830 399234 6 4 9 attackers:15830;victims:399234;type:1;valid_origin:True;recurrent:True;local:False
15830 399234 1 0 9
15830 399234 2 1 8
15830 399234 3 3 6
15830 399234 4 4 5
15830 399234 5 5 4
15830 399234 6 5 4
15830 399234 7 5 4
15830 399234 8 5 4
15830 399234 9 5 4
15830 399234 10 5 4
!sus 10094 63293 1 9 8 attackers:10094;victims:63293;type:1;valid_origin:True;recurrent:True;local:False
10094 63293 1 0 8
10094 63293 2 0 8
10094 63293 3 0 8
10094 63293 4 0 8
10094 63293 5 2 6
10094 63293 6 3 5
10094 63293 7 4 4
10094 63293 8 3 5
10094 63293 9 4 4
10094 63293 10 5 3
!sus 15830 201584 9 1 7 attackers:15830;victims:201584;type:1;valid_origin:True;recurrent:True;local:False
15830 201584 1 3 4
15830 201584 2 5 2
15830 201584 3 4 3
15830 201584 4 6 1
15830 201584 5 6 1
15830 201584 6 6 1
15830 201584 7 6 1
15830 201584 8 7 0
15830 201584 9 7 0
15830 201584 10 7 0
!sus 199524 272037 0 10 11 attackers:272037;victims:199524;type:1;valid_origin:True;recurrent:True;local:False
199524 272037 1 0 11
199524 272037 2 0 11
199524 272037 3 0 11
199524 272037 4 0 11
199524 272037 5 0 11
199524 272037 6 0 11
199524 272037 7 0 11
199524 272037 8 0 11
199524 272037 9 0 11
199524 272037 10 0 11
!leg 140961 209306 10 0 1 attackers:209306;victims:140961;type:1;valid_origin:True;recurrent:False;local:True
140961 209306 1 1 0
140961 209306 2 1 0
140961 209306 3 1 0
140961 209306 4 1 0
140961 209306 5 1 0
140961 209306 6 1 0
140961 209306 7 1 0
140961 209306 8 1 0
140961 209306 9 1 0
140961 209306 10 1 0
!sus 133210 136969 2 8 1 attackers:133210;victims:136969;type:1;valid_origin:True;recurrent:False;local:False
133210 136969 1 0 1
133210 136969 2 0 1
133210 136969 3 0 1
133210 136969 4 0 1
133210 136969 5 0 1
133210 136969 6 0 1
133210 136969 7 0 1
133210 136969 8 1 0
133210 136969 9 1 0
133210 136969 10 0 1
!sus 42337 214737 5 5 113 attackers:42337;victims:214737;type:1;valid_origin:True;recurrent:True;local:False
42337 214737 1 113 0
42337 214737 2 113 0
42337 214737 3 113 0
42337 214737 4 111 2
42337 214737 5 56 57
42337 214737 6 113 0
42337 214737 7 5 108
42337 214737 8 0 113
42337 214737 9 0 113
42337 214737 10 0 113
!sus 40311 273754 2 8 8 attackers:40311;victims:273754;type:1;valid_origin:True;recurrent:True;local:False
40311 273754 1 0 8
40311 273754 2 0 8
40311 273754 3 0 8
40311 273754 4 1 7
40311 273754 5 5 3
40311 273754 6 0 8
40311 273754 7 2 6
40311 273754 8 0 8
40311 273754 9 0 8
40311 273754 10 5 3
!leg 5585 202940 10 0 2 attackers:5585;victims:47956;type:2;valid_origin:True;recurrent:False;local:False
5585 202940 1 2 0
5585 202940 2 2 0
5585 202940 3 2 0
5585 202940 4 2 0
5585 202940 5 2 0
5585 202940 6 2 0
5585 202940 7 2 0
5585 202940 8 2 0
5585 202940 9 2 0
5585 202940 10 2 0
!leg 28191 271660 10 0 15 attackers:271660;victims:270992;type:5;valid_origin:True;recurrent:False;local:False
28191 271660 1 15 0
28191 271660 2 15 0
28191 271660 3 15 0
28191 271660 4 15 0
28191 271660 5 15 0
28191 271660 6 15 0
28191 271660 7 15 0
28191 271660 8 15 0
28191 271660 9 15 0
28191 271660 10 15 0
!sus 650950000 650950004 0 10 6 attackers:650950000;victims:650950004;type:1;valid_origin:True;recurrent:True;local:False
650950000 650950004 1 1 5
650950000 650950004 2 3 3
650950000 650950004 3 0 6
650950000 650950004 4 0 6
650950000 650950004 5 0 6
650950000 650950004 6 0 6
650950000 650950004 7 0 6
650950000 650950004 8 0 6
650950000 650950004 9 0 6
650950000 650950004 10 0 6
!leg 133210 133945 10 0 1 attackers:133210;victims:133945;type:1;valid_origin:True;recurrent:False;local:False
133210 133945 1 1 0
133210 133945 2 1 0
133210 133945 3 1 0
133210 133945 4 1 0
133210 133945 5 1 0
133210 133945 6 1 0
133210 133945 7 1 0
133210 133945 8 1 0
133210 133945 9 1 0
133210 133945 10 1 0
!sus 61758 273529 3 7 2 attackers:61758;victims:273529;type:1;valid_origin:True;recurrent:True;local:False
61758 273529 1 2 0
61758 273529 2 2 0
61758 273529 3 2 0
61758 273529 4 1 1
61758 273529 5 0 2
61758 273529 6 1 1
61758 273529 7 1 1
61758 273529 8 0 2
61758 273529 9 0 2
61758 273529 10 0 2
!leg 133210 138640 10 0 1 attackers:133210;victims:138640;type:1;valid_origin:True;recurrent:False;local:False
133210 138640 1 1 0
133210 138640 2 1 0
133210 138640 3 1 0
133210 138640 4 1 0
133210 138640 5 1 0
133210 138640 6 1 0
133210 138640 7 1 0
133210 138640 8 1 0
133210 138640 9 1 0
133210 138640 10 1 0
!sus 198160 215133 7 3 8 attackers:198160;victims:215133;type:1;valid_origin:True;recurrent:True;local:False
198160 215133 1 1 7
198160 215133 2 1 7
198160 215133 3 5 3
198160 215133 4 2 6
198160 215133 5 5 3
198160 215133 6 8 0
198160 215133 7 8 0
198160 215133 8 8 0
198160 215133 9 8 0
198160 215133 10 8 0
!sus 64098 133210 0 10 1 attackers:133210;victims:64098;type:1;valid_origin:True;recurrent:True;local:False
64098 133210 1 0 1
64098 133210 2 0 1
64098 133210 3 0 1
64098 133210 4 0 1
64098 133210 5 0 1
64098 133210 6 0 1
64098 133210 7 0 1
64098 133210 8 0 1
64098 133210 9 0 1
64098 133210 10 0 1
!sus 15353 47055 5 5 150 attackers:15353;victims:47055;type:1;valid_origin:True;recurrent:False;local:False
15353 47055 1 3 147
15353 47055 2 15 135
15353 47055 3 28 122
15353 47055 4 0 150
15353 47055 5 30 120
15353 47055 6 150 0
15353 47055 7 150 0
15353 47055 8 141 9
15353 47055 9 148 2
15353 47055 10 102 48
!leg 12713 34465 10 0 1 attackers:12713;victims:329249;type:2;valid_origin:True;recurrent:True;local:False
12713 34465 1 1 0
12713 34465 2 1 0
12713 34465 3 1 0
12713 34465 4 1 0
12713 34465 5 1 0
12713 34465 6 1 0
12713 34465 7 1 0
12713 34465 8 1 0
12713 34465 9 1 0
12713 34465 10 1 0
!leg 133210 140091 10 0 1 attackers:133210;victims:140091;type:1;valid_origin:True;recurrent:False;local:False
133210 140091 1 1 0
133210 140091 2 1 0
133210 140091 3 1 0
133210 140091 4 1 0
133210 140091 5 1 0
133210 140091 6 1 0
133210 140091 7 1 0
133210 140091 8 1 0
133210 140091 9 1 0
133210 140091 10 1 0
!sus 12654 22356 1 9 40 attackers:22356;victims:12654;type:1;valid_origin:True;recurrent:True;local:False
12654 22356 1 2 38
12654 22356 2 2 38
12654 22356 3 2 38
12654 22356 4 2 38
12654 22356 5 2 38
12654 22356 6 2 38
12654 22356 7 4 36
12654 22356 8 18 22
12654 22356 9 29 11
12654 22356 10 19 21
!sus 272112 273844 7 3 75 attackers:272112;victims:273844;type:1;valid_origin:True;recurrent:True;local:False
272112 273844 1 75 0
272112 273844 2 75 0
272112 273844 3 75 0
272112 273844 4 74 1
272112 273844 5 73 2
272112 273844 6 73 2
272112 273844 7 63 12
272112 273844 8 1 74
272112 273844 9 0 75
272112 273844 10 0 75
!sus 45296 152087 9 1 6 attackers:45296;victims:152087;type:1;valid_origin:True;recurrent:True;local:False
45296 152087 1 6 0
45296 152087 2 6 0
45296 152087 3 5 1
45296 152087 4 5 1
45296 152087 5 5 1
45296 152087 6 0 6
45296 152087 7 5 1
45296 152087 8 5 1
45296 152087 9 4 2
45296 152087 10 5 1
!sus 21565 401099 0 10 6 attackers:21565;victims:401099;type:1;valid_origin:True;recurrent:True;local:False
21565 401099 1 2 4
21565 401099 2 2 4
21565 401099 3 0 6
21565 401099 4 0 6
21565 401099 5 0 6
21565 401099 6 0 6
21565 401099 7 0 6
21565 401099 8 0 6
21565 401099 9 0 6
21565 401099 10 0 6
!sus 199414 214638 2 8 10 attackers:199414;victims:214638;type:1;valid_origin:True;recurrent:True;local:False
199414 214638 1 0 10
199414 214638 2 0 10
199414 214638 3 0 10
199414 214638 4 0 10
199414 214638 5 0 10
199414 214638 6 0 10
199414 214638 7 2 8
199414 214638 8 6 4
199414 214638 9 10 0
199414 214638 10 4 6
!sus 3786 15830 9 1 9 attackers:3786;victims:396253,139682,7768,139281;type:2,3;valid_origin:True;recurrent:True;local:False
3786 15830 1 3 6
3786 15830 2 5 4
3786 15830 3 5 4
3786 15830 4 5 4
3786 15830 5 5 4
3786 15830 6 5 4
3786 15830 7 5 4
3786 15830 8 6 3
3786 15830 9 7 2
3786 15830 10 5 4
!leg 9269 133385 10 0 1 attackers:9269;victims:133385;type:1;valid_origin:True;recurrent:False;local:False
9269 133385 1 1 0
9269 133385 2 1 0
9269 133385 3 1 0
9269 133385 4 1 0
9269 133385 5 1 0
9269 133385 6 1 0
9269 133385 7 1 0
9269 133385 8 1 0
9269 133385 9 1 0
9269 133385 10 1 0
!sus 58453 216243 9 1 13 attackers:216243;victims:216243;type:2;valid_origin:True;recurrent:False;local:False
58453 216243 1 6 7
58453 216243 2 12 1
58453 216243 3 13 0
58453 216243 4 13 0
58453 216243 5 11 2
58453 216243 6 11 2
58453 216243 7 11 2
58453 216243 8 7 6
58453 216243 9 9 4
58453 216243 10 11 2
!sus 15830 214662 8 2 11 attackers:15830;victims:214662;type:1;valid_origin:True;recurrent:True;local:False
15830 214662 1 0 11
15830 214662 2 6 5
15830 214662 3 6 5
15830 214662 4 2 9
15830 214662 5 6 5
15830 214662 6 6 5
15830 214662 7 7 4
15830 214662 8 6 5
15830 214662 9 6 5
15830 214662 10 7 4
!leg 8708 39912 10 0 1 attackers:8708;victims:206765;type:2;valid_origin:True;recurrent:False;local:False
8708 39912 1 1 0
8708 39912 2 1 0
8708 39912 3 1 0
8708 39912 4 1 0
8708 39912 5 1 0
8708 39912 6 1 0
8708 39912 7 1 0
8708 39912 8 1 0
8708 39912 9 1 0
8708 39912 10 1 0
!sus 153057 214559 5 5 3 attackers:153057;victims:214559;type:1;valid_origin:True;recurrent:True;local:False
153057 214559 1 3 0
153057 214559 2 3 0
153057 214559 3 3 0
153057 214559 4 1 2
153057 214559 5 2 1
153057 214559 6 1 2
153057 214559 7 2 1
153057 214559 8 0 3
153057 214559 9 0 3
153057 214559 10 0 3
!sus 29684 43009 0 10 4 attackers:29684;victims:43009;type:1;valid_origin:True;recurrent:True;local:False
29684 43009 1 0 4
29684 43009 2 0 4
29684 43009 3 0 4
29684 43009 4 0 4
29684 43009 5 0 4
29684 43009 6 0 4
29684 43009 7 0 4
29684 43009 8 0 4
29684 43009 9 0 4
29684 43009 10 0 4
!sus 7713 12713 9 1 5 attackers:12713;victims:139688,135065,141633,135636,152345;type:10,2,5;valid_origin:True;recurrent:True;local:False
7713 12713 1 2 3
7713 12713 2 5 0
7713 12713 3 5 0
7713 12713 4 5 0
7713 12713 5 5 0
7713 12713 6 5 0
7713 12713 7 5 0
7713 12713 8 5 0
7713 12713 9 5 0
7713 12713 10 5 0
!sus 19186 50867 0 10 7 attackers:50867;victims:19186;type:1;valid_origin:True;recurrent:True;local:False
19186 50867 1 0 7
19186 50867 2 0 7
19186 50867 3 0 7
19186 50867 4 0 7
19186 50867 5 0 7
19186 50867 6 0 7
19186 50867 7 0 7
19186 50867 8 0 7
19186 50867 9 0 7
19186 50867 10 0 7
!sus 133210 270458 2 8 1 attackers:133210;victims:270458;type:1;valid_origin:True;recurrent:True;local:False
133210 270458 1 0 1
133210 270458 2 0 1
133210 270458 3 0 1
133210 270458 4 0 1
133210 270458 5 1 0
133210 270458 6 0 1
133210 270458 7 0 1
133210 270458 8 0 1
133210 270458 9 0 1
133210 270458 10 1 0
!sus 133210 147014 9 1 1 attackers:133210;victims:147014;type:1;valid_origin:True;recurrent:False;local:False
133210 147014 1 0 1
133210 147014 2 1 0
133210 147014 3 1 0
133210 147014 4 1 0
133210 147014 5 1 0
133210 147014 6 1 0
133210 147014 7 1 0
133210 147014 8 1 0
133210 147014 9 1 0
133210 147014 10 1 0
!sus 60068 140227 7 3 146 attackers:60068;victims:140227;type:1;valid_origin:True;recurrent:True;local:False
60068 140227 1 23 123
60068 140227 2 41 105
60068 140227 3 41 105
60068 140227 4 88 58
60068 140227 5 93 53
60068 140227 6 84 62
60068 140227 7 96 50
60068 140227 8 118 28
60068 140227 9 103 43
60068 140227 10 115 31
!sus 30788 51659 0 10 20 attackers:51659;victims:9098,30788,61164,50529,48456;type:1,2;valid_origin:True;recurrent:True;local:False
30788 51659 1 0 20
30788 51659 2 0 20
30788 51659 3 0 20
30788 51659 4 0 20
30788 51659 5 0 20
30788 51659 6 0 20
30788 51659 7 0 20
30788 51659 8 0 20
30788 51659 9 0 20
30788 51659 10 0 20
!sus 138915 206206 0 10 12 attackers:206206;victims:63139,138915;type:1,2;valid_origin:True;recurrent:True;local:False
138915 206206 1 0 12
138915 206206 2 4 8
138915 206206 3 4 8
138915 206206 4 5 7
138915 206206 5 5 7
138915 206206 6 5 7
138915 206206 7 5 7
138915 206206 8 6 6
138915 206206 9 6 6
138915 206206 10 5 7
!sus 19583 650950000 0 10 6 attackers:19583;victims:650950004;type:2;valid_origin:True;recurrent:True;local:False
19583 650950000 1 3 3
19583 650950000 2 3 3
19583 650950000 3 0 6
19583 650950000 4 0 6
19583 650950000 5 0 6
19583 650950000 6 0 6
19583 650950000 7 0 6
19583 650950000 8 0 6
19583 650950000 9 0 6
19583 650950000 10 0 6
!leg 133210 135597 10 0 1 attackers:133210;victims:135597;type:1;valid_origin:True;recurrent:False;local:False
133210 135597 1 1 0
133210 135597 2 1 0
133210 135597 3 1 0
133210 135597 4 1 0
133210 135597 5 1 0
133210 135597 6 1 0
133210 135597 7 1 0
133210 135597 8 1 0
133210 135597 9 1 0
133210 135597 10 1 0
!leg 133210 147135 10 0 1 attackers:133210;victims:147135;type:1;valid_origin:True;recurrent:False;local:False
133210 147135 1 1 0
133210 147135 2 1 0
133210 147135 3 1 0
133210 147135 4 1 0
133210 147135 5 1 0
133210 147135 6 1 0
133210 147135 7 1 0
133210 147135 8 1 0
133210 147135 9 1 0
133210 147135 10 1 0
!leg 133210 134968 10 0 1 attackers:133210;victims:134968;type:1;valid_origin:True;recurrent:False;local:False
133210 134968 1 1 0
133210 134968 2 1 0
133210 134968 3 1 0
133210 134968 4 1 0
133210 134968 5 1 0
133210 134968 6 1 0
133210 134968 7 1 0
133210 134968 8 1 0
133210 134968 9 1 0
133210 134968 10 1 0
!sus 18747 64123 0 10 10 attackers:64123;victims:18747;type:1;valid_origin:True;recurrent:True;local:False
18747 64123 1 0 10
18747 64123 2 0 10
18747 64123 3 0 10
18747 64123 4 0 10
18747 64123 5 0 10
18747 64123 6 0 10
18747 64123 7 0 10
18747 64123 8 0 10
18747 64123 9 0 10
18747 64123 10 0 10
!sus 34927 47055 9 1 235 attackers:34927;victims:47055;type:1;valid_origin:True;recurrent:False;local:False
34927 47055 1 104 131
34927 47055 2 138 97
34927 47055 3 153 82
34927 47055 4 170 65
34927 47055 5 177 58
34927 47055 6 181 54
34927 47055 7 186 49
34927 47055 8 197 38
34927 47055 9 185 50
34927 47055 10 189 46
!sus 11589 399700 5 5 146 attackers:11589;victims:399700;type:1;valid_origin:False;recurrent:True;local:False
11589 399700 1 146 0
11589 399700 2 146 0
11589 399700 3 146 0
11589 399700 4 134 12
11589 399700 5 40 106
11589 399700 6 76 70
11589 399700 7 15 131
11589 399700 8 0 146
11589 399700 9 0 146
11589 399700 10 0 146
!sus 52630 133210 3 7 1 attackers:133210;victims:52630;type:1;valid_origin:True;recurrent:True;local:False
52630 133210 1 0 1
52630 133210 2 0 1
52630 133210 3 0 1
52630 133210 4 0 1
52630 133210 5 1 0
52630 133210 6 0 1
52630 133210 7 0 1
52630 133210 8 1 0
52630 133210 9 0 1
52630 133210 10 1 0
!leg 4637 137938 10 0 67 attackers:4637;victims:137938;type:1;valid_origin:True;recurrent:False;local:False
4637 137938 1 61 6
4637 137938 2 65 2
4637 137938 3 66 1
4637 137938 4 67 0
4637 137938 5 67 0
4637 137938 6 67 0
4637 137938 7 66 1
4637 137938 8 67 0
4637 137938 9 67 0
4637 137938 10 66 1
!sus 56046 137795 6 4 9 attackers:56046;victims:137795;type:1;valid_origin:True;recurrent:True;local:False
56046 137795 1 9 0
56046 137795 2 9 0
56046 137795 3 9 0
56046 137795 4 9 0
56046 137795 5 2 7
56046 137795 6 9 0
56046 137795 7 8 1
56046 137795 8 0 9
56046 137795 9 0 9
56046 137795 10 0 9
!sus 50053 51898 0 10 45 attackers:51898;victims:50053;type:1;valid_origin:True;recurrent:True;local:False
50053 51898 1 0 45
50053 51898 2 0 45
50053 51898 3 0 45
50053 51898 4 0 45
50053 51898 5 0 45
50053 51898 6 0 45
50053 51898 7 0 45
50053 51898 8 0 45
50053 51898 9 0 45
50053 51898 10 0 45
!sus 133210 270471 3 7 1 attackers:133210;victims:270471;type:1;valid_origin:True;recurrent:True;local:False
133210 270471 1 0 1
133210 270471 2 0 1
133210 270471 3 0 1
133210 270471 4 0 1
133210 270471 5 0 1
133210 270471 6 0 1
133210 270471 7 1 0
133210 270471 8 0 1
133210 270471 9 1 0
133210 270471 10 1 0
!leg 7018 399192 10 0 6 attackers:7018;victims:399192;type:1;valid_origin:True;recurrent:True;local:False
7018 399192 1 6 0
7018 399192 2 6 0
7018 399192 3 6 0
7018 399192 4 6 0
7018 399192 5 6 0
7018 399192 6 5 1
7018 399192 7 6 0
7018 399192 8 6 0
7018 399192 9 5 1
7018 399192 10 5 1
!sus 714 35729 0 10 1 attackers:35729;victims:714;type:1;valid_origin:True;recurrent:False;local:False
714 35729 1 0 1
714 35729 2 0 1
714 35729 3 0 1
714 35729 4 0 1
714 35729 5 0 1
714 35729 6 0 1
714 35729 7 0 1
714 35729 8 0 1
714 35729 9 0 1
714 35729 10 0 1
!sus 9730 152545 5 5 6 attackers:9730;victims:152545;type:1;valid_origin:True;recurrent:True;local:False
9730 152545 1 6 0
9730 152545 2 5 1
9730 152545 3 6 0
9730 152545 4 5 1
9730 152545 5 1 5
9730 152545 6 5 1
9730 152545 7 3 3
9730 152545 8 0 6
9730 152545 9 0 6
9730 152545 10 0 6
!sus 21433 131746 0 10 2 attackers:131746;victims:21433;type:1;valid_origin:True;recurrent:True;local:False
21433 131746 1 0 2
21433 131746 2 0 2
21433 131746 3 1 1
21433 131746 4 1 1
21433 131746 5 1 1
21433 131746 6 1 1
21433 131746 7 1 1
21433 131746 8 1 1
21433 131746 9 1 1
21433 131746 10 1 1
!sus 37100 329450 0 10 13 attackers:37100;victims:329450;type:1;valid_origin:True;recurrent:True;local:False
37100 329450 1 0 13
37100 329450 2 0 13
37100 329450 3 0 13
37100 329450 4 0 13
37100 329450 5 0 13
37100 329450 6 0 13
37100 329450 7 0 13
37100 329450 8 0 13
37100 329450 9 0 13
37100 329450 10 0 13
!leg 6663 6886 10 0 1 attackers:6663;victims:205048;type:2;valid_origin:True;recurrent:False;local:False
6663 6886 1 1 0
6663 6886 2 1 0
6663 6886 3 1 0
6663 6886 4 1 0
6663 6886 5 1 0
6663 6886 6 1 0
6663 6886 7 1 0
6663 6886 8 1 0
6663 6886 9 1 0
6663 6886 10 1 0
!leg 57463 62222 10 0 1 attackers:57463;victims:62222;type:1;valid_origin:True;recurrent:False;local:True
57463 62222 1 1 0
57463 62222 2 1 0
57463 62222 3 1 0
57463 62222 4 1 0
57463 62222 5 1 0
57463 62222 6 1 0
57463 62222 7 1 0
57463 62222 8 1 0
57463 62222 9 1 0
57463 62222 10 1 0
!sus 153057 214558 5 5 3 attackers:153057;victims:214558;type:1;valid_origin:True;recurrent:True;local:False
153057 214558 1 3 0
153057 214558 2 3 0
153057 214558 3 3 0
153057 214558 4 1 2
153057 214558 5 2 1
153057 214558 6 1 2
153057 214558 7 2 1
153057 214558 8 0 3
153057 214558 9 0 3
153057 214558 10 0 3
!sus 209533 216123 9 1 185 attackers:209533;victims:216123;type:1;valid_origin:True;recurrent:True;local:False
209533 216123 1 0 185
209533 216123 2 128 57
209533 216123 3 160 25
209533 216123 4 157 28
209533 216123 5 165 20
209533 216123 6 170 15
209533 216123 7 171 14
209533 216123 8 176 9
209533 216123 9 175 10
209533 216123 10 176 9
!leg 133210 271513 10 0 1 attackers:133210;victims:271513;type:1;valid_origin:True;recurrent:True;local:False
133210 271513 1 1 0
133210 271513 2 1 0
133210 271513 3 1 0
133210 271513 4 1 0
133210 271513 5 1 0
133210 271513 6 1 0
133210 271513 7 1 0
133210 271513 8 1 0
133210 271513 9 1 0
133210 271513 10 1 0
!sus 14537 139831 0 10 2 attackers:139831;victims:14537,36951;type:1,2;valid_origin:True;recurrent:True;local:False
14537 139831 1 0 2
14537 139831 2 1 1
14537 139831 3 1 1
14537 139831 4 1 1
14537 139831 5 1 1
14537 139831 6 1 1
14537 139831 7 1 1
14537 139831 8 1 1
14537 139831 9 1 1
14537 139831 10 1 1
!sus 34567 49111 5 5 4 attackers:34567;victims:49111;type:1;valid_origin:True;recurrent:True;local:False
34567 49111 1 4 0
34567 49111 2 4 0
34567 49111 3 4 0
34567 49111 4 4 0
34567 49111 5 1 3
34567 49111 6 2 2
34567 49111 7 3 1
34567 49111 8 0 4
34567 49111 9 0 4
34567 49111 10 0 4
!sus 32595 399624 9 1 27 attackers:399624;victims:32595;type:1;valid_origin:True;recurrent:True;local:False
32595 399624 1 0 27
32595 399624 2 19 8
32595 399624 3 20 7
32595 399624 4 26 1
32595 399624 5 26 1
32595 399624 6 27 0
32595 399624 7 27 0
32595 399624 8 27 0
32595 399624 9 27 0
32595 399624 10 27 0
!sus 262663 264387 0 10 19 attackers:264387;victims:262663;type:1;valid_origin:True;recurrent:True;local:False
262663 264387 1 1 18
262663 264387 2 1 18
262663 264387 3 1 18
262663 264387 4 1 18
262663 264387 5 1 18
262663 264387 6 1 18
262663 264387 7 1 18
262663 264387 8 1 18
262663 264387 9 1 18
262663 264387 10 1 18
!sus 43641 215462 3 7 3 attackers:43641;victims:215462;type:1;valid_origin:True;recurrent:True;local:False
43641 215462 1 0 3
43641 215462 2 0 3
43641 215462 3 0 3
43641 215462 4 0 3
43641 215462 5 0 3
43641 215462 6 0 3
43641 215462 7 3 0
43641 215462 8 0 3
43641 215462 9 3 0
43641 215462 10 3 0
!sus 36913 329335 4 6 32 attackers:36913;victims:329335;type:1;valid_origin:True;recurrent:True;local:False
36913 329335 1 32 0
36913 329335 2 32 0
36913 329335 3 29 3
36913 329335 4 28 4
36913 329335 5 13 19
36913 329335 6 4 28
36913 329335 7 0 32
36913 329335 8 0 32
36913 329335 9 0 32
36913 329335 10 0 32
!sus 52404 63293 0 10 5 attackers:52404;victims:63293;type:1;valid_origin:True;recurrent:True;local:False
52404 63293 1 0 5
52404 63293 2 0 5
52404 63293 3 0 5
52404 63293 4 0 5
52404 63293 5 0 5
52404 63293 6 0 5
52404 63293 7 0 5
52404 63293 8 1 4
52404 63293 9 0 5
52404 63293 10 1 4
!sus 214458 215186 5 5 95 attackers:215186;victims:214458;type:1;valid_origin:True;recurrent:True;local:False
214458 215186 1 89 6
214458 215186 2 71 24
214458 215186 3 51 44
214458 215186 4 77 18
214458 215186 5 30 65
214458 215186 6 36 59
214458 215186 7 78 17
214458 215186 8 2 93
214458 215186 9 0 95
214458 215186 10 0 95
!sus 25152 328977 0 10 1 attackers:328977;victims:25152;type:1;valid_origin:True;recurrent:True;local:False
25152 328977 1 0 1
25152 328977 2 0 1
25152 328977 3 0 1
25152 328977 4 0 1
25152 328977 5 0 1
25152 328977 6 0 1
25152 328977 7 0 1
25152 328977 8 0 1
25152 328977 9 0 1
25152 328977 10 0 1
!sus 5 59588 8 2 35 attackers:59588;victims:59588;type:2;valid_origin:True;recurrent:False;local:False
5 59588 1 0 35
5 59588 2 0 35
5 59588 3 35 0
5 59588 4 35 0
5 59588 5 35 0
5 59588 6 35 0
5 59588 7 35 0
5 59588 8 35 0
5 59588 9 35 0
5 59588 10 35 0
!sus 203868 210645 6 4 3 attackers:210645;victims:203868;type:1;valid_origin:True;recurrent:True;local:False
203868 210645 1 0 3
203868 210645 2 0 3
203868 210645 3 0 3
203868 210645 4 0 3
203868 210645 5 2 1
203868 210645 6 2 1
203868 210645 7 3 0
203868 210645 8 3 0
203868 210645 9 3 0
203868 210645 10 2 1
!sus 23764 265475 0 10 2 attackers:23764;victims:265475;type:1;valid_origin:True;recurrent:True;local:False
23764 265475 1 0 2
23764 265475 2 0 2
23764 265475 3 0 2
23764 265475 4 0 2
23764 265475 5 0 2
23764 265475 6 0 2
23764 265475 7 0 2
23764 265475 8 0 2
23764 265475 9 0 2
23764 265475 10 0 2
!sus 24400 59027 7 3 1 attackers:24400;victims:59027;type:1;valid_origin:True;recurrent:True;local:False
24400 59027 1 1 0
24400 59027 2 1 0
24400 59027 3 1 0
24400 59027 4 1 0
24400 59027 5 1 0
24400 59027 6 1 0
24400 59027 7 1 0
24400 59027 8 0 1
24400 59027 9 0 1
24400 59027 10 0 1
!sus 13579 272323 7 3 6 attackers:272323;victims:13579;type:1;valid_origin:True;recurrent:True;local:False
13579 272323 1 0 6
13579 272323 2 2 4
13579 272323 3 0 6
13579 272323 4 5 1
13579 272323 5 6 0
13579 272323 6 6 0
13579 272323 7 6 0
13579 272323 8 6 0
13579 272323 9 6 0
13579 272323 10 6 0
