!leg 138043 150774 10 0 6 attackers:150774;victims:140077,138043,141701;type:1,2;valid_origin:True;recurrent:False;local:False
138043 150774 1 6 0
138043 150774 2 6 0
138043 150774 3 6 0
138043 150774 4 6 0
138043 150774 5 6 0
138043 150774 6 6 0
138043 150774 7 6 0
138043 150774 8 6 0
138043 150774 9 6 0
138043 150774 10 6 0
!sus 31549 60014 5 5 183 attackers:31549;victims:60014;type:1;valid_origin:True;recurrent:True;local:False
31549 60014 1 183 0
31549 60014 2 183 0
31549 60014 3 182 1
31549 60014 4 183 0
31549 60014 5 31 152
31549 60014 6 180 3
31549 60014 7 0 183
31549 60014 8 0 183
31549 60014 9 0 183
31549 60014 10 68 115
!sus 51396 215310 6 4 18 attackers:51396;victims:215310;type:1;valid_origin:True;recurrent:True;local:False
51396 215310 1 0 18
51396 215310 2 0 18
51396 215310 3 2 16
51396 215310 4 8 10
51396 215310 5 17 1
51396 215310 6 18 0
51396 215310 7 18 0
51396 215310 8 18 0
51396 215310 9 18 0
51396 215310 10 18 0
!sus 701 133210 0 10 1 attackers:133210;victims:701;type:1;valid_origin:True;recurrent:True;local:False
701 133210 1 0 1
701 133210 2 0 1
701 133210 3 0 1
701 133210 4 0 1
701 133210 5 0 1
701 133210 6 0 1
701 133210 7 0 1
701 133210 8 0 1
701 133210 9 0 1
701 133210 10 0 1
!leg 7049 265482 10 0 12 attackers:265482;victims:264681;type:5;valid_origin:True;recurrent:True;local:False
7049 265482 1 12 0
7049 265482 2 12 0
7049 265482 3 12 0
7049 265482 4 12 0
7049 265482 5 12 0
7049 265482 6 12 0
7049 265482 7 12 0
7049 265482 8 12 0
7049 265482 9 12 0
7049 265482 10 12 0
!leg 52774 53153 10 0 5 attackers:52774;victims:53153;type:1;valid_origin:True;recurrent:True;local:False
52774 53153 1 3 2
52774 53153 2 3 2
52774 53153 3 3 2
52774 53153 4 3 2
52774 53153 5 3 2
52774 53153 6 3 2
52774 53153 7 3 2
52774 53153 8 3 2
52774 53153 9 3 2
52774 53153 10 3 2
!sus 133210 263133 9 1 1 attackers:133210;victims:263133;type:1;valid_origin:True;recurrent:False;local:False
133210 263133 1 0 1
133210 263133 2 1 0
133210 263133 3 1 0
133210 263133 4 1 0
133210 263133 5 1 0
133210 263133 6 1 0
133210 263133 7 1 0
133210 263133 8 1 0
133210 263133 9 1 0
133210 263133 10 1 0
!leg 28210 265290 10 0 17 attackers:28210;victims:268149;type:2;valid_origin:True;recurrent:False;local:False
28210 265290 1 17 0
28210 265290 2 17 0
28210 265290 3 17 0
28210 265290 4 17 0
28210 265290 5 17 0
28210 265290 6 17 0
28210 265290 7 17 0
28210 265290 8 17 0
28210 265290 9 17 0
28210 265290 10 17 0
!leg 133200 133210 10 0 1 attackers:133210;victims:133200;type:1;valid_origin:True;recurrent:False;local:False
133200 133210 1 1 0
133200 133210 2 1 0
133200 133210 3 1 0
133200 133210 4 1 0
133200 133210 5 1 0
133200 133210 6 1 0
133200 133210 7 1 0
133200 133210 8 1 0
133200 133210 9 1 0
133200 133210 10 1 0
!leg 133210 137541 10 0 1 attackers:133210;victims:137541;type:1;valid_origin:True;recurrent:False;local:False
133210 137541 1 1 0
133210 137541 2 1 0
133210 137541 3 1 0
133210 137541 4 1 0
133210 137541 5 1 0
133210 137541 6 1 0
133210 137541 7 1 0
133210 137541 8 1 0
133210 137541 9 1 0
133210 137541 10 1 0
!leg 6663 51437 10 0 1 attackers:6663;victims:51437;type:1;valid_origin:True;recurrent:False;local:False
6663 51437 1 1 0
6663 51437 2 1 0
6663 51437 3 1 0
6663 51437 4 1 0
6663 51437 5 1 0
6663 51437 6 1 0
6663 51437 7 1 0
6663 51437 8 1 0
6663 51437 9 1 0
6663 51437 10 1 0
!leg 133210 138871 10 0 1 attackers:133210;victims:138871;type:1;valid_origin:True;recurrent:False;local:False
133210 138871 1 1 0
133210 138871 2 1 0
133210 138871 3 1 0
133210 138871 4 1 0
133210 138871 5 1 0
133210 138871 6 1 0
133210 138871 7 1 0
133210 138871 8 1 0
133210 138871 9 1 0
133210 138871 10 1 0
!sus 60171 329310 7 3 2 attackers:60171;victims:329310;type:1;valid_origin:True;recurrent:True;local:False
60171 329310 1 0 2
60171 329310 2 0 2
60171 329310 3 2 0
60171 329310 4 0 2
60171 329310 5 2 0
60171 329310 6 2 0
60171 329310 7 2 0
60171 329310 8 2 0
60171 329310 9 2 0
60171 329310 10 2 0
!sus 61335 216093 0 10 14 attackers:216093;victims:61335;type:1;valid_origin:True;recurrent:True;local:False
61335 216093 1 0 14
61335 216093 2 0 14
61335 216093 3 0 14
61335 216093 4 0 14
61335 216093 5 0 14
61335 216093 6 0 14
61335 216093 7 0 14
61335 216093 8 0 14
61335 216093 9 0 14
61335 216093 10 0 14
!sus 5 137666 0 10 20 attackers:137666;victims:5;type:1;valid_origin:True;recurrent:True;local:False
5 137666 1 0 20
5 137666 2 0 20
5 137666 3 0 20
5 137666 4 0 20
5 137666 5 0 20
5 137666 6 0 20
5 137666 7 1 19
5 137666 8 2 18
5 137666 9 1 19
5 137666 10 1 19
!sus 56048 63633 5 5 5 attackers:56048;victims:63633;type:1;valid_origin:True;recurrent:True;local:False
56048 63633 1 5 0
56048 63633 2 5 0
56048 63633 3 5 0
56048 63633 4 5 0
56048 63633 5 0 5
56048 63633 6 5 0
56048 63633 7 0 5
56048 63633 8 0 5
56048 63633 9 0 5
56048 63633 10 0 5
!sus 23764 264023 2 8 149 attackers:23764;victims:264023;type:1;valid_origin:True;recurrent:True;local:False
23764 264023 1 11 138
23764 264023 2 19 130
23764 264023 3 28 121
23764 264023 4 59 90
23764 264023 5 35 114
23764 264023 6 56 93
23764 264023 7 62 87
23764 264023 8 83 66
23764 264023 9 88 61
23764 264023 10 72 77
!leg 5585 31391 10 0 84 attackers:5585;victims:31391;type:1;valid_origin:True;recurrent:False;local:False
5585 31391 1 84 0
5585 31391 2 84 0
5585 31391 3 84 0
5585 31391 4 84 0
5585 31391 5 84 0
5585 31391 6 84 0
5585 31391 7 84 0
5585 31391 8 84 0
5585 31391 9 84 0
5585 31391 10 84 0
!sus 15830 215010 0 10 7 attackers:15830;victims:215010;type:1;valid_origin:True;recurrent:True;local:False
15830 215010 1 0 7
15830 215010 2 0 7
15830 215010 3 0 7
15830 215010 4 2 5
15830 215010 5 0 7
15830 215010 6 0 7
15830 215010 7 0 7
15830 215010 8 0 7
15830 215010 9 0 7
15830 215010 10 0 7
!sus 30788 61164 3 7 1 attackers:30788;victims:61164;type:1;valid_origin:True;recurrent:True;local:False
30788 61164 1 1 0
30788 61164 2 1 0
30788 61164 3 0 1
30788 61164 4 1 0
30788 61164 5 0 1
30788 61164 6 0 1
30788 61164 7 0 1
30788 61164 8 0 1
30788 61164 9 0 1
30788 61164 10 0 1
!leg 29390 202941 10 0 1 attackers:29390;victims:202941;type:1;valid_origin:True;recurrent:False;local:False
29390 202941 1 1 0
29390 202941 2 1 0
29390 202941 3 1 0
29390 202941 4 1 0
29390 202941 5 1 0
29390 202941 6 1 0
29390 202941 7 1 0
29390 202941 8 1 0
29390 202941 9 1 0
29390 202941 10 1 0
!sus 3758 152885 5 5 3 attackers:3758;victims:152885;type:1;valid_origin:True;recurrent:True;local:False
3758 152885 1 3 0
3758 152885 2 3 0
3758 152885 3 3 0
3758 152885 4 3 0
3758 152885 5 1 2
3758 152885 6 3 0
3758 152885 7 0 3
3758 152885 8 0 3
3758 152885 9 0 3
3758 152885 10 0 3
!leg 38794 55554 10 0 19 attackers:55554;victims:136486;type:5;valid_origin:True;recurrent:False;local:False
38794 55554 1 19 0
38794 55554 2 19 0
38794 55554 3 19 0
38794 55554 4 19 0
38794 55554 5 19 0
38794 55554 6 19 0
38794 55554 7 19 0
38794 55554 8 19 0
38794 55554 9 19 0
38794 55554 10 19 0
!leg 6939 40350 10 0 2 attackers:6939;victims:40350;type:1;valid_origin:True;recurrent:False;local:False
6939 40350 1 2 0
6939 40350 2 2 0
6939 40350 3 2 0
6939 40350 4 2 0
6939 40350 5 2 0
6939 40350 6 2 0
6939 40350 7 2 0
6939 40350 8 2 0
6939 40350 9 2 0
6939 40350 10 2 0
!leg 57463 262813 10 0 1 attackers:57463;victims:262813;type:1;valid_origin:True;recurrent:False;local:True
57463 262813 1 1 0
57463 262813 2 1 0
57463 262813 3 1 0
57463 262813 4 1 0
57463 262813 5 1 0
57463 262813 6 1 0
57463 262813 7 1 0
57463 262813 8 1 0
57463 262813 9 1 0
57463 262813 10 1 0
!leg 9299 152172 10 0 139 attackers:9299;victims:152172;type:1;valid_origin:True;recurrent:True;local:False
9299 152172 1 139 0
9299 152172 2 137 2
9299 152172 3 128 11
9299 152172 4 122 17
9299 152172 5 107 32
9299 152172 6 124 15
9299 152172 7 98 41
9299 152172 8 94 45
9299 152172 9 109 30
9299 152172 10 117 22
!sus 15830 214722 1 9 6 attackers:15830;victims:214722;type:1;valid_origin:True;recurrent:True;local:False
15830 214722 1 0 6
15830 214722 2 0 6
15830 214722 3 0 6
15830 214722 4 4 2
15830 214722 5 0 6
15830 214722 6 0 6
15830 214722 7 0 6
15830 214722 8 0 6
15830 214722 9 0 6
15830 214722 10 0 6
!sus 15830 22585 7 3 3 attackers:15830;victims:22585;type:1;valid_origin:True;recurrent:True;local:False
15830 22585 1 0 3
15830 22585 2 1 2
15830 22585 3 1 2
15830 22585 4 2 1
15830 22585 5 2 1
15830 22585 6 2 1
15830 22585 7 2 1
15830 22585 8 2 1
15830 22585 9 2 1
15830 22585 10 2 1
!sus 208679 209533 8 2 2 attackers:209533;victims:208679;type:1;valid_origin:True;recurrent:True;local:False
208679 209533 1 0 2
208679 209533 2 0 2
208679 209533 3 2 0
208679 209533 4 2 0
208679 209533 5 2 0
208679 209533 6 2 0
208679 209533 7 2 0
208679 209533 8 2 0
208679 209533 9 2 0
208679 209533 10 2 0
!sus 14840 214657 5 5 45 attackers:14840;victims:214657;type:1;valid_origin:False;recurrent:True;local:False
14840 214657 1 35 10
14840 214657 2 21 24
14840 214657 3 29 16
14840 214657 4 28 17
14840 214657 5 19 26
14840 214657 6 28 17
14840 214657 7 15 30
14840 214657 8 1 44
14840 214657 9 15 30
14840 214657 10 27 18
!sus 43641 215420 0 10 1 attackers:43641;victims:215420;type:1;valid_origin:True;recurrent:True;local:False
43641 215420 1 0 1
43641 215420 2 0 1
43641 215420 3 0 1
43641 215420 4 0 1
43641 215420 5 0 1
43641 215420 6 0 1
43641 215420 7 0 1
43641 215420 8 0 1
43641 215420 9 0 1
43641 215420 10 0 1
!sus 28398 272385 4 6 7 attackers:28398;victims:272385;type:1;valid_origin:True;recurrent:True;local:False
28398 272385 1 7 0
28398 272385 2 2 5
28398 272385 3 4 3
28398 272385 4 6 1
28398 272385 5 3 4
28398 272385 6 3 4
28398 272385 7 2 5
28398 272385 8 2 5
28398 272385 9 3 4
28398 272385 10 6 1
!sus 3352 133210 0 10 1 attackers:133210;victims:3352;type:1;valid_origin:True;recurrent:True;local:False
3352 133210 1 0 1
3352 133210 2 0 1
3352 133210 3 0 1
3352 133210 4 0 1
3352 133210 5 0 1
3352 133210 6 0 1
3352 133210 7 0 1
3352 133210 8 0 1
3352 133210 9 0 1
3352 133210 10 0 1
!sus 17727 54994 0 10 3 attackers:17727;victims:54994;type:1;valid_origin:True;recurrent:True;local:False
17727 54994 1 0 3
17727 54994 2 0 3
17727 54994 3 0 3
17727 54994 4 0 3
17727 54994 5 0 3
17727 54994 6 0 3
17727 54994 7 0 3
17727 54994 8 0 3
17727 54994 9 0 3
17727 54994 10 0 3
!sus 37662 329426 0 10 115 attackers:37662;victims:329426;type:1;valid_origin:True;recurrent:True;local:False
37662 329426 1 34 81
37662 329426 2 8 107
37662 329426 3 7 108
37662 329426 4 0 115
37662 329426 5 0 115
37662 329426 6 0 115
37662 329426 7 0 115
37662 329426 8 0 115
37662 329426 9 0 115
37662 329426 10 0 115
!sus 46844 139791 4 6 2 attackers:46844;victims:139791;type:1;valid_origin:True;recurrent:True;local:False
46844 139791 1 0 2
46844 139791 2 0 2
46844 139791 3 0 2
46844 139791 4 1 1
46844 139791 5 0 2
46844 139791 6 2 0
46844 139791 7 1 1
46844 139791 8 2 0
46844 139791 9 2 0
46844 139791 10 2 0
!sus 59832 132337 5 5 1 attackers:132337;victims:8308;type:2;valid_origin:True;recurrent:True;local:True
59832 132337 1 0 1
59832 132337 2 0 1
59832 132337 3 0 1
59832 132337 4 0 1
59832 132337 5 0 1
59832 132337 6 1 0
59832 132337 7 1 0
59832 132337 8 1 0
59832 132337 9 1 0
59832 132337 10 1 0
!leg 265290 273568 10 0 6 attackers:273568;victims:270369;type:2;valid_origin:True;recurrent:False;local:False
265290 273568 1 6 0
265290 273568 2 6 0
265290 273568 3 6 0
265290 273568 4 6 0
265290 273568 5 6 0
265290 273568 6 6 0
265290 273568 7 6 0
265290 273568 8 6 0
265290 273568 9 6 0
265290 273568 10 6 0
!sus 28202 133210 5 5 1 attackers:133210;victims:28202;type:1;valid_origin:True;recurrent:True;local:False
28202 133210 1 0 1
28202 133210 2 0 1
28202 133210 3 0 1
28202 133210 4 0 1
28202 133210 5 0 1
28202 133210 6 1 0
28202 133210 7 1 0
28202 133210 8 1 0
28202 133210 9 1 0
28202 133210 10 1 0
!sus 14618 30265 5 5 5 attackers:14618;victims:30265;type:1;valid_origin:True;recurrent:True;local:False
14618 30265 1 5 0
14618 30265 2 5 0
14618 30265 3 5 0
14618 30265 4 5 0
14618 30265 5 0 5
14618 30265 6 5 0
14618 30265 7 0 5
14618 30265 8 0 5
14618 30265 9 0 5
14618 30265 10 0 5
!sus 41307 208013 5 5 3 attackers:41307;victims:208013;type:1;valid_origin:True;recurrent:True;local:False
41307 208013 1 3 0
41307 208013 2 3 0
41307 208013 3 3 0
41307 208013 4 3 0
41307 208013 5 1 2
41307 208013 6 3 0
41307 208013 7 0 3
41307 208013 8 0 3
41307 208013 9 0 3
41307 208013 10 0 3
!sus 47588 210964 4 6 120 attackers:47588;victims:210964;type:1;valid_origin:True;recurrent:True;local:False
47588 210964 1 0 120
47588 210964 2 0 120
47588 210964 3 0 120
47588 210964 4 0 120
47588 210964 5 0 120
47588 210964 6 0 120
47588 210964 7 101 19
47588 210964 8 104 16
47588 210964 9 107 13
47588 210964 10 101 19
!leg 9221 198148 10 0 1 attackers:198148;victims:9221;type:1;valid_origin:True;recurrent:False;local:False
9221 198148 1 1 0
9221 198148 2 1 0
9221 198148 3 1 0
9221 198148 4 1 0
9221 198148 5 1 0
9221 198148 6 1 0
9221 198148 7 1 0
9221 198148 8 1 0
9221 198148 9 1 0
9221 198148 10 1 0
!sus 35758 202940 5 5 90 attackers:202940;victims:35758;type:1;valid_origin:True;recurrent:True;local:False
35758 202940 1 10 80
35758 202940 2 12 78
35758 202940 3 19 71
35758 202940 4 43 47
35758 202940 5 50 40
35758 202940 6 40 50
35758 202940 7 78 12
35758 202940 8 51 39
35758 202940 9 54 36
35758 202940 10 61 29
!sus 133210 209854 0 10 1 attackers:133210;victims:209854;type:1;valid_origin:True;recurrent:True;local:False
133210 209854 1 0 1
133210 209854 2 0 1
133210 209854 3 0 1
133210 209854 4 0 1
133210 209854 5 0 1
133210 209854 6 0 1
133210 209854 7 0 1
133210 209854 8 0 1
133210 209854 9 0 1
133210 209854 10 0 1
!sus 3920 214639 7 3 4 attackers:3920;victims:214639;type:1;valid_origin:True;recurrent:True;local:False
3920 214639 1 0 4
3920 214639 2 2 2
3920 214639 3 2 2
3920 214639 4 4 0
3920 214639 5 4 0
3920 214639 6 4 0
3920 214639 7 4 0
3920 214639 8 4 0
3920 214639 9 4 0
3920 214639 10 4 0
!leg 23944 45896 10 0 1 attackers:45896;victims:23944;type:1;valid_origin:True;recurrent:False;local:True
23944 45896 1 1 0
23944 45896 2 1 0
23944 45896 3 1 0
23944 45896 4 1 0
23944 45896 5 1 0
23944 45896 6 1 0
23944 45896 7 1 0
23944 45896 8 1 0
23944 45896 9 1 0
23944 45896 10 1 0
!sus 133210 151396 7 3 1 attackers:133210;victims:151396;type:1;valid_origin:True;recurrent:False;local:False
133210 151396 1 0 1
133210 151396 2 1 0
133210 151396 3 1 0
133210 151396 4 0 1
133210 151396 5 1 0
133210 151396 6 1 0
133210 151396 7 1 0
133210 151396 8 0 1
133210 151396 9 1 0
133210 151396 10 1 0
!sus 43391 214584 8 2 5 attackers:43391;victims:214584;type:1;valid_origin:True;recurrent:True;local:False
43391 214584 1 5 0
43391 214584 2 5 0
43391 214584 3 0 5
43391 214584 4 4 1
43391 214584 5 5 0
43391 214584 6 5 0
43391 214584 7 5 0
43391 214584 8 0 5
43391 214584 9 5 0
43391 214584 10 4 1
!leg 23520 262188 10 0 5 attackers:23520;victims:262188;type:1;valid_origin:True;recurrent:True;local:False
23520 262188 1 3 2
23520 262188 2 3 2
23520 262188 3 4 1
23520 262188 4 5 0
23520 262188 5 5 0
23520 262188 6 5 0
23520 262188 7 5 0
23520 262188 8 5 0
23520 262188 9 5 0
23520 262188 10 5 0
!sus 17551 133210 7 3 1 attackers:133210;victims:17551;type:1;valid_origin:True;recurrent:True;local:False
17551 133210 1 0 1
17551 133210 2 0 1
17551 133210 3 0 1
17551 133210 4 1 0
17551 133210 5 1 0
17551 133210 6 1 0
17551 133210 7 1 0
17551 133210 8 1 0
17551 133210 9 1 0
17551 133210 10 1 0
!sus 21826 272102 9 1 29 attackers:21826;victims:272102;type:1;valid_origin:True;recurrent:True;local:False
21826 272102 1 5 24
21826 272102 2 23 6
21826 272102 3 26 3
21826 272102 4 26 3
21826 272102 5 28 1
21826 272102 6 29 0
21826 272102 7 29 0
21826 272102 8 29 0
21826 272102 9 29 0
21826 272102 10 29 0
!sus 212807 263224 0 10 7 attackers:263224;victims:212807;type:1;valid_origin:True;recurrent:True;local:False
212807 263224 1 0 7
212807 263224 2 0 7
212807 263224 3 2 5
212807 263224 4 1 6
212807 263224 5 1 6
212807 263224 6 3 4
212807 263224 7 2 5
212807 263224 8 2 5
212807 263224 9 2 5
212807 263224 10 2 5
!sus 23748 215239 0 10 5 attackers:23748;victims:215239;type:1;valid_origin:True;recurrent:True;local:False
23748 215239 1 0 5
23748 215239 2 0 5
23748 215239 3 0 5
23748 215239 4 0 5
23748 215239 5 0 5
23748 215239 6 0 5
23748 215239 7 0 5
23748 215239 8 0 5
23748 215239 9 0 5
23748 215239 10 0 5
!sus 47152 216418 9 1 3 attackers:47152;victims:216418;type:1;valid_origin:True;recurrent:True;local:False
47152 216418 1 1 2
47152 216418 2 2 1
47152 216418 3 2 1
47152 216418 4 2 1
47152 216418 5 2 1
47152 216418 6 2 1
47152 216418 7 3 0
47152 216418 8 3 0
47152 216418 9 3 0
47152 216418 10 3 0
!sus 23520 265580 6 4 8 attackers:23520;victims:265580;type:1;valid_origin:True;recurrent:True;local:False
23520 265580 1 0 8
23520 265580 2 4 4
23520 265580 3 2 6
23520 265580 4 6 2
23520 265580 5 8 0
23520 265580 6 0 8
23520 265580 7 8 0
23520 265580 8 7 1
23520 265580 9 8 0
23520 265580 10 8 0
!leg 41051 214575 10 0 140 attackers:41051;victims:214575;type:1;valid_origin:True;recurrent:True;local:False
41051 214575 1 72 68
41051 214575 2 91 49
41051 214575 3 91 49
41051 214575 4 106 34
41051 214575 5 127 13
41051 214575 6 125 15
41051 214575 7 127 13
41051 214575 8 128 12
41051 214575 9 128 12
41051 214575 10 128 12
!sus 3758 64013 5 5 4 attackers:3758;victims:64013;type:1;valid_origin:True;recurrent:True;local:False
3758 64013 1 4 0
3758 64013 2 4 0
3758 64013 3 3 1
3758 64013 4 4 0
3758 64013 5 0 4
3758 64013 6 3 1
3758 64013 7 0 4
3758 64013 8 0 4
3758 64013 9 0 4
3758 64013 10 0 4
!sus 134196 134835 2 8 104 attackers:134196;victims:134835;type:1;valid_origin:True;recurrent:True;local:False
134196 134835 1 0 104
134196 134835 2 0 104
134196 134835 3 0 104
134196 134835 4 10 94
134196 134835 5 14 90
134196 134835 6 18 86
134196 134835 7 14 90
134196 134835 8 15 89
134196 134835 9 97 7
134196 134835 10 73 31
!sus 3573 38794 1 9 2 attackers:38794;victims:3573;type:1;valid_origin:True;recurrent:True;local:False
3573 38794 1 0 2
3573 38794 2 1 1
3573 38794 3 1 1
3573 38794 4 1 1
3573 38794 5 1 1
3573 38794 6 1 1
3573 38794 7 1 1
3573 38794 8 1 1
3573 38794 9 1 1
3573 38794 10 2 0
!sus 52468 273214 2 8 4 attackers:52468;victims:273214;type:1;valid_origin:True;recurrent:True;local:False
52468 273214 1 4 0
52468 273214 2 3 1
52468 273214 3 0 4
52468 273214 4 0 4
52468 273214 5 0 4
52468 273214 6 0 4
52468 273214 7 0 4
52468 273214 8 0 4
52468 273214 9 0 4
52468 273214 10 0 4
!sus 8220 16921 8 2 5 attackers:8220;victims:16921;type:1;valid_origin:True;recurrent:True;local:False
8220 16921 1 1 4
8220 16921 2 2 3
8220 16921 3 3 2
8220 16921 4 4 1
8220 16921 5 4 1
8220 16921 6 4 1
8220 16921 7 4 1
8220 16921 8 4 1
8220 16921 9 4 1
8220 16921 10 4 1
!sus 2 270740 0 10 1 attackers:270740;victims:2;type:1;valid_origin:True;recurrent:True;local:False
2 270740 1 0 1
2 270740 2 0 1
2 270740 3 0 1
2 270740 4 0 1
2 270740 5 0 1
2 270740 6 0 1
2 270740 7 0 1
2 270740 8 0 1
2 270740 9 0 1
2 270740 10 0 1
!sus 133210 262659 1 9 1 attackers:133210;victims:262659;type:1;valid_origin:True;recurrent:True;local:False
133210 262659 1 0 1
133210 262659 2 0 1
133210 262659 3 0 1
133210 262659 4 0 1
133210 262659 5 0 1
133210 262659 6 0 1
133210 262659 7 0 1
133210 262659 8 0 1
133210 262659 9 0 1
133210 262659 10 1 0
!sus 7131 152735 3 7 7 attackers:7131;victims:152735;type:1;valid_origin:True;recurrent:True;local:False
7131 152735 1 0 7
7131 152735 2 0 7
7131 152735 3 4 3
7131 152735 4 1 6
7131 152735 5 2 5
7131 152735 6 4 3
7131 152735 7 2 5
7131 152735 8 0 7
7131 152735 9 0 7
7131 152735 10 4 3
!sus 28649 133210 2 8 1 attackers:133210;victims:28649;type:1;valid_origin:True;recurrent:True;local:False
28649 133210 1 0 1
28649 133210 2 0 1
28649 133210 3 0 1
28649 133210 4 0 1
28649 133210 5 0 1
28649 133210 6 0 1
28649 133210 7 0 1
28649 133210 8 0 1
28649 133210 9 1 0
28649 133210 10 1 0
!sus 7018 133210 0 10 1 attackers:133210;victims:7018;type:1;valid_origin:True;recurrent:True;local:False
7018 133210 1 0 1
7018 133210 2 0 1
7018 133210 3 0 1
7018 133210 4 0 1
7018 133210 5 0 1
7018 133210 6 0 1
7018 133210 7 0 1
7018 133210 8 0 1
7018 133210 9 0 1
7018 133210 10 0 1
!sus 270165 272369 0 10 4 attackers:272369;victims:270165;type:1;valid_origin:True;recurrent:True;local:False
270165 272369 1 0 4
270165 272369 2 0 4
270165 272369 3 1 3
270165 272369 4 1 3
270165 272369 5 1 3
270165 272369 6 0 4
270165 272369 7 1 3
270165 272369 8 1 3
270165 272369 9 1 3
270165 272369 10 1 3
!sus 150315 212085 1 9 1 attackers:150315;victims:212085;type:1;valid_origin:True;recurrent:True;local:False
150315 212085 1 0 1
150315 212085 2 0 1
150315 212085 3 0 1
150315 212085 4 0 1
150315 212085 5 0 1
150315 212085 6 0 1
150315 212085 7 0 1
150315 212085 8 0 1
150315 212085 9 1 0
150315 212085 10 0 1
!sus 1257 2568 8 2 5 attackers:1257;victims:2568;type:1;valid_origin:True;recurrent:True;local:False
1257 2568 1 0 5
1257 2568 2 2 3
1257 2568 3 3 2
1257 2568 4 5 0
1257 2568 5 5 0
1257 2568 6 5 0
1257 2568 7 5 0
1257 2568 8 5 0
1257 2568 9 5 0
1257 2568 10 5 0
!sus 60068 151797 0 10 104 attackers:151797;victims:140227;type:2;valid_origin:True;recurrent:True;local:False
60068 151797 1 2 102
60068 151797 2 6 98
60068 151797 3 12 92
60068 151797 4 9 95
60068 151797 5 14 90
60068 151797 6 20 84
60068 151797 7 28 76
60068 151797 8 17 87
60068 151797 9 19 85
60068 151797 10 27 77
!sus 24324 54253 3 7 6 attackers:24324;victims:54253;type:1;valid_origin:True;recurrent:True;local:False
24324 54253 1 0 6
24324 54253 2 0 6
24324 54253 3 0 6
24324 54253 4 0 6
24324 54253 5 0 6
24324 54253 6 0 6
24324 54253 7 0 6
24324 54253 8 6 0
24324 54253 9 6 0
24324 54253 10 5 1
!leg 262880 265482 10 0 3 attackers:265482;victims:270930;type:2;valid_origin:True;recurrent:False;local:False
262880 265482 1 3 0
262880 265482 2 3 0
262880 265482 3 3 0
262880 265482 4 3 0
262880 265482 5 3 0
262880 265482 6 3 0
262880 265482 7 3 0
262880 265482 8 3 0
262880 265482 9 3 0
262880 265482 10 3 0
!sus 62788 213253 0 10 2 attackers:62788;victims:213253;type:1;valid_origin:True;recurrent:True;local:False
62788 213253 1 1 1
62788 213253 2 1 1
62788 213253 3 1 1
62788 213253 4 1 1
62788 213253 5 1 1
62788 213253 6 1 1
62788 213253 7 1 1
62788 213253 8 1 1
62788 213253 9 1 1
62788 213253 10 1 1
!leg 7195 264590 10 0 1 attackers:7195;victims:271483;type:2;valid_origin:True;recurrent:False;local:False
7195 264590 1 1 0
7195 264590 2 1 0
7195 264590 3 1 0
7195 264590 4 1 0
7195 264590 5 1 0
7195 264590 6 1 0
7195 264590 7 1 0
7195 264590 8 1 0
7195 264590 9 1 0
7195 264590 10 1 0
!sus 56655 214576 1 9 3 attackers:56655;victims:214576;type:1;valid_origin:True;recurrent:True;local:False
56655 214576 1 1 2
56655 214576 2 0 3
56655 214576 3 0 3
56655 214576 4 0 3
56655 214576 5 0 3
56655 214576 6 0 3
56655 214576 7 0 3
56655 214576 8 0 3
56655 214576 9 0 3
56655 214576 10 2 1
!sus 30788 48456 3 7 1 attackers:30788;victims:48456;type:1;valid_origin:True;recurrent:True;local:False
30788 48456 1 1 0
30788 48456 2 1 0
30788 48456 3 0 1
30788 48456 4 1 0
30788 48456 5 0 1
30788 48456 6 0 1
30788 48456 7 0 1
30788 48456 8 0 1
30788 48456 9 0 1
30788 48456 10 0 1
!sus 208046 214557 5 5 213 attackers:208046;victims:214557;type:1;valid_origin:True;recurrent:True;local:False
208046 214557 1 209 4
208046 214557 2 189 24
208046 214557 3 158 55
208046 214557 4 151 62
208046 214557 5 20 193
208046 214557 6 123 90
208046 214557 7 0 213
208046 214557 8 0 213
208046 214557 9 0 213
208046 214557 10 0 213
!leg 10733 263270 10 0 17 attackers:10733;victims:263270;type:1;valid_origin:True;recurrent:False;local:False
10733 263270 1 17 0
10733 263270 2 17 0
10733 263270 3 16 1
10733 263270 4 17 0
10733 263270 5 17 0
10733 263270 6 17 0
10733 263270 7 17 0
10733 263270 8 17 0
10733 263270 9 17 0
10733 263270 10 17 0
!sus 15830 400940 0 10 6 attackers:15830;victims:400940;type:1;valid_origin:True;recurrent:True;local:False
15830 400940 1 0 6
15830 400940 2 0 6
15830 400940 3 0 6
15830 400940 4 0 6
15830 400940 5 0 6
15830 400940 6 0 6
15830 400940 7 0 6
15830 400940 8 0 6
15830 400940 9 0 6
15830 400940 10 0 6
!sus 3529 27064 5 5 4 attackers:27064;victims:3529;type:1;valid_origin:True;recurrent:True;local:False
3529 27064 1 4 0
3529 27064 2 4 0
3529 27064 3 3 1
3529 27064 4 2 2
3529 27064 5 4 0
3529 27064 6 3 1
3529 27064 7 0 4
3529 27064 8 0 4
3529 27064 9 0 4
3529 27064 10 0 4
!sus 11803 19893 5 5 6 attackers:19893;victims:11803;type:1;valid_origin:True;recurrent:True;local:False
11803 19893 1 6 0
11803 19893 2 6 0
11803 19893 3 6 0
11803 19893 4 6 0
11803 19893 5 0 6
11803 19893 6 0 6
11803 19893 7 0 6
11803 19893 8 0 6
11803 19893 9 5 1
11803 19893 10 0 6
!sus 7195 64096 0 10 84 attackers:7195;victims:64096;type:1,3;valid_origin:True;recurrent:True;local:False
7195 64096 1 10 74
7195 64096 2 10 74
7195 64096 3 19 65
7195 64096 4 19 65
7195 64096 5 23 61
7195 64096 6 20 64
7195 64096 7 26 58
7195 64096 8 28 56
7195 64096 9 28 56
7195 64096 10 28 56
!leg 35280 153087 10 0 1 attackers:35280;victims:153087;type:1;valid_origin:False;recurrent:False;local:False
35280 153087 1 1 0
35280 153087 2 1 0
35280 153087 3 1 0
35280 153087 4 1 0
35280 153087 5 1 0
35280 153087 6 1 0
35280 153087 7 1 0
35280 153087 8 1 0
35280 153087 9 1 0
35280 153087 10 1 0
!sus 264079 2640079 3 7 28 attackers:264079;victims:264079;type:2;valid_origin:True;recurrent:True;local:False
264079 2640079 1 26 2
264079 2640079 2 23 5
264079 2640079 3 9 19
264079 2640079 4 23 5
264079 2640079 5 8 20
264079 2640079 6 2 26
264079 2640079 7 0 28
264079 2640079 8 0 28
264079 2640079 9 0 28
264079 2640079 10 1 27
!sus 58212 63150 2 8 10 attackers:58212;victims:63150;type:1;valid_origin:True;recurrent:True;local:False
58212 63150 1 0 10
58212 63150 2 0 10
58212 63150 3 0 10
58212 63150 4 0 10
58212 63150 5 3 7
58212 63150 6 3 7
58212 63150 7 4 6
58212 63150 8 4 6
58212 63150 9 9 1
58212 63150 10 10 0
!leg 4766 24875 10 0 1 attackers:4766;victims:205175;type:2;valid_origin:True;recurrent:False;local:False
4766 24875 1 1 0
4766 24875 2 1 0
4766 24875 3 1 0
4766 24875 4 1 0
4766 24875 5 1 0
4766 24875 6 1 0
4766 24875 7 1 0
4766 24875 8 1 0
4766 24875 9 1 0
4766 24875 10 1 0
!sus 265691 272948 7 3 2 attackers:265691;victims:272948;type:1;valid_origin:True;recurrent:True;local:False
265691 272948 1 0 2
265691 272948 2 1 1
265691 272948 3 0 2
265691 272948 4 2 0
265691 272948 5 2 0
265691 272948 6 2 0
265691 272948 7 2 0
265691 272948 8 2 0
265691 272948 9 2 0
265691 272948 10 2 0
!sus 12353 133210 4 6 1 attackers:133210;victims:12353;type:1;valid_origin:True;recurrent:True;local:False
12353 133210 1 0 1
12353 133210 2 0 1
12353 133210 3 0 1
12353 133210 4 0 1
12353 133210 5 1 0
12353 133210 6 0 1
12353 133210 7 0 1
12353 133210 8 1 0
12353 133210 9 1 0
12353 133210 10 1 0
!sus 28849 215119 6 4 7 attackers:28849;victims:215119;type:1;valid_origin:True;recurrent:True;local:False
28849 215119 1 7 0
28849 215119 2 7 0
28849 215119 3 7 0
28849 215119 4 7 0
28849 215119 5 0 7
28849 215119 6 7 0
28849 215119 7 0 7
28849 215119 8 0 7
28849 215119 9 0 7
28849 215119 10 4 3
!sus 37061 327689 5 5 4 attackers:37061;victims:327689;type:1;valid_origin:True;recurrent:True;local:False
37061 327689 1 4 0
37061 327689 2 4 0
37061 327689 3 4 0
37061 327689 4 4 0
37061 327689 5 0 4
37061 327689 6 4 0
37061 327689 7 0 4
37061 327689 8 0 4
37061 327689 9 0 4
37061 327689 10 0 4
!sus 20524 39205 3 7 6 attackers:39205;victims:20524;type:1;valid_origin:True;recurrent:True;local:False
20524 39205 1 6 0
20524 39205 2 6 0
20524 39205 3 0 6
20524 39205 4 4 2
20524 39205 5 0 6
20524 39205 6 0 6
20524 39205 7 0 6
20524 39205 8 0 6
20524 39205 9 0 6
20524 39205 10 0 6
!leg 8529 202941 10 0 1 attackers:8529;victims:202941;type:1;valid_origin:True;recurrent:False;local:False
8529 202941 1 1 0
8529 202941 2 1 0
8529 202941 3 1 0
8529 202941 4 1 0
8529 202941 5 1 0
8529 202941 6 1 0
8529 202941 7 1 0
8529 202941 8 1 0
8529 202941 9 1 0
8529 202941 10 1 0
!leg 198603 203472 10 0 1 attackers:203472;victims:198603;type:1;valid_origin:True;recurrent:False;local:False
198603 203472 1 1 0
198603 203472 2 1 0
198603 203472 3 1 0
198603 203472 4 1 0
198603 203472 5 1 0
198603 203472 6 1 0
198603 203472 7 1 0
198603 203472 8 1 0
198603 203472 9 1 0
198603 203472 10 1 0
!sus 6663 56484 8 2 1 attackers:6663;victims:56484;type:3;valid_origin:True;recurrent:True;local:False
6663 56484 1 0 1
6663 56484 2 0 1
6663 56484 3 1 0
6663 56484 4 1 0
6663 56484 5 1 0
6663 56484 6 1 0
6663 56484 7 1 0
6663 56484 8 1 0
6663 56484 9 1 0
6663 56484 10 1 0
!leg 133210 140611 10 0 1 attackers:133210;victims:140611;type:1;valid_origin:True;recurrent:False;local:False
133210 140611 1 1 0
133210 140611 2 1 0
133210 140611 3 1 0
133210 140611 4 1 0
133210 140611 5 1 0
133210 140611 6 1 0
133210 140611 7 1 0
133210 140611 8 1 0
133210 140611 9 1 0
133210 140611 10 1 0
!sus 24413 152919 0 10 4 attackers:24413;victims:152919;type:1;valid_origin:True;recurrent:True;local:False
24413 152919 1 0 4
24413 152919 2 0 4
24413 152919 3 0 4
24413 152919 4 0 4
24413 152919 5 0 4
24413 152919 6 0 4
24413 152919 7 0 4
24413 152919 8 0 4
24413 152919 9 0 4
24413 152919 10 0 4
!sus 48011 59441 8 2 3 attackers:48011;victims:59441;type:1;valid_origin:True;recurrent:True;local:False
48011 59441 1 0 3
48011 59441 2 3 0
48011 59441 3 1 2
48011 59441 4 3 0
48011 59441 5 3 0
48011 59441 6 3 0
48011 59441 7 3 0
48011 59441 8 3 0
48011 59441 9 3 0
48011 59441 10 3 0
!sus 28573 133210 4 6 1 attackers:133210;victims:28573;type:1;valid_origin:True;recurrent:True;local:False
28573 133210 1 0 1
28573 133210 2 0 1
28573 133210 3 0 1
28573 133210 4 0 1
28573 133210 5 0 1
28573 133210 6 1 0
28573 133210 7 1 0
28573 133210 8 1 0
28573 133210 9 1 0
28573 133210 10 0 1
!leg 132337 263528 10 0 1 attackers:132337;victims:263528;type:1;valid_origin:True;recurrent:True;local:True
132337 263528 1 1 0
132337 263528 2 1 0
132337 263528 3 1 0
132337 263528 4 1 0
132337 263528 5 1 0
132337 263528 6 1 0
132337 263528 7 1 0
132337 263528 8 1 0
132337 263528 9 1 0
132337 263528 10 1 0
!sus 21277 215369 6 4 7 attackers:21277;victims:215369;type:1;valid_origin:True;recurrent:True;local:False
21277 215369 1 7 0
21277 215369 2 7 0
21277 215369 3 5 2
21277 215369 4 5 2
21277 215369 5 7 0
21277 215369 6 4 3
21277 215369 7 1 6
21277 215369 8 0 7
21277 215369 9 0 7
21277 215369 10 0 7
!sus 34927 401172 8 2 10 attackers:34927;victims:401172;type:1;valid_origin:True;recurrent:True;local:False
34927 401172 1 8 2
34927 401172 2 5 5
34927 401172 3 8 2
34927 401172 4 8 2
34927 401172 5 7 3
34927 401172 6 8 2
34927 401172 7 8 2
34927 401172 8 5 5
34927 401172 9 7 3
34927 401172 10 8 2
!sus 13335 24432 8 2 32 attackers:24432;victims:13335;type:1;valid_origin:True;recurrent:True;local:False
13335 24432 1 11 21
13335 24432 2 11 21
13335 24432 3 18 14
13335 24432 4 18 14
13335 24432 5 20 12
13335 24432 6 21 11
13335 24432 7 23 9
13335 24432 8 22 10
13335 24432 9 22 10
13335 24432 10 24 8
!sus 33363 394447 5 5 3 attackers:33363;victims:394447;type:1;valid_origin:True;recurrent:True;local:False
33363 394447 1 3 0
33363 394447 2 3 0
33363 394447 3 2 1
33363 394447 4 3 0
33363 394447 5 0 3
33363 394447 6 3 0
33363 394447 7 0 3
33363 394447 8 0 3
33363 394447 9 0 3
33363 394447 10 0 3
!sus 7195 58061 2 8 12 attackers:7195;victims:58061;type:1;valid_origin:True;recurrent:True;local:False
7195 58061 1 2 10
7195 58061 2 3 9
7195 58061 3 4 8
7195 58061 4 5 7
7195 58061 5 5 7
7195 58061 6 5 7
7195 58061 7 6 6
7195 58061 8 6 6
7195 58061 9 7 5
7195 58061 10 7 5
!sus 58057 209745 1 9 1 attackers:58057;victims:209745;type:1;valid_origin:True;recurrent:True;local:False
58057 209745 1 1 0
58057 209745 2 0 1
58057 209745 3 0 1
58057 209745 4 0 1
58057 209745 5 0 1
58057 209745 6 0 1
58057 209745 7 0 1
58057 209745 8 0 1
58057 209745 9 0 1
58057 209745 10 0 1
!leg 11336 20115 10 0 57 attackers:20115;victims:11336;type:1;valid_origin:True;recurrent:False;local:False
11336 20115 1 56 1
11336 20115 2 57 0
11336 20115 3 57 0
11336 20115 4 57 0
11336 20115 5 57 0
11336 20115 6 57 0
11336 20115 7 57 0
11336 20115 8 57 0
11336 20115 9 57 0
11336 20115 10 57 0
!sus 9312 24013 1 9 2 attackers:9312;victims:24013;type:1;valid_origin:True;recurrent:True;local:False
9312 24013 1 0 2
9312 24013 2 0 2
9312 24013 3 0 2
9312 24013 4 0 2
9312 24013 5 0 2
9312 24013 6 0 2
9312 24013 7 2 0
9312 24013 8 0 2
9312 24013 9 0 2
9312 24013 10 0 2
!sus 2639 15830 0 10 1 attackers:15830;victims:2639;type:1;valid_origin:True;recurrent:True;local:False
2639 15830 1 0 1
2639 15830 2 0 1
2639 15830 3 0 1
2639 15830 4 0 1
2639 15830 5 0 1
2639 15830 6 0 1
2639 15830 7 0 1
2639 15830 8 0 1
2639 15830 9 0 1
2639 15830 10 0 1
!sus 3783 397459 2 8 32 attackers:3783;victims:397459;type:1;valid_origin:True;recurrent:True;local:False
3783 397459 1 32 0
3783 397459 2 26 6
3783 397459 3 0 32
3783 397459 4 15 17
3783 397459 5 5 27
3783 397459 6 0 32
3783 397459 7 0 32
3783 397459 8 0 32
3783 397459 9 0 32
3783 397459 10 0 32
!sus 6821 214632 5 5 2 attackers:6821;victims:214632;type:1;valid_origin:True;recurrent:True;local:False
6821 214632 1 2 0
6821 214632 2 2 0
6821 214632 3 2 0
6821 214632 4 2 0
6821 214632 5 0 2
6821 214632 6 2 0
6821 214632 7 0 2
6821 214632 8 0 2
6821 214632 9 0 2
6821 214632 10 0 2
!sus 31133 59318 0 10 1 attackers:59318;victims:20940;type:3;valid_origin:True;recurrent:True;local:True
31133 59318 1 0 1
31133 59318 2 0 1
31133 59318 3 0 1
31133 59318 4 0 1
31133 59318 5 0 1
31133 59318 6 0 1
31133 59318 7 0 1
31133 59318 8 0 1
31133 59318 9 0 1
31133 59318 10 0 1
!sus 56630 214891 0 10 260 attackers:56630;victims:214891;type:1;valid_origin:False;recurrent:True;local:False
56630 214891 1 0 260
56630 214891 2 0 260
56630 214891 3 0 260
56630 214891 4 0 260
56630 214891 5 0 260
56630 214891 6 0 260
56630 214891 7 0 260
56630 214891 8 0 260
56630 214891 9 0 260
56630 214891 10 0 260
!leg 200612 263528 10 0 1 attackers:200612;victims:263528;type:1;valid_origin:True;recurrent:True;local:True
200612 263528 1 1 0
200612 263528 2 1 0
200612 263528 3 1 0
200612 263528 4 1 0
200612 263528 5 1 0
200612 263528 6 1 0
200612 263528 7 1 0
200612 263528 8 1 0
200612 263528 9 1 0
200612 263528 10 1 0
!leg 56258 152760 10 0 10 attackers:56258;victims:152760;type:1;valid_origin:True;recurrent:True;local:False
56258 152760 1 10 0
56258 152760 2 10 0
56258 152760 3 10 0
56258 152760 4 10 0
56258 152760 5 10 0
56258 152760 6 10 0
56258 152760 7 9 1
56258 152760 8 9 1
56258 152760 9 9 1
56258 152760 10 10 0
!sus 12654 142289 0 10 168 attackers:142289;victims:12654;type:1;valid_origin:True;recurrent:True;local:False
12654 142289 1 0 168
12654 142289 2 0 168
12654 142289 3 0 168
12654 142289 4 0 168
12654 142289 5 0 168
12654 142289 6 0 168
12654 142289 7 0 168
12654 142289 8 0 168
12654 142289 9 0 168
12654 142289 10 0 168
!sus 61102 208905 9 1 17 attackers:208905;victims:61102,60068;type:1,2;valid_origin:True;recurrent:True;local:False
61102 208905 1 0 17
61102 208905 2 10 7
61102 208905 3 9 8
61102 208905 4 13 4
61102 208905 5 14 3
61102 208905 6 15 2
61102 208905 7 15 2
61102 208905 8 15 2
61102 208905 9 15 2
61102 208905 10 15 2
!sus 262663 265312 0 10 96 attackers:265312;victims:262663;type:1;valid_origin:True;recurrent:True;local:False
262663 265312 1 24 72
262663 265312 2 28 68
262663 265312 3 29 67
262663 265312 4 28 68
262663 265312 5 26 70
262663 265312 6 28 68
262663 265312 7 36 60
262663 265312 8 29 67
262663 265312 9 28 68
262663 265312 10 38 58
!sus 139216 151364 2 8 101 attackers:151364;victims:139216,208698;type:1,2;valid_origin:True;recurrent:True;local:False
139216 151364 1 44 57
139216 151364 2 45 56
139216 151364 3 45 56
139216 151364 4 47 54
139216 151364 5 49 52
139216 151364 6 52 49
139216 151364 7 47 54
139216 151364 8 50 51
139216 151364 9 50 51
139216 151364 10 51 50
!leg 38195 142017 10 0 1 attackers:38195;victims:142017;type:1;valid_origin:True;recurrent:False;local:False
38195 142017 1 1 0
38195 142017 2 1 0
38195 142017 3 1 0
38195 142017 4 1 0
38195 142017 5 1 0
38195 142017 6 1 0
38195 142017 7 1 0
38195 142017 8 1 0
38195 142017 9 1 0
38195 142017 10 1 0
!sus 41427 44477 0 10 2 attackers:41427;victims:44477;type:1;valid_origin:True;recurrent:True;local:False
41427 44477 1 0 2
41427 44477 2 0 2
41427 44477 3 0 2
41427 44477 4 0 2
41427 44477 5 0 2
41427 44477 6 0 2
41427 44477 7 0 2
41427 44477 8 1 1
41427 44477 9 1 1
41427 44477 10 1 1
!sus 52152 55002 0 10 9 attackers:55002;victims:52152;type:1;valid_origin:True;recurrent:True;local:False
52152 55002 1 0 9
52152 55002 2 0 9
52152 55002 3 0 9
52152 55002 4 0 9
52152 55002 5 0 9
52152 55002 6 0 9
52152 55002 7 0 9
52152 55002 8 0 9
52152 55002 9 0 9
52152 55002 10 0 9
!leg 56655 211685 10 0 13 attackers:56655;victims:211685;type:1;valid_origin:True;recurrent:True;local:False
56655 211685 1 8 5
56655 211685 2 12 1
56655 211685 3 13 0
56655 211685 4 13 0
56655 211685 5 13 0
56655 211685 6 13 0
56655 211685 7 13 0
56655 211685 8 13 0
56655 211685 9 13 0
56655 211685 10 13 0
!sus 32787 49338 9 1 9 attackers:32787;victims:49338;type:1;valid_origin:True;recurrent:True;local:False
32787 49338 1 0 9
32787 49338 2 6 3
32787 49338 3 9 0
32787 49338 4 7 2
32787 49338 5 6 3
32787 49338 6 9 0
32787 49338 7 9 0
32787 49338 8 9 0
32787 49338 9 9 0
32787 49338 10 9 0
!sus 57391 214570 5 5 74 attackers:57391;victims:214570;type:1;valid_origin:True;recurrent:True;local:False
57391 214570 1 74 0
57391 214570 2 74 0
57391 214570 3 74 0
57391 214570 4 74 0
57391 214570 5 0 74
57391 214570 6 74 0
57391 214570 7 0 74
57391 214570 8 0 74
57391 214570 9 0 74
57391 214570 10 0 74
!sus 20562 59318 0 10 1 attackers:59318;victims:13335;type:3;valid_origin:True;recurrent:True;local:True
20562 59318 1 0 1
20562 59318 2 0 1
20562 59318 3 0 1
20562 59318 4 0 1
20562 59318 5 0 1
20562 59318 6 0 1
20562 59318 7 0 1
20562 59318 8 0 1
20562 59318 9 0 1
20562 59318 10 0 1
!sus 270585 271456 0 10 4 attackers:270585;victims:271456;type:1;valid_origin:True;recurrent:True;local:False
270585 271456 1 0 4
270585 271456 2 0 4
270585 271456 3 0 4
270585 271456 4 0 4
270585 271456 5 0 4
270585 271456 6 0 4
270585 271456 7 0 4
270585 271456 8 0 4
270585 271456 9 0 4
270585 271456 10 0 4
!sus 3758 152903 5 5 5 attackers:3758;victims:152903;type:1;valid_origin:True;recurrent:True;local:False
3758 152903 1 5 0
3758 152903 2 5 0
3758 152903 3 4 1
3758 152903 4 5 0
3758 152903 5 1 4
3758 152903 6 4 1
3758 152903 7 0 5
3758 152903 8 0 5
3758 152903 9 0 5
3758 152903 10 0 5
!sus 44477 262572 7 3 61 attackers:262572;victims:26383,215540,44559,44477;type:1,2;valid_origin:True;recurrent:True;local:False
44477 262572 1 0 61
44477 262572 2 0 61
44477 262572 3 48 13
44477 262572 4 22 39
44477 262572 5 54 7
44477 262572 6 55 6
44477 262572 7 60 1
44477 262572 8 60 1
44477 262572 9 60 1
44477 262572 10 60 1
!leg 139831 153087 10 0 1 attackers:139831;victims:153087;type:1;valid_origin:False;recurrent:False;local:False
139831 153087 1 1 0
139831 153087 2 1 0
139831 153087 3 1 0
139831 153087 4 1 0
139831 153087 5 1 0
139831 153087 6 1 0
139831 153087 7 1 0
139831 153087 8 1 0
139831 153087 9 1 0
139831 153087 10 1 0
!sus 52721 133210 4 6 1 attackers:133210;victims:52721;type:1;valid_origin:True;recurrent:True;local:False
52721 133210 1 0 1
52721 133210 2 0 1
52721 133210 3 0 1
52721 133210 4 0 1
52721 133210 5 0 1
52721 133210 6 0 1
52721 133210 7 1 0
52721 133210 8 1 0
52721 133210 9 1 0
52721 133210 10 1 0
!sus 13335 27800 0 10 5 attackers:27800;victims:13335;type:1;valid_origin:True;recurrent:True;local:False
13335 27800 1 1 4
13335 27800 2 1 4
13335 27800 3 1 4
13335 27800 4 1 4
13335 27800 5 2 3
13335 27800 6 1 4
13335 27800 7 1 4
13335 27800 8 2 3
13335 27800 9 1 4
13335 27800 10 2 3
!sus 5488 12641 5 5 54 attackers:5488;victims:12641;type:1;valid_origin:False;recurrent:False;local:False
5488 12641 1 54 0
5488 12641 2 54 0
5488 12641 3 54 0
5488 12641 4 54 0
5488 12641 5 0 54
5488 12641 6 54 0
5488 12641 7 0 54
5488 12641 8 0 54
5488 12641 9 0 54
5488 12641 10 0 54
!sus 133210 262503 0 10 1 attackers:133210;victims:262503;type:1;valid_origin:True;recurrent:False;local:False
133210 262503 1 0 1
133210 262503 2 0 1
133210 262503 3 0 1
133210 262503 4 0 1
133210 262503 5 0 1
133210 262503 6 0 1
133210 262503 7 0 1
133210 262503 8 0 1
133210 262503 9 0 1
133210 262503 10 0 1
!sus 5488 8220 0 10 41 attackers:5488;victims:8220;type:1;valid_origin:False;recurrent:False;local:False
5488 8220 1 0 41
5488 8220 2 0 41
5488 8220 3 0 41
5488 8220 4 0 41
5488 8220 5 0 41
5488 8220 6 0 41
5488 8220 7 0 41
5488 8220 8 0 41
5488 8220 9 0 41
5488 8220 10 0 41
!sus 132203 216458 9 1 1 attackers:216458;victims:132203;type:1;valid_origin:True;recurrent:True;local:False
132203 216458 1 0 1
132203 216458 2 1 0
132203 216458 3 1 0
132203 216458 4 1 0
132203 216458 5 1 0
132203 216458 6 1 0
132203 216458 7 1 0
132203 216458 8 1 0
132203 216458 9 1 0
132203 216458 10 1 0
!leg 133210 135761 10 0 1 attackers:133210;victims:135761;type:1;valid_origin:True;recurrent:False;local:False
133210 135761 1 1 0
133210 135761 2 1 0
133210 135761 3 1 0
133210 135761 4 1 0
133210 135761 5 1 0
133210 135761 6 1 0
133210 135761 7 1 0
133210 135761 8 1 0
133210 135761 9 1 0
133210 135761 10 1 0
!leg 4800 152079 10 0 107 attackers:4800;victims:152079;type:1;valid_origin:True;recurrent:False;local:False
4800 152079 1 107 0
4800 152079 2 107 0
4800 152079 3 107 0
4800 152079 4 107 0
4800 152079 5 107 0
4800 152079 6 107 0
4800 152079 7 107 0
4800 152079 8 107 0
4800 152079 9 107 0
4800 152079 10 107 0
!sus 4 152110 0 10 5 attackers:152110;victims:4;type:1;valid_origin:False;recurrent:False;local:False
4 152110 1 2 3
4 152110 2 2 3
4 152110 3 2 3
4 152110 4 2 3
4 152110 5 2 3
4 152110 6 2 3
4 152110 7 2 3
4 152110 8 2 3
4 152110 9 2 3
4 152110 10 2 3
!leg 6223 46087 10 0 39 attackers:6223;victims:46087;type:1;valid_origin:True;recurrent:False;local:False
6223 46087 1 39 0
6223 46087 2 39 0
6223 46087 3 39 0
6223 46087 4 39 0
6223 46087 5 39 0
6223 46087 6 39 0
6223 46087 7 39 0
6223 46087 8 39 0
6223 46087 9 39 0
6223 46087 10 39 0
!leg 262973 265482 10 0 7 attackers:265482;victims:270791;type:2;valid_origin:True;recurrent:False;local:False
262973 265482 1 7 0
262973 265482 2 7 0
262973 265482 3 7 0
262973 265482 4 7 0
262973 265482 5 7 0
262973 265482 6 7 0
262973 265482 7 7 0
262973 265482 8 7 0
262973 265482 9 7 0
262973 265482 10 7 0
!leg 133210 136920 10 0 1 attackers:133210;victims:136920;type:1;valid_origin:True;recurrent:False;local:False
133210 136920 1 1 0
133210 136920 2 1 0
133210 136920 3 1 0
133210 136920 4 1 0
133210 136920 5 1 0
133210 136920 6 1 0
133210 136920 7 1 0
133210 136920 8 1 0
133210 136920 9 1 0
133210 136920 10 1 0
!sus 31490 204227 0 10 1 attackers:31490;victims:204227;type:1;valid_origin:True;recurrent:True;local:False
31490 204227 1 0 1
31490 204227 2 0 1
31490 204227 3 0 1
31490 204227 4 0 1
31490 204227 5 0 1
31490 204227 6 0 1
31490 204227 7 0 1
31490 204227 8 0 1
31490 204227 9 0 1
31490 204227 10 0 1
!sus 61010 205342 6 4 1 attackers:61010;victims:205342;type:1;valid_origin:True;recurrent:True;local:False
61010 205342 1 1 0
61010 205342 2 1 0
61010 205342 3 1 0
61010 205342 4 1 0
61010 205342 5 1 0
61010 205342 6 1 0
61010 205342 7 0 1
61010 205342 8 0 1
61010 205342 9 0 1
61010 205342 10 0 1
!sus 15830 32824 0 10 2 attackers:15830;victims:32824;type:1;valid_origin:True;recurrent:True;local:False
15830 32824 1 0 2
15830 32824 2 0 2
15830 32824 3 0 2
15830 32824 4 0 2
15830 32824 5 0 2
15830 32824 6 0 2
15830 32824 7 0 2
15830 32824 8 1 1
15830 32824 9 1 1
15830 32824 10 1 1
!sus 135905 152950 5 5 6 attackers:135905;victims:152950;type:1;valid_origin:True;recurrent:True;local:False
135905 152950 1 6 0
135905 152950 2 6 0
135905 152950 3 6 0
135905 152950 4 6 0
135905 152950 5 0 6
135905 152950 6 6 0
135905 152950 7 0 6
135905 152950 8 0 6
135905 152950 9 0 6
135905 152950 10 0 6
!leg 3356 5054 10 0 2 attackers:3356;victims:5054;type:1;valid_origin:True;recurrent:True;local:False
3356 5054 1 2 0
3356 5054 2 2 0
3356 5054 3 2 0
3356 5054 4 2 0
3356 5054 5 2 0
3356 5054 6 2 0
3356 5054 7 2 0
3356 5054 8 2 0
3356 5054 9 2 0
3356 5054 10 2 0
!sus 12684 329307 0 10 5 attackers:12684;victims:329307;type:1;valid_origin:True;recurrent:True;local:False
12684 329307 1 0 5
12684 329307 2 0 5
12684 329307 3 0 5
12684 329307 4 0 5
12684 329307 5 0 5
12684 329307 6 0 5
12684 329307 7 0 5
12684 329307 8 0 5
12684 329307 9 0 5
12684 329307 10 0 5
!leg 131219 149981 10 0 83 attackers:131219;victims:149981;type:1;valid_origin:True;recurrent:False;local:False
131219 149981 1 83 0
131219 149981 2 83 0
131219 149981 3 83 0
131219 149981 4 83 0
131219 149981 5 83 0
131219 149981 6 83 0
131219 149981 7 83 0
131219 149981 8 83 0
131219 149981 9 83 0
131219 149981 10 83 0
!sus 269106 269109 0 10 3 attackers:269109;victims:269109;type:2;valid_origin:True;recurrent:False;local:False
269106 269109 1 1 2
269106 269109 2 1 2
269106 269109 3 1 2
269106 269109 4 1 2
269106 269109 5 1 2
269106 269109 6 0 3
269106 269109 7 0 3
269106 269109 8 1 2
269106 269109 9 0 3
269106 269109 10 0 3
!sus 29170 50091 0 10 8 attackers:29170;victims:50091;type:1;valid_origin:True;recurrent:True;local:False
29170 50091 1 2 6
29170 50091 2 0 8
29170 50091 3 3 5
29170 50091 4 2 6
29170 50091 5 3 5
29170 50091 6 4 4
29170 50091 7 2 6
29170 50091 8 0 8
29170 50091 9 0 8
29170 50091 10 0 8
!leg 49100 60627 10 0 80 attackers:49100;victims:60627;type:1;valid_origin:True;recurrent:False;local:False
49100 60627 1 80 0
49100 60627 2 80 0
49100 60627 3 80 0
49100 60627 4 80 0
49100 60627 5 80 0
49100 60627 6 80 0
49100 60627 7 80 0
49100 60627 8 80 0
49100 60627 9 80 0
49100 60627 10 80 0
!sus 57008 215055 4 6 5 attackers:57008;victims:215055;type:1;valid_origin:True;recurrent:True;local:False
57008 215055 1 5 0
57008 215055 2 5 0
57008 215055 3 0 5
57008 215055 4 5 0
57008 215055 5 1 4
57008 215055 6 5 0
57008 215055 7 0 5
57008 215055 8 0 5
57008 215055 9 0 5
57008 215055 10 0 5
!leg 133210 141866 10 0 1 attackers:133210;victims:141866;type:1;valid_origin:True;recurrent:False;local:False
133210 141866 1 1 0
133210 141866 2 1 0
133210 141866 3 1 0
133210 141866 4 1 0
133210 141866 5 1 0
133210 141866 6 1 0
133210 141866 7 1 0
133210 141866 8 1 0
133210 141866 9 1 0
133210 141866 10 1 0
!sus 34927 401214 8 2 10 attackers:34927;victims:401214;type:1;valid_origin:True;recurrent:True;local:False
34927 401214 1 8 2
34927 401214 2 5 5
34927 401214 3 8 2
34927 401214 4 8 2
34927 401214 5 7 3
34927 401214 6 8 2
34927 401214 7 8 2
34927 401214 8 5 5
34927 401214 9 7 3
34927 401214 10 8 2
!sus 61553 63293 0 10 238 attackers:61553;victims:63293;type:1;valid_origin:True;recurrent:True;local:False
61553 63293 1 0 238
61553 63293 2 0 238
61553 63293 3 0 238
61553 63293 4 3 235
61553 63293 5 5 233
61553 63293 6 22 216
61553 63293 7 20 218
61553 63293 8 32 206
61553 63293 9 28 210
61553 63293 10 35 203
!sus 32787 142017 0 10 14 attackers:142017;victims:19579,53712,12169,9357,22794,1766,31612;type:2;valid_origin:True;recurrent:False;local:False
32787 142017 1 0 14
32787 142017 2 7 7
32787 142017 3 7 7
32787 142017 4 7 7
32787 142017 5 7 7
32787 142017 6 7 7
32787 142017 7 7 7
32787 142017 8 7 7
32787 142017 9 7 7
32787 142017 10 7 7
!sus 2027 215097 0 10 18 attackers:2027;victims:215097;type:1;valid_origin:True;recurrent:True;local:False
2027 215097 1 0 18
2027 215097 2 0 18
2027 215097 3 2 16
2027 215097 4 5 13
2027 215097 5 5 13
2027 215097 6 5 13
2027 215097 7 5 13
2027 215097 8 5 13
2027 215097 9 5 13
2027 215097 10 5 13
!leg 9730 18207 10 0 60 attackers:9730;victims:18207;type:1;valid_origin:True;recurrent:False;local:False
9730 18207 1 60 0
9730 18207 2 60 0
9730 18207 3 60 0
9730 18207 4 60 0
9730 18207 5 60 0
9730 18207 6 60 0
9730 18207 7 60 0
9730 18207 8 60 0
9730 18207 9 60 0
9730 18207 10 60 0
!sus 6866 207431 0 10 2 attackers:6866;victims:207431;type:1;valid_origin:True;recurrent:True;local:False
6866 207431 1 1 1
6866 207431 2 1 1
6866 207431 3 1 1
6866 207431 4 1 1
6866 207431 5 1 1
6866 207431 6 1 1
6866 207431 7 0 2
6866 207431 8 0 2
6866 207431 9 0 2
6866 207431 10 0 2
!leg 265936 271643 10 0 74 attackers:265936;victims:271643;type:1;valid_origin:True;recurrent:False;local:False
265936 271643 1 74 0
265936 271643 2 74 0
265936 271643 3 74 0
265936 271643 4 74 0
265936 271643 5 74 0
265936 271643 6 74 0
265936 271643 7 74 0
265936 271643 8 74 0
265936 271643 9 74 0
265936 271643 10 74 0
!sus 262663 271564 0 10 194 attackers:271564;victims:262663;type:1;valid_origin:True;recurrent:True;local:False
262663 271564 1 18 176
262663 271564 2 29 165
262663 271564 3 30 164
262663 271564 4 22 172
262663 271564 5 62 132
262663 271564 6 35 159
262663 271564 7 30 164
262663 271564 8 44 150
262663 271564 9 32 162
262663 271564 10 34 160
!leg 150001 150718 10 0 1 attackers:150001;victims:150718;type:1;valid_origin:True;recurrent:False;local:False
150001 150718 1 1 0
150001 150718 2 1 0
150001 150718 3 1 0
150001 150718 4 1 0
150001 150718 5 1 0
150001 150718 6 1 0
150001 150718 7 1 0
150001 150718 8 1 0
150001 150718 9 1 0
150001 150718 10 1 0
!leg 1828 151847 10 0 5 attackers:1828;victims:151847;type:1;valid_origin:True;recurrent:True;local:False
1828 151847 1 5 0
1828 151847 2 5 0
1828 151847 3 5 0
1828 151847 4 5 0
1828 151847 5 5 0
1828 151847 6 5 0
1828 151847 7 5 0
1828 151847 8 5 0
1828 151847 9 5 0
1828 151847 10 5 0
!sus 29802 33302 0 10 3 attackers:33302;victims:29802;type:1;valid_origin:True;recurrent:True;local:False
29802 33302 1 0 3
29802 33302 2 0 3
29802 33302 3 0 3
29802 33302 4 0 3
29802 33302 5 0 3
29802 33302 6 0 3
29802 33302 7 0 3
29802 33302 8 0 3
29802 33302 9 0 3
29802 33302 10 0 3
!sus 13335 63859 5 5 8 attackers:63859;victims:13335;type:1;valid_origin:True;recurrent:True;local:False
13335 63859 1 0 8
13335 63859 2 0 8
13335 63859 3 0 8
13335 63859 4 0 8
13335 63859 5 2 6
13335 63859 6 7 1
13335 63859 7 7 1
13335 63859 8 7 1
13335 63859 9 7 1
13335 63859 10 7 1
!sus 2914 58629 1 9 4 attackers:2914;victims:58629;type:1;valid_origin:True;recurrent:True;local:False
2914 58629 1 0 4
2914 58629 2 0 4
2914 58629 3 1 3
2914 58629 4 0 4
2914 58629 5 1 3
2914 58629 6 0 4
2914 58629 7 1 3
2914 58629 8 1 3
2914 58629 9 1 3
2914 58629 10 3 1
!sus 954 1299 0 10 2 attackers:1299;victims:954;type:1;valid_origin:True;recurrent:True;local:False
954 1299 1 1 1
954 1299 2 1 1
954 1299 3 0 2
954 1299 4 0 2
954 1299 5 0 2
954 1299 6 0 2
954 1299 7 0 2
954 1299 8 0 2
954 1299 9 1 1
954 1299 10 1 1
!sus 59908 215298 2 8 2 attackers:59908;victims:215298;type:1;valid_origin:True;recurrent:True;local:False
59908 215298 1 0 2
59908 215298 2 0 2
59908 215298 3 0 2
59908 215298 4 0 2
59908 215298 5 0 2
59908 215298 6 2 0
59908 215298 7 0 2
59908 215298 8 0 2
59908 215298 9 0 2
59908 215298 10 2 0
!leg 133210 138581 10 0 1 attackers:133210;victims:138581;type:1;valid_origin:True;recurrent:False;local:False
133210 138581 1 1 0
133210 138581 2 1 0
133210 138581 3 1 0
133210 138581 4 1 0
133210 138581 5 1 0
133210 138581 6 1 0
133210 138581 7 1 0
133210 138581 8 1 0
133210 138581 9 1 0
133210 138581 10 1 0
!sus 43372 205481 0 10 2 attackers:43372;victims:205481;type:1;valid_origin:True;recurrent:True;local:False
43372 205481 1 0 2
43372 205481 2 0 2
43372 205481 3 0 2
43372 205481 4 0 2
43372 205481 5 0 2
43372 205481 6 0 2
43372 205481 7 0 2
43372 205481 8 0 2
43372 205481 9 0 2
43372 205481 10 0 2
!sus 3356 133210 0 10 1 attackers:133210;victims:3356;type:1;valid_origin:True;recurrent:True;local:False
3356 133210 1 0 1
3356 133210 2 0 1
3356 133210 3 0 1
3356 133210 4 0 1
3356 133210 5 0 1
3356 133210 6 0 1
3356 133210 7 0 1
3356 133210 8 0 1
3356 133210 9 0 1
3356 133210 10 0 1
!sus 18345 134176 0 10 14 attackers:18345;victims:134176;type:1;valid_origin:True;recurrent:True;local:False
18345 134176 1 1 13
18345 134176 2 1 13
18345 134176 3 1 13
18345 134176 4 1 13
18345 134176 5 1 13
18345 134176 6 2 12
18345 134176 7 2 12
18345 134176 8 3 11
18345 134176 9 3 11
18345 134176 10 3 11
!sus 214599 272993 3 7 2 attackers:272993;victims:214599;type:1;valid_origin:True;recurrent:True;local:False
214599 272993 1 0 2
214599 272993 2 0 2
214599 272993 3 0 2
214599 272993 4 2 0
214599 272993 5 0 2
214599 272993 6 1 1
214599 272993 7 1 1
214599 272993 8 2 0
214599 272993 9 0 2
214599 272993 10 2 0
!leg 53013 264552 10 0 10 attackers:264552;victims:266942;type:4;valid_origin:True;recurrent:False;local:False
53013 264552 1 10 0
53013 264552 2 10 0
53013 264552 3 10 0
53013 264552 4 10 0
53013 264552 5 10 0
53013 264552 6 10 0
53013 264552 7 10 0
53013 264552 8 10 0
53013 264552 9 10 0
53013 264552 10 10 0
!sus 52361 272839 5 5 4 attackers:52361;victims:272839;type:1;valid_origin:True;recurrent:True;local:False
52361 272839 1 4 0
52361 272839 2 4 0
52361 272839 3 4 0
52361 272839 4 4 0
52361 272839 5 0 4
52361 272839 6 4 0
52361 272839 7 0 4
52361 272839 8 0 4
52361 272839 9 0 4
52361 272839 10 0 4
!sus 136933 401254 1 9 179 attackers:136933;victims:401254;type:1;valid_origin:True;recurrent:True;local:False
136933 401254 1 0 179
136933 401254 2 2 177
136933 401254 3 0 179
136933 401254 4 0 179
136933 401254 5 82 97
136933 401254 6 78 101
136933 401254 7 28 151
136933 401254 8 0 179
136933 401254 9 130 49
136933 401254 10 89 90
!sus 13723 15830 0 10 2 attackers:15830;victims:13723;type:1;valid_origin:True;recurrent:True;local:False
13723 15830 1 0 2
13723 15830 2 1 1
13723 15830 3 1 1
13723 15830 4 1 1
13723 15830 5 1 1
13723 15830 6 1 1
13723 15830 7 1 1
13723 15830 8 1 1
13723 15830 9 1 1
13723 15830 10 1 1
!sus 52324 63293 0 10 27 attackers:52324;victims:63293;type:1;valid_origin:True;recurrent:True;local:False
52324 63293 1 0 27
52324 63293 2 1 26
52324 63293 3 1 26
52324 63293 4 1 26
52324 63293 5 1 26
52324 63293 6 1 26
52324 63293 7 1 26
52324 63293 8 2 25
52324 63293 9 2 25
52324 63293 10 2 25
!sus 58678 133210 9 1 1 attackers:133210;victims:58678;type:1;valid_origin:True;recurrent:True;local:False
58678 133210 1 0 1
58678 133210 2 1 0
58678 133210 3 1 0
58678 133210 4 1 0
58678 133210 5 1 0
58678 133210 6 1 0
58678 133210 7 1 0
58678 133210 8 1 0
58678 133210 9 1 0
58678 133210 10 1 0
!sus 272110 273861 6 4 2 attackers:272110;victims:273861;type:1;valid_origin:True;recurrent:True;local:False
272110 273861 1 2 0
272110 273861 2 2 0
272110 273861 3 2 0
272110 273861 4 2 0
272110 273861 5 0 2
272110 273861 6 2 0
272110 273861 7 0 2
272110 273861 8 0 2
272110 273861 9 0 2
272110 273861 10 2 0
!sus 4766 26506 8 2 5 attackers:4766;victims:26506;type:1;valid_origin:True;recurrent:True;local:False
4766 26506 1 1 4
4766 26506 2 1 4
4766 26506 3 5 0
4766 26506 4 4 1
4766 26506 5 5 0
4766 26506 6 5 0
4766 26506 7 5 0
4766 26506 8 5 0
4766 26506 9 5 0
4766 26506 10 5 0
!sus 23248 31850 5 5 6 attackers:23248;victims:31850;type:1;valid_origin:True;recurrent:True;local:False
23248 31850 1 6 0
23248 31850 2 6 0
23248 31850 3 5 1
23248 31850 4 6 0
23248 31850 5 2 4
23248 31850 6 5 1
23248 31850 7 0 6
23248 31850 8 0 6
23248 31850 9 0 6
23248 31850 10 0 6
!sus 37725 329206 4 6 7 attackers:329206;victims:37725;type:1;valid_origin:True;recurrent:True;local:False
37725 329206 1 0 7
37725 329206 2 0 7
37725 329206 3 0 7
37725 329206 4 0 7
37725 329206 5 6 1
37725 329206 6 0 7
37725 329206 7 7 0
37725 329206 8 2 5
37725 329206 9 7 0
37725 329206 10 7 0
!sus 138195 214740 0 10 2 attackers:138195;victims:214740;type:1;valid_origin:True;recurrent:True;local:False
138195 214740 1 0 2
138195 214740 2 0 2
138195 214740 3 0 2
138195 214740 4 0 2
138195 214740 5 0 2
138195 214740 6 1 1
138195 214740 7 0 2
138195 214740 8 0 2
138195 214740 9 0 2
138195 214740 10 0 2
!leg 28572 61592 10 0 1 attackers:61592;victims:28572;type:1;valid_origin:True;recurrent:False;local:False
28572 61592 1 1 0
28572 61592 2 1 0
28572 61592 3 1 0
28572 61592 4 1 0
28572 61592 5 1 0
28572 61592 6 1 0
28572 61592 7 1 0
28572 61592 8 1 0
28572 61592 9 1 0
28572 61592 10 1 0
!leg 9269 23576 10 0 1 attackers:9269;victims:23576;type:1;valid_origin:True;recurrent:False;local:False
9269 23576 1 1 0
9269 23576 2 1 0
9269 23576 3 1 0
9269 23576 4 1 0
9269 23576 5 1 0
9269 23576 6 1 0
9269 23576 7 1 0
9269 23576 8 1 0
9269 23576 9 1 0
9269 23576 10 1 0
!leg 58057 199052 10 0 161 attackers:58057;victims:199052;type:1;valid_origin:True;recurrent:False;local:False
58057 199052 1 134 27
58057 199052 2 144 17
58057 199052 3 147 14
58057 199052 4 146 15
58057 199052 5 148 13
58057 199052 6 148 13
58057 199052 7 151 10
58057 199052 8 150 11
58057 199052 9 148 13
58057 199052 10 148 13
!sus 44217 198589 0 10 5 attackers:198589;victims:44217;type:1;valid_origin:True;recurrent:True;local:False
44217 198589 1 0 5
44217 198589 2 0 5
44217 198589 3 0 5
44217 198589 4 0 5
44217 198589 5 0 5
44217 198589 6 0 5
44217 198589 7 0 5
44217 198589 8 0 5
44217 198589 9 0 5
44217 198589 10 0 5
!sus 209533 214542 6 4 3 attackers:209533;victims:214542;type:1;valid_origin:True;recurrent:True;local:False
209533 214542 1 0 3
209533 214542 2 1 2
209533 214542 3 2 1
209533 214542 4 1 2
209533 214542 5 1 2
209533 214542 6 3 0
209533 214542 7 3 0
209533 214542 8 3 0
209533 214542 9 3 0
209533 214542 10 3 0
!sus 133210 134788 8 2 1 attackers:133210;victims:134788;type:1;valid_origin:True;recurrent:True;local:False
133210 134788 1 0 1
133210 134788 2 0 1
133210 134788 3 1 0
133210 134788 4 1 0
133210 134788 5 1 0
133210 134788 6 1 0
133210 134788 7 1 0
133210 134788 8 1 0
133210 134788 9 1 0
133210 134788 10 1 0
!sus 63646 139162 3 7 4 attackers:63646;victims:139162;type:1;valid_origin:True;recurrent:True;local:False
63646 139162 1 4 0
63646 139162 2 4 0
63646 139162 3 0 4
63646 139162 4 4 0
63646 139162 5 0 4
63646 139162 6 1 3
63646 139162 7 0 4
63646 139162 8 0 4
63646 139162 9 0 4
63646 139162 10 0 4
!sus 13335 20294 0 10 7 attackers:20294;victims:13335;type:1;valid_origin:True;recurrent:True;local:False
13335 20294 1 0 7
13335 20294 2 0 7
13335 20294 3 0 7
13335 20294 4 0 7
13335 20294 5 0 7
13335 20294 6 0 7
13335 20294 7 1 6
13335 20294 8 2 5
13335 20294 9 2 5
13335 20294 10 2 5
!sus 13999 133210 8 2 1 attackers:133210;victims:13999;type:1;valid_origin:True;recurrent:True;local:False
13999 133210 1 0 1
13999 133210 2 0 1
13999 133210 3 1 0
13999 133210 4 1 0
13999 133210 5 1 0
13999 133210 6 1 0
13999 133210 7 1 0
13999 133210 8 1 0
13999 133210 9 1 0
13999 133210 10 1 0
!sus 32038 396926 5 5 6 attackers:396926;victims:32038;type:1;valid_origin:True;recurrent:True;local:False
32038 396926 1 5 1
32038 396926 2 6 0
32038 396926 3 5 1
32038 396926 4 5 1
32038 396926 5 1 5
32038 396926 6 3 3
32038 396926 7 0 6
32038 396926 8 0 6
32038 396926 9 4 2
32038 396926 10 0 6
!sus 41051 208584 8 2 3 attackers:41051;victims:208584;type:1;valid_origin:True;recurrent:True;local:False
41051 208584 1 0 3
41051 208584 2 1 2
41051 208584 3 3 0
41051 208584 4 3 0
41051 208584 5 3 0
41051 208584 6 3 0
41051 208584 7 3 0
41051 208584 8 3 0
41051 208584 9 3 0
41051 208584 10 3 0
!sus 51765 200508 0 10 5 attackers:51765;victims:200508;type:1;valid_origin:True;recurrent:True;local:False
51765 200508 1 0 5
51765 200508 2 0 5
51765 200508 3 0 5
51765 200508 4 0 5
51765 200508 5 0 5
51765 200508 6 0 5
51765 200508 7 0 5
51765 200508 8 0 5
51765 200508 9 0 5
51765 200508 10 0 5
!sus 56258 152837 7 3 102 attackers:56258;victims:152837;type:1;valid_origin:True;recurrent:True;local:False
56258 152837 1 102 0
56258 152837 2 102 0
56258 152837 3 86 16
56258 152837 4 101 1
56258 152837 5 102 0
56258 152837 6 72 30
56258 152837 7 19 83
56258 152837 8 15 87
56258 152837 9 5 97
56258 152837 10 54 48
!sus 209533 214775 0 10 136 attackers:209533;victims:214775;type:1;valid_origin:True;recurrent:True;local:False
209533 214775 1 38 98
209533 214775 2 1 135
209533 214775 3 0 136
209533 214775 4 0 136
209533 214775 5 0 136
209533 214775 6 0 136
209533 214775 7 0 136
209533 214775 8 0 136
209533 214775 9 0 136
209533 214775 10 8 128
!sus 48326 63293 0 10 7 attackers:48326;victims:63293;type:1;valid_origin:True;recurrent:True;local:False
48326 63293 1 0 7
48326 63293 2 0 7
48326 63293 3 0 7
48326 63293 4 0 7
48326 63293 5 0 7
48326 63293 6 0 7
48326 63293 7 1 6
48326 63293 8 1 6
48326 63293 9 1 6
48326 63293 10 1 6
!sus 32097 39386 9 1 1 attackers:39386;victims:200690;type:5;valid_origin:True;recurrent:True;local:False
32097 39386 1 0 1
32097 39386 2 1 0
32097 39386 3 1 0
32097 39386 4 1 0
32097 39386 5 1 0
32097 39386 6 1 0
32097 39386 7 1 0
32097 39386 8 1 0
32097 39386 9 1 0
32097 39386 10 1 0
!sus 55116 209533 0 10 154 attackers:209533;victims:55116;type:1;valid_origin:True;recurrent:True;local:False
55116 209533 1 21 133
55116 209533 2 20 134
55116 209533 3 0 154
55116 209533 4 0 154
55116 209533 5 31 123
55116 209533 6 0 154
55116 209533 7 0 154
55116 209533 8 0 154
55116 209533 9 0 154
55116 209533 10 0 154
!sus 58299 214624 0 10 6 attackers:58299;victims:214624;type:1;valid_origin:True;recurrent:True;local:False
58299 214624 1 3 3
58299 214624 2 2 4
58299 214624 3 3 3
58299 214624 4 3 3
58299 214624 5 3 3
58299 214624 6 3 3
58299 214624 7 2 4
58299 214624 8 3 3
58299 214624 9 2 4
58299 214624 10 3 3
!leg 265232 265482 10 0 10 attackers:265482;victims:265232;type:1;valid_origin:True;recurrent:False;local:False
265232 265482 1 10 0
265232 265482 2 10 0
265232 265482 3 10 0
265232 265482 4 10 0
265232 265482 5 10 0
265232 265482 6 10 0
265232 265482 7 10 0
265232 265482 8 10 0
265232 265482 9 10 0
265232 265482 10 10 0
!sus 272094 273839 6 4 3 attackers:272094;victims:273839;type:1;valid_origin:True;recurrent:True;local:False
272094 273839 1 3 0
272094 273839 2 3 0
272094 273839 3 3 0
272094 273839 4 3 0
272094 273839 5 0 3
272094 273839 6 3 0
272094 273839 7 0 3
272094 273839 8 0 3
272094 273839 9 0 3
272094 273839 10 3 0
!leg 63969 138346 10 0 2 attackers:138346;victims:140076;type:3;valid_origin:True;recurrent:False;local:False
63969 138346 1 2 0
63969 138346 2 2 0
63969 138346 3 2 0
63969 138346 4 2 0
63969 138346 5 2 0
63969 138346 6 2 0
63969 138346 7 2 0
63969 138346 8 2 0
63969 138346 9 2 0
63969 138346 10 2 0
!sus 46058 139374 5 5 7 attackers:46058;victims:139374;type:1;valid_origin:True;recurrent:True;local:False
46058 139374 1 7 0
46058 139374 2 7 0
46058 139374 3 4 3
46058 139374 4 7 0
46058 139374 5 2 5
46058 139374 6 5 2
46058 139374 7 0 7
46058 139374 8 0 7
46058 139374 9 0 7
46058 139374 10 0 7
!leg 38210 133210 10 0 1 attackers:133210;victims:38210;type:1;valid_origin:True;recurrent:False;local:False
38210 133210 1 1 0
38210 133210 2 1 0
38210 133210 3 1 0
38210 133210 4 1 0
38210 133210 5 1 0
38210 133210 6 1 0
38210 133210 7 1 0
38210 133210 8 1 0
38210 133210 9 1 0
38210 133210 10 1 0
!sus 34872 209642 0 10 3 attackers:34872;victims:209642;type:1;valid_origin:True;recurrent:True;local:False
34872 209642 1 0 3
34872 209642 2 0 3
34872 209642 3 0 3
34872 209642 4 0 3
34872 209642 5 0 3
34872 209642 6 1 2
34872 209642 7 1 2
34872 209642 8 1 2
34872 209642 9 1 2
34872 209642 10 1 2
!sus 8529 9927 9 1 1 attackers:8529;victims:9927;type:1;valid_origin:True;recurrent:False;local:False
8529 9927 1 0 1
8529 9927 2 1 0
8529 9927 3 1 0
8529 9927 4 1 0
8529 9927 5 1 0
8529 9927 6 1 0
8529 9927 7 1 0
8529 9927 8 1 0
8529 9927 9 1 0
8529 9927 10 1 0
!sus 2914 266413 1 9 8 attackers:2914;victims:267443,266413,269206;type:1,2;valid_origin:True;recurrent:True;local:False
2914 266413 1 2 6
2914 266413 2 2 6
2914 266413 3 2 6
2914 266413 4 4 4
2914 266413 5 2 6
2914 266413 6 4 4
2914 266413 7 4 4
2914 266413 8 4 4
2914 266413 9 4 4
2914 266413 10 5 3
!leg 31500 51437 10 0 1 attackers:31500;victims:51437;type:1;valid_origin:True;recurrent:False;local:False
31500 51437 1 1 0
31500 51437 2 1 0
31500 51437 3 1 0
31500 51437 4 1 0
31500 51437 5 1 0
31500 51437 6 1 0
31500 51437 7 1 0
31500 51437 8 1 0
31500 51437 9 1 0
31500 51437 10 1 0
!leg 17858 133210 10 0 1 attackers:133210;victims:17858;type:1;valid_origin:True;recurrent:False;local:False
17858 133210 1 1 0
17858 133210 2 1 0
17858 133210 3 1 0
17858 133210 4 1 0
17858 133210 5 1 0
17858 133210 6 1 0
17858 133210 7 1 0
17858 133210 8 1 0
17858 133210 9 1 0
17858 133210 10 1 0
!leg 61568 264547 10 0 1 attackers:61568;victims:264547;type:1;valid_origin:True;recurrent:False;local:True
61568 264547 1 1 0
61568 264547 2 1 0
61568 264547 3 1 0
61568 264547 4 1 0
61568 264547 5 1 0
61568 264547 6 1 0
61568 264547 7 1 0
61568 264547 8 1 0
61568 264547 9 1 0
61568 264547 10 1 0
!sus 14346 15830 5 5 7 attackers:15830;victims:14346;type:1;valid_origin:True;recurrent:True;local:False
14346 15830 1 0 7
14346 15830 2 0 7
14346 15830 3 4 3
14346 15830 4 4 3
14346 15830 5 5 2
14346 15830 6 2 5
14346 15830 7 2 5
14346 15830 8 4 3
14346 15830 9 4 3
14346 15830 10 2 5
!sus 42910 44901 6 4 25 attackers:44901;victims:42910;type:1;valid_origin:True;recurrent:True;local:False
42910 44901 1 0 25
42910 44901 2 0 25
42910 44901 3 7 18
42910 44901 4 8 17
42910 44901 5 24 1
42910 44901 6 18 7
42910 44901 7 25 0
42910 44901 8 25 0
42910 44901 9 25 0
42910 44901 10 25 0
!leg 38158 149881 10 0 8 attackers:38158;victims:149881;type:1;valid_origin:True;recurrent:False;local:False
38158 149881 1 8 0
38158 149881 2 8 0
38158 149881 3 8 0
38158 149881 4 8 0
38158 149881 5 8 0
38158 149881 6 8 0
38158 149881 7 8 0
38158 149881 8 8 0
38158 149881 9 8 0
38158 149881 10 8 0
!sus 265139 273530 5 5 30 attackers:265139;victims:273530;type:1;valid_origin:True;recurrent:True;local:False
265139 273530 1 30 0
265139 273530 2 30 0
265139 273530 3 29 1
265139 273530 4 30 0
265139 273530 5 3 27
265139 273530 6 30 0
265139 273530 7 0 30
265139 273530 8 0 30
265139 273530 9 0 30
265139 273530 10 0 30
!leg 38771 133210 10 0 1 attackers:133210;victims:38771;type:1;valid_origin:True;recurrent:False;local:False
38771 133210 1 1 0
38771 133210 2 1 0
38771 133210 3 1 0
38771 133210 4 1 0
38771 133210 5 1 0
38771 133210 6 1 0
38771 133210 7 1 0
38771 133210 8 1 0
38771 133210 9 1 0
38771 133210 10 1 0
!sus 36040 136873 2 8 1 attackers:136873;victims:36040;type:1;valid_origin:True;recurrent:True;local:False
36040 136873 1 0 1
36040 136873 2 0 1
36040 136873 3 0 1
36040 136873 4 0 1
36040 136873 5 0 1
36040 136873 6 0 1
36040 136873 7 1 0
36040 136873 8 1 0
36040 136873 9 0 1
36040 136873 10 0 1
!sus 100 329381 0 10 3 attackers:329381;victims:100;type:1;valid_origin:True;recurrent:True;local:False
100 329381 1 0 3
100 329381 2 0 3
100 329381 3 0 3
100 329381 4 0 3
100 329381 5 0 3
100 329381 6 0 3
100 329381 7 0 3
100 329381 8 0 3
100 329381 9 0 3
100 329381 10 0 3
!sus 5606 40850 6 4 3 attackers:40850;victims:211611;type:2;valid_origin:True;recurrent:False;local:False
5606 40850 1 0 3
5606 40850 2 0 3
5606 40850 3 0 3
5606 40850 4 0 3
5606 40850 5 3 0
5606 40850 6 3 0
5606 40850 7 3 0
5606 40850 8 3 0
5606 40850 9 3 0
5606 40850 10 3 0
!sus 7049 59318 0 10 1 attackers:59318;victims:42473;type:2;valid_origin:True;recurrent:True;local:True
7049 59318 1 0 1
7049 59318 2 0 1
7049 59318 3 0 1
7049 59318 4 0 1
7049 59318 5 0 1
7049 59318 6 0 1
7049 59318 7 0 1
7049 59318 8 0 1
7049 59318 9 0 1
7049 59318 10 0 1
!sus 24748 50889 0 10 1 attackers:24748;victims:50889;type:1;valid_origin:True;recurrent:True;local:False
24748 50889 1 0 1
24748 50889 2 0 1
24748 50889 3 0 1
24748 50889 4 0 1
24748 50889 5 0 1
24748 50889 6 0 1
24748 50889 7 0 1
24748 50889 8 0 1
24748 50889 9 0 1
24748 50889 10 0 1
!sus 16592 273189 9 1 13 attackers:273189;victims:16592;type:1;valid_origin:True;recurrent:True;local:False
16592 273189 1 3 10
16592 273189 2 7 6
16592 273189 3 7 6
16592 273189 4 10 3
16592 273189 5 11 2
16592 273189 6 11 2
16592 273189 7 11 2
16592 273189 8 12 1
16592 273189 9 12 1
16592 273189 10 12 1
!sus 38731 152933 5 5 105 attackers:38731;victims:152933;type:1;valid_origin:True;recurrent:True;local:False
38731 152933 1 105 0
38731 152933 2 105 0
38731 152933 3 89 16
38731 152933 4 105 0
38731 152933 5 18 87
38731 152933 6 86 19
38731 152933 7 0 105
38731 152933 8 0 105
38731 152933 9 0 105
38731 152933 10 4 101
!sus 6866 59318 0 10 1 attackers:59318;victims:13335;type:2;valid_origin:True;recurrent:True;local:True
6866 59318 1 0 1
6866 59318 2 0 1
6866 59318 3 0 1
6866 59318 4 0 1
6866 59318 5 0 1
6866 59318 6 0 1
6866 59318 7 0 1
6866 59318 8 0 1
6866 59318 9 0 1
6866 59318 10 0 1
!sus 52468 273822 1 9 91 attackers:52468;victims:273822;type:1;valid_origin:True;recurrent:True;local:False
52468 273822 1 53 38
52468 273822 2 13 78
52468 273822 3 4 87
52468 273822 4 0 91
52468 273822 5 1 90
52468 273822 6 3 88
52468 273822 7 0 91
52468 273822 8 0 91
52468 273822 9 0 91
52468 273822 10 0 91
!sus 30962 41692 9 1 1 attackers:30962;victims:41692;type:1;valid_origin:True;recurrent:True;local:False
30962 41692 1 0 1
30962 41692 2 1 0
30962 41692 3 1 0
30962 41692 4 1 0
30962 41692 5 1 0
30962 41692 6 1 0
30962 41692 7 1 0
30962 41692 8 1 0
30962 41692 9 1 0
30962 41692 10 1 0
!sus 37677 327978 6 4 5 attackers:37677;victims:327978;type:1;valid_origin:True;recurrent:True;local:False
37677 327978 1 5 0
37677 327978 2 5 0
37677 327978 3 5 0
37677 327978 4 5 0
37677 327978 5 5 0
37677 327978 6 5 0
37677 327978 7 0 5
37677 327978 8 0 5
37677 327978 9 0 5
37677 327978 10 0 5
!sus 7303 133210 4 6 1 attackers:133210;victims:7303;type:1;valid_origin:True;recurrent:True;local:False
7303 133210 1 0 1
7303 133210 2 0 1
7303 133210 3 0 1
7303 133210 4 0 1
7303 133210 5 1 0
7303 133210 6 0 1
7303 133210 7 1 0
7303 133210 8 0 1
7303 133210 9 1 0
7303 133210 10 1 0
!sus 209533 215165 0 10 423 attackers:209533;victims:215165;type:1;valid_origin:True;recurrent:True;local:False
209533 215165 1 35 388
209533 215165 2 1 422
209533 215165 3 0 423
209533 215165 4 0 423
209533 215165 5 0 423
209533 215165 6 0 423
209533 215165 7 0 423
209533 215165 8 0 423
209533 215165 9 0 423
209533 215165 10 7 416
!leg 265175 265482 10 0 3 attackers:265482;victims:273619;type:2;valid_origin:True;recurrent:False;local:False
265175 265482 1 3 0
265175 265482 2 3 0
265175 265482 3 3 0
265175 265482 4 3 0
265175 265482 5 3 0
265175 265482 6 3 0
265175 265482 7 3 0
265175 265482 8 3 0
265175 265482 9 3 0
265175 265482 10 3 0
!sus 133210 270375 1 9 1 attackers:133210;victims:270375;type:1;valid_origin:True;recurrent:False;local:False
133210 270375 1 0 1
133210 270375 2 0 1
133210 270375 3 0 1
133210 270375 4 0 1
133210 270375 5 0 1
133210 270375 6 0 1
133210 270375 7 0 1
133210 270375 8 0 1
133210 270375 9 0 1
133210 270375 10 1 0
!sus 9002 59919 7 3 2 attackers:9002;victims:59919,207937;type:1,2;valid_origin:True;recurrent:True;local:False
9002 59919 1 0 2
9002 59919 2 1 1
9002 59919 3 1 1
9002 59919 4 2 0
9002 59919 5 2 0
9002 59919 6 2 0
9002 59919 7 2 0
9002 59919 8 2 0
9002 59919 9 2 0
9002 59919 10 2 0
!sus 209 133210 6 4 1 attackers:133210;victims:209;type:1;valid_origin:True;recurrent:True;local:False
209 133210 1 0 1
209 133210 2 0 1
209 133210 3 0 1
209 133210 4 0 1
209 133210 5 1 0
209 133210 6 1 0
209 133210 7 1 0
209 133210 8 1 0
209 133210 9 1 0
209 133210 10 1 0
!sus 37273 329425 0 10 2 attackers:37273;victims:329425;type:1;valid_origin:True;recurrent:True;local:False
37273 329425 1 0 2
37273 329425 2 0 2
37273 329425 3 0 2
37273 329425 4 0 2
37273 329425 5 0 2
37273 329425 6 0 2
37273 329425 7 0 2
37273 329425 8 0 2
37273 329425 9 0 2
37273 329425 10 0 2
!leg 142271 199811 10 0 2 attackers:142271;victims:203130,199811;type:1,2;valid_origin:True;recurrent:True;local:True
142271 199811 1 2 0
142271 199811 2 2 0
142271 199811 3 2 0
142271 199811 4 2 0
142271 199811 5 2 0
142271 199811 6 2 0
142271 199811 7 2 0
142271 199811 8 2 0
142271 199811 9 2 0
142271 199811 10 2 0
!sus 3741 10361 7 3 6 attackers:3741;victims:10361;type:1;valid_origin:True;recurrent:True;local:False
3741 10361 1 2 4
3741 10361 2 2 4
3741 10361 3 3 3
3741 10361 4 5 1
3741 10361 5 5 1
3741 10361 6 5 1
3741 10361 7 6 0
3741 10361 8 6 0
3741 10361 9 6 0
3741 10361 10 6 0
!sus 30788 50529 3 7 1 attackers:30788;victims:50529;type:1;valid_origin:True;recurrent:True;local:False
30788 50529 1 1 0
30788 50529 2 1 0
30788 50529 3 0 1
30788 50529 4 1 0
30788 50529 5 0 1
30788 50529 6 0 1
30788 50529 7 0 1
30788 50529 8 0 1
30788 50529 9 0 1
30788 50529 10 0 1
!sus 14551 36224 9 1 4 attackers:14551;victims:36224;type:1;valid_origin:True;recurrent:True;local:False
14551 36224 1 0 4
14551 36224 2 4 0
14551 36224 3 4 0
14551 36224 4 4 0
14551 36224 5 4 0
14551 36224 6 4 0
14551 36224 7 4 0
14551 36224 8 4 0
14551 36224 9 4 0
14551 36224 10 4 0
!leg 6461 273339 10 0 1 attackers:6461;victims:266636;type:3;valid_origin:True;recurrent:True;local:True
6461 273339 1 1 0
6461 273339 2 1 0
6461 273339 3 1 0
6461 273339 4 1 0
6461 273339 5 1 0
6461 273339 6 1 0
6461 273339 7 1 0
6461 273339 8 1 0
6461 273339 9 1 0
6461 273339 10 1 0
!sus 33442 42908 7 3 1 attackers:42908;victims:33442;type:1;valid_origin:True;recurrent:True;local:False
33442 42908 1 0 1
33442 42908 2 0 1
33442 42908 3 0 1
33442 42908 4 1 0
33442 42908 5 1 0
33442 42908 6 1 0
33442 42908 7 1 0
33442 42908 8 1 0
33442 42908 9 1 0
33442 42908 10 1 0
!sus 47975 146887 9 1 3 attackers:146887;victims:47975;type:1;valid_origin:True;recurrent:True;local:False
47975 146887 1 0 3
47975 146887 2 3 0
47975 146887 3 3 0
47975 146887 4 3 0
47975 146887 5 3 0
47975 146887 6 3 0
47975 146887 7 3 0
47975 146887 8 3 0
47975 146887 9 3 0
47975 146887 10 3 0
!sus 463 27065 6 4 91 attackers:27065;victims:463;type:1;valid_origin:True;recurrent:True;local:False
463 27065 1 91 0
463 27065 2 91 0
463 27065 3 91 0
463 27065 4 91 0
463 27065 5 26 65
463 27065 6 88 3
463 27065 7 0 91
463 27065 8 0 91
463 27065 9 67 24
463 27065 10 0 91
!sus 209533 214486 5 5 3 attackers:209533;victims:214486;type:1;valid_origin:True;recurrent:True;local:False
209533 214486 1 0 3
209533 214486 2 0 3
209533 214486 3 0 3
209533 214486 4 0 3
209533 214486 5 0 3
209533 214486 6 3 0
209533 214486 7 3 0
209533 214486 8 2 1
209533 214486 9 3 0
209533 214486 10 3 0
!sus 1680 11289 8 2 3 attackers:1680;victims:11289;type:1;valid_origin:True;recurrent:True;local:False
1680 11289 1 0 3
1680 11289 2 0 3
1680 11289 3 2 1
1680 11289 4 2 1
1680 11289 5 3 0
1680 11289 6 3 0
1680 11289 7 3 0
1680 11289 8 3 0
1680 11289 9 3 0
1680 11289 10 3 0
!sus 40805 401031 6 4 150 attackers:40805;victims:401031;type:1;valid_origin:True;recurrent:True;local:False
40805 401031 1 135 15
40805 401031 2 87 63
40805 401031 3 63 87
40805 401031 4 135 15
40805 401031 5 47 103
40805 401031 6 77 73
40805 401031 7 36 114
40805 401031 8 15 135
40805 401031 9 92 58
40805 401031 10 99 51
!sus 132784 152551 2 8 194 attackers:132784;victims:152551;type:1;valid_origin:True;recurrent:True;local:False
132784 152551 1 123 71
132784 152551 2 105 89
132784 152551 3 0 194
132784 152551 4 28 166
132784 152551 5 29 165
132784 152551 6 0 194
132784 152551 7 0 194
132784 152551 8 0 194
132784 152551 9 0 194
132784 152551 10 0 194
!sus 10753 273003 6 4 5 attackers:10753;victims:273003;type:1;valid_origin:True;recurrent:True;local:False
10753 273003 1 5 0
10753 273003 2 5 0
10753 273003 3 4 1
10753 273003 4 5 0
10753 273003 5 5 0
10753 273003 6 3 2
10753 273003 7 0 5
10753 273003 8 0 5
10753 273003 9 0 5
10753 273003 10 0 5
!sus 48823 51796 0 10 6 attackers:48823;victims:51796;type:1;valid_origin:True;recurrent:True;local:False
48823 51796 1 0 6
48823 51796 2 0 6
48823 51796 3 0 6
48823 51796 4 0 6
48823 51796 5 0 6
48823 51796 6 0 6
48823 51796 7 0 6
48823 51796 8 0 6
48823 51796 9 0 6
48823 51796 10 0 6
!sus 6762 138070 9 1 5 attackers:6762;victims:138070;type:1;valid_origin:True;recurrent:True;local:False
6762 138070 1 0 5
6762 138070 2 5 0
6762 138070 3 5 0
6762 138070 4 5 0
6762 138070 5 5 0
6762 138070 6 5 0
6762 138070 7 5 0
6762 138070 8 5 0
6762 138070 9 5 0
6762 138070 10 5 0
!sus 60900 399486 0 10 35 attackers:399486;victims:60900;type:1;valid_origin:True;recurrent:True;local:False
60900 399486 1 0 35
60900 399486 2 4 31
60900 399486 3 5 30
60900 399486 4 6 29
60900 399486 5 9 26
60900 399486 6 8 27
60900 399486 7 16 19
60900 399486 8 13 22
60900 399486 9 13 22
60900 399486 10 16 19
!leg 30844 49666 10 0 1 attackers:30844;victims:44244;type:2;valid_origin:True;recurrent:False;local:False
30844 49666 1 1 0
30844 49666 2 1 0
30844 49666 3 1 0
30844 49666 4 1 0
30844 49666 5 1 0
30844 49666 6 1 0
30844 49666 7 1 0
30844 49666 8 1 0
30844 49666 9 1 0
30844 49666 10 1 0
!sus 3399 214640 0 10 160 attackers:3399;victims:214640;type:1;valid_origin:True;recurrent:True;local:False
3399 214640 1 4 156
3399 214640 2 1 159
3399 214640 3 0 160
3399 214640 4 33 127
3399 214640 5 34 126
3399 214640 6 34 126
3399 214640 7 2 158
3399 214640 8 0 160
3399 214640 9 47 113
3399 214640 10 4 156
!leg 133210 141916 10 0 1 attackers:133210;victims:141916;type:1;valid_origin:True;recurrent:False;local:False
133210 141916 1 1 0
133210 141916 2 1 0
133210 141916 3 1 0
133210 141916 4 1 0
133210 141916 5 1 0
133210 141916 6 1 0
133210 141916 7 1 0
133210 141916 8 1 0
133210 141916 9 1 0
133210 141916 10 1 0
!sus 37284 329435 5 5 5 attackers:37284;victims:329435;type:1;valid_origin:True;recurrent:True;local:False
37284 329435 1 5 0
37284 329435 2 5 0
37284 329435 3 5 0
37284 329435 4 5 0
37284 329435 5 0 5
37284 329435 6 5 0
37284 329435 7 0 5
37284 329435 8 0 5
37284 329435 9 0 5
37284 329435 10 2 3
!leg 18592 28550 10 0 1 attackers:18592;victims:16596;type:9;valid_origin:True;recurrent:False;local:False
18592 28550 1 1 0
18592 28550 2 1 0
18592 28550 3 1 0
18592 28550 4 1 0
18592 28550 5 1 0
18592 28550 6 1 0
18592 28550 7 1 0
18592 28550 8 1 0
18592 28550 9 1 0
18592 28550 10 1 0
!leg 38264 152890 10 0 80 attackers:38264;victims:152890;type:1;valid_origin:True;recurrent:True;local:False
38264 152890 1 80 0
38264 152890 2 80 0
38264 152890 3 80 0
38264 152890 4 80 0
38264 152890 5 80 0
38264 152890 6 80 0
38264 152890 7 80 0
38264 152890 8 80 0
38264 152890 9 80 0
38264 152890 10 80 0
!sus 6939 7470 0 10 8 attackers:6939;victims:205977;type:2;valid_origin:True;recurrent:True;local:False
6939 7470 1 0 8
6939 7470 2 0 8
6939 7470 3 0 8
6939 7470 4 2 6
6939 7470 5 2 6
6939 7470 6 2 6
6939 7470 7 2 6
6939 7470 8 2 6
6939 7470 9 3 5
6939 7470 10 3 5
!leg 6224 46087 10 0 1 attackers:6224;victims:46087;type:1;valid_origin:True;recurrent:False;local:False
6224 46087 1 1 0
6224 46087 2 1 0
6224 46087 3 1 0
6224 46087 4 1 0
6224 46087 5 1 0
6224 46087 6 1 0
6224 46087 7 1 0
6224 46087 8 1 0
6224 46087 9 1 0
6224 46087 10 1 0
!sus 15830 399234 0 10 2 attackers:15830;victims:399234;type:1;valid_origin:True;recurrent:True;local:False
15830 399234 1 0 2
15830 399234 2 1 1
15830 399234 3 1 1
15830 399234 4 1 1
15830 399234 5 1 1
15830 399234 6 1 1
15830 399234 7 1 1
15830 399234 8 1 1
15830 399234 9 1 1
15830 399234 10 1 1
!sus 10094 63293 0 10 2 attackers:10094;victims:63293;type:1;valid_origin:True;recurrent:True;local:False
10094 63293 1 0 2
10094 63293 2 0 2
10094 63293 3 0 2
10094 63293 4 0 2
10094 63293 5 1 1
10094 63293 6 1 1
10094 63293 7 1 1
10094 63293 8 1 1
10094 63293 9 1 1
10094 63293 10 1 1
!sus 133210 137989 8 2 1 attackers:133210;victims:137989;type:1;valid_origin:True;recurrent:False;local:False
133210 137989 1 0 1
133210 137989 2 0 1
133210 137989 3 1 0
133210 137989 4 1 0
133210 137989 5 1 0
133210 137989 6 1 0
133210 137989 7 1 0
133210 137989 8 1 0
133210 137989 9 1 0
133210 137989 10 1 0
!sus 15830 201584 0 10 2 attackers:15830;victims:201584;type:1;valid_origin:True;recurrent:True;local:False
15830 201584 1 1 1
15830 201584 2 1 1
15830 201584 3 1 1
15830 201584 4 1 1
15830 201584 5 1 1
15830 201584 6 1 1
15830 201584 7 1 1
15830 201584 8 1 1
15830 201584 9 1 1
15830 201584 10 1 1
!sus 199524 272037 0 10 268 attackers:272037;victims:199524;type:1;valid_origin:True;recurrent:True;local:False
199524 272037 1 0 268
199524 272037 2 0 268
199524 272037 3 1 267
199524 272037 4 1 267
199524 272037 5 0 268
199524 272037 6 3 265
199524 272037 7 2 266
199524 272037 8 1 267
199524 272037 9 1 267
199524 272037 10 2 266
!leg 133210 152636 10 0 1 attackers:133210;victims:152636;type:1;valid_origin:True;recurrent:False;local:False
133210 152636 1 1 0
133210 152636 2 1 0
133210 152636 3 1 0
133210 152636 4 1 0
133210 152636 5 1 0
133210 152636 6 1 0
133210 152636 7 1 0
133210 152636 8 1 0
133210 152636 9 1 0
133210 152636 10 1 0
!leg 133210 139849 10 0 1 attackers:133210;victims:139849;type:1;valid_origin:True;recurrent:False;local:False
133210 139849 1 1 0
133210 139849 2 1 0
133210 139849 3 1 0
133210 139849 4 1 0
133210 139849 5 1 0
133210 139849 6 1 0
133210 139849 7 1 0
133210 139849 8 1 0
133210 139849 9 1 0
133210 139849 10 1 0
!leg 140077 150774 10 0 2 attackers:150774;victims:140077;type:1;valid_origin:True;recurrent:False;local:False
140077 150774 1 2 0
140077 150774 2 2 0
140077 150774 3 2 0
140077 150774 4 2 0
140077 150774 5 2 0
140077 150774 6 2 0
140077 150774 7 2 0
140077 150774 8 2 0
140077 150774 9 2 0
140077 150774 10 2 0
!sus 1248 9286 0 10 1 attackers:9286;victims:1248;type:1;valid_origin:True;recurrent:True;local:False
1248 9286 1 0 1
1248 9286 2 0 1
1248 9286 3 0 1
1248 9286 4 0 1
1248 9286 5 0 1
1248 9286 6 0 1
1248 9286 7 0 1
1248 9286 8 0 1
1248 9286 9 0 1
1248 9286 10 0 1
!sus 24904 61568 7 3 1 attackers:61568;victims:24904;type:1;valid_origin:True;recurrent:True;local:True
24904 61568 1 0 1
24904 61568 2 0 1
24904 61568 3 0 1
24904 61568 4 1 0
24904 61568 5 1 0
24904 61568 6 1 0
24904 61568 7 1 0
24904 61568 8 1 0
24904 61568 9 1 0
24904 61568 10 1 0
!sus 42337 214737 5 5 185 attackers:42337;victims:214737;type:1;valid_origin:True;recurrent:True;local:False
42337 214737 1 185 0
42337 214737 2 185 0
42337 214737 3 183 2
42337 214737 4 183 2
42337 214737 5 1 184
42337 214737 6 156 29
42337 214737 7 0 185
42337 214737 8 0 185
42337 214737 9 0 185
42337 214737 10 0 185
!sus 40311 273754 3 7 6 attackers:40311;victims:273754;type:1;valid_origin:True;recurrent:True;local:False
40311 273754 1 0 6
40311 273754 2 0 6
40311 273754 3 0 6
40311 273754 4 0 6
40311 273754 5 0 6
40311 273754 6 0 6
40311 273754 7 4 2
40311 273754 8 4 2
40311 273754 9 4 2
40311 273754 10 3 3
!leg 28598 267298 10 0 157 attackers:28598;victims:267298;type:1;valid_origin:True;recurrent:False;local:False
28598 267298 1 155 2
28598 267298 2 157 0
28598 267298 3 157 0
28598 267298 4 157 0
28598 267298 5 157 0
28598 267298 6 157 0
28598 267298 7 157 0
28598 267298 8 157 0
28598 267298 9 157 0
28598 267298 10 157 0
!leg 17563 152890 10 0 40 attackers:17563;victims:152890;type:1;valid_origin:True;recurrent:False;local:False
17563 152890 1 39 1
17563 152890 2 36 4
17563 152890 3 40 0
17563 152890 4 40 0
17563 152890 5 40 0
17563 152890 6 40 0
17563 152890 7 40 0
17563 152890 8 36 4
17563 152890 9 40 0
17563 152890 10 40 0
!sus 650950000 650950004 1 9 4 attackers:650950000;victims:650950004;type:1;valid_origin:True;recurrent:True;local:False
650950000 650950004 1 0 4
650950000 650950004 2 3 1
650950000 650950004 3 0 4
650950000 650950004 4 0 4
650950000 650950004 5 0 4
650950000 650950004 6 0 4
650950000 650950004 7 0 4
650950000 650950004 8 0 4
650950000 650950004 9 0 4
650950000 650950004 10 0 4
!leg 51407 262589 10 0 2 attackers:262589;victims:51407,20719;type:1,2;valid_origin:True;recurrent:False;local:False
51407 262589 1 2 0
51407 262589 2 2 0
51407 262589 3 2 0
51407 262589 4 2 0
51407 262589 5 2 0
51407 262589 6 2 0
51407 262589 7 2 0
51407 262589 8 2 0
51407 262589 9 2 0
51407 262589 10 2 0
!leg 35708 198603 10 0 1 attackers:35708;victims:198603;type:1;valid_origin:True;recurrent:False;local:True
35708 198603 1 1 0
35708 198603 2 1 0
35708 198603 3 1 0
35708 198603 4 1 0
35708 198603 5 1 0
35708 198603 6 1 0
35708 198603 7 1 0
35708 198603 8 1 0
35708 198603 9 1 0
35708 198603 10 1 0
!leg 51407 398465 10 0 1 attackers:398465;victims:51407;type:1;valid_origin:True;recurrent:False;local:True
51407 398465 1 1 0
51407 398465 2 1 0
51407 398465 3 1 0
51407 398465 4 1 0
51407 398465 5 1 0
51407 398465 6 1 0
51407 398465 7 1 0
51407 398465 8 1 0
51407 398465 9 1 0
51407 398465 10 1 0
!leg 11888 133210 10 0 1 attackers:133210;victims:11888;type:1;valid_origin:True;recurrent:False;local:False
11888 133210 1 1 0
11888 133210 2 1 0
11888 133210 3 1 0
11888 133210 4 1 0
11888 133210 5 1 0
11888 133210 6 1 0
11888 133210 7 1 0
11888 133210 8 1 0
11888 133210 9 1 0
11888 133210 10 1 0
!sus 198160 215133 3 7 2 attackers:198160;victims:215133;type:1;valid_origin:True;recurrent:True;local:False
198160 215133 1 0 2
198160 215133 2 1 1
198160 215133 3 0 2
198160 215133 4 1 1
198160 215133 5 0 2
198160 215133 6 1 1
198160 215133 7 1 1
198160 215133 8 2 0
198160 215133 9 2 0
198160 215133 10 2 0
!leg 8732 15694 10 0 1 attackers:8732;victims:197982;type:2;valid_origin:True;recurrent:False;local:False
8732 15694 1 1 0
8732 15694 2 1 0
8732 15694 3 1 0
8732 15694 4 1 0
8732 15694 5 1 0
8732 15694 6 1 0
8732 15694 7 1 0
8732 15694 8 1 0
8732 15694 9 1 0
8732 15694 10 1 0
!leg 136065 138089 10 0 1 attackers:136065;victims:136844;type:4;valid_origin:True;recurrent:False;local:False
136065 138089 1 1 0
136065 138089 2 1 0
136065 138089 3 1 0
136065 138089 4 1 0
136065 138089 5 1 0
136065 138089 6 1 0
136065 138089 7 1 0
136065 138089 8 1 0
136065 138089 9 1 0
136065 138089 10 1 0
!leg 9464 133210 10 0 1 attackers:133210;victims:9464;type:1;valid_origin:True;recurrent:False;local:False
9464 133210 1 1 0
9464 133210 2 1 0
9464 133210 3 1 0
9464 133210 4 1 0
9464 133210 5 1 0
9464 133210 6 1 0
9464 133210 7 1 0
9464 133210 8 1 0
9464 133210 9 1 0
9464 133210 10 1 0
!leg 3300 133782 10 0 13 attackers:3300;victims:133782;type:1;valid_origin:True;recurrent:False;local:False
3300 133782 1 13 0
3300 133782 2 13 0
3300 133782 3 13 0
3300 133782 4 13 0
3300 133782 5 13 0
3300 133782 6 13 0
3300 133782 7 13 0
3300 133782 8 13 0
3300 133782 9 13 0
3300 133782 10 13 0
!sus 35723 37721 7 3 1 attackers:37721;victims:35723;type:1;valid_origin:True;recurrent:True;local:True
35723 37721 1 0 1
35723 37721 2 0 1
35723 37721 3 0 1
35723 37721 4 1 0
35723 37721 5 1 0
35723 37721 6 1 0
35723 37721 7 1 0
35723 37721 8 1 0
35723 37721 9 1 0
35723 37721 10 1 0
!sus 272112 273844 6 4 4 attackers:272112;victims:273844;type:1;valid_origin:True;recurrent:True;local:False
272112 273844 1 4 0
272112 273844 2 4 0
272112 273844 3 4 0
272112 273844 4 4 0
272112 273844 5 0 4
272112 273844 6 4 0
272112 273844 7 0 4
272112 273844 8 0 4
272112 273844 9 0 4
272112 273844 10 4 0
!sus 45296 152087 9 1 3 attackers:45296;victims:152087;type:1;valid_origin:True;recurrent:True;local:False
45296 152087 1 3 0
45296 152087 2 2 1
45296 152087 3 3 0
45296 152087 4 3 0
45296 152087 5 3 0
45296 152087 6 3 0
45296 152087 7 3 0
45296 152087 8 0 3
45296 152087 9 3 0
45296 152087 10 2 1
!sus 21565 401099 0 10 2 attackers:21565;victims:401099;type:1;valid_origin:True;recurrent:True;local:False
21565 401099 1 0 2
21565 401099 2 0 2
21565 401099 3 0 2
21565 401099 4 0 2
21565 401099 5 0 2
21565 401099 6 0 2
21565 401099 7 0 2
21565 401099 8 0 2
21565 401099 9 0 2
21565 401099 10 0 2
!sus 199414 214638 1 9 34 attackers:199414;victims:214638;type:1;valid_origin:True;recurrent:True;local:False
199414 214638 1 0 34
199414 214638 2 0 34
199414 214638 3 0 34
199414 214638 4 0 34
199414 214638 5 0 34
199414 214638 6 0 34
199414 214638 7 13 21
199414 214638 8 0 34
199414 214638 9 32 2
199414 214638 10 0 34
!leg 64134 272040 10 0 49 attackers:64134;victims:272040;type:1;valid_origin:True;recurrent:False;local:False
64134 272040 1 49 0
64134 272040 2 49 0
64134 272040 3 49 0
64134 272040 4 49 0
64134 272040 5 49 0
64134 272040 6 49 0
64134 272040 7 49 0
64134 272040 8 49 0
64134 272040 9 49 0
64134 272040 10 49 0
!sus 15830 214662 9 1 20 attackers:15830;victims:214662;type:1;valid_origin:True;recurrent:True;local:False
15830 214662 1 0 20
15830 214662 2 13 7
15830 214662 3 13 7
15830 214662 4 13 7
15830 214662 5 13 7
15830 214662 6 14 6
15830 214662 7 16 4
15830 214662 8 16 4
15830 214662 9 15 5
15830 214662 10 15 5
!sus 29684 43009 0 10 8 attackers:29684;victims:43009;type:1;valid_origin:True;recurrent:True;local:False
29684 43009 1 0 8
29684 43009 2 0 8
29684 43009 3 0 8
29684 43009 4 0 8
29684 43009 5 0 8
29684 43009 6 0 8
29684 43009 7 1 7
29684 43009 8 2 6
29684 43009 9 0 8
29684 43009 10 2 6
!sus 7713 12713 7 3 6 attackers:12713;victims:139688,135065,136120,141088,7713,19551;type:1,2,5,6;valid_origin:True;recurrent:True;local:False
7713 12713 1 2 4
7713 12713 2 2 4
7713 12713 3 2 4
7713 12713 4 4 2
7713 12713 5 4 2
7713 12713 6 5 1
7713 12713 7 5 1
7713 12713 8 5 1
7713 12713 9 5 1
7713 12713 10 5 1
!sus 19186 50867 0 10 7 attackers:50867;victims:19186;type:1;valid_origin:True;recurrent:True;local:False
19186 50867 1 0 7
19186 50867 2 0 7
19186 50867 3 0 7
19186 50867 4 0 7
19186 50867 5 0 7
19186 50867 6 0 7
19186 50867 7 0 7
19186 50867 8 0 7
19186 50867 9 0 7
19186 50867 10 0 7
!sus 133210 270458 1 9 1 attackers:133210;victims:270458;type:1;valid_origin:True;recurrent:False;local:False
133210 270458 1 0 1
133210 270458 2 0 1
133210 270458 3 0 1
133210 270458 4 0 1
133210 270458 5 0 1
133210 270458 6 1 0
133210 270458 7 0 1
133210 270458 8 0 1
133210 270458 9 0 1
133210 270458 10 0 1
!sus 60068 140227 7 3 104 attackers:60068;victims:140227;type:1;valid_origin:True;recurrent:True;local:False
60068 140227 1 9 95
60068 140227 2 22 82
60068 140227 3 63 41
60068 140227 4 46 58
60068 140227 5 68 36
60068 140227 6 63 41
60068 140227 7 67 37
60068 140227 8 65 39
60068 140227 9 56 48
60068 140227 10 88 16
!sus 30788 51659 0 10 8 attackers:51659;victims:9098,30788,61164,50529,48456;type:1,2;valid_origin:True;recurrent:True;local:False
30788 51659 1 0 8
30788 51659 2 0 8
30788 51659 3 0 8
30788 51659 4 0 8
30788 51659 5 0 8
30788 51659 6 0 8
30788 51659 7 0 8
30788 51659 8 0 8
30788 51659 9 0 8
30788 51659 10 0 8
!sus 138915 206206 0 10 4 attackers:206206;victims:63139,138915;type:1,2;valid_origin:True;recurrent:True;local:False
138915 206206 1 0 4
138915 206206 2 1 3
138915 206206 3 1 3
138915 206206 4 1 3
138915 206206 5 1 3
138915 206206 6 1 3
138915 206206 7 2 2
138915 206206 8 2 2
138915 206206 9 2 2
138915 206206 10 2 2
!leg 38778 133210 10 0 1 attackers:133210;victims:38778;type:1;valid_origin:True;recurrent:False;local:False
38778 133210 1 1 0
38778 133210 2 1 0
38778 133210 3 1 0
38778 133210 4 1 0
38778 133210 5 1 0
38778 133210 6 1 0
38778 133210 7 1 0
38778 133210 8 1 0
38778 133210 9 1 0
38778 133210 10 1 0
!sus 19583 650950000 0 10 4 attackers:19583;victims:650950004;type:2;valid_origin:True;recurrent:True;local:False
19583 650950000 1 0 4
19583 650950000 2 2 2
19583 650950000 3 0 4
19583 650950000 4 0 4
19583 650950000 5 0 4
19583 650950000 6 0 4
19583 650950000 7 0 4
19583 650950000 8 0 4
19583 650950000 9 0 4
19583 650950000 10 0 4
!leg 24875 40850 10 0 6 attackers:40850;victims:212042,210636;type:2;valid_origin:True;recurrent:False;local:False
24875 40850 1 6 0
24875 40850 2 6 0
24875 40850 3 6 0
24875 40850 4 6 0
24875 40850 5 6 0
24875 40850 6 6 0
24875 40850 7 6 0
24875 40850 8 6 0
24875 40850 9 6 0
24875 40850 10 6 0
!sus 11589 399700 3 7 117 attackers:11589;victims:399700;type:1;valid_origin:False;recurrent:True;local:False
11589 399700 1 117 0
11589 399700 2 117 0
11589 399700 3 21 96
11589 399700 4 117 0
11589 399700 5 44 73
11589 399700 6 2 115
11589 399700 7 0 117
11589 399700 8 0 117
11589 399700 9 0 117
11589 399700 10 0 117
!sus 52630 133210 6 4 1 attackers:133210;victims:52630;type:1;valid_origin:True;recurrent:False;local:False
52630 133210 1 0 1
52630 133210 2 0 1
52630 133210 3 0 1
52630 133210 4 0 1
52630 133210 5 1 0
52630 133210 6 1 0
52630 133210 7 1 0
52630 133210 8 1 0
52630 133210 9 1 0
52630 133210 10 1 0
!sus 56046 137795 6 4 3 attackers:56046;victims:137795;type:1;valid_origin:True;recurrent:True;local:False
56046 137795 1 3 0
56046 137795 2 3 0
56046 137795 3 3 0
56046 137795 4 3 0
56046 137795 5 0 3
56046 137795 6 3 0
56046 137795 7 0 3
56046 137795 8 0 3
56046 137795 9 0 3
56046 137795 10 2 1
!sus 50053 51898 0 10 69 attackers:51898;victims:50053;type:1;valid_origin:True;recurrent:True;local:False
50053 51898 1 0 69
50053 51898 2 0 69
50053 51898 3 0 69
50053 51898 4 0 69
50053 51898 5 0 69
50053 51898 6 0 69
50053 51898 7 0 69
50053 51898 8 0 69
50053 51898 9 0 69
50053 51898 10 0 69
!sus 133210 270471 4 6 1 attackers:133210;victims:270471;type:1;valid_origin:True;recurrent:False;local:False
133210 270471 1 0 1
133210 270471 2 0 1
133210 270471 3 0 1
133210 270471 4 0 1
133210 270471 5 0 1
133210 270471 6 0 1
133210 270471 7 1 0
133210 270471 8 1 0
133210 270471 9 1 0
133210 270471 10 1 0
!sus 7018 399192 4 6 2 attackers:7018;victims:399192;type:1;valid_origin:True;recurrent:True;local:False
7018 399192 1 2 0
7018 399192 2 2 0
7018 399192 3 1 1
7018 399192 4 2 0
7018 399192 5 1 1
7018 399192 6 2 0
7018 399192 7 1 1
7018 399192 8 0 2
7018 399192 9 1 1
7018 399192 10 1 1
!sus 9730 152545 4 6 170 attackers:9730;victims:152545;type:1;valid_origin:True;recurrent:True;local:False
9730 152545 1 168 2
9730 152545 2 118 52
9730 152545 3 95 75
9730 152545 4 148 22
9730 152545 5 14 156
9730 152545 6 34 136
9730 152545 7 0 170
9730 152545 8 0 170
9730 152545 9 0 170
9730 152545 10 0 170
!sus 21433 131746 8 2 1 attackers:131746;victims:21433;type:1;valid_origin:True;recurrent:True;local:False
21433 131746 1 0 1
21433 131746 2 0 1
21433 131746 3 1 0
21433 131746 4 1 0
21433 131746 5 1 0
21433 131746 6 1 0
21433 131746 7 1 0
21433 131746 8 1 0
21433 131746 9 1 0
21433 131746 10 1 0
!sus 37100 329450 0 10 11 attackers:37100;victims:329450;type:1;valid_origin:True;recurrent:True;local:False
37100 329450 1 0 11
37100 329450 2 0 11
37100 329450 3 0 11
37100 329450 4 0 11
37100 329450 5 0 11
37100 329450 6 0 11
37100 329450 7 0 11
37100 329450 8 0 11
37100 329450 9 0 11
37100 329450 10 0 11
!sus 209533 216123 9 1 126 attackers:209533;victims:216123;type:1;valid_origin:True;recurrent:True;local:False
209533 216123 1 0 126
209533 216123 2 102 24
209533 216123 3 109 17
209533 216123 4 111 15
209533 216123 5 111 15
209533 216123 6 113 13
209533 216123 7 112 14
209533 216123 8 112 14
209533 216123 9 114 12
209533 216123 10 114 12
!sus 133210 271513 9 1 1 attackers:133210;victims:271513;type:1;valid_origin:True;recurrent:True;local:False
133210 271513 1 0 1
133210 271513 2 1 0
133210 271513 3 1 0
133210 271513 4 1 0
133210 271513 5 1 0
133210 271513 6 1 0
133210 271513 7 1 0
133210 271513 8 1 0
133210 271513 9 1 0
133210 271513 10 1 0
!sus 34567 49111 5 5 1 attackers:34567;victims:49111;type:1;valid_origin:True;recurrent:True;local:False
34567 49111 1 1 0
34567 49111 2 1 0
34567 49111 3 1 0
34567 49111 4 1 0
34567 49111 5 0 1
34567 49111 6 1 0
34567 49111 7 0 1
34567 49111 8 0 1
34567 49111 9 0 1
34567 49111 10 0 1
!sus 32595 399624 9 1 7 attackers:399624;victims:32595;type:1;valid_origin:True;recurrent:True;local:False
32595 399624 1 0 7
32595 399624 2 5 2
32595 399624 3 7 0
32595 399624 4 7 0
32595 399624 5 7 0
32595 399624 6 7 0
32595 399624 7 7 0
32595 399624 8 7 0
32595 399624 9 7 0
32595 399624 10 7 0
!sus 262663 264387 0 10 56 attackers:264387;victims:262663;type:1;valid_origin:True;recurrent:True;local:False
262663 264387 1 7 49
262663 264387 2 15 41
262663 264387 3 11 45
262663 264387 4 13 43
262663 264387 5 12 44
262663 264387 6 15 41
262663 264387 7 14 42
262663 264387 8 14 42
262663 264387 9 13 43
262663 264387 10 15 41
!sus 43641 215462 5 5 1 attackers:43641;victims:215462;type:1;valid_origin:True;recurrent:True;local:False
43641 215462 1 0 1
43641 215462 2 0 1
43641 215462 3 0 1
43641 215462 4 0 1
43641 215462 5 1 0
43641 215462 6 0 1
43641 215462 7 1 0
43641 215462 8 1 0
43641 215462 9 1 0
43641 215462 10 1 0
!sus 36913 329335 3 7 31 attackers:36913;victims:329335;type:1;valid_origin:True;recurrent:True;local:False
36913 329335 1 31 0
36913 329335 2 31 0
36913 329335 3 5 26
36913 329335 4 23 8
36913 329335 5 11 20
36913 329335 6 4 27
36913 329335 7 0 31
36913 329335 8 0 31
36913 329335 9 0 31
36913 329335 10 0 31
!sus 52404 63293 0 10 7 attackers:52404;victims:63293;type:1;valid_origin:True;recurrent:True;local:False
52404 63293 1 0 7
52404 63293 2 0 7
52404 63293 3 0 7
52404 63293 4 0 7
52404 63293 5 0 7
52404 63293 6 0 7
52404 63293 7 0 7
52404 63293 8 0 7
52404 63293 9 0 7
52404 63293 10 0 7
!sus 214458 215186 3 7 10 attackers:215186;victims:214458;type:1;valid_origin:True;recurrent:True;local:False
214458 215186 1 10 0
214458 215186 2 10 0
214458 215186 3 6 4
214458 215186 4 4 6
214458 215186 5 2 8
214458 215186 6 0 10
214458 215186 7 0 10
214458 215186 8 0 10
214458 215186 9 0 10
214458 215186 10 0 10
!sus 203868 210645 7 3 174 attackers:210645;victims:203868;type:1;valid_origin:True;recurrent:True;local:False
203868 210645 1 0 174
203868 210645 2 7 167
203868 210645 3 76 98
203868 210645 4 131 43
203868 210645 5 119 55
203868 210645 6 167 7
203868 210645 7 161 13
203868 210645 8 174 0
203868 210645 9 172 2
203868 210645 10 174 0
!sus 23764 265475 0 10 2 attackers:23764;victims:265475;type:1;valid_origin:True;recurrent:True;local:False
23764 265475 1 0 2
23764 265475 2 0 2
23764 265475 3 0 2
23764 265475 4 0 2
23764 265475 5 0 2
23764 265475 6 0 2
23764 265475 7 0 2
23764 265475 8 0 2
23764 265475 9 0 2
23764 265475 10 0 2
!sus 24400 59027 5 5 2 attackers:24400;victims:59027;type:1;valid_origin:True;recurrent:True;local:False
24400 59027 1 2 0
24400 59027 2 2 0
24400 59027 3 2 0
24400 59027 4 2 0
24400 59027 5 0 2
24400 59027 6 2 0
24400 59027 7 0 2
24400 59027 8 0 2
24400 59027 9 0 2
24400 59027 10 0 2
!leg 34927 401104 10 0 21 attackers:401104;victims:34927,398549;type:1,2;valid_origin:True;recurrent:True;local:False
34927 401104 1 19 2
34927 401104 2 19 2
34927 401104 3 19 2
34927 401104 4 19 2
34927 401104 5 19 2
34927 401104 6 19 2
34927 401104 7 19 2
34927 401104 8 19 2
34927 401104 9 19 2
34927 401104 10 19 2
!leg 133210 133354 10 0 1 attackers:133210;victims:133354;type:1;valid_origin:True;recurrent:False;local:False
133210 133354 1 1 0
133210 133354 2 1 0
133210 133354 3 1 0
133210 133354 4 1 0
133210 133354 5 1 0
133210 133354 6 1 0
133210 133354 7 1 0
133210 133354 8 1 0
133210 133354 9 1 0
133210 133354 10 1 0
!sus 13579 272323 6 4 4 attackers:272323;victims:13579;type:1;valid_origin:True;recurrent:True;local:False
13579 272323 1 0 4
13579 272323 2 2 2
13579 272323 3 2 2
13579 272323 4 4 0
13579 272323 5 4 0
13579 272323 6 2 2
13579 272323 7 4 0
13579 272323 8 4 0
13579 272323 9 4 0
13579 272323 10 4 0
!sus 133210 199414 2 8 1 attackers:133210;victims:199414;type:1;valid_origin:True;recurrent:True;local:False
133210 199414 1 0 1
133210 199414 2 0 1
133210 199414 3 0 1
133210 199414 4 0 1
133210 199414 5 0 1
133210 199414 6 0 1
133210 199414 7 0 1
133210 199414 8 0 1
133210 199414 9 1 0
133210 199414 10 1 0
