!leg 61832 269028 10 0 34 attackers:61832;victims:269028;type:1;valid_origin:True;recurrent:False;local:False
61832 269028 1 34 0
61832 269028 2 34 0
61832 269028 3 34 0
61832 269028 4 34 0
61832 269028 5 34 0
61832 269028 6 34 0
61832 269028 7 34 0
61832 269028 8 34 0
61832 269028 9 34 0
61832 269028 10 34 0
!leg 23956 142558 10 0 1 attackers:23956;victims:140073;type:5;valid_origin:True;recurrent:False;local:False
23956 142558 1 1 0
23956 142558 2 1 0
23956 142558 3 1 0
23956 142558 4 1 0
23956 142558 5 1 0
23956 142558 6 1 0
23956 142558 7 1 0
23956 142558 8 1 0
23956 142558 9 1 0
23956 142558 10 1 0
!sus 33387 211358 2 8 3 attackers:33387;victims:211358;type:1;valid_origin:True;recurrent:True;local:False
33387 211358 1 0 3
33387 211358 2 0 3
33387 211358 3 0 3
33387 211358 4 1 2
33387 211358 5 1 2
33387 211358 6 1 2
33387 211358 7 1 2
33387 211358 8 1 2
33387 211358 9 2 1
33387 211358 10 2 1
!sus 6774 212123 8 2 4 attackers:6774;victims:212123;type:1;valid_origin:True;recurrent:False;local:False
6774 212123 1 1 3
6774 212123 2 1 3
6774 212123 3 4 0
6774 212123 4 4 0
6774 212123 5 4 0
6774 212123 6 4 0
6774 212123 7 4 0
6774 212123 8 4 0
6774 212123 9 4 0
6774 212123 10 4 0
!sus 9425 151449 1 9 3 attackers:9425;victims:151449;type:1;valid_origin:True;recurrent:True;local:False
9425 151449 1 3 0
9425 151449 2 0 3
9425 151449 3 0 3
9425 151449 4 0 3
9425 151449 5 0 3
9425 151449 6 0 3
9425 151449 7 0 3
9425 151449 8 0 3
9425 151449 9 0 3
9425 151449 10 0 3
!sus 138423 153390 6 4 52 attackers:138423;victims:153390;type:1;valid_origin:True;recurrent:True;local:False
138423 153390 1 52 0
138423 153390 2 52 0
138423 153390 3 9 43
138423 153390 4 50 2
138423 153390 5 14 38
138423 153390 6 38 14
138423 153390 7 20 32
138423 153390 8 51 1
138423 153390 9 32 20
138423 153390 10 12 40
!sus 9425 151458 1 9 3 attackers:9425;victims:151458;type:1;valid_origin:True;recurrent:True;local:False
9425 151458 1 3 0
9425 151458 2 0 3
9425 151458 3 0 3
9425 151458 4 0 3
9425 151458 5 0 3
9425 151458 6 0 3
9425 151458 7 0 3
9425 151458 8 0 3
9425 151458 9 0 3
9425 151458 10 0 3
!leg 147070 150748 10 0 83 attackers:150748;victims:147070;type:1;valid_origin:True;recurrent:False;local:False
147070 150748 1 83 0
147070 150748 2 83 0
147070 150748 3 83 0
147070 150748 4 83 0
147070 150748 5 83 0
147070 150748 6 83 0
147070 150748 7 83 0
147070 150748 8 83 0
147070 150748 9 83 0
147070 150748 10 83 0
!leg 136106 152800 10 0 205 attackers:136106;victims:152800;type:1;valid_origin:True;recurrent:False;local:False
136106 152800 1 205 0
136106 152800 2 205 0
136106 152800 3 205 0
136106 152800 4 205 0
136106 152800 5 205 0
136106 152800 6 205 0
136106 152800 7 205 0
136106 152800 8 205 0
136106 152800 9 205 0
136106 152800 10 205 0
!sus 3 136078 0 10 3 attackers:136078;victims:3;type:1;valid_origin:False;recurrent:False;local:False
3 136078 1 0 3
3 136078 2 0 3
3 136078 3 0 3
3 136078 4 0 3
3 136078 5 0 3
3 136078 6 0 3
3 136078 7 0 3
3 136078 8 0 3
3 136078 9 0 3
3 136078 10 0 3
!sus 262179 263812 0 10 4 attackers:262179;victims:263812;type:1;valid_origin:True;recurrent:True;local:False
262179 263812 1 0 4
262179 263812 2 0 4
262179 263812 3 0 4
262179 263812 4 0 4
262179 263812 5 0 4
262179 263812 6 0 4
262179 263812 7 0 4
262179 263812 8 1 3
262179 263812 9 0 4
262179 263812 10 1 3
!sus 272073 273909 3 7 2 attackers:272073;victims:273909;type:1;valid_origin:True;recurrent:True;local:False
272073 273909 1 2 0
272073 273909 2 2 0
272073 273909 3 1 1
272073 273909 4 1 1
272073 273909 5 2 0
272073 273909 6 0 2
272073 273909 7 1 1
272073 273909 8 0 2
272073 273909 9 0 2
272073 273909 10 0 2
!leg 48326 204384 10 0 2 attackers:48326;victims:204384;type:1;valid_origin:True;recurrent:True;local:False
48326 204384 1 2 0
48326 204384 2 2 0
48326 204384 3 2 0
48326 204384 4 2 0
48326 204384 5 2 0
48326 204384 6 2 0
48326 204384 7 2 0
48326 204384 8 2 0
48326 204384 9 2 0
48326 204384 10 2 0
!sus 135905 139057 0 10 5 attackers:135905;victims:139057;type:1;valid_origin:True;recurrent:True;local:False
135905 139057 1 0 5
135905 139057 2 0 5
135905 139057 3 0 5
135905 139057 4 0 5
135905 139057 5 0 5
135905 139057 6 0 5
135905 139057 7 0 5
135905 139057 8 0 5
135905 139057 9 0 5
135905 139057 10 1 4
!sus 41051 213758 0 10 2 attackers:41051;victims:213758;type:1;valid_origin:True;recurrent:True;local:False
41051 213758 1 0 2
41051 213758 2 0 2
41051 213758 3 0 2
41051 213758 4 0 2
41051 213758 5 0 2
41051 213758 6 0 2
41051 213758 7 0 2
41051 213758 8 0 2
41051 213758 9 1 1
41051 213758 10 0 2
!sus 44324 134835 0 10 2 attackers:134835;victims:44324;type:1;valid_origin:True;recurrent:True;local:False
44324 134835 1 0 2
44324 134835 2 0 2
44324 134835 3 0 2
44324 134835 4 0 2
44324 134835 5 0 2
44324 134835 6 0 2
44324 134835 7 0 2
44324 134835 8 0 2
44324 134835 9 0 2
44324 134835 10 0 2
!sus 202425 214295 0 10 25 attackers:202425;victims:214295;type:1;valid_origin:True;recurrent:True;local:False
202425 214295 1 0 25
202425 214295 2 0 25
202425 214295 3 0 25
202425 214295 4 0 25
202425 214295 5 0 25
202425 214295 6 0 25
202425 214295 7 0 25
202425 214295 8 0 25
202425 214295 9 0 25
202425 214295 10 0 25
!sus 21056 198320 9 1 46 attackers:21056;victims:198320;type:1;valid_origin:True;recurrent:True;local:False
21056 198320 1 0 46
21056 198320 2 46 0
21056 198320 3 46 0
21056 198320 4 46 0
21056 198320 5 46 0
21056 198320 6 46 0
21056 198320 7 46 0
21056 198320 8 46 0
21056 198320 9 46 0
21056 198320 10 46 0
!leg 7195 262546 10 0 3 attackers:7195;victims:262546;type:1;valid_origin:True;recurrent:False;local:False
7195 262546 1 3 0
7195 262546 2 3 0
7195 262546 3 3 0
7195 262546 4 3 0
7195 262546 5 3 0
7195 262546 6 3 0
7195 262546 7 3 0
7195 262546 8 3 0
7195 262546 9 3 0
7195 262546 10 3 0
!sus 270026 273851 2 8 1 attackers:270026;victims:273851;type:1;valid_origin:True;recurrent:True;local:False
270026 273851 1 1 0
270026 273851 2 1 0
270026 273851 3 0 1
270026 273851 4 0 1
270026 273851 5 0 1
270026 273851 6 0 1
270026 273851 7 0 1
270026 273851 8 0 1
270026 273851 9 0 1
270026 273851 10 0 1
!sus 51896 61302 0 10 9 attackers:61302;victims:60539;type:4;valid_origin:True;recurrent:True;local:False
51896 61302 1 0 9
51896 61302 2 0 9
51896 61302 3 0 9
51896 61302 4 0 9
51896 61302 5 0 9
51896 61302 6 0 9
51896 61302 7 0 9
51896 61302 8 0 9
51896 61302 9 0 9
51896 61302 10 0 9
!leg 3549 21734 10 0 3 attackers:3549;victims:21734;type:1;valid_origin:True;recurrent:False;local:False
3549 21734 1 3 0
3549 21734 2 3 0
3549 21734 3 3 0
3549 21734 4 3 0
3549 21734 5 3 0
3549 21734 6 3 0
3549 21734 7 3 0
3549 21734 8 3 0
3549 21734 9 3 0
3549 21734 10 3 0
!leg 24572 55898 10 0 1 attackers:24572;victims:55898;type:1;valid_origin:True;recurrent:False;local:False
24572 55898 1 1 0
24572 55898 2 1 0
24572 55898 3 1 0
24572 55898 4 1 0
24572 55898 5 1 0
24572 55898 6 1 0
24572 55898 7 1 0
24572 55898 8 1 0
24572 55898 9 1 0
24572 55898 10 1 0
!leg 6696 132337 10 0 28 attackers:132337;victims:201004,39628,50083,209649,206883,12654,13226,211079,34144,35701,211106,50156,62098,47861,212526,29533,61023,62343,206841,45049,44140,206960,6696,208479,35627,64478,49677;type:1,2,3,4;valid_origin:True;recurrent:False;local:True
6696 132337 1 28 0
6696 132337 2 28 0
6696 132337 3 28 0
6696 132337 4 28 0
6696 132337 5 28 0
6696 132337 6 28 0
6696 132337 7 28 0
6696 132337 8 28 0
6696 132337 9 28 0
6696 132337 10 28 0
!sus 37662 329427 0 10 117 attackers:37662;victims:329427;type:1;valid_origin:True;recurrent:False;local:False
37662 329427 1 20 97
37662 329427 2 13 104
37662 329427 3 2 115
37662 329427 4 11 106
37662 329427 5 0 117
37662 329427 6 0 117
37662 329427 7 0 117
37662 329427 8 0 117
37662 329427 9 0 117
37662 329427 10 0 117
!leg 6696 50629 10 0 26 attackers:50629;victims:205021,215813,200056,47484,214625,39628,201636,50083,48732,212815,216193,12654,19879,211448,199432,199297,62343,213018,45049,215599,214492,215663,6696,52073,215727;type:1,2,3,4;valid_origin:True;recurrent:False;local:True
6696 50629 1 23 3
6696 50629 2 26 0
6696 50629 3 26 0
6696 50629 4 26 0
6696 50629 5 26 0
6696 50629 6 26 0
6696 50629 7 26 0
6696 50629 8 26 0
6696 50629 9 26 0
6696 50629 10 26 0
!sus 9425 151451 1 9 3 attackers:9425;victims:151451;type:1;valid_origin:True;recurrent:True;local:False
9425 151451 1 3 0
9425 151451 2 0 3
9425 151451 3 0 3
9425 151451 4 0 3
9425 151451 5 0 3
9425 151451 6 0 3
9425 151451 7 0 3
9425 151451 8 0 3
9425 151451 9 0 3
9425 151451 10 0 3
!leg 26865 268659 10 0 203 attackers:268659;victims:267992,268705,268040,268617,267991,269382;type:2,3;valid_origin:True;recurrent:False;local:False
26865 268659 1 203 0
26865 268659 2 203 0
26865 268659 3 203 0
26865 268659 4 203 0
26865 268659 5 203 0
26865 268659 6 203 0
26865 268659 7 203 0
26865 268659 8 203 0
26865 268659 9 203 0
26865 268659 10 203 0
!sus 20804 207336 7 3 2 attackers:207336;victims:2115;type:2;valid_origin:True;recurrent:True;local:False
20804 207336 1 0 2
20804 207336 2 0 2
20804 207336 3 2 0
20804 207336 4 1 1
20804 207336 5 2 0
20804 207336 6 2 0
20804 207336 7 2 0
20804 207336 8 2 0
20804 207336 9 2 0
20804 207336 10 2 0
!leg 15221 398996 10 0 7 attackers:15221;victims:398996;type:1;valid_origin:True;recurrent:False;local:False
15221 398996 1 7 0
15221 398996 2 7 0
15221 398996 3 7 0
15221 398996 4 7 0
15221 398996 5 7 0
15221 398996 6 7 0
15221 398996 7 7 0
15221 398996 8 7 0
15221 398996 9 7 0
15221 398996 10 7 0
!leg 133693 147269 10 0 63 attackers:133693;victims:147269;type:1;valid_origin:True;recurrent:False;local:False
133693 147269 1 63 0
133693 147269 2 63 0
133693 147269 3 63 0
133693 147269 4 63 0
133693 147269 5 63 0
133693 147269 6 63 0
133693 147269 7 63 0
133693 147269 8 63 0
133693 147269 9 63 0
133693 147269 10 63 0
!sus 49367 136258 7 3 2 attackers:49367;victims:136258;type:1;valid_origin:True;recurrent:True;local:False
49367 136258 1 0 2
49367 136258 2 0 2
49367 136258 3 1 1
49367 136258 4 2 0
49367 136258 5 2 0
49367 136258 6 2 0
49367 136258 7 2 0
49367 136258 8 2 0
49367 136258 9 2 0
49367 136258 10 2 0
!sus 9425 151460 1 9 3 attackers:9425;victims:151460;type:1;valid_origin:True;recurrent:True;local:False
9425 151460 1 3 0
9425 151460 2 0 3
9425 151460 3 0 3
9425 151460 4 0 3
9425 151460 5 0 3
9425 151460 6 0 3
9425 151460 7 0 3
9425 151460 8 0 3
9425 151460 9 0 3
9425 151460 10 0 3
!sus 7470 26937 8 2 5 attackers:7470;victims:26937;type:1;valid_origin:True;recurrent:True;local:False
7470 26937 1 0 5
7470 26937 2 0 5
7470 26937 3 5 0
7470 26937 4 5 0
7470 26937 5 5 0
7470 26937 6 5 0
7470 26937 7 5 0
7470 26937 8 5 0
7470 26937 9 5 0
7470 26937 10 5 0
!sus 138915 140666 0 10 144 attackers:140666;victims:138915;type:1;valid_origin:True;recurrent:False;local:False
138915 140666 1 0 144
138915 140666 2 3 141
138915 140666 3 2 142
138915 140666 4 0 144
138915 140666 5 3 141
138915 140666 6 5 139
138915 140666 7 0 144
138915 140666 8 18 126
138915 140666 9 18 126
138915 140666 10 21 123
!sus 214271 396356 6 4 56 attackers:396356;victims:214271;type:1;valid_origin:False;recurrent:True;local:False
214271 396356 1 0 56
214271 396356 2 0 56
214271 396356 3 0 56
214271 396356 4 0 56
214271 396356 5 55 1
214271 396356 6 38 18
214271 396356 7 54 2
214271 396356 8 36 20
214271 396356 9 55 1
214271 396356 10 55 1
!sus 41051 213870 6 4 45 attackers:41051;victims:213870;type:1;valid_origin:True;recurrent:True;local:False
41051 213870 1 0 45
41051 213870 2 5 40
41051 213870 3 12 33
41051 213870 4 10 35
41051 213870 5 28 17
41051 213870 6 42 3
41051 213870 7 34 11
41051 213870 8 41 4
41051 213870 9 42 3
41051 213870 10 42 3
!sus 48003 198949 8 2 2 attackers:198949;victims:48003;type:1;valid_origin:True;recurrent:True;local:False
48003 198949 1 1 1
48003 198949 2 1 1
48003 198949 3 2 0
48003 198949 4 2 0
48003 198949 5 2 0
48003 198949 6 2 0
48003 198949 7 2 0
48003 198949 8 2 0
48003 198949 9 2 0
48003 198949 10 2 0
!sus 13378 63567 3 7 114 attackers:13378;victims:63567;type:1;valid_origin:False;recurrent:True;local:False
13378 63567 1 114 0
13378 63567 2 114 0
13378 63567 3 0 114
13378 63567 4 60 54
13378 63567 5 14 100
13378 63567 6 0 114
13378 63567 7 0 114
13378 63567 8 13 101
13378 63567 9 3 111
13378 63567 10 0 114
!sus 262589 273905 0 10 6 attackers:262589;victims:273905;type:1;valid_origin:True;recurrent:True;local:False
262589 273905 1 0 6
262589 273905 2 0 6
262589 273905 3 0 6
262589 273905 4 0 6
262589 273905 5 0 6
262589 273905 6 0 6
262589 273905 7 0 6
262589 273905 8 0 6
262589 273905 9 0 6
262589 273905 10 0 6
!leg 7162 269144 10 0 14 attackers:7162;victims:269144;type:1;valid_origin:True;recurrent:False;local:False
7162 269144 1 14 0
7162 269144 2 14 0
7162 269144 3 14 0
7162 269144 4 14 0
7162 269144 5 14 0
7162 269144 6 14 0
7162 269144 7 14 0
7162 269144 8 14 0
7162 269144 9 14 0
7162 269144 10 14 0
!sus 23061 49592 0 10 8 attackers:49592;victims:23061;type:1;valid_origin:True;recurrent:True;local:False
23061 49592 1 0 8
23061 49592 2 0 8
23061 49592 3 0 8
23061 49592 4 0 8
23061 49592 5 0 8
23061 49592 6 0 8
23061 49592 7 0 8
23061 49592 8 0 8
23061 49592 9 0 8
23061 49592 10 0 8
!sus 271433 273495 2 8 1 attackers:271433;victims:273495;type:1;valid_origin:True;recurrent:True;local:False
271433 273495 1 1 0
271433 273495 2 1 0
271433 273495 3 0 1
271433 273495 4 0 1
271433 273495 5 0 1
271433 273495 6 0 1
271433 273495 7 0 1
271433 273495 8 0 1
271433 273495 9 0 1
271433 273495 10 0 1
!sus 9425 151444 1 9 3 attackers:9425;victims:151444;type:1;valid_origin:True;recurrent:True;local:False
9425 151444 1 3 0
9425 151444 2 0 3
9425 151444 3 0 3
9425 151444 4 0 3
9425 151444 5 0 3
9425 151444 6 0 3
9425 151444 7 0 3
9425 151444 8 0 3
9425 151444 9 0 3
9425 151444 10 0 3
!leg 3216 47822 10 0 47 attackers:3216;victims:47822;type:1;valid_origin:True;recurrent:False;local:False
3216 47822 1 47 0
3216 47822 2 47 0
3216 47822 3 47 0
3216 47822 4 47 0
3216 47822 5 47 0
3216 47822 6 47 0
3216 47822 7 47 0
3216 47822 8 47 0
3216 47822 9 47 0
3216 47822 10 47 0
!sus 37100 328750 8 2 2 attackers:37100;victims:328750;type:1;valid_origin:True;recurrent:True;local:False
37100 328750 1 0 2
37100 328750 2 0 2
37100 328750 3 2 0
37100 328750 4 2 0
37100 328750 5 2 0
37100 328750 6 2 0
37100 328750 7 2 0
37100 328750 8 2 0
37100 328750 9 2 0
37100 328750 10 2 0
!sus 9425 151453 1 9 3 attackers:9425;victims:151453;type:1;valid_origin:True;recurrent:True;local:False
9425 151453 1 3 0
9425 151453 2 0 3
9425 151453 3 0 3
9425 151453 4 0 3
9425 151453 5 0 3
9425 151453 6 0 3
9425 151453 7 0 3
9425 151453 8 0 3
9425 151453 9 0 3
9425 151453 10 0 3
!sus 56048 151284 7 3 1 attackers:56048;victims:151284;type:1;valid_origin:True;recurrent:True;local:False
56048 151284 1 1 0
56048 151284 2 1 0
56048 151284 3 1 0
56048 151284 4 1 0
56048 151284 5 0 1
56048 151284 6 1 0
56048 151284 7 0 1
56048 151284 8 1 0
56048 151284 9 1 0
56048 151284 10 0 1
!sus 9425 151462 1 9 3 attackers:9425;victims:151462;type:1;valid_origin:True;recurrent:True;local:False
9425 151462 1 3 0
9425 151462 2 0 3
9425 151462 3 0 3
9425 151462 4 0 3
9425 151462 5 0 3
9425 151462 6 0 3
9425 151462 7 0 3
9425 151462 8 0 3
9425 151462 9 0 3
9425 151462 10 0 3
!sus 970 10233 0 10 46 attackers:10233;victims:10233;type:2;valid_origin:True;recurrent:False;local:False
970 10233 1 0 46
970 10233 2 0 46
970 10233 3 0 46
970 10233 4 0 46
970 10233 5 0 46
970 10233 6 0 46
970 10233 7 0 46
970 10233 8 0 46
970 10233 9 0 46
970 10233 10 0 46
!leg 42755 200612 10 0 1 attackers:200612;victims:42755;type:1;valid_origin:True;recurrent:False;local:True
42755 200612 1 1 0
42755 200612 2 1 0
42755 200612 3 1 0
42755 200612 4 1 0
42755 200612 5 1 0
42755 200612 6 1 0
42755 200612 7 1 0
42755 200612 8 1 0
42755 200612 9 1 0
42755 200612 10 1 0
!leg 8359 35753 10 0 1 attackers:8359;victims:50999;type:3;valid_origin:True;recurrent:False;local:False
8359 35753 1 1 0
8359 35753 2 1 0
8359 35753 3 1 0
8359 35753 4 1 0
8359 35753 5 1 0
8359 35753 6 1 0
8359 35753 7 1 0
8359 35753 8 1 0
8359 35753 9 1 0
8359 35753 10 1 0
!sus 20115 40847 4 6 2 attackers:20115;victims:40847;type:1;valid_origin:True;recurrent:True;local:False
20115 40847 1 1 1
20115 40847 2 1 1
20115 40847 3 1 1
20115 40847 4 1 1
20115 40847 5 1 1
20115 40847 6 2 0
20115 40847 7 1 1
20115 40847 8 2 0
20115 40847 9 2 0
20115 40847 10 2 0
!sus 138195 153453 5 5 325 attackers:138195;victims:153453;type:1;valid_origin:True;recurrent:True;local:False
138195 153453 1 293 32
138195 153453 2 292 33
138195 153453 3 0 325
138195 153453 4 0 325
138195 153453 5 0 325
138195 153453 6 123 202
138195 153453 7 237 88
138195 153453 8 164 161
138195 153453 9 305 20
138195 153453 10 0 325
!sus 13004 44477 2 8 5 attackers:13004;victims:44477;type:1;valid_origin:True;recurrent:True;local:False
13004 44477 1 0 5
13004 44477 2 0 5
13004 44477 3 1 4
13004 44477 4 1 4
13004 44477 5 2 3
13004 44477 6 2 3
13004 44477 7 2 3
13004 44477 8 2 3
13004 44477 9 5 0
13004 44477 10 5 0
!sus 52758 274660 2 8 5 attackers:52758;victims:274660;type:1;valid_origin:True;recurrent:True;local:False
52758 274660 1 5 0
52758 274660 2 5 0
52758 274660 3 1 4
52758 274660 4 0 5
52758 274660 5 0 5
52758 274660 6 0 5
52758 274660 7 0 5
52758 274660 8 0 5
52758 274660 9 0 5
52758 274660 10 0 5
!sus 6939 11664 0 10 107 attackers:6939;victims:264848,52241,263818,264726,264712,267793,21756,27754,267852,265720,264849,265653,267712,264704,270029,271798,28492,266754,28073,20002,265790,267910,269909,263707,270015,11571,272133,52277,36068,52308,264758,267895,267771,11498,20305,3573,20117,271823,27795,267865,263722,27983,52366,269814,52319,267798,52405,52493,52394,265823,267897,18667,22080,267918,272016,11664,263729,265792,263812,5662,270060,264689,266708,61519,27797,14234,52474,266784,272810,52307,27730;type:1,2,3;valid_origin:True;recurrent:True;local:False
6939 11664 1 5 102
6939 11664 2 10 97
6939 11664 3 12 95
6939 11664 4 25 82
6939 11664 5 29 78
6939 11664 6 12 95
6939 11664 7 30 77
6939 11664 8 40 67
6939 11664 9 39 68
6939 11664 10 42 65
!leg 28329 263495 10 0 2 attackers:263495;victims:270481;type:3;valid_origin:True;recurrent:False;local:False
28329 263495 1 2 0
28329 263495 2 2 0
28329 263495 3 2 0
28329 263495 4 2 0
28329 263495 5 2 0
28329 263495 6 2 0
28329 263495 7 2 0
28329 263495 8 2 0
28329 263495 9 2 0
28329 263495 10 2 0
!leg 141137 149714 10 0 11 attackers:141137;victims:137315;type:2;valid_origin:True;recurrent:False;local:False
141137 149714 1 11 0
141137 149714 2 11 0
141137 149714 3 11 0
141137 149714 4 11 0
141137 149714 5 11 0
141137 149714 6 11 0
141137 149714 7 11 0
141137 149714 8 11 0
141137 149714 9 11 0
141137 149714 10 11 0
!leg 924 35100 10 0 9 attackers:924;victims:35100;type:1;valid_origin:True;recurrent:False;local:False
924 35100 1 9 0
924 35100 2 9 0
924 35100 3 9 0
924 35100 4 9 0
924 35100 5 9 0
924 35100 6 9 0
924 35100 7 9 0
924 35100 8 9 0
924 35100 9 9 0
924 35100 10 9 0
!leg 268600 273568 10 0 3 attackers:273568;victims:268600;type:1;valid_origin:True;recurrent:False;local:False
268600 273568 1 3 0
268600 273568 2 3 0
268600 273568 3 3 0
268600 273568 4 3 0
268600 273568 5 3 0
268600 273568 6 3 0
268600 273568 7 3 0
268600 273568 8 3 0
268600 273568 9 3 0
268600 273568 10 3 0
!sus 1 197251 0 10 2 attackers:197251;victims:1;type:1;valid_origin:False;recurrent:True;local:False
1 197251 1 0 2
1 197251 2 0 2
1 197251 3 0 2
1 197251 4 0 2
1 197251 5 0 2
1 197251 6 0 2
1 197251 7 0 2
1 197251 8 0 2
1 197251 9 0 2
1 197251 10 0 2
!leg 9269 20326 10 0 1 attackers:9269;victims:3402;type:2;valid_origin:True;recurrent:False;local:False
9269 20326 1 1 0
9269 20326 2 1 0
9269 20326 3 1 0
9269 20326 4 1 0
9269 20326 5 1 0
9269 20326 6 1 0
9269 20326 7 1 0
9269 20326 8 1 0
9269 20326 9 1 0
9269 20326 10 1 0
!sus 41033 51359 0 10 1 attackers:41033;victims:51359;type:1;valid_origin:True;recurrent:True;local:False
41033 51359 1 0 1
41033 51359 2 0 1
41033 51359 3 0 1
41033 51359 4 0 1
41033 51359 5 0 1
41033 51359 6 0 1
41033 51359 7 0 1
41033 51359 8 0 1
41033 51359 9 0 1
41033 51359 10 0 1
!sus 34872 153176 9 1 41 attackers:34872;victims:153176;type:1;valid_origin:True;recurrent:True;local:False
34872 153176 1 3 38
34872 153176 2 35 6
34872 153176 3 40 1
34872 153176 4 40 1
34872 153176 5 40 1
34872 153176 6 41 0
34872 153176 7 40 1
34872 153176 8 41 0
34872 153176 9 41 0
34872 153176 10 41 0
!sus 21859 270776 0 10 1 attackers:270776;victims:24409;type:2;valid_origin:True;recurrent:True;local:False
21859 270776 1 0 1
21859 270776 2 0 1
21859 270776 3 0 1
21859 270776 4 0 1
21859 270776 5 0 1
21859 270776 6 0 1
21859 270776 7 0 1
21859 270776 8 0 1
21859 270776 9 0 1
21859 270776 10 0 1
!sus 54994 55410 0 10 9 attackers:55410;victims:54994;type:1;valid_origin:True;recurrent:True;local:False
54994 55410 1 0 9
54994 55410 2 0 9
54994 55410 3 0 9
54994 55410 4 0 9
54994 55410 5 0 9
54994 55410 6 0 9
54994 55410 7 1 8
54994 55410 8 1 8
54994 55410 9 1 8
54994 55410 10 1 8
!leg 36920 329267 10 0 41 attackers:36920;victims:329267;type:1;valid_origin:False;recurrent:False;local:False
36920 329267 1 41 0
36920 329267 2 41 0
36920 329267 3 41 0
36920 329267 4 41 0
36920 329267 5 41 0
36920 329267 6 41 0
36920 329267 7 41 0
36920 329267 8 41 0
36920 329267 9 41 0
36920 329267 10 41 0
!leg 35661 202827 10 0 13 attackers:35661;victims:202827;type:1;valid_origin:True;recurrent:False;local:False
35661 202827 1 13 0
35661 202827 2 13 0
35661 202827 3 13 0
35661 202827 4 13 0
35661 202827 5 13 0
35661 202827 6 13 0
35661 202827 7 13 0
35661 202827 8 13 0
35661 202827 9 13 0
35661 202827 10 13 0
!sus 209533 213928 3 7 3 attackers:209533;victims:213928;type:1;valid_origin:True;recurrent:True;local:False
209533 213928 1 0 3
209533 213928 2 0 3
209533 213928 3 0 3
209533 213928 4 0 3
209533 213928 5 0 3
209533 213928 6 0 3
209533 213928 7 0 3
209533 213928 8 2 1
209533 213928 9 3 0
209533 213928 10 3 0
!sus 153176 210233 8 2 10 attackers:210233;victims:153176;type:1;valid_origin:True;recurrent:True;local:False
153176 210233 1 0 10
153176 210233 2 0 10
153176 210233 3 10 0
153176 210233 4 10 0
153176 210233 5 10 0
153176 210233 6 10 0
153176 210233 7 10 0
153176 210233 8 10 0
153176 210233 9 10 0
153176 210233 10 10 0
!sus 213691 216334 5 5 3 attackers:216334;victims:213691;type:1;valid_origin:True;recurrent:True;local:False
213691 216334 1 3 0
213691 216334 2 3 0
213691 216334 3 2 1
213691 216334 4 3 0
213691 216334 5 3 0
213691 216334 6 1 2
213691 216334 7 0 3
213691 216334 8 0 3
213691 216334 9 0 3
213691 216334 10 0 3
!sus 9425 151446 1 9 3 attackers:9425;victims:151446;type:1;valid_origin:True;recurrent:True;local:False
9425 151446 1 3 0
9425 151446 2 0 3
9425 151446 3 0 3
9425 151446 4 0 3
9425 151446 5 0 3
9425 151446 6 0 3
9425 151446 7 0 3
9425 151446 8 0 3
9425 151446 9 0 3
9425 151446 10 0 3
!leg 9299 213373 10 0 1 attackers:9299;victims:213373;type:1;valid_origin:True;recurrent:False;local:False
9299 213373 1 1 0
9299 213373 2 1 0
9299 213373 3 1 0
9299 213373 4 1 0
9299 213373 5 1 0
9299 213373 6 1 0
9299 213373 7 1 0
9299 213373 8 1 0
9299 213373 9 1 0
9299 213373 10 1 0
!sus 9425 151455 1 9 3 attackers:9425;victims:151455;type:1;valid_origin:True;recurrent:True;local:False
9425 151455 1 3 0
9425 151455 2 0 3
9425 151455 3 0 3
9425 151455 4 0 3
9425 151455 5 0 3
9425 151455 6 0 3
9425 151455 7 0 3
9425 151455 8 0 3
9425 151455 9 0 3
9425 151455 10 0 3
!sus 202425 213725 3 7 53 attackers:202425;victims:213725;type:1;valid_origin:False;recurrent:False;local:False
202425 213725 1 13 40
202425 213725 2 53 0
202425 213725 3 4 49
202425 213725 4 27 26
202425 213725 5 0 53
202425 213725 6 0 53
202425 213725 7 0 53
202425 213725 8 5 48
202425 213725 9 38 15
202425 213725 10 0 53
!leg 52579 270520 10 0 15 attackers:270520;victims:52579;type:1;valid_origin:True;recurrent:False;local:False
52579 270520 1 15 0
52579 270520 2 15 0
52579 270520 3 15 0
52579 270520 4 15 0
52579 270520 5 15 0
52579 270520 6 15 0
52579 270520 7 15 0
52579 270520 8 15 0
52579 270520 9 15 0
52579 270520 10 15 0
!sus 212888 212895 9 1 80 attackers:212895;victims:212888;type:1;valid_origin:True;recurrent:True;local:False
212888 212895 1 0 80
212888 212895 2 80 0
212888 212895 3 80 0
212888 212895 4 80 0
212888 212895 5 80 0
212888 212895 6 80 0
212888 212895 7 80 0
212888 212895 8 80 0
212888 212895 9 80 0
212888 212895 10 80 0
!sus 8048 273857 5 5 5 attackers:8048;victims:273857;type:1;valid_origin:True;recurrent:True;local:False
8048 273857 1 5 0
8048 273857 2 5 0
8048 273857 3 4 1
8048 273857 4 0 5
8048 273857 5 2 3
8048 273857 6 1 4
8048 273857 7 0 5
8048 273857 8 5 0
8048 273857 9 4 1
8048 273857 10 0 5
!leg 6204 6696 10 0 33 attackers:6204;victims:205021,215813,47484,209295,201004,201636,50083,209649,212815,206983,13226,34144,35701,211106,50156,62098,47861,211448,199432,29533,61023,62343,206841,45049,44140,215599,215663,206960,207372,6696,208479,64478,215727;type:1,2,3;valid_origin:True;recurrent:False;local:False
6204 6696 1 29 4
6204 6696 2 29 4
6204 6696 3 29 4
6204 6696 4 29 4
6204 6696 5 29 4
6204 6696 6 29 4
6204 6696 7 33 0
6204 6696 8 33 0
6204 6696 9 33 0
6204 6696 10 33 0
!sus 13335 267056 0 10 1 attackers:267056;victims:13335;type:1;valid_origin:True;recurrent:True;local:False
13335 267056 1 0 1
13335 267056 2 0 1
13335 267056 3 0 1
13335 267056 4 0 1
13335 267056 5 0 1
13335 267056 6 0 1
13335 267056 7 0 1
13335 267056 8 0 1
13335 267056 9 0 1
13335 267056 10 0 1
!sus 62113 205235 0 10 2 attackers:205235;victims:62113;type:1;valid_origin:True;recurrent:True;local:False
62113 205235 1 0 2
62113 205235 2 0 2
62113 205235 3 0 2
62113 205235 4 0 2
62113 205235 5 0 2
62113 205235 6 0 2
62113 205235 7 0 2
62113 205235 8 0 2
62113 205235 9 0 2
62113 205235 10 0 2
!sus 8932 57162 9 1 1 attackers:8932;victims:57162;type:1;valid_origin:True;recurrent:True;local:False
8932 57162 1 0 1
8932 57162 2 1 0
8932 57162 3 1 0
8932 57162 4 1 0
8932 57162 5 1 0
8932 57162 6 1 0
8932 57162 7 1 0
8932 57162 8 1 0
8932 57162 9 1 0
8932 57162 10 1 0
!leg 262684 262761 10 0 44 attackers:262761;victims:262684;type:1;valid_origin:True;recurrent:False;local:False
262684 262761 1 44 0
262684 262761 2 44 0
262684 262761 3 44 0
262684 262761 4 44 0
262684 262761 5 44 0
262684 262761 6 44 0
262684 262761 7 44 0
262684 262761 8 44 0
262684 262761 9 44 0
262684 262761 10 44 0
!sus 29049 50959 4 6 17 attackers:29049;victims:203971,205367,50959,204986;type:1,2,3;valid_origin:True;recurrent:True;local:False
29049 50959 1 0 17
29049 50959 2 0 17
29049 50959 3 1 16
29049 50959 4 0 17
29049 50959 5 0 17
29049 50959 6 10 7
29049 50959 7 10 7
29049 50959 8 10 7
29049 50959 9 17 0
29049 50959 10 4 13
!sus 56264 133496 5 5 18 attackers:56264;victims:133496;type:1;valid_origin:True;recurrent:True;local:False
56264 133496 1 18 0
56264 133496 2 18 0
56264 133496 3 14 4
56264 133496 4 1 17
56264 133496 5 0 18
56264 133496 6 0 18
56264 133496 7 14 4
56264 133496 8 0 18
56264 133496 9 0 18
56264 133496 10 18 0
!sus 151194 198025 8 2 9 attackers:151194;victims:198025;type:1;valid_origin:True;recurrent:True;local:False
151194 198025 1 0 9
151194 198025 2 0 9
151194 198025 3 5 4
151194 198025 4 8 1
151194 198025 5 9 0
151194 198025 6 9 0
151194 198025 7 9 0
151194 198025 8 9 0
151194 198025 9 9 0
151194 198025 10 9 0
!sus 52154 214952 2 8 3 attackers:52154;victims:214952;type:1;valid_origin:True;recurrent:True;local:False
52154 214952 1 3 0
52154 214952 2 3 0
52154 214952 3 0 3
52154 214952 4 0 3
52154 214952 5 0 3
52154 214952 6 0 3
52154 214952 7 0 3
52154 214952 8 0 3
52154 214952 9 0 3
52154 214952 10 0 3
!sus 399765 401104 7 3 3 attackers:401104;victims:399765;type:1;valid_origin:True;recurrent:True;local:False
399765 401104 1 3 0
399765 401104 2 3 0
399765 401104 3 3 0
399765 401104 4 3 0
399765 401104 5 3 0
399765 401104 6 2 1
399765 401104 7 2 1
399765 401104 8 0 3
399765 401104 9 0 3
399765 401104 10 0 3
!sus 152900 200169 0 10 1 attackers:152900;victims:200169;type:1;valid_origin:True;recurrent:True;local:False
152900 200169 1 0 1
152900 200169 2 0 1
152900 200169 3 0 1
152900 200169 4 0 1
152900 200169 5 0 1
152900 200169 6 0 1
152900 200169 7 0 1
152900 200169 8 0 1
152900 200169 9 0 1
152900 200169 10 0 1
!leg 6939 207351 10 0 4 attackers:6939;victims:48158;type:2;valid_origin:True;recurrent:False;local:False
6939 207351 1 4 0
6939 207351 2 4 0
6939 207351 3 4 0
6939 207351 4 4 0
6939 207351 5 4 0
6939 207351 6 4 0
6939 207351 7 4 0
6939 207351 8 4 0
6939 207351 9 4 0
6939 207351 10 4 0
!leg 6774 134835 10 0 1 attackers:6774;victims:134835;type:1;valid_origin:True;recurrent:False;local:False
6774 134835 1 1 0
6774 134835 2 1 0
6774 134835 3 1 0
6774 134835 4 1 0
6774 134835 5 1 0
6774 134835 6 1 0
6774 134835 7 1 0
6774 134835 8 1 0
6774 134835 9 1 0
6774 134835 10 1 0
!leg 10835 396296 10 0 86 attackers:10835;victims:396296;type:1;valid_origin:True;recurrent:False;local:False
10835 396296 1 86 0
10835 396296 2 86 0
10835 396296 3 86 0
10835 396296 4 86 0
10835 396296 5 86 0
10835 396296 6 86 0
10835 396296 7 86 0
10835 396296 8 86 0
10835 396296 9 86 0
10835 396296 10 86 0
!sus 211275 214618 9 1 2 attackers:214618;victims:215492;type:2;valid_origin:True;recurrent:True;local:False
211275 214618 1 0 2
211275 214618 2 2 0
211275 214618 3 2 0
211275 214618 4 2 0
211275 214618 5 2 0
211275 214618 6 2 0
211275 214618 7 2 0
211275 214618 8 2 0
211275 214618 9 2 0
211275 214618 10 2 0
!leg 26865 267991 10 0 42 attackers:26865;victims:267991;type:1;valid_origin:True;recurrent:False;local:False
26865 267991 1 42 0
26865 267991 2 42 0
26865 267991 3 42 0
26865 267991 4 42 0
26865 267991 5 42 0
26865 267991 6 42 0
26865 267991 7 42 0
26865 267991 8 42 0
26865 267991 9 42 0
26865 267991 10 42 0
!sus 3 136999 0 10 40 attackers:136999;victims:3;type:1;valid_origin:False;recurrent:False;local:False
3 136999 1 3 37
3 136999 2 4 36
3 136999 3 8 32
3 136999 4 4 36
3 136999 5 7 33
3 136999 6 9 31
3 136999 7 9 31
3 136999 8 10 30
3 136999 9 9 31
3 136999 10 10 30
!leg 17488 138279 10 0 127 attackers:17488;victims:138279;type:1;valid_origin:True;recurrent:False;local:False
17488 138279 1 127 0
17488 138279 2 127 0
17488 138279 3 127 0
17488 138279 4 127 0
17488 138279 5 127 0
17488 138279 6 127 0
17488 138279 7 127 0
17488 138279 8 127 0
17488 138279 9 127 0
17488 138279 10 127 0
!leg 137315 149714 10 0 35 attackers:149714;victims:137315;type:1;valid_origin:True;recurrent:False;local:False
137315 149714 1 35 0
137315 149714 2 35 0
137315 149714 3 35 0
137315 149714 4 35 0
137315 149714 5 35 0
137315 149714 6 35 0
137315 149714 7 35 0
137315 149714 8 35 0
137315 149714 9 35 0
137315 149714 10 35 0
!sus 9425 151448 1 9 3 attackers:9425;victims:151448;type:1;valid_origin:True;recurrent:True;local:False
9425 151448 1 3 0
9425 151448 2 0 3
9425 151448 3 0 3
9425 151448 4 0 3
9425 151448 5 0 3
9425 151448 6 0 3
9425 151448 7 0 3
9425 151448 8 0 3
9425 151448 9 0 3
9425 151448 10 0 3
!leg 12713 29505 10 0 1 attackers:12713;victims:215275;type:2;valid_origin:True;recurrent:False;local:False
12713 29505 1 1 0
12713 29505 2 1 0
12713 29505 3 1 0
12713 29505 4 1 0
12713 29505 5 1 0
12713 29505 6 1 0
12713 29505 7 1 0
12713 29505 8 1 0
12713 29505 9 1 0
12713 29505 10 1 0
!leg 3356 55924 10 0 1 attackers:3356;victims:55924;type:1;valid_origin:True;recurrent:False;local:False
3356 55924 1 1 0
3356 55924 2 1 0
3356 55924 3 1 0
3356 55924 4 1 0
3356 55924 5 1 0
3356 55924 6 1 0
3356 55924 7 1 0
3356 55924 8 1 0
3356 55924 9 1 0
3356 55924 10 1 0
!sus 30860 215058 0 10 1 attackers:30860;victims:215058;type:1;valid_origin:True;recurrent:True;local:False
30860 215058 1 0 1
30860 215058 2 0 1
30860 215058 3 0 1
30860 215058 4 0 1
30860 215058 5 0 1
30860 215058 6 0 1
30860 215058 7 0 1
30860 215058 8 0 1
30860 215058 9 0 1
30860 215058 10 0 1
!sus 9425 151457 1 9 3 attackers:9425;victims:151457;type:1;valid_origin:True;recurrent:True;local:False
9425 151457 1 3 0
9425 151457 2 0 3
9425 151457 3 0 3
9425 151457 4 0 3
9425 151457 5 0 3
9425 151457 6 0 3
9425 151457 7 0 3
9425 151457 8 0 3
9425 151457 9 0 3
9425 151457 10 0 3
!sus 10233 12984 0 10 40 attackers:10233;victims:10233;type:2;valid_origin:True;recurrent:False;local:False
10233 12984 1 0 40
10233 12984 2 0 40
10233 12984 3 0 40
10233 12984 4 0 40
10233 12984 5 0 40
10233 12984 6 0 40
10233 12984 7 0 40
10233 12984 8 0 40
10233 12984 9 0 40
10233 12984 10 0 40
!leg 6939 9664 10 0 57 attackers:6939;victims:9664;type:1;valid_origin:True;recurrent:False;local:False
6939 9664 1 57 0
6939 9664 2 57 0
6939 9664 3 57 0
6939 9664 4 57 0
6939 9664 5 57 0
6939 9664 6 57 0
6939 9664 7 57 0
6939 9664 8 57 0
6939 9664 9 57 0
6939 9664 10 57 0
!sus 265038 268860 0 10 1 attackers:265038;victims:13335;type:3;valid_origin:True;recurrent:True;local:False
265038 268860 1 0 1
265038 268860 2 0 1
265038 268860 3 0 1
265038 268860 4 0 1
265038 268860 5 0 1
265038 268860 6 0 1
265038 268860 7 0 1
265038 268860 8 0 1
265038 268860 9 0 1
265038 268860 10 0 1
!sus 31529 270776 4 6 1 attackers:270776;victims:25354;type:2;valid_origin:True;recurrent:True;local:False
31529 270776 1 0 1
31529 270776 2 0 1
31529 270776 3 0 1
31529 270776 4 0 1
31529 270776 5 0 1
31529 270776 6 1 0
31529 270776 7 0 1
31529 270776 8 1 0
31529 270776 9 1 0
31529 270776 10 1 0
!sus 60068 401408 0 10 1 attackers:60068;victims:401408;type:1;valid_origin:True;recurrent:True;local:False
60068 401408 1 0 1
60068 401408 2 0 1
60068 401408 3 0 1
60068 401408 4 0 1
60068 401408 5 0 1
60068 401408 6 0 1
60068 401408 7 0 1
60068 401408 8 0 1
60068 401408 9 0 1
60068 401408 10 0 1
!sus 7721 215364 0 10 42 attackers:215364;victims:7721;type:1;valid_origin:True;recurrent:True;local:False
7721 215364 1 0 42
7721 215364 2 1 41
7721 215364 3 1 41
7721 215364 4 3 39
7721 215364 5 6 36
7721 215364 6 2 40
7721 215364 7 7 35
7721 215364 8 7 35
7721 215364 9 14 28
7721 215364 10 7 35
!leg 6204 15466 10 0 1 attackers:6204;victims:15466;type:1;valid_origin:True;recurrent:False;local:False
6204 15466 1 1 0
6204 15466 2 1 0
6204 15466 3 1 0
6204 15466 4 1 0
6204 15466 5 1 0
6204 15466 6 1 0
6204 15466 7 1 0
6204 15466 8 1 0
6204 15466 9 1 0
6204 15466 10 1 0
!leg 7091 9505 10 0 2 attackers:9505;victims:7091;type:1;valid_origin:True;recurrent:False;local:False
7091 9505 1 2 0
7091 9505 2 2 0
7091 9505 3 2 0
7091 9505 4 2 0
7091 9505 5 2 0
7091 9505 6 2 0
7091 9505 7 2 0
7091 9505 8 2 0
7091 9505 9 2 0
7091 9505 10 2 0
!sus 3356 401427 9 1 2 attackers:3356;victims:401427;type:1;valid_origin:True;recurrent:True;local:False
3356 401427 1 2 0
3356 401427 2 2 0
3356 401427 3 2 0
3356 401427 4 2 0
3356 401427 5 2 0
3356 401427 6 2 0
3356 401427 7 2 0
3356 401427 8 2 0
3356 401427 9 2 0
3356 401427 10 0 2
!sus 42337 214586 5 5 89 attackers:42337;victims:214586;type:1;valid_origin:True;recurrent:True;local:False
42337 214586 1 89 0
42337 214586 2 89 0
42337 214586 3 89 0
42337 214586 4 0 89
42337 214586 5 2 87
42337 214586 6 89 0
42337 214586 7 0 89
42337 214586 8 0 89
42337 214586 9 89 0
42337 214586 10 0 89
!leg 52468 269144 10 0 22 attackers:52468;victims:269144;type:1;valid_origin:True;recurrent:False;local:False
52468 269144 1 17 5
52468 269144 2 21 1
52468 269144 3 22 0
52468 269144 4 22 0
52468 269144 5 22 0
52468 269144 6 22 0
52468 269144 7 22 0
52468 269144 8 22 0
52468 269144 9 22 0
52468 269144 10 22 0
!sus 135709 152144 9 1 28 attackers:135709;victims:24550,139902,152448,136530;type:3,4,5;valid_origin:True;recurrent:True;local:False
135709 152144 1 0 28
135709 152144 2 27 1
135709 152144 3 28 0
135709 152144 4 28 0
135709 152144 5 28 0
135709 152144 6 28 0
135709 152144 7 28 0
135709 152144 8 28 0
135709 152144 9 28 0
135709 152144 10 28 0
!sus 50053 51396 8 2 110 attackers:51396;victims:216141,212762,50053;type:1,3;valid_origin:False;recurrent:True;local:False
50053 51396 1 9 101
50053 51396 2 74 36
50053 51396 3 49 61
50053 51396 4 85 25
50053 51396 5 110 0
50053 51396 6 110 0
50053 51396 7 110 0
50053 51396 8 110 0
50053 51396 9 110 0
50053 51396 10 110 0
!sus 40169 211559 8 2 10 attackers:211559;victims:40169;type:1;valid_origin:True;recurrent:True;local:False
40169 211559 1 1 9
40169 211559 2 5 5
40169 211559 3 10 0
40169 211559 4 10 0
40169 211559 5 10 0
40169 211559 6 10 0
40169 211559 7 10 0
40169 211559 8 10 0
40169 211559 9 10 0
40169 211559 10 10 0
!leg 4787 24526 10 0 88 attackers:4787;victims:24526;type:1;valid_origin:True;recurrent:False;local:False
4787 24526 1 88 0
4787 24526 2 88 0
4787 24526 3 88 0
4787 24526 4 88 0
4787 24526 5 88 0
4787 24526 6 88 0
4787 24526 7 88 0
4787 24526 8 88 0
4787 24526 9 88 0
4787 24526 10 88 0
!sus 52468 264659 9 1 47 attackers:52468;victims:264659;type:1;valid_origin:True;recurrent:True;local:False
52468 264659 1 19 28
52468 264659 2 33 14
52468 264659 3 42 5
52468 264659 4 40 7
52468 264659 5 42 5
52468 264659 6 43 4
52468 264659 7 42 5
52468 264659 8 44 3
52468 264659 9 44 3
52468 264659 10 45 2
!sus 14868 274628 7 3 1 attackers:14868;victims:274628;type:1;valid_origin:True;recurrent:True;local:False
14868 274628 1 1 0
14868 274628 2 1 0
14868 274628 3 0 1
14868 274628 4 1 0
14868 274628 5 1 0
14868 274628 6 1 0
14868 274628 7 1 0
14868 274628 8 1 0
14868 274628 9 0 1
14868 274628 10 0 1
!sus 6774 139285 7 3 3 attackers:6774;victims:139285;type:1;valid_origin:True;recurrent:True;local:False
6774 139285 1 1 2
6774 139285 2 1 2
6774 139285 3 1 2
6774 139285 4 2 1
6774 139285 5 3 0
6774 139285 6 3 0
6774 139285 7 3 0
6774 139285 8 3 0
6774 139285 9 3 0
6774 139285 10 3 0
!sus 9425 151450 1 9 3 attackers:9425;victims:151450;type:1;valid_origin:True;recurrent:True;local:False
9425 151450 1 3 0
9425 151450 2 0 3
9425 151450 3 0 3
9425 151450 4 0 3
9425 151450 5 0 3
9425 151450 6 0 3
9425 151450 7 0 3
9425 151450 8 0 3
9425 151450 9 0 3
9425 151450 10 0 3
!leg 262503 265939 10 0 64 attackers:262503;victims:265939;type:1;valid_origin:True;recurrent:False;local:False
262503 265939 1 64 0
262503 265939 2 64 0
262503 265939 3 64 0
262503 265939 4 64 0
262503 265939 5 64 0
262503 265939 6 64 0
262503 265939 7 64 0
262503 265939 8 64 0
262503 265939 9 64 0
262503 265939 10 64 0
!sus 20473 267469 0 10 1 attackers:267469;victims:213954;type:2;valid_origin:True;recurrent:True;local:False
20473 267469 1 0 1
20473 267469 2 0 1
20473 267469 3 0 1
20473 267469 4 0 1
20473 267469 5 0 1
20473 267469 6 0 1
20473 267469 7 0 1
20473 267469 8 0 1
20473 267469 9 0 1
20473 267469 10 0 1
!sus 213714 215400 2 8 29 attackers:215400;victims:213714;type:1;valid_origin:False;recurrent:True;local:False
213714 215400 1 29 0
213714 215400 2 25 4
213714 215400 3 0 29
213714 215400 4 0 29
213714 215400 5 0 29
213714 215400 6 0 29
213714 215400 7 2 27
213714 215400 8 0 29
213714 215400 9 0 29
213714 215400 10 0 29
!sus 9123 43298 8 2 34 attackers:43298;victims:9123;type:1;valid_origin:True;recurrent:True;local:False
9123 43298 1 10 24
9123 43298 2 17 17
9123 43298 3 19 15
9123 43298 4 18 16
9123 43298 5 19 15
9123 43298 6 30 4
9123 43298 7 27 7
9123 43298 8 30 4
9123 43298 9 30 4
9123 43298 10 28 6
!sus 34872 214139 1 9 4 attackers:34872;victims:214139;type:1;valid_origin:True;recurrent:True;local:False
34872 214139 1 3 1
34872 214139 2 1 3
34872 214139 3 1 3
34872 214139 4 1 3
34872 214139 5 0 4
34872 214139 6 0 4
34872 214139 7 0 4
34872 214139 8 0 4
34872 214139 9 1 3
34872 214139 10 1 3
!sus 197790 200534 9 1 3 attackers:197790;victims:200534;type:1;valid_origin:True;recurrent:True;local:False
197790 200534 1 1 2
197790 200534 2 3 0
197790 200534 3 3 0
197790 200534 4 3 0
197790 200534 5 3 0
197790 200534 6 3 0
197790 200534 7 3 0
197790 200534 8 3 0
197790 200534 9 3 0
197790 200534 10 3 0
!sus 15351 16628 2 8 2 attackers:16628;victims:15351;type:1;valid_origin:True;recurrent:True;local:False
15351 16628 1 2 0
15351 16628 2 2 0
15351 16628 3 0 2
15351 16628 4 0 2
15351 16628 5 0 2
15351 16628 6 0 2
15351 16628 7 0 2
15351 16628 8 0 2
15351 16628 9 0 2
15351 16628 10 0 2
!sus 135660 152333 2 8 13 attackers:152333;victims:135660;type:1;valid_origin:False;recurrent:True;local:False
135660 152333 1 13 0
135660 152333 2 12 1
135660 152333 3 1 12
135660 152333 4 0 13
135660 152333 5 0 13
135660 152333 6 0 13
135660 152333 7 4 9
135660 152333 8 0 13
135660 152333 9 0 13
135660 152333 10 0 13
!sus 214331 214569 1 9 2 attackers:214331;victims:214569;type:1;valid_origin:True;recurrent:True;local:False
214331 214569 1 0 2
214331 214569 2 0 2
214331 214569 3 0 2
214331 214569 4 0 2
214331 214569 5 0 2
214331 214569 6 0 2
214331 214569 7 0 2
214331 214569 8 1 1
214331 214569 9 2 0
214331 214569 10 1 1
!sus 20118 60539 6 4 15 attackers:60539;victims:20118;type:1;valid_origin:True;recurrent:True;local:False
20118 60539 1 0 15
20118 60539 2 0 15
20118 60539 3 0 15
20118 60539 4 9 6
20118 60539 5 11 4
20118 60539 6 11 4
20118 60539 7 13 2
20118 60539 8 0 15
20118 60539 9 13 2
20118 60539 10 11 4
!sus 24406 33071 4 6 11 attackers:33071;victims:24406;type:1;valid_origin:True;recurrent:True;local:False
24406 33071 1 0 11
24406 33071 2 0 11
24406 33071 3 0 11
24406 33071 4 2 9
24406 33071 5 1 10
24406 33071 6 2 9
24406 33071 7 11 0
24406 33071 8 10 1
24406 33071 9 11 0
24406 33071 10 11 0
!sus 15353 62836 6 4 2 attackers:15353;victims:62836;type:1;valid_origin:True;recurrent:True;local:False
15353 62836 1 2 0
15353 62836 2 2 0
15353 62836 3 2 0
15353 62836 4 2 0
15353 62836 5 0 2
15353 62836 6 0 2
15353 62836 7 0 2
15353 62836 8 2 0
15353 62836 9 2 0
15353 62836 10 0 2
!sus 42298 214178 2 8 153 attackers:42298;victims:214178;type:1;valid_origin:True;recurrent:True;local:False
42298 214178 1 153 0
42298 214178 2 153 0
42298 214178 3 0 153
42298 214178 4 0 153
42298 214178 5 0 153
42298 214178 6 0 153
42298 214178 7 0 153
42298 214178 8 0 153
42298 214178 9 0 153
42298 214178 10 0 153
!leg 52579 264129 10 0 75 attackers:264129;victims:268490,264363,269316,263502,262610,262820,52579,268832,272427;type:1,2;valid_origin:True;recurrent:False;local:False
52579 264129 1 75 0
52579 264129 2 75 0
52579 264129 3 75 0
52579 264129 4 75 0
52579 264129 5 75 0
52579 264129 6 75 0
52579 264129 7 75 0
52579 264129 8 75 0
52579 264129 9 75 0
52579 264129 10 75 0
!leg 51692 214818 10 0 1 attackers:51692;victims:214818;type:1;valid_origin:True;recurrent:True;local:False
51692 214818 1 1 0
51692 214818 2 1 0
51692 214818 3 1 0
51692 214818 4 1 0
51692 214818 5 1 0
51692 214818 6 1 0
51692 214818 7 1 0
51692 214818 8 1 0
51692 214818 9 1 0
51692 214818 10 1 0
!sus 48300 64457 3 7 37 attackers:64457;victims:48300;type:1;valid_origin:True;recurrent:True;local:False
48300 64457 1 37 0
48300 64457 2 35 2
48300 64457 3 0 37
48300 64457 4 3 34
48300 64457 5 36 1
48300 64457 6 0 37
48300 64457 7 0 37
48300 64457 8 0 37
48300 64457 9 0 37
48300 64457 10 0 37
!sus 13378 149304 2 8 1 attackers:13378;victims:149304;type:1;valid_origin:False;recurrent:True;local:False
13378 149304 1 1 0
13378 149304 2 1 0
13378 149304 3 0 1
13378 149304 4 0 1
13378 149304 5 0 1
13378 149304 6 0 1
13378 149304 7 0 1
13378 149304 8 0 1
13378 149304 9 0 1
13378 149304 10 0 1
!sus 9425 151443 1 9 3 attackers:9425;victims:151443;type:1;valid_origin:True;recurrent:True;local:False
9425 151443 1 3 0
9425 151443 2 0 3
9425 151443 3 0 3
9425 151443 4 0 3
9425 151443 5 0 3
9425 151443 6 0 3
9425 151443 7 0 3
9425 151443 8 0 3
9425 151443 9 0 3
9425 151443 10 0 3
!leg 45305 141646 10 0 7 attackers:45305;victims:141646;type:1;valid_origin:True;recurrent:False;local:False
45305 141646 1 7 0
45305 141646 2 7 0
45305 141646 3 7 0
45305 141646 4 7 0
45305 141646 5 7 0
45305 141646 6 7 0
45305 141646 7 7 0
45305 141646 8 7 0
45305 141646 9 7 0
45305 141646 10 7 0
!sus 9425 151452 1 9 3 attackers:9425;victims:151452;type:1;valid_origin:True;recurrent:True;local:False
9425 151452 1 3 0
9425 151452 2 0 3
9425 151452 3 0 3
9425 151452 4 0 3
9425 151452 5 0 3
9425 151452 6 0 3
9425 151452 7 0 3
9425 151452 8 0 3
9425 151452 9 0 3
9425 151452 10 0 3
!sus 34872 215288 9 1 2 attackers:34872;victims:215288;type:1;valid_origin:True;recurrent:True;local:False
34872 215288 1 0 2
34872 215288 2 2 0
34872 215288 3 2 0
34872 215288 4 2 0
34872 215288 5 2 0
34872 215288 6 2 0
34872 215288 7 2 0
34872 215288 8 2 0
34872 215288 9 2 0
34872 215288 10 2 0
!sus 35280 142066 7 3 4 attackers:35280;victims:142066;type:1;valid_origin:True;recurrent:True;local:False
35280 142066 1 1 3
35280 142066 2 1 3
35280 142066 3 3 1
35280 142066 4 1 3
35280 142066 5 4 0
35280 142066 6 3 1
35280 142066 7 3 1
35280 142066 8 4 0
35280 142066 9 4 0
35280 142066 10 3 1
!sus 1273 1813 0 10 2 attackers:1273;victims:1813;type:1;valid_origin:True;recurrent:True;local:False
1273 1813 1 1 1
1273 1813 2 1 1
1273 1813 3 0 2
1273 1813 4 0 2
1273 1813 5 0 2
1273 1813 6 0 2
1273 1813 7 0 2
1273 1813 8 0 2
1273 1813 9 0 2
1273 1813 10 0 2
!sus 137037 149020 2 8 10 attackers:149020;victims:137037;type:1;valid_origin:True;recurrent:True;local:False
137037 149020 1 9 1
137037 149020 2 9 1
137037 149020 3 0 10
137037 149020 4 0 10
137037 149020 5 0 10
137037 149020 6 0 10
137037 149020 7 0 10
137037 149020 8 0 10
137037 149020 9 0 10
137037 149020 10 0 10
!sus 399861 401481 1 9 2 attackers:399861;victims:401481;type:1;valid_origin:True;recurrent:True;local:False
399861 401481 1 2 0
399861 401481 2 1 1
399861 401481 3 0 2
399861 401481 4 0 2
399861 401481 5 0 2
399861 401481 6 0 2
399861 401481 7 0 2
399861 401481 8 0 2
399861 401481 9 0 2
399861 401481 10 0 2
!sus 8529 139938 8 2 1 attackers:8529;victims:139938;type:1;valid_origin:True;recurrent:True;local:False
8529 139938 1 0 1
8529 139938 2 0 1
8529 139938 3 1 0
8529 139938 4 1 0
8529 139938 5 1 0
8529 139938 6 1 0
8529 139938 7 1 0
8529 139938 8 1 0
8529 139938 9 1 0
8529 139938 10 1 0
!sus 8529 269096 8 2 1 attackers:8529;victims:269096;type:1;valid_origin:True;recurrent:True;local:False
8529 269096 1 0 1
8529 269096 2 0 1
8529 269096 3 1 0
8529 269096 4 1 0
8529 269096 5 1 0
8529 269096 6 1 0
8529 269096 7 1 0
8529 269096 8 1 0
8529 269096 9 1 0
8529 269096 10 1 0
!sus 917 25737 0 10 11 attackers:917;victims:25737;type:1;valid_origin:True;recurrent:True;local:False
917 25737 1 0 11
917 25737 2 0 11
917 25737 3 1 10
917 25737 4 1 10
917 25737 5 1 10
917 25737 6 1 10
917 25737 7 1 10
917 25737 8 1 10
917 25737 9 1 10
917 25737 10 1 10
!leg 26865 268617 10 0 75 attackers:26865;victims:268705,268617,269382;type:1,2;valid_origin:True;recurrent:False;local:False
26865 268617 1 75 0
26865 268617 2 75 0
26865 268617 3 75 0
26865 268617 4 75 0
26865 268617 5 75 0
26865 268617 6 75 0
26865 268617 7 75 0
26865 268617 8 75 0
26865 268617 9 75 0
26865 268617 10 75 0
!sus 213737 215242 0 10 2 attackers:213737;victims:215242;type:1;valid_origin:False;recurrent:True;local:False
213737 215242 1 0 2
213737 215242 2 0 2
213737 215242 3 0 2
213737 215242 4 0 2
213737 215242 5 0 2
213737 215242 6 0 2
213737 215242 7 0 2
213737 215242 8 0 2
213737 215242 9 0 2
213737 215242 10 0 2
!leg 9832 139715 10 0 4 attackers:9832;victims:139715;type:1;valid_origin:True;recurrent:True;local:False
9832 139715 1 4 0
9832 139715 2 4 0
9832 139715 3 4 0
9832 139715 4 4 0
9832 139715 5 4 0
9832 139715 6 4 0
9832 139715 7 4 0
9832 139715 8 4 0
9832 139715 9 4 0
9832 139715 10 4 0
!sus 152900 214731 0 10 8 attackers:152900;victims:214731;type:1;valid_origin:True;recurrent:True;local:False
152900 214731 1 0 8
152900 214731 2 0 8
152900 214731 3 0 8
152900 214731 4 0 8
152900 214731 5 0 8
152900 214731 6 0 8
152900 214731 7 0 8
152900 214731 8 0 8
152900 214731 9 0 8
152900 214731 10 1 7
!sus 8932 10075 1 9 1 attackers:8932;victims:24389;type:2;valid_origin:True;recurrent:True;local:False
8932 10075 1 0 1
8932 10075 2 0 1
8932 10075 3 0 1
8932 10075 4 0 1
8932 10075 5 0 1
8932 10075 6 0 1
8932 10075 7 0 1
8932 10075 8 1 0
8932 10075 9 0 1
8932 10075 10 0 1
!leg 30456 397032 10 0 74 attackers:30456;victims:397032;type:1;valid_origin:False;recurrent:False;local:False
30456 397032 1 74 0
30456 397032 2 74 0
30456 397032 3 74 0
30456 397032 4 74 0
30456 397032 5 74 0
30456 397032 6 74 0
30456 397032 7 74 0
30456 397032 8 74 0
30456 397032 9 74 0
30456 397032 10 74 0
!leg 17488 45820 10 0 175 attackers:17488;victims:138279;type:2;valid_origin:True;recurrent:False;local:False
17488 45820 1 175 0
17488 45820 2 175 0
17488 45820 3 175 0
17488 45820 4 175 0
17488 45820 5 175 0
17488 45820 6 175 0
17488 45820 7 175 0
17488 45820 8 175 0
17488 45820 9 175 0
17488 45820 10 175 0
!sus 976 61414 9 1 43 attackers:61414;victims:976;type:1;valid_origin:True;recurrent:True;local:False
976 61414 1 11 32
976 61414 2 43 0
976 61414 3 43 0
976 61414 4 43 0
976 61414 5 43 0
976 61414 6 43 0
976 61414 7 43 0
976 61414 8 43 0
976 61414 9 43 0
976 61414 10 43 0
!sus 207841 212895 8 2 6 attackers:207841;victims:212895;type:1;valid_origin:True;recurrent:True;local:False
207841 212895 1 0 6
207841 212895 2 0 6
207841 212895 3 4 2
207841 212895 4 6 0
207841 212895 5 6 0
207841 212895 6 6 0
207841 212895 7 6 0
207841 212895 8 6 0
207841 212895 9 6 0
207841 212895 10 6 0
!leg 133693 134877 10 0 150 attackers:133693;victims:147269;type:2;valid_origin:True;recurrent:False;local:False
133693 134877 1 150 0
133693 134877 2 150 0
133693 134877 3 150 0
133693 134877 4 150 0
133693 134877 5 150 0
133693 134877 6 150 0
133693 134877 7 150 0
133693 134877 8 150 0
133693 134877 9 150 0
133693 134877 10 150 0
!leg 8359 208186 10 0 5 attackers:8359;victims:208186;type:1;valid_origin:True;recurrent:False;local:False
8359 208186 1 5 0
8359 208186 2 5 0
8359 208186 3 5 0
8359 208186 4 5 0
8359 208186 5 5 0
8359 208186 6 5 0
8359 208186 7 5 0
8359 208186 8 5 0
8359 208186 9 5 0
8359 208186 10 5 0
!sus 136969 139824 4 6 1 attackers:136969;victims:139824;type:1;valid_origin:False;recurrent:True;local:False
136969 139824 1 1 0
136969 139824 2 1 0
136969 139824 3 0 1
136969 139824 4 0 1
136969 139824 5 0 1
136969 139824 6 1 0
136969 139824 7 0 1
136969 139824 8 1 0
136969 139824 9 0 1
136969 139824 10 0 1
!leg 262637 265379 10 0 9 attackers:265379;victims:262637;type:1;valid_origin:True;recurrent:False;local:False
262637 265379 1 9 0
262637 265379 2 9 0
262637 265379 3 9 0
262637 265379 4 9 0
262637 265379 5 9 0
262637 265379 6 9 0
262637 265379 7 9 0
262637 265379 8 9 0
262637 265379 9 9 0
262637 265379 10 9 0
!leg 264496 264892 10 0 1 attackers:264892;victims:264496;type:1;valid_origin:True;recurrent:False;local:False
264496 264892 1 1 0
264496 264892 2 1 0
264496 264892 3 1 0
264496 264892 4 1 0
264496 264892 5 1 0
264496 264892 6 1 0
264496 264892 7 1 0
264496 264892 8 1 0
264496 264892 9 1 0
264496 264892 10 1 0
!sus 9425 151445 1 9 3 attackers:9425;victims:151445;type:1;valid_origin:True;recurrent:True;local:False
9425 151445 1 3 0
9425 151445 2 0 3
9425 151445 3 0 3
9425 151445 4 0 3
9425 151445 5 0 3
9425 151445 6 0 3
9425 151445 7 0 3
9425 151445 8 0 3
9425 151445 9 0 3
9425 151445 10 0 3
!sus 33659 61302 0 10 9 attackers:61302;victims:60539;type:4;valid_origin:True;recurrent:True;local:False
33659 61302 1 0 9
33659 61302 2 0 9
33659 61302 3 0 9
33659 61302 4 0 9
33659 61302 5 0 9
33659 61302 6 0 9
33659 61302 7 0 9
33659 61302 8 0 9
33659 61302 9 0 9
33659 61302 10 0 9
!leg 1820 197221 10 0 77 attackers:1820;victims:197221;type:1;valid_origin:True;recurrent:False;local:False
1820 197221 1 77 0
1820 197221 2 77 0
1820 197221 3 77 0
1820 197221 4 77 0
1820 197221 5 77 0
1820 197221 6 77 0
1820 197221 7 77 0
1820 197221 8 77 0
1820 197221 9 77 0
1820 197221 10 77 0
!leg 6696 9299 10 0 16 attackers:9299;victims:45049,44140,206960,201004,6696,208479,61023,50083,34144,64478,211106,62098,62343,206841,209649,47861;type:1,2,3;valid_origin:True;recurrent:False;local:False
6696 9299 1 16 0
6696 9299 2 16 0
6696 9299 3 16 0
6696 9299 4 16 0
6696 9299 5 16 0
6696 9299 6 16 0
6696 9299 7 16 0
6696 9299 8 16 0
6696 9299 9 16 0
6696 9299 10 16 0
!leg 138840 141590 10 0 5 attackers:138840;victims:141590;type:1;valid_origin:True;recurrent:False;local:False
138840 141590 1 5 0
138840 141590 2 5 0
138840 141590 3 5 0
138840 141590 4 5 0
138840 141590 5 5 0
138840 141590 6 5 0
138840 141590 7 5 0
138840 141590 8 5 0
138840 141590 9 5 0
138840 141590 10 5 0
!sus 43298 56971 9 1 204 attackers:43298;victims:56971;type:1;valid_origin:False;recurrent:False;local:False
43298 56971 1 53 151
43298 56971 2 177 27
43298 56971 3 174 30
43298 56971 4 199 5
43298 56971 5 204 0
43298 56971 6 204 0
43298 56971 7 204 0
43298 56971 8 204 0
43298 56971 9 204 0
43298 56971 10 204 0
!sus 41051 213782 9 1 8 attackers:41051;victims:213782;type:1;valid_origin:True;recurrent:True;local:False
41051 213782 1 1 7
41051 213782 2 7 1
41051 213782 3 7 1
41051 213782 4 7 1
41051 213782 5 7 1
41051 213782 6 7 1
41051 213782 7 7 1
41051 213782 8 7 1
41051 213782 9 7 1
41051 213782 10 7 1
!leg 7091 397379 10 0 175 attackers:397379;victims:7091;type:1;valid_origin:True;recurrent:False;local:False
7091 397379 1 175 0
7091 397379 2 175 0
7091 397379 3 175 0
7091 397379 4 175 0
7091 397379 5 175 0
7091 397379 6 175 0
7091 397379 7 175 0
7091 397379 8 175 0
7091 397379 9 175 0
7091 397379 10 175 0
!sus 26617 269927 9 1 44 attackers:26617;victims:269927;type:1;valid_origin:True;recurrent:True;local:False
26617 269927 1 0 44
26617 269927 2 28 16
26617 269927 3 37 7
26617 269927 4 43 1
26617 269927 5 44 0
26617 269927 6 44 0
26617 269927 7 44 0
26617 269927 8 44 0
26617 269927 9 44 0
26617 269927 10 44 0
!sus 152900 200879 0 10 1 attackers:152900;victims:200879;type:1;valid_origin:True;recurrent:True;local:False
152900 200879 1 0 1
152900 200879 2 0 1
152900 200879 3 0 1
152900 200879 4 0 1
152900 200879 5 0 1
152900 200879 6 0 1
152900 200879 7 0 1
152900 200879 8 0 1
152900 200879 9 0 1
152900 200879 10 0 1
!leg 45766 58800 10 0 11 attackers:58800;victims:151215;type:3,4;valid_origin:True;recurrent:False;local:False
45766 58800 1 11 0
45766 58800 2 11 0
45766 58800 3 11 0
45766 58800 4 11 0
45766 58800 5 11 0
45766 58800 6 11 0
45766 58800 7 11 0
45766 58800 8 11 0
45766 58800 9 11 0
45766 58800 10 11 0
!sus 4837 137897 0 10 3 attackers:137897;victims:9304;type:3;valid_origin:True;recurrent:True;local:False
4837 137897 1 0 3
4837 137897 2 0 3
4837 137897 3 0 3
4837 137897 4 0 3
4837 137897 5 0 3
4837 137897 6 0 3
4837 137897 7 0 3
4837 137897 8 0 3
4837 137897 9 0 3
4837 137897 10 0 3
!leg 3223 12731 10 0 187 attackers:3223;victims:12731;type:1;valid_origin:True;recurrent:False;local:False
3223 12731 1 99 88
3223 12731 2 125 62
3223 12731 3 154 33
3223 12731 4 171 16
3223 12731 5 174 13
3223 12731 6 183 4
3223 12731 7 187 0
3223 12731 8 187 0
3223 12731 9 187 0
3223 12731 10 187 0
!sus 153371 209650 8 2 2 attackers:153371;victims:209650;type:1;valid_origin:True;recurrent:True;local:False
153371 209650 1 0 2
153371 209650 2 0 2
153371 209650 3 2 0
153371 209650 4 2 0
153371 209650 5 2 0
153371 209650 6 2 0
153371 209650 7 2 0
153371 209650 8 2 0
153371 209650 9 2 0
153371 209650 10 2 0
!leg 266071 266409 10 0 74 attackers:266409;victims:266071;type:1;valid_origin:True;recurrent:False;local:False
266071 266409 1 74 0
266071 266409 2 74 0
266071 266409 3 74 0
266071 266409 4 74 0
266071 266409 5 74 0
266071 266409 6 74 0
266071 266409 7 74 0
266071 266409 8 74 0
266071 266409 9 74 0
266071 266409 10 74 0
!sus 42192 64050 8 2 6 attackers:64050;victims:42192;type:1;valid_origin:True;recurrent:True;local:False
42192 64050 1 0 6
42192 64050 2 0 6
42192 64050 3 6 0
42192 64050 4 6 0
42192 64050 5 6 0
42192 64050 6 6 0
42192 64050 7 6 0
42192 64050 8 6 0
42192 64050 9 6 0
42192 64050 10 6 0
!sus 15830 59204 8 2 22 attackers:15830;victims:59204;type:1;valid_origin:True;recurrent:True;local:False
15830 59204 1 0 22
15830 59204 2 11 11
15830 59204 3 15 7
15830 59204 4 18 4
15830 59204 5 20 2
15830 59204 6 21 1
15830 59204 7 20 2
15830 59204 8 21 1
15830 59204 9 21 1
15830 59204 10 22 0
!sus 262663 268982 6 4 354 attackers:268982;victims:262663;type:1;valid_origin:True;recurrent:True;local:False
262663 268982 1 21 333
262663 268982 2 166 188
262663 268982 3 199 155
262663 268982 4 169 185
262663 268982 5 200 154
262663 268982 6 175 179
262663 268982 7 261 93
262663 268982 8 215 139
262663 268982 9 219 135
262663 268982 10 192 162
!sus 59356 59365 0 10 1 attackers:59356;victims:59365;type:1;valid_origin:False;recurrent:True;local:False
59356 59365 1 0 1
59356 59365 2 0 1
59356 59365 3 0 1
59356 59365 4 0 1
59356 59365 5 0 1
59356 59365 6 0 1
59356 59365 7 0 1
59356 59365 8 0 1
59356 59365 9 0 1
59356 59365 10 0 1
!sus 5 270336 0 10 1 attackers:270336;victims:5;type:1;valid_origin:False;recurrent:True;local:False
5 270336 1 0 1
5 270336 2 0 1
5 270336 3 0 1
5 270336 4 0 1
5 270336 5 0 1
5 270336 6 0 1
5 270336 7 0 1
5 270336 8 0 1
5 270336 9 0 1
5 270336 10 0 1
!sus 49276 58010 5 5 3 attackers:58010;victims:49276;type:1;valid_origin:False;recurrent:True;local:False
49276 58010 1 0 3
49276 58010 2 0 3
49276 58010 3 0 3
49276 58010 4 0 3
49276 58010 5 0 3
49276 58010 6 3 0
49276 58010 7 3 0
49276 58010 8 3 0
49276 58010 9 3 0
49276 58010 10 3 0
!leg 57724 393960 10 0 2 attackers:57724;victims:393960;type:1;valid_origin:True;recurrent:True;local:False
57724 393960 1 2 0
57724 393960 2 2 0
57724 393960 3 2 0
57724 393960 4 2 0
57724 393960 5 2 0
57724 393960 6 2 0
57724 393960 7 2 0
57724 393960 8 2 0
57724 393960 9 2 0
57724 393960 10 2 0
!leg 15549 205516 10 0 329 attackers:205516;victims:205516,15549;type:1,2;valid_origin:False;recurrent:False;local:False
15549 205516 1 329 0
15549 205516 2 329 0
15549 205516 3 329 0
15549 205516 4 329 0
15549 205516 5 329 0
15549 205516 6 329 0
15549 205516 7 329 0
15549 205516 8 329 0
15549 205516 9 329 0
15549 205516 10 329 0
!sus 6762 9829 1 9 97 attackers:6762;victims:133287,135139,133715,135236,9829;type:1,2,3;valid_origin:True;recurrent:True;local:False
6762 9829 1 12 85
6762 9829 2 15 82
6762 9829 3 19 78
6762 9829 4 19 78
6762 9829 5 31 66
6762 9829 6 30 67
6762 9829 7 33 64
6762 9829 8 37 60
6762 9829 9 53 44
6762 9829 10 47 50
!sus 4 263995 0 10 3 attackers:263995;victims:4;type:1;valid_origin:False;recurrent:True;local:False
4 263995 1 0 3
4 263995 2 0 3
4 263995 3 0 3
4 263995 4 0 3
4 263995 5 0 3
4 263995 6 0 3
4 263995 7 0 3
4 263995 8 0 3
4 263995 9 0 3
4 263995 10 0 3
!sus 8732 47065 8 2 1 attackers:8732;victims:47065;type:1;valid_origin:True;recurrent:True;local:False
8732 47065 1 0 1
8732 47065 2 0 1
8732 47065 3 1 0
8732 47065 4 1 0
8732 47065 5 1 0
8732 47065 6 1 0
8732 47065 7 1 0
8732 47065 8 1 0
8732 47065 9 1 0
8732 47065 10 1 0
!leg 44570 61138 10 0 73 attackers:61138;victims:44570;type:1;valid_origin:True;recurrent:False;local:False
44570 61138 1 73 0
44570 61138 2 73 0
44570 61138 3 73 0
44570 61138 4 73 0
44570 61138 5 73 0
44570 61138 6 73 0
44570 61138 7 73 0
44570 61138 8 73 0
44570 61138 9 73 0
44570 61138 10 73 0
!leg 53065 53243 10 0 126 attackers:53243;victims:270517;type:2;valid_origin:True;recurrent:False;local:False
53065 53243 1 126 0
53065 53243 2 126 0
53065 53243 3 126 0
53065 53243 4 126 0
53065 53243 5 126 0
53065 53243 6 126 0
53065 53243 7 126 0
53065 53243 8 126 0
53065 53243 9 126 0
53065 53243 10 126 0
!sus 25152 43100 0 10 1 attackers:43100;victims:25152;type:1;valid_origin:True;recurrent:True;local:True
25152 43100 1 0 1
25152 43100 2 0 1
25152 43100 3 0 1
25152 43100 4 0 1
25152 43100 5 0 1
25152 43100 6 0 1
25152 43100 7 0 1
25152 43100 8 0 1
25152 43100 9 0 1
25152 43100 10 0 1
!sus 19905 22894 8 2 1 attackers:19905;victims:22894;type:1;valid_origin:True;recurrent:True;local:False
19905 22894 1 0 1
19905 22894 2 0 1
19905 22894 3 1 0
19905 22894 4 1 0
19905 22894 5 1 0
19905 22894 6 1 0
19905 22894 7 1 0
19905 22894 8 1 0
19905 22894 9 1 0
19905 22894 10 1 0
!sus 9498 52873 4 6 26 attackers:52873;victims:135789,149987,45650,131108,138304,149866,139533,149312,24084,136723,153456,148993,214174,141476,138292,151812,133234,141317,5087,139841,141844,134475,151760,141410,133676,149572;type:2,3,4;valid_origin:True;recurrent:True;local:False
9498 52873 1 6 20
9498 52873 2 24 2
9498 52873 3 7 19
9498 52873 4 0 26
9498 52873 5 24 2
9498 52873 6 0 26
9498 52873 7 23 3
9498 52873 8 0 26
9498 52873 9 0 26
9498 52873 10 24 2
!leg 56201 140641 10 0 130 attackers:140641;victims:56201;type:1;valid_origin:False;recurrent:False;local:False
56201 140641 1 130 0
56201 140641 2 130 0
56201 140641 3 130 0
56201 140641 4 130 0
56201 140641 5 130 0
56201 140641 6 130 0
56201 140641 7 130 0
56201 140641 8 130 0
56201 140641 9 130 0
56201 140641 10 130 0
!sus 9425 151459 1 9 3 attackers:9425;victims:151459;type:1;valid_origin:True;recurrent:True;local:False
9425 151459 1 3 0
9425 151459 2 0 3
9425 151459 3 0 3
9425 151459 4 0 3
9425 151459 5 0 3
9425 151459 6 0 3
9425 151459 7 0 3
9425 151459 8 0 3
9425 151459 9 0 3
9425 151459 10 0 3
!leg 6696 8529 10 0 25 attackers:8529;victims:205021,215813,47484,214625,39628,201636,50083,48732,212815,216193,12654,19879,211448,199432,199297,62343,213018,45049,215599,214492,215663,6696,52073,215727;type:1,2,3,4;valid_origin:True;recurrent:False;local:False
6696 8529 1 24 1
6696 8529 2 24 1
6696 8529 3 24 1
6696 8529 4 24 1
6696 8529 5 25 0
6696 8529 6 24 1
6696 8529 7 25 0
6696 8529 8 25 0
6696 8529 9 25 0
6696 8529 10 25 0
!leg 17666 139831 10 0 1 attackers:139831;victims:17666;type:1;valid_origin:True;recurrent:False;local:False
17666 139831 1 1 0
17666 139831 2 1 0
17666 139831 3 1 0
17666 139831 4 1 0
17666 139831 5 1 0
17666 139831 6 1 0
17666 139831 7 1 0
17666 139831 8 1 0
17666 139831 9 1 0
17666 139831 10 1 0
!sus 37662 329444 9 1 7 attackers:37662;victims:329444;type:1;valid_origin:True;recurrent:True;local:False
37662 329444 1 1 6
37662 329444 2 6 1
37662 329444 3 6 1
37662 329444 4 6 1
37662 329444 5 6 1
37662 329444 6 7 0
37662 329444 7 7 0
37662 329444 8 7 0
37662 329444 9 7 0
37662 329444 10 7 0
!sus 3342 21217 8 2 2 attackers:3342;victims:21217;type:1;valid_origin:True;recurrent:True;local:False
3342 21217 1 0 2
3342 21217 2 0 2
3342 21217 3 2 0
3342 21217 4 2 0
3342 21217 5 2 0
3342 21217 6 2 0
3342 21217 7 2 0
3342 21217 8 2 0
3342 21217 9 2 0
3342 21217 10 2 0
!sus 15525 204057 7 3 2 attackers:15525;victims:204057;type:1;valid_origin:True;recurrent:True;local:False
15525 204057 1 0 2
15525 204057 2 0 2
15525 204057 3 1 1
15525 204057 4 2 0
15525 204057 5 2 0
15525 204057 6 2 0
15525 204057 7 2 0
15525 204057 8 2 0
15525 204057 9 2 0
15525 204057 10 2 0
!sus 57463 138077 0 10 9 attackers:57463;victims:138077,396986;type:1,2;valid_origin:True;recurrent:True;local:False
57463 138077 1 2 7
57463 138077 2 2 7
57463 138077 3 2 7
57463 138077 4 2 7
57463 138077 5 2 7
57463 138077 6 2 7
57463 138077 7 3 6
57463 138077 8 3 6
57463 138077 9 3 6
57463 138077 10 3 6
!leg 139311 393577 10 0 45 attackers:393577;victims:139311;type:1;valid_origin:True;recurrent:False;local:False
139311 393577 1 45 0
139311 393577 2 45 0
139311 393577 3 45 0
139311 393577 4 45 0
139311 393577 5 45 0
139311 393577 6 45 0
139311 393577 7 45 0
139311 393577 8 45 0
139311 393577 9 45 0
139311 393577 10 45 0
!leg 9583 142508 10 0 121 attackers:9583;victims:142508;type:1;valid_origin:True;recurrent:False;local:False
9583 142508 1 119 2
9583 142508 2 121 0
9583 142508 3 120 1
9583 142508 4 121 0
9583 142508 5 121 0
9583 142508 6 121 0
9583 142508 7 121 0
9583 142508 8 121 0
9583 142508 9 121 0
9583 142508 10 121 0
!sus 267221 274714 3 7 5 attackers:267221;victims:274714;type:1;valid_origin:True;recurrent:True;local:False
267221 274714 1 5 0
267221 274714 2 5 0
267221 274714 3 4 1
267221 274714 4 0 5
267221 274714 5 0 5
267221 274714 6 0 5
267221 274714 7 0 5
267221 274714 8 0 5
267221 274714 9 0 5
267221 274714 10 0 5
!sus 63293 133982 0 10 1 attackers:133982;victims:63293;type:1;valid_origin:True;recurrent:True;local:False
63293 133982 1 0 1
63293 133982 2 0 1
63293 133982 3 0 1
63293 133982 4 0 1
63293 133982 5 0 1
63293 133982 6 0 1
63293 133982 7 0 1
63293 133982 8 0 1
63293 133982 9 0 1
63293 133982 10 0 1
!leg 13335 25688 10 0 66 attackers:13335;victims:25688;type:1;valid_origin:True;recurrent:False;local:False
13335 25688 1 66 0
13335 25688 2 66 0
13335 25688 3 66 0
13335 25688 4 66 0
13335 25688 5 66 0
13335 25688 6 66 0
13335 25688 7 66 0
13335 25688 8 66 0
13335 25688 9 66 0
13335 25688 10 66 0
!sus 21826 64120 3 7 48 attackers:21826;victims:64120;type:1;valid_origin:True;recurrent:True;local:False
21826 64120 1 0 48
21826 64120 2 0 48
21826 64120 3 0 48
21826 64120 4 0 48
21826 64120 5 17 31
21826 64120 6 9 39
21826 64120 7 31 17
21826 64120 8 13 35
21826 64120 9 46 2
21826 64120 10 48 0
!sus 20804 29390 8 2 1 attackers:29390;victims:2115;type:2;valid_origin:True;recurrent:True;local:False
20804 29390 1 0 1
20804 29390 2 0 1
20804 29390 3 1 0
20804 29390 4 1 0
20804 29390 5 1 0
20804 29390 6 1 0
20804 29390 7 1 0
20804 29390 8 1 0
20804 29390 9 1 0
20804 29390 10 1 0
!sus 58057 215367 0 10 132 attackers:58057;victims:215367;type:1;valid_origin:True;recurrent:False;local:False
58057 215367 1 2 130
58057 215367 2 6 126
58057 215367 3 19 113
58057 215367 4 7 125
58057 215367 5 33 99
58057 215367 6 41 91
58057 215367 7 11 121
58057 215367 8 39 93
58057 215367 9 37 95
58057 215367 10 25 107
!sus 1221 60068 0 10 3 attackers:1221;victims:60068;type:1;valid_origin:True;recurrent:True;local:False
1221 60068 1 0 3
1221 60068 2 0 3
1221 60068 3 0 3
1221 60068 4 0 3
1221 60068 5 0 3
1221 60068 6 0 3
1221 60068 7 0 3
1221 60068 8 0 3
1221 60068 9 0 3
1221 60068 10 0 3
!sus 13259 16226 3 7 1 attackers:13259;victims:16226;type:1;valid_origin:True;recurrent:True;local:False
13259 16226 1 1 0
13259 16226 2 1 0
13259 16226 3 0 1
13259 16226 4 0 1
13259 16226 5 0 1
13259 16226 6 0 1
13259 16226 7 0 1
13259 16226 8 1 0
13259 16226 9 0 1
13259 16226 10 0 1
!sus 24122 151651 6 4 72 attackers:24122;victims:151651;type:1;valid_origin:False;recurrent:True;local:False
24122 151651 1 72 0
24122 151651 2 72 0
24122 151651 3 69 3
24122 151651 4 65 7
24122 151651 5 28 44
24122 151651 6 8 64
24122 151651 7 1 71
24122 151651 8 72 0
24122 151651 9 72 0
24122 151651 10 7 65
!sus 396295 398647 1 9 4 attackers:396295;victims:398647;type:1;valid_origin:True;recurrent:True;local:False
396295 398647 1 4 0
396295 398647 2 2 2
396295 398647 3 0 4
396295 398647 4 0 4
396295 398647 5 0 4
396295 398647 6 0 4
396295 398647 7 0 4
396295 398647 8 0 4
396295 398647 9 0 4
396295 398647 10 0 4
!sus 59479 202733 2 8 3 attackers:59479;victims:202733;type:1;valid_origin:True;recurrent:True;local:False
59479 202733 1 3 0
59479 202733 2 3 0
59479 202733 3 0 3
59479 202733 4 0 3
59479 202733 5 0 3
59479 202733 6 0 3
59479 202733 7 0 3
59479 202733 8 0 3
59479 202733 9 0 3
59479 202733 10 0 3
!leg 45766 134371 10 0 9 attackers:45766;victims:151215;type:3;valid_origin:True;recurrent:False;local:False
45766 134371 1 9 0
45766 134371 2 9 0
45766 134371 3 9 0
45766 134371 4 9 0
45766 134371 5 9 0
45766 134371 6 9 0
45766 134371 7 9 0
45766 134371 8 9 0
45766 134371 9 9 0
45766 134371 10 9 0
!sus 7720 216324 0 10 26 attackers:7720;victims:401386,215617,216324;type:1,2;valid_origin:True;recurrent:True;local:False
7720 216324 1 5 21
7720 216324 2 5 21
7720 216324 3 6 20
7720 216324 4 6 20
7720 216324 5 6 20
7720 216324 6 6 20
7720 216324 7 6 20
7720 216324 8 6 20
7720 216324 9 6 20
7720 216324 10 6 20
!sus 6424 141193 0 10 1 attackers:141193;victims:6424;type:1;valid_origin:True;recurrent:True;local:False
6424 141193 1 0 1
6424 141193 2 0 1
6424 141193 3 0 1
6424 141193 4 0 1
6424 141193 5 0 1
6424 141193 6 0 1
6424 141193 7 0 1
6424 141193 8 0 1
6424 141193 9 0 1
6424 141193 10 0 1
!sus 10075 37721 6 4 1 attackers:37721;victims:24389;type:2;valid_origin:True;recurrent:True;local:True
10075 37721 1 0 1
10075 37721 2 0 1
10075 37721 3 0 1
10075 37721 4 0 1
10075 37721 5 1 0
10075 37721 6 1 0
10075 37721 7 1 0
10075 37721 8 1 0
10075 37721 9 1 0
10075 37721 10 1 0
!sus 29049 213881 3 7 9 attackers:29049;victims:213881;type:1;valid_origin:True;recurrent:True;local:False
29049 213881 1 7 2
29049 213881 2 1 8
29049 213881 3 0 9
29049 213881 4 8 1
29049 213881 5 0 9
29049 213881 6 0 9
29049 213881 7 0 9
29049 213881 8 0 9
29049 213881 9 5 4
29049 213881 10 0 9
!sus 9425 151461 1 9 3 attackers:9425;victims:151461;type:1;valid_origin:True;recurrent:True;local:False
9425 151461 1 3 0
9425 151461 2 0 3
9425 151461 3 0 3
9425 151461 4 0 3
9425 151461 5 0 3
9425 151461 6 0 3
9425 151461 7 0 3
9425 151461 8 0 3
9425 151461 9 0 3
9425 151461 10 0 3
!leg 13786 264948 10 0 5 attackers:264948;victims:267216;type:3;valid_origin:True;recurrent:False;local:False
13786 264948 1 4 1
13786 264948 2 5 0
13786 264948 3 5 0
13786 264948 4 5 0
13786 264948 5 5 0
13786 264948 6 5 0
13786 264948 7 5 0
13786 264948 8 5 0
13786 264948 9 5 0
13786 264948 10 5 0
!leg 30768 42291 10 0 83 attackers:42291;victims:49825;type:2;valid_origin:True;recurrent:False;local:False
30768 42291 1 83 0
30768 42291 2 82 1
30768 42291 3 83 0
30768 42291 4 83 0
30768 42291 5 83 0
30768 42291 6 83 0
30768 42291 7 83 0
30768 42291 8 83 0
30768 42291 9 83 0
30768 42291 10 83 0
!sus 7303 64112 2 8 3 attackers:7303;victims:64112;type:1;valid_origin:True;recurrent:True;local:False
7303 64112 1 0 3
7303 64112 2 0 3
7303 64112 3 0 3
7303 64112 4 0 3
7303 64112 5 0 3
7303 64112 6 1 2
7303 64112 7 2 1
7303 64112 8 1 2
7303 64112 9 1 2
7303 64112 10 2 1
!sus 51202 60742 7 3 4 attackers:51202;victims:60742;type:1;valid_origin:True;recurrent:True;local:False
51202 60742 1 0 4
51202 60742 2 0 4
51202 60742 3 4 0
51202 60742 4 1 3
51202 60742 5 4 0
51202 60742 6 3 1
51202 60742 7 4 0
51202 60742 8 4 0
51202 60742 9 4 0
51202 60742 10 4 0
!sus 10075 57463 3 7 1 attackers:57463;victims:24389;type:2;valid_origin:True;recurrent:True;local:True
10075 57463 1 0 1
10075 57463 2 0 1
10075 57463 3 0 1
10075 57463 4 0 1
10075 57463 5 0 1
10075 57463 6 1 0
10075 57463 7 0 1
10075 57463 8 1 0
10075 57463 9 0 1
10075 57463 10 1 0
!leg 29226 43278 10 0 43 attackers:29226;victims:216334;type:2;valid_origin:True;recurrent:False;local:False
29226 43278 1 43 0
29226 43278 2 43 0
29226 43278 3 43 0
29226 43278 4 43 0
29226 43278 5 43 0
29226 43278 6 43 0
29226 43278 7 43 0
29226 43278 8 43 0
29226 43278 9 43 0
29226 43278 10 43 0
!leg 6696 37468 10 0 36 attackers:37468;victims:200056,201004,39628,50083,209649,12654,13226,211079,34144,35701,211106,50156,62098,47861,212526,29533,61023,62343,206841,45049,44140,206960,6696,208479,64478,49677;type:1,2,3;valid_origin:True;recurrent:False;local:False
6696 37468 1 25 11
6696 37468 2 34 2
6696 37468 3 34 2
6696 37468 4 34 2
6696 37468 5 34 2
6696 37468 6 34 2
6696 37468 7 35 1
6696 37468 8 35 1
6696 37468 9 35 1
6696 37468 10 35 1
!sus 6774 23671 8 2 3 attackers:6774;victims:23671;type:1;valid_origin:True;recurrent:True;local:False
6774 23671 1 1 2
6774 23671 2 1 2
6774 23671 3 2 1
6774 23671 4 3 0
6774 23671 5 3 0
6774 23671 6 3 0
6774 23671 7 3 0
6774 23671 8 3 0
6774 23671 9 3 0
6774 23671 10 3 0
!leg 3331 3356 10 0 5 attackers:3356;victims:61377,41213,3331;type:1,2;valid_origin:True;recurrent:True;local:False
3331 3356 1 3 2
3331 3356 2 3 2
3331 3356 3 3 2
3331 3356 4 5 0
3331 3356 5 5 0
3331 3356 6 5 0
3331 3356 7 5 0
3331 3356 8 5 0
3331 3356 9 5 0
3331 3356 10 5 0
!sus 199414 214365 0 10 84 attackers:199414;victims:214365;type:1;valid_origin:True;recurrent:False;local:False
199414 214365 1 0 84
199414 214365 2 0 84
199414 214365 3 0 84
199414 214365 4 0 84
199414 214365 5 17 67
199414 214365 6 0 84
199414 214365 7 0 84
199414 214365 8 17 67
199414 214365 9 40 44
199414 214365 10 30 54
!leg 26865 268040 10 0 46 attackers:26865;victims:268040;type:1;valid_origin:True;recurrent:False;local:False
26865 268040 1 46 0
26865 268040 2 46 0
26865 268040 3 46 0
26865 268040 4 46 0
26865 268040 5 46 0
26865 268040 6 46 0
26865 268040 7 46 0
26865 268040 8 46 0
26865 268040 9 46 0
26865 268040 10 46 0
!leg 28198 52928 10 0 2 attackers:28198;victims:266597;type:2;valid_origin:True;recurrent:False;local:False
28198 52928 1 2 0
28198 52928 2 2 0
28198 52928 3 2 0
28198 52928 4 2 0
28198 52928 5 2 0
28198 52928 6 2 0
28198 52928 7 2 0
28198 52928 8 2 0
28198 52928 9 2 0
28198 52928 10 2 0
!leg 6696 39351 10 0 27 attackers:39351;victims:201004,39628,50083,209649,12654,13226,211079,34144,35701,211106,50156,62098,47861,212526,29533,61023,62343,206841,45049,44140,206960,6696,208479,35627,64478,49677;type:1,2,3,4;valid_origin:True;recurrent:False;local:True
6696 39351 1 27 0
6696 39351 2 27 0
6696 39351 3 27 0
6696 39351 4 27 0
6696 39351 5 27 0
6696 39351 6 27 0
6696 39351 7 27 0
6696 39351 8 27 0
6696 39351 9 27 0
6696 39351 10 27 0
!leg 174 206291 10 0 52 attackers:174;victims:206291;type:1;valid_origin:True;recurrent:False;local:False
174 206291 1 42 10
174 206291 2 46 6
174 206291 3 46 6
174 206291 4 45 7
174 206291 5 46 6
174 206291 6 46 6
174 206291 7 47 5
174 206291 8 50 2
174 206291 9 50 2
174 206291 10 49 3
!leg 37721 47968 10 0 1 attackers:37721;victims:47968;type:1;valid_origin:True;recurrent:False;local:True
37721 47968 1 1 0
37721 47968 2 1 0
37721 47968 3 1 0
37721 47968 4 1 0
37721 47968 5 1 0
37721 47968 6 1 0
37721 47968 7 1 0
37721 47968 8 1 0
37721 47968 9 1 0
37721 47968 10 1 0
!sus 6774 199095 8 2 2 attackers:6774;victims:199095;type:1;valid_origin:True;recurrent:True;local:False
6774 199095 1 1 1
6774 199095 2 1 1
6774 199095 3 2 0
6774 199095 4 2 0
6774 199095 5 2 0
6774 199095 6 2 0
6774 199095 7 2 0
6774 199095 8 2 0
6774 199095 9 2 0
6774 199095 10 2 0
!leg 7552 140666 10 0 278 attackers:7552;victims:138915,140666;type:1,2;valid_origin:False;recurrent:False;local:False
7552 140666 1 154 124
7552 140666 2 157 121
7552 140666 3 159 119
7552 140666 4 159 119
7552 140666 5 161 117
7552 140666 6 162 116
7552 140666 7 163 115
7552 140666 8 170 108
7552 140666 9 171 107
7552 140666 10 166 112
!sus 18229 203724 0 10 23 attackers:18229;victims:203724;type:1;valid_origin:True;recurrent:True;local:False
18229 203724 1 0 23
18229 203724 2 0 23
18229 203724 3 1 22
18229 203724 4 1 22
18229 203724 5 1 22
18229 203724 6 1 22
18229 203724 7 1 22
18229 203724 8 0 23
18229 203724 9 1 22
18229 203724 10 1 22
!sus 25184 213682 7 3 9 attackers:25184;victims:213682;type:1;valid_origin:True;recurrent:True;local:False
25184 213682 1 9 0
25184 213682 2 9 0
25184 213682 3 9 0
25184 213682 4 9 0
25184 213682 5 7 2
25184 213682 6 3 6
25184 213682 7 0 9
25184 213682 8 9 0
25184 213682 9 9 0
25184 213682 10 0 9
!leg 134835 153176 10 0 1 attackers:134835;victims:153176;type:1;valid_origin:True;recurrent:True;local:False
134835 153176 1 1 0
134835 153176 2 1 0
134835 153176 3 1 0
134835 153176 4 1 0
134835 153176 5 1 0
134835 153176 6 1 0
134835 153176 7 1 0
134835 153176 8 1 0
134835 153176 9 1 0
134835 153176 10 1 0
!sus 60171 329457 3 7 4 attackers:60171;victims:329457;type:1;valid_origin:True;recurrent:True;local:False
60171 329457 1 0 4
60171 329457 2 0 4
60171 329457 3 1 3
60171 329457 4 0 4
60171 329457 5 2 2
60171 329457 6 2 2
60171 329457 7 3 1
60171 329457 8 4 0
60171 329457 9 3 1
60171 329457 10 2 2
!leg 3204 132647 10 0 1 attackers:3204;victims:132647;type:1;valid_origin:True;recurrent:True;local:False
3204 132647 1 1 0
3204 132647 2 1 0
3204 132647 3 1 0
3204 132647 4 1 0
3204 132647 5 1 0
3204 132647 6 1 0
3204 132647 7 1 0
3204 132647 8 1 0
3204 132647 9 1 0
3204 132647 10 1 0
!leg 15412 39801 10 0 1 attackers:15412;victims:199422;type:2;valid_origin:True;recurrent:False;local:False
15412 39801 1 1 0
15412 39801 2 1 0
15412 39801 3 1 0
15412 39801 4 1 0
15412 39801 5 1 0
15412 39801 6 1 0
15412 39801 7 1 0
15412 39801 8 1 0
15412 39801 9 1 0
15412 39801 10 1 0
!sus 47272 199691 0 10 2 attackers:47272;victims:199691;type:1;valid_origin:True;recurrent:True;local:False
47272 199691 1 0 2
47272 199691 2 0 2
47272 199691 3 0 2
47272 199691 4 0 2
47272 199691 5 0 2
47272 199691 6 0 2
47272 199691 7 0 2
47272 199691 8 0 2
47272 199691 9 0 2
47272 199691 10 0 2
!sus 3320 202766 0 10 1 attackers:202766;victims:5488;type:4;valid_origin:True;recurrent:True;local:False
3320 202766 1 0 1
3320 202766 2 0 1
3320 202766 3 0 1
3320 202766 4 0 1
3320 202766 5 0 1
3320 202766 6 0 1
3320 202766 7 0 1
3320 202766 8 0 1
3320 202766 9 0 1
3320 202766 10 0 1
!sus 9425 151454 1 9 3 attackers:9425;victims:151454;type:1;valid_origin:True;recurrent:True;local:False
9425 151454 1 3 0
9425 151454 2 0 3
9425 151454 3 0 3
9425 151454 4 0 3
9425 151454 5 0 3
9425 151454 6 0 3
9425 151454 7 0 3
9425 151454 8 0 3
9425 151454 9 0 3
9425 151454 10 0 3
!sus 33659 51896 0 10 9 attackers:33659;victims:60539;type:3;valid_origin:True;recurrent:True;local:False
33659 51896 1 0 9
33659 51896 2 0 9
33659 51896 3 0 9
33659 51896 4 0 9
33659 51896 5 0 9
33659 51896 6 0 9
33659 51896 7 0 9
33659 51896 8 0 9
33659 51896 9 0 9
33659 51896 10 0 9
!sus 42337 213732 5 5 140 attackers:42337;victims:213732;type:1;valid_origin:False;recurrent:True;local:False
42337 213732 1 140 0
42337 213732 2 140 0
42337 213732 3 132 8
42337 213732 4 0 140
42337 213732 5 8 132
42337 213732 6 125 15
42337 213732 7 0 140
42337 213732 8 0 140
42337 213732 9 140 0
42337 213732 10 1 139
!leg 31566 50483 10 0 58 attackers:31566;victims:50483;type:1;valid_origin:True;recurrent:False;local:False
31566 50483 1 58 0
31566 50483 2 58 0
31566 50483 3 58 0
31566 50483 4 58 0
31566 50483 5 58 0
31566 50483 6 58 0
31566 50483 7 58 0
31566 50483 8 58 0
31566 50483 9 58 0
31566 50483 10 58 0
!sus 2 273535 0 10 4 attackers:273535;victims:2;type:1;valid_origin:False;recurrent:True;local:False
2 273535 1 0 4
2 273535 2 0 4
2 273535 3 0 4
2 273535 4 0 4
2 273535 5 0 4
2 273535 6 0 4
2 273535 7 0 4
2 273535 8 0 4
2 273535 9 0 4
2 273535 10 0 4
!leg 30619 327700 10 0 65 attackers:30619;victims:327700;type:1;valid_origin:True;recurrent:False;local:False
30619 327700 1 65 0
30619 327700 2 65 0
30619 327700 3 65 0
30619 327700 4 65 0
30619 327700 5 65 0
30619 327700 6 65 0
30619 327700 7 65 0
30619 327700 8 65 0
30619 327700 9 65 0
30619 327700 10 65 0
!sus 199717 214240 0 10 4 attackers:199717;victims:214240;type:1;valid_origin:True;recurrent:True;local:False
199717 214240 1 0 4
199717 214240 2 0 4
199717 214240 3 0 4
199717 214240 4 0 4
199717 214240 5 0 4
199717 214240 6 0 4
199717 214240 7 0 4
199717 214240 8 0 4
199717 214240 9 0 4
199717 214240 10 0 4
!sus 264778 273995 3 7 3 attackers:264778;victims:273995;type:1;valid_origin:True;recurrent:True;local:False
264778 273995 1 3 0
264778 273995 2 3 0
264778 273995 3 0 3
264778 273995 4 0 3
264778 273995 5 1 2
264778 273995 6 0 3
264778 273995 7 0 3
264778 273995 8 2 1
264778 273995 9 1 2
264778 273995 10 1 2
!sus 10233 60330 0 10 39 attackers:10233;victims:10233;type:2;valid_origin:True;recurrent:False;local:False
10233 60330 1 0 39
10233 60330 2 0 39
10233 60330 3 0 39
10233 60330 4 0 39
10233 60330 5 0 39
10233 60330 6 0 39
10233 60330 7 0 39
10233 60330 8 0 39
10233 60330 9 0 39
10233 60330 10 0 39
!leg 52873 61637 10 0 1 attackers:52873;victims:61637;type:1;valid_origin:True;recurrent:False;local:False
52873 61637 1 1 0
52873 61637 2 1 0
52873 61637 3 1 0
52873 61637 4 1 0
52873 61637 5 1 0
52873 61637 6 1 0
52873 61637 7 1 0
52873 61637 8 1 0
52873 61637 9 1 0
52873 61637 10 1 0
!leg 45766 133854 10 0 10 attackers:45766;victims:151215;type:2;valid_origin:True;recurrent:False;local:False
45766 133854 1 10 0
45766 133854 2 10 0
45766 133854 3 10 0
45766 133854 4 10 0
45766 133854 5 10 0
45766 133854 6 10 0
45766 133854 7 10 0
45766 133854 8 10 0
45766 133854 9 10 0
45766 133854 10 10 0
!leg 3402 20326 10 0 10 attackers:20326;victims:3402;type:1;valid_origin:True;recurrent:False;local:False
3402 20326 1 10 0
3402 20326 2 10 0
3402 20326 3 10 0
3402 20326 4 10 0
3402 20326 5 10 0
3402 20326 6 10 0
3402 20326 7 10 0
3402 20326 8 10 0
3402 20326 9 10 0
3402 20326 10 9 1
!sus 32787 201293 7 3 4 attackers:32787;victims:201293;type:1;valid_origin:True;recurrent:True;local:False
32787 201293 1 0 4
32787 201293 2 0 4
32787 201293 3 3 1
32787 201293 4 4 0
32787 201293 5 1 3
32787 201293 6 4 0
32787 201293 7 4 0
32787 201293 8 4 0
32787 201293 9 4 0
32787 201293 10 4 0
!sus 329394 329491 5 5 7 attackers:329394;victims:329491;type:1;valid_origin:True;recurrent:True;local:False
329394 329491 1 7 0
329394 329491 2 7 0
329394 329491 3 0 7
329394 329491 4 7 0
329394 329491 5 0 7
329394 329491 6 0 7
329394 329491 7 7 0
329394 329491 8 7 0
329394 329491 9 0 7
329394 329491 10 0 7
!sus 5852 12076 1 9 3 attackers:5852;victims:12076;type:1;valid_origin:True;recurrent:True;local:False
5852 12076 1 0 3
5852 12076 2 0 3
5852 12076 3 3 0
5852 12076 4 0 3
5852 12076 5 0 3
5852 12076 6 1 2
5852 12076 7 1 2
5852 12076 8 1 2
5852 12076 9 1 2
5852 12076 10 1 2
!sus 61138 62435 4 6 4 attackers:61138;victims:62435;type:1;valid_origin:True;recurrent:True;local:False
61138 62435 1 4 0
61138 62435 2 4 0
61138 62435 3 2 2
61138 62435 4 2 2
61138 62435 5 0 4
61138 62435 6 3 1
61138 62435 7 0 4
61138 62435 8 1 3
61138 62435 9 4 0
61138 62435 10 0 4
!sus 50053 51765 7 3 101 attackers:51765;victims:50053;type:1;valid_origin:False;recurrent:True;local:False
50053 51765 1 0 101
50053 51765 2 0 101
50053 51765 3 0 101
50053 51765 4 83 18
50053 51765 5 99 2
50053 51765 6 99 2
50053 51765 7 100 1
50053 51765 8 100 1
50053 51765 9 100 1
50053 51765 10 101 0
!sus 213220 213861 2 8 2 attackers:213220;victims:213861;type:1;valid_origin:False;recurrent:True;local:False
213220 213861 1 2 0
213220 213861 2 2 0
213220 213861 3 0 2
213220 213861 4 0 2
213220 213861 5 0 2
213220 213861 6 0 2
213220 213861 7 0 2
213220 213861 8 0 2
213220 213861 9 0 2
213220 213861 10 0 2
!sus 35313 212573 8 2 111 attackers:35313;victims:57324;type:4;valid_origin:True;recurrent:True;local:False
35313 212573 1 1 110
35313 212573 2 0 111
35313 212573 3 111 0
35313 212573 4 111 0
35313 212573 5 111 0
35313 212573 6 111 0
35313 212573 7 111 0
35313 212573 8 111 0
35313 212573 9 111 0
35313 212573 10 111 0
!sus 11331 32558 4 6 154 attackers:32558;victims:11331;type:1;valid_origin:False;recurrent:True;local:False
11331 32558 1 154 0
11331 32558 2 154 0
11331 32558 3 55 99
11331 32558 4 133 21
11331 32558 5 154 0
11331 32558 6 51 103
11331 32558 7 0 154
11331 32558 8 0 154
11331 32558 9 0 154
11331 32558 10 0 154
!sus 9425 151447 1 9 3 attackers:9425;victims:151447;type:1;valid_origin:True;recurrent:True;local:False
9425 151447 1 3 0
9425 151447 2 0 3
9425 151447 3 0 3
9425 151447 4 0 3
9425 151447 5 0 3
9425 151447 6 0 3
9425 151447 7 0 3
9425 151447 8 0 3
9425 151447 9 0 3
9425 151447 10 0 3
!sus 7843 398465 0 10 2 attackers:7843;victims:398465,399296;type:1,2;valid_origin:True;recurrent:True;local:False
7843 398465 1 0 2
7843 398465 2 0 2
7843 398465 3 0 2
7843 398465 4 0 2
7843 398465 5 1 1
7843 398465 6 1 1
7843 398465 7 1 1
7843 398465 8 1 1
7843 398465 9 1 1
7843 398465 10 1 1
!leg 202662 401434 10 0 144 attackers:202662;victims:401434;type:1;valid_origin:True;recurrent:False;local:False
202662 401434 1 144 0
202662 401434 2 144 0
202662 401434 3 144 0
202662 401434 4 144 0
202662 401434 5 144 0
202662 401434 6 144 0
202662 401434 7 144 0
202662 401434 8 144 0
202662 401434 9 144 0
202662 401434 10 144 0
!sus 21995 22950 1 9 2 attackers:22950;victims:21995;type:1;valid_origin:True;recurrent:True;local:False
21995 22950 1 2 0
21995 22950 2 1 1
21995 22950 3 0 2
21995 22950 4 0 2
21995 22950 5 0 2
21995 22950 6 0 2
21995 22950 7 0 2
21995 22950 8 0 2
21995 22950 9 0 2
21995 22950 10 0 2
!sus 34372 203724 0 10 5 attackers:34372;victims:203724;type:1;valid_origin:True;recurrent:True;local:False
34372 203724 1 0 5
34372 203724 2 0 5
34372 203724 3 0 5
34372 203724 4 0 5
34372 203724 5 0 5
34372 203724 6 0 5
34372 203724 7 0 5
34372 203724 8 0 5
34372 203724 9 0 5
34372 203724 10 0 5
!sus 9425 151456 1 9 3 attackers:9425;victims:151456;type:1;valid_origin:True;recurrent:True;local:False
9425 151456 1 3 0
9425 151456 2 0 3
9425 151456 3 0 3
9425 151456 4 0 3
9425 151456 5 0 3
9425 151456 6 0 3
9425 151456 7 0 3
9425 151456 8 0 3
9425 151456 9 0 3
9425 151456 10 0 3
!sus 199275 206014 0 10 20 attackers:199275;victims:206014;type:1;valid_origin:True;recurrent:True;local:False
199275 206014 1 0 20
199275 206014 2 0 20
199275 206014 3 0 20
199275 206014 4 1 19
199275 206014 5 0 20
199275 206014 6 1 19
199275 206014 7 1 19
199275 206014 8 1 19
199275 206014 9 6 14
199275 206014 10 8 12
!leg 12389 56621 10 0 27 attackers:12389;victims:56621;type:1;valid_origin:True;recurrent:False;local:False
12389 56621 1 27 0
12389 56621 2 27 0
12389 56621 3 27 0
12389 56621 4 27 0
12389 56621 5 27 0
12389 56621 6 27 0
12389 56621 7 27 0
12389 56621 8 27 0
12389 56621 9 27 0
12389 56621 10 27 0
!leg 43298 198981 10 0 5 attackers:198981;victims:198981;type:3;valid_origin:True;recurrent:False;local:False
43298 198981 1 5 0
43298 198981 2 5 0
43298 198981 3 5 0
43298 198981 4 5 0
43298 198981 5 5 0
43298 198981 6 5 0
43298 198981 7 5 0
43298 198981 8 5 0
43298 198981 9 5 0
43298 198981 10 5 0
!leg 204457 212193 10 0 94 attackers:204457;victims:212193;type:1;valid_origin:True;recurrent:False;local:False
204457 212193 1 94 0
204457 212193 2 94 0
204457 212193 3 94 0
204457 212193 4 94 0
204457 212193 5 94 0
204457 212193 6 94 0
204457 212193 7 94 0
204457 212193 8 94 0
204457 212193 9 94 0
204457 212193 10 94 0
!sus 137410 140068 7 3 91 attackers:140068;victims:137410;type:1;valid_origin:False;recurrent:True;local:False
137410 140068 1 91 0
137410 140068 2 91 0
137410 140068 3 91 0
137410 140068 4 76 15
137410 140068 5 91 0
137410 140068 6 43 48
137410 140068 7 68 23
137410 140068 8 3 88
137410 140068 9 55 36
137410 140068 10 0 91
!sus 1288 15830 3 7 1 attackers:15830;victims:1288;type:1;valid_origin:True;recurrent:True;local:False
1288 15830 1 0 1
1288 15830 2 0 1
1288 15830 3 0 1
1288 15830 4 0 1
1288 15830 5 0 1
1288 15830 6 1 0
1288 15830 7 1 0
1288 15830 8 0 1
1288 15830 9 1 0
1288 15830 10 0 1
!sus 23862 23962 8 2 74 attackers:23862;victims:23862;type:2;valid_origin:True;recurrent:True;local:False
23862 23962 1 0 74
23862 23962 2 73 1
23862 23962 3 0 74
23862 23962 4 74 0
23862 23962 5 74 0
23862 23962 6 74 0
23862 23962 7 74 0
23862 23962 8 74 0
23862 23962 9 74 0
23862 23962 10 74 0
!leg 262199 266686 10 0 15 attackers:262199;victims:266686;type:1;valid_origin:True;recurrent:False;local:False
262199 266686 1 15 0
262199 266686 2 15 0
262199 266686 3 15 0
262199 266686 4 15 0
262199 266686 5 15 0
262199 266686 6 15 0
262199 266686 7 15 0
262199 266686 8 15 0
262199 266686 9 15 0
262199 266686 10 15 0
!sus 60223 198154 0 10 55 attackers:60223;victims:198154;type:1;valid_origin:True;recurrent:False;local:False
60223 198154 1 0 55
60223 198154 2 0 55
60223 198154 3 0 55
60223 198154 4 0 55
60223 198154 5 0 55
60223 198154 6 0 55
60223 198154 7 0 55
60223 198154 8 0 55
60223 198154 9 0 55
60223 198154 10 0 55
!leg 6204 44640 10 0 1 attackers:6204;victims:44640;type:1;valid_origin:True;recurrent:False;local:False
6204 44640 1 1 0
6204 44640 2 1 0
6204 44640 3 1 0
6204 44640 4 1 0
6204 44640 5 1 0
6204 44640 6 1 0
6204 44640 7 1 0
6204 44640 8 1 0
6204 44640 9 1 0
6204 44640 10 1 0
!sus 399861 401457 0 10 2 attackers:399861;victims:401457;type:1;valid_origin:True;recurrent:True;local:False
399861 401457 1 0 2
399861 401457 2 0 2
399861 401457 3 0 2
399861 401457 4 0 2
399861 401457 5 0 2
399861 401457 6 0 2
399861 401457 7 0 2
399861 401457 8 0 2
399861 401457 9 0 2
399861 401457 10 0 2
!leg 8732 197340 10 0 137 attackers:8732;victims:197340;type:1;valid_origin:True;recurrent:False;local:False
8732 197340 1 134 3
8732 197340 2 134 3
8732 197340 3 135 2
8732 197340 4 137 0
8732 197340 5 137 0
8732 197340 6 137 0
8732 197340 7 137 0
8732 197340 8 137 0
8732 197340 9 137 0
8732 197340 10 137 0
!leg 26865 267992 10 0 40 attackers:26865;victims:267992;type:1;valid_origin:True;recurrent:False;local:False
26865 267992 1 40 0
26865 267992 2 40 0
26865 267992 3 40 0
26865 267992 4 40 0
26865 267992 5 40 0
26865 267992 6 40 0
26865 267992 7 40 0
26865 267992 8 40 0
26865 267992 9 40 0
26865 267992 10 40 0
