!sus 41051 216190 4 6 61 attackers:41051;victims:216190;type:1;valid_origin:True;recurrent:True;local:False
41051 216190 1 0 61
41051 216190 2 2 59
41051 216190 3 3 58
41051 216190 4 16 45
41051 216190 5 18 43
41051 216190 6 23 38
41051 216190 7 35 26
41051 216190 8 40 21
41051 216190 9 36 25
41051 216190 10 58 3
!sus 60841 270014 0 10 4 attackers:60841;victims:270014;type:1;valid_origin:True;recurrent:True;local:False
60841 270014 1 0 4
60841 270014 2 0 4
60841 270014 3 0 4
60841 270014 4 0 4
60841 270014 5 0 4
60841 270014 6 0 4
60841 270014 7 0 4
60841 270014 8 0 4
60841 270014 9 0 4
60841 270014 10 0 4
!leg 263658 264117 10 0 14 attackers:263658;victims:264117;type:1;valid_origin:True;recurrent:False;local:False
263658 264117 1 14 0
263658 264117 2 14 0
263658 264117 3 14 0
263658 264117 4 14 0
263658 264117 5 14 0
263658 264117 6 14 0
263658 264117 7 14 0
263658 264117 8 14 0
263658 264117 9 14 0
263658 264117 10 14 0
!sus 34987 44714 0 10 6 attackers:44714;victims:34987;type:1;valid_origin:True;recurrent:True;local:False
34987 44714 1 0 6
34987 44714 2 0 6
34987 44714 3 0 6
34987 44714 4 2 4
34987 44714 5 3 3
34987 44714 6 2 4
34987 44714 7 1 5
34987 44714 8 0 6
34987 44714 9 3 3
34987 44714 10 3 3
!sus 212508 215664 3 7 5 attackers:212508;victims:215664;type:1;valid_origin:True;recurrent:True;local:False
212508 215664 1 0 5
212508 215664 2 0 5
212508 215664 3 0 5
212508 215664 4 0 5
212508 215664 5 0 5
212508 215664 6 0 5
212508 215664 7 2 3
212508 215664 8 3 2
212508 215664 9 3 2
212508 215664 10 3 2
!leg 9031 29396 10 0 1 attackers:29396;victims:9031;type:1;valid_origin:True;recurrent:False;local:False
9031 29396 1 1 0
9031 29396 2 1 0
9031 29396 3 1 0
9031 29396 4 1 0
9031 29396 5 1 0
9031 29396 6 1 0
9031 29396 7 1 0
9031 29396 8 1 0
9031 29396 9 1 0
9031 29396 10 1 0
!sus 203619 397525 0 10 2 attackers:397525;victims:203619;type:1;valid_origin:True;recurrent:True;local:False
203619 397525 1 0 2
203619 397525 2 0 2
203619 397525 3 0 2
203619 397525 4 0 2
203619 397525 5 0 2
203619 397525 6 0 2
203619 397525 7 0 2
203619 397525 8 0 2
203619 397525 9 0 2
203619 397525 10 0 2
!sus 12654 31742 6 4 4 attackers:31742;victims:12654;type:1;valid_origin:True;recurrent:True;local:False
12654 31742 1 0 4
12654 31742 2 2 2
12654 31742 3 2 2
12654 31742 4 2 2
12654 31742 5 3 1
12654 31742 6 3 1
12654 31742 7 3 1
12654 31742 8 4 0
12654 31742 9 3 1
12654 31742 10 4 0
!sus 210233 216157 8 2 78 attackers:210233;victims:216157;type:1;valid_origin:True;recurrent:True;local:False
210233 216157 1 9 69
210233 216157 2 33 45
210233 216157 3 78 0
210233 216157 4 78 0
210233 216157 5 78 0
210233 216157 6 78 0
210233 216157 7 78 0
210233 216157 8 78 0
210233 216157 9 78 0
210233 216157 10 78 0
!sus 2027 57797 7 3 6 attackers:2027;victims:57797;type:1;valid_origin:True;recurrent:True;local:False
2027 57797 1 0 6
2027 57797 2 0 6
2027 57797 3 2 4
2027 57797 4 5 1
2027 57797 5 5 1
2027 57797 6 5 1
2027 57797 7 5 1
2027 57797 8 5 1
2027 57797 9 5 1
2027 57797 10 6 0
!sus 35819 136907 0 10 12 attackers:35819;victims:136907;type:1;valid_origin:True;recurrent:True;local:False
35819 136907 1 0 12
35819 136907 2 0 12
35819 136907 3 0 12
35819 136907 4 0 12
35819 136907 5 0 12
35819 136907 6 0 12
35819 136907 7 2 10
35819 136907 8 1 11
35819 136907 9 3 9
35819 136907 10 4 8
!sus 3356 210203 0 10 1 attackers:210203;victims:24429;type:3;valid_origin:True;recurrent:True;local:False
3356 210203 1 0 1
3356 210203 2 0 1
3356 210203 3 0 1
3356 210203 4 0 1
3356 210203 5 0 1
3356 210203 6 0 1
3356 210203 7 0 1
3356 210203 8 0 1
3356 210203 9 0 1
3356 210203 10 0 1
!sus 62309 209533 8 2 15 attackers:209533;victims:62309;type:1;valid_origin:True;recurrent:True;local:False
62309 209533 1 1 14
62309 209533 2 5 10
62309 209533 3 15 0
62309 209533 4 15 0
62309 209533 5 15 0
62309 209533 6 15 0
62309 209533 7 15 0
62309 209533 8 15 0
62309 209533 9 15 0
62309 209533 10 15 0
!sus 6713 36956 1 9 6 attackers:6713;victims:329280;type:2;valid_origin:True;recurrent:True;local:False
6713 36956 1 2 4
6713 36956 2 2 4
6713 36956 3 2 4
6713 36956 4 1 5
6713 36956 5 2 4
6713 36956 6 1 5
6713 36956 7 1 5
6713 36956 8 2 4
6713 36956 9 0 6
6713 36956 10 5 1
!sus 917 57578 0 10 84 attackers:917;victims:57578;type:1;valid_origin:True;recurrent:True;local:False
917 57578 1 0 84
917 57578 2 0 84
917 57578 3 0 84
917 57578 4 1 83
917 57578 5 0 84
917 57578 6 1 83
917 57578 7 1 83
917 57578 8 1 83
917 57578 9 1 83
917 57578 10 1 83
!sus 44854 49127 9 1 7 attackers:49127;victims:44854;type:1;valid_origin:True;recurrent:True;local:False
44854 49127 1 0 7
44854 49127 2 4 3
44854 49127 3 5 2
44854 49127 4 5 2
44854 49127 5 6 1
44854 49127 6 6 1
44854 49127 7 6 1
44854 49127 8 6 1
44854 49127 9 7 0
44854 49127 10 7 0
!sus 59105 209306 4 6 14872 attackers:59105,209306;victims:270763,202256,262414,268449,264780,61787,28604,271508,215617,262468,273103,267919,272218,262659,265971,264712,24889,262540,207803,23470,268630,142509,270258,58682,203214,268678,205033,134868,199073,262952,61659,138754,264523,271316,264144,271146,269844,138958,142527,52862,266284,209306,268940,13036,267404,141288,267490,268749,150184,263085,204995,267087,267205,207335,52818,211501,11775,11338,278,138881,212580,138330,57717,265256,213151,263282,12996,204693,262725,270383,140395,399889,210074,35625,263142,267298,209898,27814,39806,11432,210879,200719,53081,271558,266165,266192,211551,263451,271479,268035,202811,328068,269271,264519,20473,262821,266149,271930,268426,54489,270465,198149,212703,52540,24492,265150,267412,26533,199334,201115,198342,270888,51972,138887,265478,43754,262846,52409,139052,201517,27064,138776,204319,52593,273817,26667,12553,271733,25375,271030,206249,267316,270820,273013,216369,61098,262278,266135,268253,268267,48326,262977,206521,25373,14210,265260,268606,271131,52604,139735,212762,205989,273034,266121,270609,148971,3245,272075,52544,207563,41495,44016,272462,268795,52432,136644,199467,264127,202365,393601,265912,9471,198175,202276,207996,211495,268314,271019,7720,264027,266524,24585,52820,265126,53047,268529,53243,271670,209735,202888,268658,200325,262415,215838,45773,203323,49743,46844,265981,272603,135391,142280,53018,268209,14868,5517,27720,269705,328223,61928,268878,149127,1004,35600,27693,60223,264915,210842,272930,268733,267629,262444,207451,8271,270436,202604,202553,263930,266449,139064,52777,270088,13127,52612,5394,265915,139967,33652,268397,42357,216368,134040,263481,398465,268782,20115,28667,12252,268146,266546,28181,212539,271745,265828,263431,269674,12347,41529,328979,141818,267194,62353,268929,268020,204382,398216,328471,262518,210858,264597,271488,57513,268815,212686,11172,141462,270346,216233,209859,267789,204089,272753,53766,268464,34465,63980,45609,13443,24935,263892,3360,26576,206026,265918,205593,270863,269023,56665,131775,268156,28788,210630,264022,269439,198508,269057,53050,202776,35285,267604,204446,264195,263328,42909,267281,61859,52378,27738,267521,266208,52934,204789,201868,12350,265435,25581,268124,199632,271664,263152,264123,207908,61697,10139,923,20769,262342,52852,197691,37618,272529,57329,271368,60092,208850,264141,272013,50999,399852,272276,201196,52382,52531,266471,273709,64396,13878,201335,270473,11492,328333,8926,270838,265112,131262,44087,273329,26619,272253,264367,271477,262405,398427,58251,207421,267916,270595,271058,61579,53160,267595,51964,137843,13739,61112,266933,268068,202939,204082,268396,61582,3573,205121,204302,45758,55569,35223,267285,271154,16276,263495,270553,141844,265178,270241,199950,270777,37668,268569,271676,15703,212123,204646,211380,266213,268654,34960,12611,204796,267009,62597,149795,53008,209823,8985,207550,146966,202262,210960,49292,8530,14463,62396,210826,216157,150946,269690,20546,55644,203915,265632,269160,141070,34800,269191,199918,208844,211194,270858,18056,216299,266163,268679,151332,269412,269098,272161,52638,263906,149526,29555,13136,150888,266413,269028,13213,52412,267942,29263,61923,265980,266728,42649,1024,35712,211398,263689,58405,197814,53045,55701,273328,149488,58262,52722,264646,136907,210732,7610,60150,270849,266815,266560,51701,264409,270425,61863,62059,208041,270623,211946,197841,49673,200866,61609,266989,266446,268641,58052,210965,10310,199974,267202,269407,272636,271358,270051,262909,54253,272987,63795,202425,212354,264284,266571,207713,39402,15695,264500,269269,272501,146855,272202,202602,268551,273439,272669,61608,264514,52712,211810,53178,35709,61768,265987,131465,30893,28631,205610,262742,273656,272137,267074,270563,269118,52626,267641,262880,209294,200691,150385,264972,262906,61956,273127,60016,271996,206492,139328,268850,22548,271456,25019,55947,209512,52951,198794,271914,61851,328748,265172,269488,61775,52527,264526,207936,268631,199483,28182,52444,50495,45669,210426,268715,41294,265350,271350,61677,272461,27951,262481,142025,47937,57166,56328,208806,203333,199195,269199,133968,149588,147071,394354,199562,213034,268816,9929,264512,949,10880,45245,273706,204017,53218,265409,262212,1916,328317,136174,7545,268874,270382,52025,109,262990,142508,200313,269367,53238,29655,139752,47302,267472,270965,52912,14080,263139,263591,262957,211891,207083,263985,202573,197609,263395,272710,266894,62599,33491,44212,263326,28590,11664,266211,262272,262320,62512,270182,265367,268560,203478,16960,271684,271911,268318,39200,213288,269352,268240,45916,271845,215754,263525,271936,61947,269001,271345,53052,263524,212149,204135,272250,270430,216321,200160,263131,30622,209505,262376,264923,267474,265281,264911,269794,198923,12620,16509,272446,269688,136842,199183,136717,136835,268432,262476,272936,53213,266848,262589,211635,266783,30514,272120,264359,15557,267348,269115,267999,207841,47316,43607,265398,203765,42034,265394,24951,39891,12355,267997,271995,200267,212882,48053,201029,269737,133187,52630,273766,273318,264170,211242,57450,61941,269344,273820,35537,271516,271530,52939,268824,270530,268499,45630,21859,57348,12041,18822,265049,208421,3333,203888,31662,269299,268175,267430,264446,139341,269852,28263,39798,62240,212144,273373,36719,37284,61912,48646,208333,268291,200257,52977,197469,209588,38536,211922,28335,263133,25504,270926,266299,266029,45648,398461,30689,12824,273114,43995,28634,209569,11097,60858,273808,212751,27865,63930,268676,271677,265231,26611,209958,215877,16158,45250,136311,132608,204068,205016,203218,265102,134922,40509,204174,267289,271320,268070,35701,328711,267496,212157,264990,264212,55441,20914,400338,264484,262593,18428,271085,202224,262669,216254,24435,211481,40138,263466,262916,57118,29405,269007,266620,267620,268047,149595,267946,24439,268214,40981,35559,267158,267513,198951,269268,268590,52564,328575,14259,271337,52854,263120,272428,269956,199068,266385,264525,135421,203062,270678,268385,42473,205080,151756,207318,268605,52724,11990,266356,50763,269033,212630,134970,44911,52916,268138,208434,328802,268644,212888,209806,14026,265484,269410,203206,270697,207662,25223,270627,267027,272720,268869,197739,212461,266266,271700,272738,265477,200625,272518,263507,5390,271428,61884,37480,135247,29314,266531,199605,270380,138926,267502,18470,1853,34081,141694,28226,270506,204635,272757,267489,265036,271501,272620,8781,272221,399976,263445,212532,134033,267398,1101,53113,206502,58640,28387,16925,61830,28398,262287,52539,30999,262557,59943,35133,6772,328267,265899,398549,55824,58744,9484,266536,8376,266207,269523,268525,264126,272431,268701,263251,4229,53013,46050,270364,53097,196810,267924,212483,266071,133612,12654,268367,27398,264863,23487,264216,266737,271386,151464,35819,61076,264214,265243,270950,267704,61704,61587,263539,31784,270444,200912,209606,132647,205185,215972,270963,43832,202315,264598,273705,47272,271707,273011,264237,272875,210563,206320,215799,7497,199178,200078,266435,263890,268708,271143,207650,20612,269441,273721,212268,151767,209347,399663,201718,262316,262865,263311,48752,207424,264342,50877,61728,28885,138800,270962,198792,268057,199438,29478,197277,264014,28657,140926,59645,134863,215780,13012,262803,263546,213234,212995,271944,266425,15966,201217,270329,209771,262459,61692,267043,267113,328987,398467,137330,263940,268996,265979,265303,45021,263353,269422,264268,61901,268710,265914,44922,42334,141796,51178,263477,270250,395035,271759,42692,264574,51786,1251,271757,49784,61689,272870,216052,203538,263245,266802,263486,49544,267156,267787,39405,272527,43408,399196,265246,272662,268862,53039,133660,26517,132482,272022,30690,270734,197964,29148,270730,42086,266640,137684,28368,61699,273625,207401,139317,262332,264186,267662,268109,272586,53122,268084,267533,216097,216373,57782,12025,265417,47720,28135,151419,267540,263011,215810,264248,268252,61748,263087,54256,265282,46031,272665,20618,270916,263608,199829,271399,263800,22860,266089,271390,271840,57676,37350,262588,14593,39220,268212,268811,328460,206058,22921,136667,267439,262394,263979,197439,20886,41833,142443,7342,264473,49596,216006,267055,53162,203052,271575,268483,267425,266831,273362,210951,61893,264545,135746,135985,262661,209649,399049,271617,270560,142597,398019,140308,393336,266586,48611,199554,35146,21788,28636,46793,270504,267178,209574,200217,264492,271758,45899,208725,265886,262365,138218,20507,269401,273767,271363,28404,264882,265627,36951,268172,210258,267145,262411,271258,269663,37540,213033,266436,264497,271977,207411,12750,268088,208948,210819,329234,265700,263022,47481,200936,270323,272451,268170,213268,266003,263562,271112,12387,142553,53085,31857,212242,270282,267343,207946,60567,47597,40676,147284,263424,267974,262500,212934,268459,207941,272243,262493,272854,268321,270668,146924,50104,132797,268265,199682,262323,29663,141346,210855,208367,52599,45766,53086,213073,36968,47829,61812,272274,33660,200113,59808,267069,207341,54994,264189,271385,270890,52692,269640,268576,147016,42760,211597,271493,262653,14907,139980,269330,272559,268273,270283,264162,270468,215767,207372,200203,273651,51044,45049,199516,141259,263512,19406,211607,266497,211944,265894,212567,266625,25596,265844,263156,141574,38511,269044,201905,53175,268210,62874,134884,206988,20902,52888,52641,10954,272909,210000,267668,263513,211275,208563,271158,264161,133481,264056,265695,209389,268837,206883,272129,269501,199462,270372,199177,265134,267792,23764,263390,266389,216308,28576,56911,263641,714,266492,264659,209527,263879,266064,52751,7016,216415,210397,271347,268563,268964,271844,200462,268516,262645,267750,215664,38565,270254,11721,32798,17045,199072,271690,267634,262290,142271,206894,8620,48292,134032,268735,207758,269838,22773,271422,25496,265285,270669,263263,264209,267961,268618,52362,57969,207227,270760,199025,213316,1734,203762,39063,273703,267756,28665,262818,272158,271328,272032,273624,142364,19429,266812,399356,37542,31195,267168,215978,207646,270470,265949,33965,265113,28154,33667,135178,268502,28352,17222,134739,28621,37670,212079,200101,28219,271265,134113,60631,28571,271000,61841,215828,272056,28370,269328,12637,263739,262480,269194,20278,198831,269041,265066,22356,273731,268127,211935,268249,263888,265411,48390,134697,2613,28204,268262,8674,41767,52941,328527,271933,269565,137681,270707,38173,270306,270751,265937,135977,267061,32035,197963,271073,269435,268770,200258,267264,271882,269599,28637,266013,271507,15542,12381,263624,269462,273432,142642,52908,59647,40943,64449,53070,398668,263340,270016,212625,269639,264890,272209,141253,204363,141834,263105,207583,17747,216391,206137,11913,137177,5524,262182,268041,271821,32098,6147,264635,212238,396501,269376,266547,268492,34758,262191,52821,268278,267501,62167,268458,267957,141265,273702,200242,135748,58220,35388,266428,271353,61200,329035,269923,200023,197820,269145,50998,133034,265266,151735,267544,264897,263666,265059,273742,272172,270419,271023,263341,57238,200202,37495,267032,263289,269566,25459,17072,210729,13576,35617,132556,216056,201412,138164,199839,210715,150749,63515,264744,38047,270570,327805,264332,271239,21957,265780,270304,262806,14457,262401,35627,268387,273588,13489,48684,44477,211668,264554,151371,267418,266368,2857,263278,52930,270758,264424,61756,268695,264898,263858,198687,37358,209383,267088,265052,211960,44239,138737,271111,26930,41174,262524,19089,328366,33864,267170,212858,270927,60539,273578,12826,213383,53155,203655,268621,270579,203615,262900,269171,41720,37457,28075,270928,263990,209836,212577,205668,197690,272648,270900,58202,56040,269131,269964,264117,8821,138064,140731,50272,61948,329088,34872,63399,264403,141214,328917,8055,266624,141126,5416,30988,28723,204939,328206,270796,20011,264932,197992,212068,36692,266400,33083,262507,201787,267900,268106,52580,50419,263961,139216,215605,270447,267121,42846,272112,8193,266355,35574,267012,212495,24446,197856,197634,263948,270556,268142,150323,262731,270982,266036,271355,206843,138915,203169,271910,38345,265008,22690,52767,267117,263316,7489,273321,53240,268875,37273,39479,266927,24206,271666,61593,263897,206480,61726,211358,262416,271203,138637,35536,198825,269853,45727,42567,150501,39527,204120,327767,5722,212237,263159,267030,267180,29396,61568,207266,20141,267500,271445,59813,263663,12902,15663,270315,263928,52885,265855,62644,272883,267466,15133,42708,265656,21664,264851,48037,150404,137967,215791,39753,28878,202239,271659,31898,15958,271538,268742,268443,213381,268153,215887,271107,8752,272463,29413,45271,8888,25151,263623,7296,269307,271383,262530,37529,264369,267987,216216,267481,263137,270138,25198,56410,203852,48840,61826,212112,12307,52388,62149,54309,269394,51087,216141,272249,204842,269809,57353,7721,266627,47614,262223,211233,12091,29649,269559,268089,266166,264425,210481,215872,264461,53112,265124,39083,13768,138115,272717,212170,269285,23748,264987,196752,151194,141680,51559,271334,269444,150729,216320,269596,151338,32934,266577,53125,22689,38230,47885,201148,61574,61900,25369,264206,273077,268304,5669,269116,61716,10429,328535,715,264354,265311,24432,265905,265626,267078,267933,267116,205740,52925,264993,53187,28215,134666,269887,149433,270264,17387,265016,273413,267039,197807,209408,216342,52706,266431,200676,30337,48268,199925,141892,13188,203083,271629,196943,268369,39319,267593,257,60804,269374,46687,970,48887,270728,53190,23404,266338,265948,210090,272205,270340,15964,269138,262423,262764,264872,202194,39923,267366,262402,140110,7280,205441,208755,268371,213262,23951,200536,18101,135980,138362,263551,273691,215832,35189,61922,215912,265111,270600,268222,203283,150523,49936,27901,201691,267549,270482,61822,10620,270782,397735,37425,267345,262978,328659,208236,263732,28294,268721,200005,204254,272441,213190,273597,47496,199471,271466,27715,41095,14618,206499,61757,6871,268473,269151,269223,262391,208460,39686,265693,53152,212541,262300,267413,139457,273361,262406,28654,24203,272483,270716,57853,267093,268243,63490,51776,208393,270498,24730,61317,61762,15907,263458,273094,267790,58698,8949,262311,21506,273020,26210,272433,268738,327705,400544,14840,266353,268684,140576,327698,270248,262813,269474,270442,44324,52848,267497,24515,265029,270341,209181,266962,138143,57439,269250,22011,47864,50754,272724,213167,203843,262186,28663,268924,896,199613,266197,269742,12315,149697,197731,270877,272010,36236,208444,206610,273591,22317,211414,272684,262544,266430,268042,197706,266292,205398,272432,61766,263968,215820,263210,271795,267192,263855,265143,216393,46562,61463,212178,273713,51019,11930,52971,21858,267603,270912,209510,265375,262197,262516,210545,207727,268029,213219,53201,269025,271874,272558,200549,49548,267174,263877,272206,268021,47973,24641,263457,200882,267279,271544,202361,37663,268747,61711,211184,201242,270857,211980,273120,267129,54201,9280,265021,262683,273778,216340,216405,262594,265933,266132,17621,271471,38136,272467,268622,49585,151403,266235,201939,61832,264756,264397,273662,272197,13250,395403,57325,271266,270701,265091,205365,267670,272739,208046,35732,265141,272024,265173,266648,52686,272696,212024,210429,400672,266948,264177,137431,135073,60533,203993,45687,62246,208982,150787,208153,267638,268983,52238,263290,61649,36935,42298,262428,59748,266300,134928,270803,48352,48231,61940,269427,273414,263391,62098,266679,270542,209686,39704,9208,29672,272791,197866,216311,42861,263921,262624,211604,213371,139901,272264,267443,208654,263053,215580,212037,265180,215592,210384,267522,395265,212049,2571,266250,273747,266914,3214,271464,136416,273337,264435,57257,198219,263583,328474,271923,133159,6696,203448,151175,53005,200558,50266,266210,59625,198057,263322,264002,212098,1759,43414,49677,203913,51939,199519,2018,267684,272655,271315,53209,267270,270901,64478,265188,269385,36868,269909,270428,57090,199580,11889,264825,270243,33438,270294,29744,37235,204844,266317,269314,205773,271175,139982,138171,267384,269337,134993,61616,14754,48467,271599,13445,263532,211869,268484,28580,263534,268145,268681,198231,270785,22300,266986,269107,270814,61633,273638,206468,59538,271145,266790,273739,53180,270354,61818,271393,151407,5065,61681,271150,267167,43992,266373,49983,10111,21433,12898,271551,211360,272067,267322,269862,264965,272637,270804,211907,41073,210667,264297,210462,209216,142298,263848,198644,270598,39444,267570,199018,265775,199518,200562,30069,23780,49132,264486,263008,267159,61845,16267,270352,53184,263174,201456,269555,138684,270983,61652,52956,270083,23243,141947,216447,42953,266219,200179,36890,264119,265412,57757,266158,203015,211509,211691,41727,141300,151062,270355,8473,268346,206281,50156,215665,13649,270505,131445,262907,52528,264217,266107,141709,208819,266544,52752,28213,48606,269484,272612,42020,395226,135325,200959,264133,200545,269396,35048,272011,60941,268633,32787,271591,270449,198889,151785,269244,197900,271185,267212,271825,49752,134392,270956,267460,263527,265390,262755,269287,270987,208731,272219,268412,35518,208022,262973,268154,271014,20161,134595,11835,149749,5398,199707,266220,264550,14187,267467,29008,269369,35717,262351,211090,267268,273751,41549,61698,271535,22724,208414,132429,200965,268205,34993,268772,272958,269373,271234,268509,8987,266606,267512,268592,62113,19180,265426,267397,42894,264111,268992,205088,270653,272084,52573,270949,216190,61828,211759,267395,269068,210934,267342,268375,271483,212245,268085,270684,203318,29468,5411,12189,28714,270497,203577,262895,12757,263433,151050,271039,13849,268507,58073,22909,212227,398894,48771,269651,265762,212085,139952,55095,205267,264393,272511,271257,262734,268471,28285,37018,268296,264983,271660,272751,263129,272257,269249,29789,268892,203136,136332,207437,33174,263320,34244,270764,205967,55259,272503,21436,271164,270552,263586,270550,268221,272782,202448,272761,61852,57021,268888,13684,271717,266100,268866,136258,8264,133832,270639,271305,11123,46920,8365,211713,216402,56611,57965,11019,328326,49232,211722,266457,18792,139351,8038,207598,49696,267103,271016,25598,216462,329095,36351,268546,272504,24186,202932,271097,266006,273436,41980,213081,263642,269097,263966,206841,43824,17098,138338,199578,9267,53095,200334,151837,59678,28197,268216,51975,19700,24835,395770,262424,57934,34615,271546,273622,138435,269448,28252,52468,20326,267530,57913,203148,37722,271391,198515,22908,272505,263305,52965,273142,52114,205219,262346,204318,34848,266150,63538,267011,271343,4809,267536,272541,45275,28027,28142,131204,202401,272819,263774,268962,263617,263947,198385,272584,52911,268808,138181,61868,9092,265093,272889,37697,9829,264428,265684,212773,264861,269409,273048,265515,265117,35292,139994,62309,263536,269010,6694,208973,271837,269420,270922,28254,328952,17813,266140,267106,212034,272123,208753,52824,41307,212008,328931,61737,269338,1003,207375,273379,134756,272225,47065,272280,53072,262766,271510,136477,48576,215745,271197,269266,47794,52927,266566,28140,29099,268818,39093,265913,265136,137166,149693,39832,263280,54133,33436,7552,208476,14522,199414,200255,268788,269836,272610,201348,263317,205413,38266,18914,211685,52893,206592,52257,269479,208768,28668,63911,34146,269657,42003,268664,52952,17932,48436,152118,205758,53234,31396,200890,264221,271692,207359,271674,272707,271649,205377,61592,209094,47583,262643,52814,7575,215734,202662,265272,64300,328519,212895,268829,266734,210564,2906,215842,207314,33651,31960,266074,52775,271096,42385,49627,61589,28258,212845,33287,10032,52984,45804,8561,267353,16171,271166,263651,31163,270860,208548,44406,400303,211579,6855,55037,150483,213300,270399,203664,64120,262809,269475,53094,271475,270222,264392,213327,211208,270656,10099,270708,273101,270699,262499,268006,271134,267196,264903,13780,131642,264255,269075,51430,267511,265578,269045,216418,328594,270522,271117,269141,262435,265799,271785,264241,210558,3250,267221,200270,205049,205597,207716,198383,271277,271298,49305,52613,23031,209225,268817,149601,29802,273684,199670,203496,269312,53222,271667,60393,268732,139245,265067,270776,39870,12643,398471,62245,263573,271609,271099,268879,328507,203804,271820,273615,25509,271046,2121,272762,47506,202046,152036,60372,133957,202523,39287,46689,266154,51345,268573,54113,4213,204074,212468,268578,262773,10030,209862,215829,50598,268452,215809,12813,48399,268297,202414,13999,263047,269472,273765,44358,210882,57406,17806,28577,270893,263435,139057,267334,28143,50455,61951,263018,15171,271713,42,8647,270940,28262,205206,50630,262504,263650,36183,271929,34741,52682,61773,271095,52993,271500,15611,40294,12735,8046,206729,19551,262473,151418,268729,273685,38999,269546,34854,263598,262729,263077,30081,266565,6185,269016,207880,132542,267042,272241,395092,269370,264153,272851,58307,52633,45629,268469,57695,263465,44933,61648,265062,264920,212865,263154,209878,142561,268548,46766,272735,136307,150493,151814,271340,12479,272524,3462,265629,263258,55805,26701,270626,52842,61916,137661,210644,266409,273799,32590,270574,2764,263432,205848,265098,262470,56466,263268,209533,2863,267034,53427,271641,61586,211088,139888,265207,52968,26793,198590,269535,43406,216427,268668,203737,61637,266693,210025,268410,42394,44244,268698,149007,270842,199938,147183,268609,27385,271942,270625,55821,271287,196922,262578,22302,266387,215751,270586,398962,24560,28645,59711,263603,262791,53356,198660,262360,267531,272146,50967,267362,270358,216383,44364,200351,270713,205574,269655,6766,266703,211894,273602,43019,203446,269685,271068,50069,263443,151483,199684,7633,37525,263541,271080,272767,266924,199676,203472,264103,37329,133037,270936,43099,48501,60664,52762,271075,271587,327988,1050,61701,271533,140159,269372,61594,265302,58057,57040,212526,35100,271402,140098,38546,269235,269073,198433,30058,57801,263626,134098,30720,61614,53245,201199,263442,268330,267399,63293,205036,133193,37642,266053,263327,57684,216101,263089,272780,205329,61174,61642,271987,58898,265652,53089,200730,271673,270398,61784,270899,269193,149835,216026,272252,52694,267083,7007,268781,213373,270851,51082,264906,47924,272822,13335,133933,271367,6877,270336,270822,53231,48402,268805,984,265152,270735,61792,270068,269568,271474,269777,267761,265890,52634,204594,59824,272514,45117,268945,14650,198980,55195,200250,270429,266275,269333,211498,264995,263859,267325,134371,267031,263677,272097,209871,63949,212232,270268,34144,201650,200373,270724,199654,198682,28209,18916,35487,263483,269155,201983,31065,28305,266830,25944,268357,39839,268189,28686,264071,272255,207252,262591,264453,266628,25933,262572,266248,205214,55799,268335,271694,269668,273409,198510,263032,271747,268446,266453,37474,268231,8551,6736,14282,395973,56531,60666,271491,262893,264927,270826,28431,206446,266466,269256,203740,270691,268665,199553,52122,327687,273798,52607,54203,269070,271967,9411,267543,268298,210317,265711,215788,263252,400519,273331,264543,265317,207693,271439,328237,61678,210912,270034,270923,266280,198016,271705,267713,209025,202044,57848,269977,266967,142289,62035,273616,47836,272195,269855,28666,263874,28573,37708,263067,59827,28225,270605,61580,210041,203547,268048,264229,16552,205789,272614,197433,207466,269305,7287,200954,200820,151673,264202,50007,263922,271645,8283,269139,273595,61295,269231,201386,11802,272760,271409,7600,271115,12597,209707,28,395688,61468,264450,264580,27882,272569,264969,272882,215581,205980,272269,271011,29141,44445,8453,215849,273617,200210,268714,9115,263544,47688,215651,266961,271018,53223,64492,52643,60893,267199,266525,197058,263493,44439,15925,27839,267056,215980,266260,209864,47778,63279,61025,264280,264275,43519,328939,265450,266270,265389,328699,266296,262318,269329,210233,61759,44421,49113,212623,264008,60423,270866,150156,211748,199610,60503,37564,142551,263346,264918,266091,262505,211444,61512,61437,268227,204179,400583,264135,267340,267829,198100,47526,41622,212065,272715,400245,269008,268748,43357,399200,2128,6233,215907,26615,29286,269288,21570,199524,48305,2607,269015,272663,24586,210076,262485,269574,46997,272004,267778,271947,43641,267177,29357,272823,48948,133480,269822,58952,215738,202786,268683,270582,208958,213253,149004,62445,203069,48473,49870,268642,263055,61596,271561,265475,213154,61302,266649,917,208175,394756,264929,273665,207071,272536,216132,43380,269553,199488,28126,395176,200809,263611,42310,53062,43959,268428,28191,216412,53667,64473,30736,268967,210370,267000,204931,36992,270995,328220,265946,262626,264566,35085,268789,272800,212746,273106,53135,265189,216113,12008,268900,270753,48581,151187,271968,31133,262979,52920,197882,270766,272539,140223,209385,263891,268496,263329,23520,150325,265483,59189,272789,204601,6834,211754,52684,21100,204508,264542,265363,133616,146908,268237,43922,272786,267054,216295,61890,23347,202053,216072,29108,263898,24314,199811,269417,57187,206593,134461,29097,206170,205107,208920,61778,38948,265046,210834,270819,142618,270768,269144,26561,35548,19679,60571,265014,263826,147124,30036,30900,266928,60362,203396,265234,134575,207979,62116,27325,52605,206813,61770,44446,15435,264770,22085,208911,269416,271773,271858,271689,37187,207574,263283,147047,14860,63920,139849,60236,27947,50837,3741,200237,200690,262512,208223,267360,52878,269126,31736,199927,13124,201949,267986,28359,266849,272450,20940,212175,37110,268316,265356,210623,53139;type:1,2,3,4,5,6,7,8,9,10,11,12;valid_origin:False;recurrent:True;local:False
59105 209306 1 2724 12148
59105 209306 2 6303 8569
59105 209306 3 10398 4474
59105 209306 4 4571 10301
59105 209306 5 8079 6793
59105 209306 6 4107 10765
59105 209306 7 6400 8472
59105 209306 8 7906 6966
59105 209306 9 6429 8443
59105 209306 10 7638 7234
!sus 329005 329253 0 10 72 attackers:329253;victims:329005;type:1;valid_origin:True;recurrent:True;local:False
329005 329253 1 0 72
329005 329253 2 0 72
329005 329253 3 0 72
329005 329253 4 0 72
329005 329253 5 0 72
329005 329253 6 0 72
329005 329253 7 0 72
329005 329253 8 0 72
329005 329253 9 0 72
329005 329253 10 0 72
!sus 2484 39392 0 10 1 attackers:39392;victims:2484;type:1;valid_origin:True;recurrent:True;local:False
2484 39392 1 0 1
2484 39392 2 0 1
2484 39392 3 0 1
2484 39392 4 0 1
2484 39392 5 0 1
2484 39392 6 0 1
2484 39392 7 0 1
2484 39392 8 0 1
2484 39392 9 0 1
2484 39392 10 0 1
!leg 6325 11796 10 0 20 attackers:6325;victims:55283;type:2;valid_origin:True;recurrent:False;local:False
6325 11796 1 20 0
6325 11796 2 20 0
6325 11796 3 20 0
6325 11796 4 20 0
6325 11796 5 20 0
6325 11796 6 20 0
6325 11796 7 20 0
6325 11796 8 20 0
6325 11796 9 20 0
6325 11796 10 20 0
!sus 52468 394684 0 10 9 attackers:394684;victims:52468;type:1;valid_origin:True;recurrent:True;local:False
52468 394684 1 0 9
52468 394684 2 0 9
52468 394684 3 0 9
52468 394684 4 0 9
52468 394684 5 0 9
52468 394684 6 0 9
52468 394684 7 0 9
52468 394684 8 0 9
52468 394684 9 0 9
52468 394684 10 0 9
!sus 51019 209806 6 4 68 attackers:51019;victims:209806;type:1;valid_origin:True;recurrent:True;local:False
51019 209806 1 0 68
51019 209806 2 0 68
51019 209806 3 0 68
51019 209806 4 30 38
51019 209806 5 59 9
51019 209806 6 61 7
51019 209806 7 59 9
51019 209806 8 68 0
51019 209806 9 65 3
51019 209806 10 67 1
!sus 50131 147173 1 9 7 attackers:50131;victims:147173;type:1;valid_origin:True;recurrent:True;local:False
50131 147173 1 0 7
50131 147173 2 0 7
50131 147173 3 0 7
50131 147173 4 0 7
50131 147173 5 2 5
50131 147173 6 0 7
50131 147173 7 0 7
50131 147173 8 5 2
50131 147173 9 2 5
50131 147173 10 3 4
!sus 212271 212477 0 10 231 attackers:212477;victims:212271,216164;type:1,2;valid_origin:True;recurrent:True;local:False
212271 212477 1 3 228
212271 212477 2 0 231
212271 212477 3 31 200
212271 212477 4 0 231
212271 212477 5 34 197
212271 212477 6 27 204
212271 212477 7 36 195
212271 212477 8 33 198
212271 212477 9 113 118
212271 212477 10 73 158
!sus 199414 200202 0 10 8 attackers:199414;victims:200202;type:1;valid_origin:True;recurrent:True;local:False
199414 200202 1 0 8
199414 200202 2 0 8
199414 200202 3 0 8
199414 200202 4 0 8
199414 200202 5 0 8
199414 200202 6 0 8
199414 200202 7 0 8
199414 200202 8 0 8
199414 200202 9 0 8
199414 200202 10 0 8
!leg 61849 271071 10 0 24 attackers:271071;victims:61849;type:1;valid_origin:True;recurrent:True;local:False
61849 271071 1 24 0
61849 271071 2 24 0
61849 271071 3 23 1
61849 271071 4 18 6
61849 271071 5 23 1
61849 271071 6 21 3
61849 271071 7 23 1
61849 271071 8 23 1
61849 271071 9 16 8
61849 271071 10 20 4
!sus 147049 211192 0 10 11 attackers:147049;victims:211192;type:1;valid_origin:True;recurrent:True;local:False
147049 211192 1 0 11
147049 211192 2 0 11
147049 211192 3 0 11
147049 211192 4 0 11
147049 211192 5 0 11
147049 211192 6 0 11
147049 211192 7 2 9
147049 211192 8 0 11
147049 211192 9 0 11
147049 211192 10 2 9
!sus 7018 32673 4 6 10 attackers:7018;victims:32673;type:1;valid_origin:True;recurrent:True;local:False
7018 32673 1 9 1
7018 32673 2 6 4
7018 32673 3 8 2
7018 32673 4 4 6
7018 32673 5 3 7
7018 32673 6 3 7
7018 32673 7 4 6
7018 32673 8 4 6
7018 32673 9 2 8
7018 32673 10 6 4
!sus 148973 397165 0 10 7 attackers:397165;victims:148973;type:1;valid_origin:True;recurrent:True;local:False
148973 397165 1 1 6
148973 397165 2 2 5
148973 397165 3 2 5
148973 397165 4 0 7
148973 397165 5 0 7
148973 397165 6 0 7
148973 397165 7 0 7
148973 397165 8 0 7
148973 397165 9 0 7
148973 397165 10 0 7
!leg 50023 200020 10 0 7 attackers:200020;victims:50023;type:1;valid_origin:True;recurrent:True;local:False
50023 200020 1 4 3
50023 200020 2 6 1
50023 200020 3 6 1
50023 200020 4 7 0
50023 200020 5 7 0
50023 200020 6 7 0
50023 200020 7 7 0
50023 200020 8 7 0
50023 200020 9 7 0
50023 200020 10 7 0
!sus 44446 60858 0 10 175 attackers:60858;victims:44446;type:1;valid_origin:True;recurrent:True;local:False
44446 60858 1 0 175
44446 60858 2 0 175
44446 60858 3 0 175
44446 60858 4 0 175
44446 60858 5 0 175
44446 60858 6 0 175
44446 60858 7 0 175
44446 60858 8 0 175
44446 60858 9 0 175
44446 60858 10 0 175
!sus 209533 210826 1 9 386 attackers:209533;victims:210826;type:1;valid_origin:True;recurrent:True;local:False
209533 210826 1 195 191
209533 210826 2 9 377
209533 210826 3 70 316
209533 210826 4 0 386
209533 210826 5 15 371
209533 210826 6 27 359
209533 210826 7 0 386
209533 210826 8 15 371
209533 210826 9 0 386
209533 210826 10 21 365
!sus 63023 216419 7 3 6 attackers:63023;victims:216419;type:1;valid_origin:True;recurrent:True;local:False
63023 216419 1 0 6
63023 216419 2 0 6
63023 216419 3 0 6
63023 216419 4 6 0
63023 216419 5 5 1
63023 216419 6 6 0
63023 216419 7 6 0
63023 216419 8 6 0
63023 216419 9 6 0
63023 216419 10 6 0
!sus 4230 264409 0 10 1 attackers:264409;victims:262663;type:7;valid_origin:True;recurrent:True;local:False
4230 264409 1 0 1
4230 264409 2 0 1
4230 264409 3 0 1
4230 264409 4 0 1
4230 264409 5 0 1
4230 264409 6 0 1
4230 264409 7 0 1
4230 264409 8 0 1
4230 264409 9 0 1
4230 264409 10 0 1
!sus 140227 216038 8 2 75 attackers:140227;victims:216038;type:1;valid_origin:True;recurrent:True;local:False
140227 216038 1 0 75
140227 216038 2 0 75
140227 216038 3 75 0
140227 216038 4 75 0
140227 216038 5 75 0
140227 216038 6 75 0
140227 216038 7 75 0
140227 216038 8 75 0
140227 216038 9 75 0
140227 216038 10 75 0
!sus 266266 272416 0 10 24 attackers:272416;victims:266266;type:1;valid_origin:True;recurrent:True;local:False
266266 272416 1 0 24
266266 272416 2 0 24
266266 272416 3 0 24
266266 272416 4 0 24
266266 272416 5 0 24
266266 272416 6 0 24
266266 272416 7 0 24
266266 272416 8 0 24
266266 272416 9 0 24
266266 272416 10 0 24
!sus 198057 216360 6 4 22 attackers:216360;victims:198057;type:1;valid_origin:True;recurrent:False;local:False
198057 216360 1 1 21
198057 216360 2 3 19
198057 216360 3 3 19
198057 216360 4 9 13
198057 216360 5 22 0
198057 216360 6 22 0
198057 216360 7 22 0
198057 216360 8 22 0
198057 216360 9 22 0
198057 216360 10 22 0
!sus 270200 272314 1 9 50 attackers:270200;victims:272314;type:1;valid_origin:True;recurrent:True;local:False
270200 272314 1 34 16
270200 272314 2 13 37
270200 272314 3 0 50
270200 272314 4 0 50
270200 272314 5 0 50
270200 272314 6 0 50
270200 272314 7 0 50
270200 272314 8 0 50
270200 272314 9 0 50
270200 272314 10 0 50
!sus 271452 272162 0 10 6 attackers:271452;victims:272162;type:1;valid_origin:True;recurrent:True;local:False
271452 272162 1 0 6
271452 272162 2 0 6
271452 272162 3 0 6
271452 272162 4 0 6
271452 272162 5 0 6
271452 272162 6 0 6
271452 272162 7 0 6
271452 272162 8 0 6
271452 272162 9 0 6
271452 272162 10 0 6
!leg 24323 59362 10 0 88 attackers:24323;victims:139928;type:2;valid_origin:True;recurrent:False;local:False
24323 59362 1 88 0
24323 59362 2 88 0
24323 59362 3 88 0
24323 59362 4 88 0
24323 59362 5 88 0
24323 59362 6 88 0
24323 59362 7 88 0
24323 59362 8 88 0
24323 59362 9 88 0
24323 59362 10 88 0
!leg 262977 268436 10 0 8 attackers:262977;victims:268436;type:1;valid_origin:True;recurrent:True;local:False
262977 268436 1 8 0
262977 268436 2 8 0
262977 268436 3 8 0
262977 268436 4 8 0
262977 268436 5 8 0
262977 268436 6 8 0
262977 268436 7 8 0
262977 268436 8 8 0
262977 268436 9 8 0
262977 268436 10 8 0
!sus 37100 329289 9 1 17 attackers:37100;victims:329289;type:1;valid_origin:True;recurrent:True;local:False
37100 329289 1 6 11
37100 329289 2 14 3
37100 329289 3 14 3
37100 329289 4 14 3
37100 329289 5 14 3
37100 329289 6 14 3
37100 329289 7 15 2
37100 329289 8 15 2
37100 329289 9 16 1
37100 329289 10 17 0
!sus 15830 152095 0 10 13 attackers:15830;victims:152095;type:1;valid_origin:True;recurrent:True;local:False
15830 152095 1 3 10
15830 152095 2 0 13
15830 152095 3 1 12
15830 152095 4 0 13
15830 152095 5 0 13
15830 152095 6 2 11
15830 152095 7 0 13
15830 152095 8 0 13
15830 152095 9 0 13
15830 152095 10 0 13
!sus 202425 215766 0 10 10 attackers:202425;victims:215766;type:1;valid_origin:True;recurrent:True;local:False
202425 215766 1 1 9
202425 215766 2 1 9
202425 215766 3 0 10
202425 215766 4 0 10
202425 215766 5 0 10
202425 215766 6 0 10
202425 215766 7 0 10
202425 215766 8 0 10
202425 215766 9 0 10
202425 215766 10 0 10
!sus 1030 395497 9 1 8 attackers:1030;victims:395497;type:1;valid_origin:True;recurrent:True;local:False
1030 395497 1 8 0
1030 395497 2 8 0
1030 395497 3 8 0
1030 395497 4 8 0
1030 395497 5 8 0
1030 395497 6 8 0
1030 395497 7 8 0
1030 395497 8 8 0
1030 395497 9 0 8
1030 395497 10 8 0
!sus 41051 215650 9 1 7 attackers:41051;victims:215650;type:1;valid_origin:True;recurrent:True;local:False
41051 215650 1 0 7
41051 215650 2 7 0
41051 215650 3 7 0
41051 215650 4 7 0
41051 215650 5 7 0
41051 215650 6 7 0
41051 215650 7 7 0
41051 215650 8 7 0
41051 215650 9 7 0
41051 215650 10 7 0
!sus 41051 207849 9 1 5 attackers:41051;victims:207849;type:1;valid_origin:True;recurrent:True;local:False
41051 207849 1 0 5
41051 207849 2 4 1
41051 207849 3 4 1
41051 207849 4 5 0
41051 207849 5 5 0
41051 207849 6 5 0
41051 207849 7 5 0
41051 207849 8 5 0
41051 207849 9 5 0
41051 207849 10 5 0
!leg 52527 268624 10 0 1 attackers:268624;victims:52527;type:1;valid_origin:True;recurrent:False;local:False
52527 268624 1 1 0
52527 268624 2 1 0
52527 268624 3 1 0
52527 268624 4 1 0
52527 268624 5 1 0
52527 268624 6 1 0
52527 268624 7 1 0
52527 268624 8 1 0
52527 268624 9 1 0
52527 268624 10 1 0
!sus 263164 265290 6 4 4 attackers:263164;victims:28590;type:4;valid_origin:True;recurrent:True;local:False
263164 265290 1 0 4
263164 265290 2 0 4
263164 265290 3 4 0
263164 265290 4 4 0
263164 265290 5 0 4
263164 265290 6 4 0
263164 265290 7 4 0
263164 265290 8 0 4
263164 265290 9 4 0
263164 265290 10 4 0
!sus 5588 59747 3 7 4 attackers:59747;victims:29663;type:7;valid_origin:True;recurrent:False;local:False
5588 59747 1 0 4
5588 59747 2 0 4
5588 59747 3 0 4
5588 59747 4 0 4
5588 59747 5 0 4
5588 59747 6 0 4
5588 59747 7 4 0
5588 59747 8 0 4
5588 59747 9 4 0
5588 59747 10 4 0
!sus 142270 211826 0 10 23 attackers:211826;victims:142270;type:1;valid_origin:True;recurrent:True;local:False
142270 211826 1 9 14
142270 211826 2 9 14
142270 211826 3 0 23
142270 211826 4 2 21
142270 211826 5 0 23
142270 211826 6 0 23
142270 211826 7 0 23
142270 211826 8 0 23
142270 211826 9 5 18
142270 211826 10 0 23
!leg 262977 271181 10 0 7 attackers:262977;victims:271181;type:1;valid_origin:True;recurrent:False;local:False
262977 271181 1 7 0
262977 271181 2 7 0
262977 271181 3 7 0
262977 271181 4 7 0
262977 271181 5 7 0
262977 271181 6 7 0
262977 271181 7 7 0
262977 271181 8 7 0
262977 271181 9 7 0
262977 271181 10 7 0
!sus 25159 216365 9 1 32 attackers:25159;victims:216365;type:1;valid_origin:True;recurrent:True;local:False
25159 216365 1 32 0
25159 216365 2 32 0
25159 216365 3 31 1
25159 216365 4 24 8
25159 216365 5 26 6
25159 216365 6 27 5
25159 216365 7 29 3
25159 216365 8 27 5
25159 216365 9 0 32
25159 216365 10 32 0
!leg 4809 134773 10 0 6 attackers:4809;victims:134773;type:1;valid_origin:True;recurrent:True;local:False
4809 134773 1 5 1
4809 134773 2 6 0
4809 134773 3 6 0
4809 134773 4 6 0
4809 134773 5 6 0
4809 134773 6 6 0
4809 134773 7 6 0
4809 134773 8 6 0
4809 134773 9 6 0
4809 134773 10 6 0
!sus 28607 272212 0 10 11 attackers:272212;victims:28607;type:1;valid_origin:True;recurrent:True;local:False
28607 272212 1 0 11
28607 272212 2 0 11
28607 272212 3 0 11
28607 272212 4 0 11
28607 272212 5 0 11
28607 272212 6 0 11
28607 272212 7 0 11
28607 272212 8 0 11
28607 272212 9 0 11
28607 272212 10 0 11
!sus 209533 215953 0 10 8 attackers:209533;victims:215953;type:1;valid_origin:True;recurrent:True;local:False
209533 215953 1 0 8
209533 215953 2 0 8
209533 215953 3 0 8
209533 215953 4 0 8
209533 215953 5 0 8
209533 215953 6 0 8
209533 215953 7 0 8
209533 215953 8 0 8
209533 215953 9 0 8
209533 215953 10 0 8
!sus 36956 329280 0 10 6 attackers:36956;victims:329280;type:1;valid_origin:True;recurrent:True;local:False
36956 329280 1 0 6
36956 329280 2 0 6
36956 329280 3 0 6
36956 329280 4 0 6
36956 329280 5 0 6
36956 329280 6 0 6
36956 329280 7 0 6
36956 329280 8 0 6
36956 329280 9 0 6
36956 329280 10 0 6
!leg 8309 202425 10 0 1 attackers:8309;victims:202425;type:1;valid_origin:True;recurrent:False;local:False
8309 202425 1 1 0
8309 202425 2 1 0
8309 202425 3 1 0
8309 202425 4 1 0
8309 202425 5 1 0
8309 202425 6 1 0
8309 202425 7 1 0
8309 202425 8 1 0
8309 202425 9 1 0
8309 202425 10 1 0
!sus 1030 399737 9 1 8 attackers:1030;victims:399737;type:1;valid_origin:True;recurrent:True;local:False
1030 399737 1 8 0
1030 399737 2 8 0
1030 399737 3 8 0
1030 399737 4 8 0
1030 399737 5 8 0
1030 399737 6 8 0
1030 399737 7 8 0
1030 399737 8 8 0
1030 399737 9 0 8
1030 399737 10 8 0
!leg 262785 263658 10 0 14 attackers:262785;victims:264117;type:2;valid_origin:True;recurrent:False;local:False
262785 263658 1 14 0
262785 263658 2 14 0
262785 263658 3 14 0
262785 263658 4 14 0
262785 263658 5 14 0
262785 263658 6 14 0
262785 263658 7 14 0
262785 263658 8 14 0
262785 263658 9 14 0
262785 263658 10 14 0
!leg 24323 38493 10 0 10 attackers:24323;victims:139928;type:2;valid_origin:True;recurrent:False;local:False
24323 38493 1 10 0
24323 38493 2 10 0
24323 38493 3 10 0
24323 38493 4 10 0
24323 38493 5 10 0
24323 38493 6 10 0
24323 38493 7 10 0
24323 38493 8 10 0
24323 38493 9 10 0
24323 38493 10 10 0
!leg 7049 268624 10 0 1 attackers:268624;victims:52498;type:2;valid_origin:True;recurrent:False;local:False
7049 268624 1 1 0
7049 268624 2 1 0
7049 268624 3 1 0
7049 268624 4 1 0
7049 268624 5 1 0
7049 268624 6 1 0
7049 268624 7 1 0
7049 268624 8 1 0
7049 268624 9 1 0
7049 268624 10 1 0
!sus 200461 207388 8 2 5 attackers:200461;victims:207388;type:1;valid_origin:True;recurrent:True;local:False
200461 207388 1 0 5
200461 207388 2 0 5
200461 207388 3 5 0
200461 207388 4 5 0
200461 207388 5 5 0
200461 207388 6 5 0
200461 207388 7 5 0
200461 207388 8 5 0
200461 207388 9 5 0
200461 207388 10 5 0
!sus 206075 212173 0 10 19 attackers:206075;victims:212173;type:1;valid_origin:True;recurrent:True;local:False
206075 212173 1 0 19
206075 212173 2 0 19
206075 212173 3 0 19
206075 212173 4 0 19
206075 212173 5 0 19
206075 212173 6 0 19
206075 212173 7 0 19
206075 212173 8 0 19
206075 212173 9 0 19
206075 212173 10 0 19
!leg 45250 139628 10 0 9 attackers:45250;victims:139628;type:1;valid_origin:True;recurrent:False;local:False
45250 139628 1 9 0
45250 139628 2 9 0
45250 139628 3 9 0
45250 139628 4 9 0
45250 139628 5 9 0
45250 139628 6 9 0
45250 139628 7 9 0
45250 139628 8 9 0
45250 139628 9 9 0
45250 139628 10 9 0
!sus 49531 216332 7 3 10 attackers:49531;victims:216332;type:1;valid_origin:True;recurrent:True;local:False
49531 216332 1 10 0
49531 216332 2 10 0
49531 216332 3 10 0
49531 216332 4 7 3
49531 216332 5 6 4
49531 216332 6 0 10
49531 216332 7 10 0
49531 216332 8 0 10
49531 216332 9 0 10
49531 216332 10 10 0
!sus 200019 206170 5 5 268 attackers:206170;victims:200019;type:1;valid_origin:True;recurrent:True;local:False
200019 206170 1 0 268
200019 206170 2 4 264
200019 206170 3 46 222
200019 206170 4 56 212
200019 206170 5 47 221
200019 206170 6 244 24
200019 206170 7 251 17
200019 206170 8 245 23
200019 206170 9 185 83
200019 206170 10 253 15
!leg 109 17621 10 0 7 attackers:17621;victims:109;type:1;valid_origin:True;recurrent:True;local:False
109 17621 1 4 3
109 17621 2 7 0
109 17621 3 7 0
109 17621 4 7 0
109 17621 5 7 0
109 17621 6 7 0
109 17621 7 7 0
109 17621 8 7 0
109 17621 9 7 0
109 17621 10 7 0
!sus 15830 215835 0 10 6 attackers:15830;victims:215835;type:1;valid_origin:True;recurrent:True;local:False
15830 215835 1 2 4
15830 215835 2 0 6
15830 215835 3 0 6
15830 215835 4 0 6
15830 215835 5 0 6
15830 215835 6 1 5
15830 215835 7 0 6
15830 215835 8 0 6
15830 215835 9 0 6
15830 215835 10 0 6
!sus 398355 400226 7 3 8 attackers:398355;victims:400226;type:1;valid_origin:True;recurrent:True;local:False
398355 400226 1 8 0
398355 400226 2 8 0
398355 400226 3 7 1
398355 400226 4 8 0
398355 400226 5 5 3
398355 400226 6 0 8
398355 400226 7 6 2
398355 400226 8 1 7
398355 400226 9 0 8
398355 400226 10 8 0
!sus 43180 216157 5 5 3 attackers:43180;victims:216157;type:1;valid_origin:True;recurrent:True;local:False
43180 216157 1 0 3
43180 216157 2 0 3
43180 216157 3 0 3
43180 216157 4 0 3
43180 216157 5 1 2
43180 216157 6 3 0
43180 216157 7 3 0
43180 216157 8 3 0
43180 216157 9 3 0
43180 216157 10 3 0
!sus 28006 28011 3 7 73 attackers:28006;victims:28011;type:1;valid_origin:True;recurrent:True;local:False
28006 28011 1 73 0
28006 28011 2 73 0
28006 28011 3 73 0
28006 28011 4 0 73
28006 28011 5 33 40
28006 28011 6 16 57
28006 28011 7 1 72
28006 28011 8 12 61
28006 28011 9 0 73
28006 28011 10 1 72
!sus 23125 47496 0 10 7 attackers:47496;victims:23125;type:1;valid_origin:True;recurrent:True;local:False
23125 47496 1 0 7
23125 47496 2 0 7
23125 47496 3 0 7
23125 47496 4 0 7
23125 47496 5 0 7
23125 47496 6 0 7
23125 47496 7 0 7
23125 47496 8 0 7
23125 47496 9 0 7
23125 47496 10 0 7
!sus 44324 199765 9 1 77 attackers:199765;victims:44324;type:1;valid_origin:True;recurrent:True;local:False
44324 199765 1 13 64
44324 199765 2 44 33
44324 199765 3 75 2
44324 199765 4 77 0
44324 199765 5 74 3
44324 199765 6 77 0
44324 199765 7 77 0
44324 199765 8 76 1
44324 199765 9 77 0
44324 199765 10 77 0
!sus 15353 215907 8 2 17 attackers:15353;victims:215907;type:1;valid_origin:True;recurrent:True;local:False
15353 215907 1 0 17
15353 215907 2 8 9
15353 215907 3 17 0
15353 215907 4 17 0
15353 215907 5 17 0
15353 215907 6 17 0
15353 215907 7 17 0
15353 215907 8 17 0
15353 215907 9 17 0
15353 215907 10 17 0
!sus 24762 41691 4 6 8 attackers:41691;victims:24762;type:1;valid_origin:True;recurrent:True;local:False
24762 41691 1 3 5
24762 41691 2 5 3
24762 41691 3 1 7
24762 41691 4 0 8
24762 41691 5 7 1
24762 41691 6 5 3
24762 41691 7 3 5
24762 41691 8 4 4
24762 41691 9 7 1
24762 41691 10 2 6
!sus 13335 28294 0 10 64 attackers:28294;victims:13335;type:1;valid_origin:True;recurrent:True;local:False
13335 28294 1 0 64
13335 28294 2 0 64
13335 28294 3 0 64
13335 28294 4 0 64
13335 28294 5 0 64
13335 28294 6 0 64
13335 28294 7 0 64
13335 28294 8 0 64
13335 28294 9 0 64
13335 28294 10 0 64
!leg 8781 60051 10 0 97 attackers:8781;victims:202777;type:4;valid_origin:True;recurrent:False;local:False
8781 60051 1 97 0
8781 60051 2 97 0
8781 60051 3 97 0
8781 60051 4 97 0
8781 60051 5 97 0
8781 60051 6 97 0
8781 60051 7 97 0
8781 60051 8 97 0
8781 60051 9 97 0
8781 60051 10 97 0
!sus 43766 139057 0 10 19 attackers:43766;victims:139057;type:1;valid_origin:True;recurrent:True;local:False
43766 139057 1 0 19
43766 139057 2 0 19
43766 139057 3 0 19
43766 139057 4 0 19
43766 139057 5 0 19
43766 139057 6 0 19
43766 139057 7 0 19
43766 139057 8 0 19
43766 139057 9 0 19
43766 139057 10 0 19
!sus 174 266434 0 10 3 attackers:266434;victims:174;type:1;valid_origin:True;recurrent:True;local:False
174 266434 1 0 3
174 266434 2 0 3
174 266434 3 0 3
174 266434 4 0 3
174 266434 5 0 3
174 266434 6 0 3
174 266434 7 0 3
174 266434 8 0 3
174 266434 9 0 3
174 266434 10 0 3
!leg 8966 54309 10 0 1 attackers:8966;victims:54309;type:1;valid_origin:True;recurrent:False;local:False
8966 54309 1 1 0
8966 54309 2 1 0
8966 54309 3 1 0
8966 54309 4 1 0
8966 54309 5 1 0
8966 54309 6 1 0
8966 54309 7 1 0
8966 54309 8 1 0
8966 54309 9 1 0
8966 54309 10 1 0
!sus 20776 328728 0 10 6 attackers:20776;victims:328728;type:1;valid_origin:True;recurrent:True;local:False
20776 328728 1 0 6
20776 328728 2 0 6
20776 328728 3 0 6
20776 328728 4 0 6
20776 328728 5 0 6
20776 328728 6 0 6
20776 328728 7 0 6
20776 328728 8 0 6
20776 328728 9 0 6
20776 328728 10 0 6
!sus 58779 134117 0 10 6 attackers:58779;victims:134117;type:1;valid_origin:True;recurrent:True;local:False
58779 134117 1 0 6
58779 134117 2 0 6
58779 134117 3 0 6
58779 134117 4 0 6
58779 134117 5 0 6
58779 134117 6 0 6
58779 134117 7 0 6
58779 134117 8 0 6
58779 134117 9 0 6
58779 134117 10 0 6
!sus 1030 25737 9 1 10 attackers:1030;victims:25737;type:1;valid_origin:True;recurrent:True;local:False
1030 25737 1 10 0
1030 25737 2 10 0
1030 25737 3 10 0
1030 25737 4 10 0
1030 25737 5 10 0
1030 25737 6 10 0
1030 25737 7 10 0
1030 25737 8 10 0
1030 25737 9 0 10
1030 25737 10 10 0
!leg 262977 263073 10 0 11 attackers:262977;victims:13335,271493;type:2;valid_origin:True;recurrent:False;local:False
262977 263073 1 7 4
262977 263073 2 7 4
262977 263073 3 7 4
262977 263073 4 7 4
262977 263073 5 7 4
262977 263073 6 7 4
262977 263073 7 7 4
262977 263073 8 7 4
262977 263073 9 7 4
262977 263073 10 7 4
!sus 49666 198150 0 10 183 attackers:198150;victims:12880,60976,48147,49666,58224,197207,44244;type:1,2,3,4,6;valid_origin:True;recurrent:True;local:False
49666 198150 1 0 183
49666 198150 2 0 183
49666 198150 3 0 183
49666 198150 4 0 183
49666 198150 5 0 183
49666 198150 6 5 178
49666 198150 7 5 178
49666 198150 8 5 178
49666 198150 9 1 182
49666 198150 10 9 174
!sus 18747 394354 9 1 2 attackers:18747;victims:207266;type:2;valid_origin:True;recurrent:True;local:False
18747 394354 1 0 2
18747 394354 2 2 0
18747 394354 3 2 0
18747 394354 4 2 0
18747 394354 5 2 0
18747 394354 6 2 0
18747 394354 7 2 0
18747 394354 8 2 0
18747 394354 9 2 0
18747 394354 10 2 0
!sus 56655 60326 0 10 8 attackers:56655;victims:60326;type:1;valid_origin:True;recurrent:True;local:False
56655 60326 1 2 6
56655 60326 2 2 6
56655 60326 3 2 6
56655 60326 4 2 6
56655 60326 5 2 6
56655 60326 6 4 4
56655 60326 7 4 4
56655 60326 8 4 4
56655 60326 9 4 4
56655 60326 10 4 4
!leg 263099 269115 10 0 16 attackers:263099;victims:269115;type:1;valid_origin:True;recurrent:False;local:False
263099 269115 1 15 1
263099 269115 2 16 0
263099 269115 3 16 0
263099 269115 4 16 0
263099 269115 5 16 0
263099 269115 6 16 0
263099 269115 7 16 0
263099 269115 8 16 0
263099 269115 9 16 0
263099 269115 10 16 0
!sus 265506 270126 3 7 4 attackers:270126;victims:265506;type:1;valid_origin:True;recurrent:True;local:False
265506 270126 1 0 4
265506 270126 2 0 4
265506 270126 3 0 4
265506 270126 4 0 4
265506 270126 5 0 4
265506 270126 6 0 4
265506 270126 7 4 0
265506 270126 8 4 0
265506 270126 9 1 3
265506 270126 10 4 0
!leg 5004 141460 10 0 333 attackers:141460;victims:5004;type:1;valid_origin:False;recurrent:False;local:False
5004 141460 1 333 0
5004 141460 2 333 0
5004 141460 3 333 0
5004 141460 4 333 0
5004 141460 5 333 0
5004 141460 6 333 0
5004 141460 7 333 0
5004 141460 8 333 0
5004 141460 9 333 0
5004 141460 10 333 0
!sus 15169 52965 0 10 1 attackers:52965;victims:15169;type:1;valid_origin:True;recurrent:True;local:False
15169 52965 1 0 1
15169 52965 2 0 1
15169 52965 3 0 1
15169 52965 4 0 1
15169 52965 5 0 1
15169 52965 6 0 1
15169 52965 7 0 1
15169 52965 8 0 1
15169 52965 9 0 1
15169 52965 10 0 1
!sus 9 133981 0 10 12 attackers:133981;victims:9;type:1;valid_origin:True;recurrent:True;local:False
9 133981 1 0 12
9 133981 2 0 12
9 133981 3 0 12
9 133981 4 0 12
9 133981 5 0 12
9 133981 6 0 12
9 133981 7 0 12
9 133981 8 0 12
9 133981 9 0 12
9 133981 10 3 9
!leg 17222 273384 10 0 3 attackers:17222;victims:273384;type:1;valid_origin:True;recurrent:False;local:False
17222 273384 1 3 0
17222 273384 2 3 0
17222 273384 3 3 0
17222 273384 4 3 0
17222 273384 5 3 0
17222 273384 6 3 0
17222 273384 7 3 0
17222 273384 8 3 0
17222 273384 9 3 0
17222 273384 10 3 0
!sus 3258 11930 7 3 10 attackers:3258;victims:11930;type:1;valid_origin:True;recurrent:True;local:False
3258 11930 1 0 10
3258 11930 2 0 10
3258 11930 3 0 10
3258 11930 4 6 4
3258 11930 5 9 1
3258 11930 6 10 0
3258 11930 7 10 0
3258 11930 8 10 0
3258 11930 9 10 0
3258 11930 10 10 0
!sus 39570 215836 5 5 12 attackers:39570;victims:215836;type:1;valid_origin:True;recurrent:True;local:False
39570 215836 1 12 0
39570 215836 2 7 5
39570 215836 3 11 1
39570 215836 4 5 7
39570 215836 5 10 2
39570 215836 6 0 12
39570 215836 7 6 6
39570 215836 8 0 12
39570 215836 9 0 12
39570 215836 10 12 0
!sus 12654 212271 8 2 1 attackers:212271;victims:12654;type:1;valid_origin:True;recurrent:True;local:False
12654 212271 1 0 1
12654 212271 2 0 1
12654 212271 3 1 0
12654 212271 4 1 0
12654 212271 5 1 0
12654 212271 6 1 0
12654 212271 7 1 0
12654 212271 8 1 0
12654 212271 9 1 0
12654 212271 10 1 0
!sus 34872 201480 0 10 8 attackers:34872;victims:201480;type:1;valid_origin:True;recurrent:True;local:False
34872 201480 1 0 8
34872 201480 2 1 7
34872 201480 3 2 6
34872 201480 4 2 6
34872 201480 5 2 6
34872 201480 6 2 6
34872 201480 7 3 5
34872 201480 8 3 5
34872 201480 9 4 4
34872 201480 10 3 5
!sus 37613 327952 8 2 67 attackers:327952;victims:37248;type:2;valid_origin:True;recurrent:False;local:False
37613 327952 1 12 55
37613 327952 2 26 41
37613 327952 3 41 26
37613 327952 4 48 19
37613 327952 5 51 16
37613 327952 6 62 5
37613 327952 7 55 12
37613 327952 8 64 3
37613 327952 9 54 13
37613 327952 10 67 0
!leg 52320 53048 10 0 1 attackers:52320;victims:270758;type:2;valid_origin:True;recurrent:False;local:False
52320 53048 1 1 0
52320 53048 2 1 0
52320 53048 3 1 0
52320 53048 4 1 0
52320 53048 5 1 0
52320 53048 6 1 0
52320 53048 7 1 0
52320 53048 8 1 0
52320 53048 9 1 0
52320 53048 10 1 0
!sus 21738 202427 0 10 2 attackers:21738;victims:202427;type:1;valid_origin:True;recurrent:True;local:False
21738 202427 1 0 2
21738 202427 2 0 2
21738 202427 3 1 1
21738 202427 4 1 1
21738 202427 5 1 1
21738 202427 6 1 1
21738 202427 7 1 1
21738 202427 8 1 1
21738 202427 9 1 1
21738 202427 10 1 1
!sus 34465 44324 8 2 304 attackers:34465;victims:200936,209554,44324,215887,151785,216299,23347,212623,216056;type:1,2;valid_origin:True;recurrent:True;local:False
34465 44324 1 54 250
34465 44324 2 141 163
34465 44324 3 170 134
34465 44324 4 264 40
34465 44324 5 286 18
34465 44324 6 288 16
34465 44324 7 291 13
34465 44324 8 293 11
34465 44324 9 298 6
34465 44324 10 292 12
!sus 38193 63139 9 1 12 attackers:38193;victims:138915;type:2;valid_origin:True;recurrent:True;local:False
38193 63139 1 6 6
38193 63139 2 9 3
38193 63139 3 9 3
38193 63139 4 9 3
38193 63139 5 9 3
38193 63139 6 9 3
38193 63139 7 9 3
38193 63139 8 9 3
38193 63139 9 9 3
38193 63139 10 9 3
!sus 6453 132354 6 4 29 attackers:6453;victims:132354;type:1;valid_origin:True;recurrent:True;local:False
6453 132354 1 0 29
6453 132354 2 7 22
6453 132354 3 0 29
6453 132354 4 24 5
6453 132354 5 20 9
6453 132354 6 8 21
6453 132354 7 25 4
6453 132354 8 24 5
6453 132354 9 25 4
6453 132354 10 27 2
!leg 50576 196906 10 0 4 attackers:50576;victims:199986;type:2;valid_origin:True;recurrent:False;local:False
50576 196906 1 4 0
50576 196906 2 4 0
50576 196906 3 4 0
50576 196906 4 4 0
50576 196906 5 4 0
50576 196906 6 4 0
50576 196906 7 4 0
50576 196906 8 4 0
50576 196906 9 4 0
50576 196906 10 4 0
!sus 37678 329381 4 6 5 attackers:37678;victims:329381;type:1;valid_origin:True;recurrent:True;local:False
37678 329381 1 4 1
37678 329381 2 4 1
37678 329381 3 4 1
37678 329381 4 2 3
37678 329381 5 0 5
37678 329381 6 1 4
37678 329381 7 0 5
37678 329381 8 0 5
37678 329381 9 1 4
37678 329381 10 5 0
!sus 272809 273069 8 2 8 attackers:272809;victims:273069;type:1;valid_origin:True;recurrent:True;local:False
272809 273069 1 8 0
272809 273069 2 8 0
272809 273069 3 8 0
272809 273069 4 8 0
272809 273069 5 8 0
272809 273069 6 0 8
272809 273069 7 8 0
272809 273069 8 8 0
272809 273069 9 0 8
272809 273069 10 8 0
!sus 49505 198610 7 3 3 attackers:198610;victims:51289;type:2;valid_origin:True;recurrent:True;local:False
49505 198610 1 0 3
49505 198610 2 0 3
49505 198610 3 1 2
49505 198610 4 2 1
49505 198610 5 2 1
49505 198610 6 2 1
49505 198610 7 3 0
49505 198610 8 3 0
49505 198610 9 3 0
49505 198610 10 3 0
!sus 58057 207550 4 6 107 attackers:58057;victims:207550;type:1;valid_origin:True;recurrent:True;local:False
58057 207550 1 64 43
58057 207550 2 19 88
58057 207550 3 4 103
58057 207550 4 55 52
58057 207550 5 13 94
58057 207550 6 64 43
58057 207550 7 7 100
58057 207550 8 9 98
58057 207550 9 68 39
58057 207550 10 52 55
!leg 262572 262907 10 0 64 attackers:262572;victims:262499;type:3;valid_origin:True;recurrent:False;local:False
262572 262907 1 64 0
262572 262907 2 64 0
262572 262907 3 64 0
262572 262907 4 64 0
262572 262907 5 64 0
262572 262907 6 64 0
262572 262907 7 64 0
262572 262907 8 64 0
262572 262907 9 64 0
262572 262907 10 64 0
!sus 37248 37613 9 1 67 attackers:37613;victims:37248;type:1;valid_origin:True;recurrent:False;local:False
37248 37613 1 23 44
37248 37613 2 51 16
37248 37613 3 66 1
37248 37613 4 49 18
37248 37613 5 67 0
37248 37613 6 67 0
37248 37613 7 67 0
37248 37613 8 63 4
37248 37613 9 67 0
37248 37613 10 67 0
!sus 7489 142148 7 3 24 attackers:7489;victims:7489,142148;type:1,3;valid_origin:True;recurrent:True;local:False
7489 142148 1 24 0
7489 142148 2 13 11
7489 142148 3 24 0
7489 142148 4 24 0
7489 142148 5 12 12
7489 142148 6 13 11
7489 142148 7 13 11
7489 142148 8 13 11
7489 142148 9 12 12
7489 142148 10 12 12
!sus 28590 270344 0 10 33 attackers:270344;victims:28590;type:1;valid_origin:True;recurrent:True;local:False
28590 270344 1 0 33
28590 270344 2 0 33
28590 270344 3 0 33
28590 270344 4 0 33
28590 270344 5 0 33
28590 270344 6 0 33
28590 270344 7 1 32
28590 270344 8 0 33
28590 270344 9 3 30
28590 270344 10 0 33
!sus 1030 40706 9 1 9 attackers:1030;victims:40706;type:1;valid_origin:True;recurrent:True;local:False
1030 40706 1 9 0
1030 40706 2 9 0
1030 40706 3 9 0
1030 40706 4 9 0
1030 40706 5 9 0
1030 40706 6 9 0
1030 40706 7 9 0
1030 40706 8 9 0
1030 40706 9 0 9
1030 40706 10 9 0
!sus 200223 216279 6 4 22 attackers:200223;victims:216279;type:1;valid_origin:True;recurrent:True;local:False
200223 216279 1 22 0
200223 216279 2 19 3
200223 216279 3 21 1
200223 216279 4 11 11
200223 216279 5 16 6
200223 216279 6 0 22
200223 216279 7 14 8
200223 216279 8 0 22
200223 216279 9 0 22
200223 216279 10 22 0
!sus 28146 53122 0 10 18 attackers:53122;victims:28146;type:1;valid_origin:False;recurrent:True;local:False
28146 53122 1 1 17
28146 53122 2 2 16
28146 53122 3 2 16
28146 53122 4 3 15
28146 53122 5 3 15
28146 53122 6 5 13
28146 53122 7 3 15
28146 53122 8 3 15
28146 53122 9 3 15
28146 53122 10 6 12
!sus 51396 200461 8 2 80 attackers:200461;victims:51396;type:1;valid_origin:True;recurrent:True;local:False
51396 200461 1 0 80
51396 200461 2 15 65
51396 200461 3 53 27
51396 200461 4 78 2
51396 200461 5 79 1
51396 200461 6 79 1
51396 200461 7 80 0
51396 200461 8 80 0
51396 200461 9 80 0
51396 200461 10 80 0
!sus 263329 268624 4 6 46 attackers:263329;victims:61690;type:3;valid_origin:True;recurrent:False;local:False
263329 268624 1 0 46
263329 268624 2 0 46
263329 268624 3 1 45
263329 268624 4 46 0
263329 268624 5 0 46
263329 268624 6 46 0
263329 268624 7 46 0
263329 268624 8 1 45
263329 268624 9 46 0
263329 268624 10 1 45
!sus 28398 265582 4 6 174 attackers:28398;victims:265582;type:1;valid_origin:True;recurrent:True;local:False
28398 265582 1 0 174
28398 265582 2 0 174
28398 265582 3 0 174
28398 265582 4 0 174
28398 265582 5 76 98
28398 265582 6 34 140
28398 265582 7 153 21
28398 265582 8 127 47
28398 265582 9 167 7
28398 265582 10 168 6
!sus 4635 9270 9 1 1 attackers:4635;victims:9270;type:1;valid_origin:True;recurrent:True;local:False
4635 9270 1 0 1
4635 9270 2 1 0
4635 9270 3 1 0
4635 9270 4 1 0
4635 9270 5 1 0
4635 9270 6 1 0
4635 9270 7 1 0
4635 9270 8 1 0
4635 9270 9 1 0
4635 9270 10 1 0
!sus 208046 215762 0 10 25 attackers:208046;victims:215762;type:1;valid_origin:True;recurrent:True;local:False
208046 215762 1 0 25
208046 215762 2 0 25
208046 215762 3 0 25
208046 215762 4 0 25
208046 215762 5 0 25
208046 215762 6 0 25
208046 215762 7 0 25
208046 215762 8 0 25
208046 215762 9 0 25
208046 215762 10 0 25
!sus 52468 273077 0 10 24 attackers:52468;victims:273077;type:1;valid_origin:True;recurrent:True;local:False
52468 273077 1 11 13
52468 273077 2 1 23
52468 273077 3 0 24
52468 273077 4 7 17
52468 273077 5 0 24
52468 273077 6 0 24
52468 273077 7 0 24
52468 273077 8 0 24
52468 273077 9 0 24
52468 273077 10 1 23
!sus 54994 61135 0 10 42 attackers:61135;victims:54994;type:1;valid_origin:True;recurrent:True;local:False
54994 61135 1 0 42
54994 61135 2 0 42
54994 61135 3 0 42
54994 61135 4 0 42
54994 61135 5 0 42
54994 61135 6 0 42
54994 61135 7 0 42
54994 61135 8 0 42
54994 61135 9 0 42
54994 61135 10 0 42
!sus 912 21859 0 10 7 attackers:912;victims:21859;type:1;valid_origin:True;recurrent:True;local:False
912 21859 1 0 7
912 21859 2 0 7
912 21859 3 0 7
912 21859 4 0 7
912 21859 5 0 7
912 21859 6 0 7
912 21859 7 0 7
912 21859 8 0 7
912 21859 9 0 7
912 21859 10 0 7
!sus 1030 397668 9 1 8 attackers:1030;victims:397668;type:1;valid_origin:True;recurrent:True;local:False
1030 397668 1 8 0
1030 397668 2 8 0
1030 397668 3 8 0
1030 397668 4 8 0
1030 397668 5 8 0
1030 397668 6 8 0
1030 397668 7 8 0
1030 397668 8 8 0
1030 397668 9 0 8
1030 397668 10 8 0
!sus 29049 211790 9 1 16 attackers:29049;victims:211790;type:1;valid_origin:True;recurrent:True;local:False
29049 211790 1 0 16
29049 211790 2 9 7
29049 211790 3 13 3
29049 211790 4 9 7
29049 211790 5 13 3
29049 211790 6 13 3
29049 211790 7 13 3
29049 211790 8 13 3
29049 211790 9 15 1
29049 211790 10 15 1
!sus 209533 215769 0 10 10 attackers:209533;victims:215769;type:1;valid_origin:True;recurrent:True;local:False
209533 215769 1 0 10
209533 215769 2 0 10
209533 215769 3 0 10
209533 215769 4 0 10
209533 215769 5 0 10
209533 215769 6 0 10
209533 215769 7 0 10
209533 215769 8 0 10
209533 215769 9 0 10
209533 215769 10 0 10
!sus 2497 15830 0 10 10 attackers:2497;victims:15830,17819,132146;type:1,2,3;valid_origin:True;recurrent:True;local:False
2497 15830 1 0 10
2497 15830 2 0 10
2497 15830 3 0 10
2497 15830 4 1 9
2497 15830 5 1 9
2497 15830 6 1 9
2497 15830 7 1 9
2497 15830 8 1 9
2497 15830 9 1 9
2497 15830 10 1 9
!sus 45712 457112 4 6 5 attackers:45712;victims:457112;type:1;valid_origin:True;recurrent:True;local:False
45712 457112 1 5 0
45712 457112 2 5 0
45712 457112 3 5 0
45712 457112 4 1 4
45712 457112 5 2 3
45712 457112 6 2 3
45712 457112 7 2 3
45712 457112 8 1 4
45712 457112 9 0 5
45712 457112 10 5 0
!sus 398536 400146 1 9 7 attackers:400146;victims:398536;type:1;valid_origin:True;recurrent:True;local:False
398536 400146 1 0 7
398536 400146 2 0 7
398536 400146 3 0 7
398536 400146 4 0 7
398536 400146 5 4 3
398536 400146 6 2 5
398536 400146 7 2 5
398536 400146 8 1 6
398536 400146 9 3 4
398536 400146 10 3 4
!sus 41327 41827 9 1 6 attackers:41327;victims:41827;type:1;valid_origin:True;recurrent:True;local:False
41327 41827 1 1 5
41327 41827 2 4 2
41327 41827 3 5 1
41327 41827 4 5 1
41327 41827 5 5 1
41327 41827 6 5 1
41327 41827 7 5 1
41327 41827 8 5 1
41327 41827 9 5 1
41327 41827 10 5 1
!sus 60068 151048 9 1 5 attackers:60068;victims:151048;type:1;valid_origin:True;recurrent:True;local:False
60068 151048 1 0 5
60068 151048 2 3 2
60068 151048 3 3 2
60068 151048 4 3 2
60068 151048 5 5 0
60068 151048 6 4 1
60068 151048 7 5 0
60068 151048 8 4 1
60068 151048 9 5 0
60068 151048 10 5 0
!sus 42908 202643 8 2 9 attackers:42908;victims:202643;type:1;valid_origin:True;recurrent:True;local:False
42908 202643 1 9 0
42908 202643 2 9 0
42908 202643 3 8 1
42908 202643 4 0 9
42908 202643 5 5 4
42908 202643 6 9 0
42908 202643 7 7 2
42908 202643 8 8 1
42908 202643 9 0 9
42908 202643 10 9 0
!sus 48014 215707 0 10 13 attackers:48014;victims:215707;type:1;valid_origin:True;recurrent:True;local:False
48014 215707 1 0 13
48014 215707 2 0 13
48014 215707 3 0 13
48014 215707 4 0 13
48014 215707 5 0 13
48014 215707 6 0 13
48014 215707 7 0 13
48014 215707 8 0 13
48014 215707 9 0 13
48014 215707 10 0 13
!sus 2914 268573 0 10 71 attackers:2914;victims:268573;type:1;valid_origin:True;recurrent:True;local:False
2914 268573 1 0 71
2914 268573 2 0 71
2914 268573 3 2 69
2914 268573 4 3 68
2914 268573 5 21 50
2914 268573 6 31 40
2914 268573 7 27 44
2914 268573 8 30 41
2914 268573 9 5 66
2914 268573 10 29 42
!sus 29256 201550 1 9 7 attackers:29256;victims:201550;type:1;valid_origin:True;recurrent:True;local:False
29256 201550 1 3 4
29256 201550 2 4 3
29256 201550 3 3 4
29256 201550 4 0 7
29256 201550 5 1 6
29256 201550 6 0 7
29256 201550 7 0 7
29256 201550 8 0 7
29256 201550 9 0 7
29256 201550 10 0 7
!sus 52468 273079 0 10 92 attackers:52468;victims:273079;type:1;valid_origin:True;recurrent:True;local:False
52468 273079 1 16 76
52468 273079 2 22 70
52468 273079 3 18 74
52468 273079 4 33 59
52468 273079 5 14 78
52468 273079 6 29 63
52468 273079 7 37 55
52468 273079 8 18 74
52468 273079 9 33 59
52468 273079 10 16 76
!leg 52404 61490 10 0 6 attackers:52404;victims:61490;type:1;valid_origin:True;recurrent:False;local:False
52404 61490 1 6 0
52404 61490 2 6 0
52404 61490 3 6 0
52404 61490 4 6 0
52404 61490 5 6 0
52404 61490 6 6 0
52404 61490 7 6 0
52404 61490 8 6 0
52404 61490 9 6 0
52404 61490 10 6 0
!sus 49434 263702 0 10 1 attackers:263702;victims:263702;type:3;valid_origin:True;recurrent:True;local:True
49434 263702 1 0 1
49434 263702 2 0 1
49434 263702 3 0 1
49434 263702 4 0 1
49434 263702 5 0 1
49434 263702 6 0 1
49434 263702 7 0 1
49434 263702 8 0 1
49434 263702 9 0 1
49434 263702 10 0 1
!leg 16315 19224 10 0 6 attackers:19224;victims:16315;type:1;valid_origin:True;recurrent:True;local:False
16315 19224 1 6 0
16315 19224 2 6 0
16315 19224 3 6 0
16315 19224 4 4 2
16315 19224 5 6 0
16315 19224 6 6 0
16315 19224 7 6 0
16315 19224 8 6 0
16315 19224 9 6 0
16315 19224 10 4 2
!sus 53813 55644 7 3 7 attackers:55644;victims:53813;type:1;valid_origin:True;recurrent:True;local:False
53813 55644 1 0 7
53813 55644 2 0 7
53813 55644 3 0 7
53813 55644 4 4 3
53813 55644 5 5 2
53813 55644 6 5 2
53813 55644 7 5 2
53813 55644 8 5 2
53813 55644 9 6 1
53813 55644 10 6 1
!leg 9829 18101 10 0 20 attackers:18101;victims:9829;type:1;valid_origin:True;recurrent:False;local:False
9829 18101 1 20 0
9829 18101 2 20 0
9829 18101 3 20 0
9829 18101 4 20 0
9829 18101 5 20 0
9829 18101 6 20 0
9829 18101 7 20 0
9829 18101 8 20 0
9829 18101 9 20 0
9829 18101 10 20 0
!sus 38136 215829 6 4 12 attackers:38136;victims:215829;type:1;valid_origin:True;recurrent:True;local:False
38136 215829 1 0 12
38136 215829 2 0 12
38136 215829 3 0 12
38136 215829 4 0 12
38136 215829 5 10 2
38136 215829 6 12 0
38136 215829 7 12 0
38136 215829 8 12 0
38136 215829 9 12 0
38136 215829 10 12 0
!sus 174 50607 0 10 128 attackers:174;victims:42209,201091,51944,35007,49151,199341,59611,198537,199138,199846,59990,198880,203765,197833,196776,198317,216439,50231,202061;type:2,3;valid_origin:True;recurrent:True;local:False
174 50607 1 0 128
174 50607 2 0 128
174 50607 3 0 128
174 50607 4 0 128
174 50607 5 0 128
174 50607 6 0 128
174 50607 7 0 128
174 50607 8 0 128
174 50607 9 0 128
174 50607 10 0 128
!sus 13919 139195 0 10 11 attackers:139195;victims:139195;type:2;valid_origin:True;recurrent:True;local:False
13919 139195 1 0 11
13919 139195 2 0 11
13919 139195 3 0 11
13919 139195 4 0 11
13919 139195 5 0 11
13919 139195 6 1 10
13919 139195 7 0 11
13919 139195 8 0 11
13919 139195 9 1 10
13919 139195 10 1 10
!sus 51095 63139 0 10 8 attackers:51095;victims:138915;type:2;valid_origin:True;recurrent:True;local:False
51095 63139 1 0 8
51095 63139 2 0 8
51095 63139 3 0 8
51095 63139 4 0 8
51095 63139 5 0 8
51095 63139 6 0 8
51095 63139 7 0 8
51095 63139 8 0 8
51095 63139 9 0 8
51095 63139 10 0 8
!sus 44854 200149 5 5 389 attackers:44854;victims:215877;type:2;valid_origin:True;recurrent:True;local:False
44854 200149 1 9 380
44854 200149 2 9 380
44854 200149 3 76 313
44854 200149 4 156 233
44854 200149 5 173 216
44854 200149 6 269 120
44854 200149 7 230 159
44854 200149 8 292 97
44854 200149 9 313 76
44854 200149 10 306 83
!sus 35661 210732 7 3 190 attackers:35661;victims:210732;type:1;valid_origin:True;recurrent:True;local:False
35661 210732 1 17 173
35661 210732 2 18 172
35661 210732 3 71 119
35661 210732 4 122 68
35661 210732 5 138 52
35661 210732 6 173 17
35661 210732 7 176 14
35661 210732 8 176 14
35661 210732 9 176 14
35661 210732 10 183 7
!sus 917 36260 0 10 6 attackers:917;victims:36260;type:1;valid_origin:True;recurrent:True;local:False
917 36260 1 0 6
917 36260 2 0 6
917 36260 3 0 6
917 36260 4 1 5
917 36260 5 1 5
917 36260 6 1 5
917 36260 7 1 5
917 36260 8 1 5
917 36260 9 1 5
917 36260 10 1 5
!sus 6453 60220 7 3 6 attackers:6453;victims:60220;type:1;valid_origin:True;recurrent:True;local:False
6453 60220 1 0 6
6453 60220 2 3 3
6453 60220 3 0 6
6453 60220 4 6 0
6453 60220 5 6 0
6453 60220 6 6 0
6453 60220 7 5 1
6453 60220 8 6 0
6453 60220 9 5 1
6453 60220 10 5 1
!sus 6893 35600 6 4 31 attackers:35600;victims:6893;type:1;valid_origin:True;recurrent:True;local:False
6893 35600 1 0 31
6893 35600 2 7 24
6893 35600 3 6 25
6893 35600 4 14 17
6893 35600 5 27 4
6893 35600 6 18 13
6893 35600 7 31 0
6893 35600 8 31 0
6893 35600 9 31 0
6893 35600 10 31 0
!sus 59016 146788 8 2 6 attackers:146788;victims:59016;type:1;valid_origin:True;recurrent:True;local:False
59016 146788 1 6 0
59016 146788 2 6 0
59016 146788 3 6 0
59016 146788 4 4 2
59016 146788 5 6 0
59016 146788 6 0 6
59016 146788 7 6 0
59016 146788 8 6 0
59016 146788 9 0 6
59016 146788 10 5 1
!sus 268276 273425 4 6 30 attackers:268276;victims:273425;type:1;valid_origin:True;recurrent:True;local:False
268276 273425 1 30 0
268276 273425 2 30 0
268276 273425 3 30 0
268276 273425 4 0 30
268276 273425 5 18 12
268276 273425 6 7 23
268276 273425 7 0 30
268276 273425 8 10 20
268276 273425 9 0 30
268276 273425 10 4 26
!sus 37114 328290 0 10 2 attackers:37114;victims:328290;type:1;valid_origin:True;recurrent:True;local:False
37114 328290 1 0 2
37114 328290 2 0 2
37114 328290 3 0 2
37114 328290 4 0 2
37114 328290 5 0 2
37114 328290 6 0 2
37114 328290 7 0 2
37114 328290 8 0 2
37114 328290 9 0 2
37114 328290 10 0 2
!sus 52468 273127 7 3 29 attackers:52468;victims:273127;type:1;valid_origin:True;recurrent:True;local:False
52468 273127 1 0 29
52468 273127 2 2 27
52468 273127 3 11 18
52468 273127 4 25 4
52468 273127 5 18 11
52468 273127 6 25 4
52468 273127 7 26 3
52468 273127 8 26 3
52468 273127 9 26 3
52468 273127 10 18 11
!leg 18464 151797 10 0 2 attackers:151797;victims:18464;type:1;valid_origin:True;recurrent:True;local:False
18464 151797 1 2 0
18464 151797 2 2 0
18464 151797 3 2 0
18464 151797 4 2 0
18464 151797 5 2 0
18464 151797 6 2 0
18464 151797 7 2 0
18464 151797 8 2 0
18464 151797 9 2 0
18464 151797 10 2 0
!sus 39122 215733 4 6 9 attackers:39122;victims:215733;type:1;valid_origin:True;recurrent:True;local:False
39122 215733 1 6 3
39122 215733 2 2 7
39122 215733 3 1 8
39122 215733 4 5 4
39122 215733 5 1 8
39122 215733 6 5 4
39122 215733 7 0 9
39122 215733 8 5 4
39122 215733 9 2 7
39122 215733 10 4 5
!sus 28172 270613 6 4 11 attackers:28172;victims:270613;type:1;valid_origin:True;recurrent:True;local:False
28172 270613 1 2 9
28172 270613 2 3 8
28172 270613 3 5 6
28172 270613 4 4 7
28172 270613 5 7 4
28172 270613 6 8 3
28172 270613 7 8 3
28172 270613 8 6 5
28172 270613 9 8 3
28172 270613 10 8 3
!sus 21575 136907 0 10 6 attackers:21575;victims:136907;type:1;valid_origin:True;recurrent:True;local:False
21575 136907 1 0 6
21575 136907 2 0 6
21575 136907 3 0 6
21575 136907 4 0 6
21575 136907 5 0 6
21575 136907 6 0 6
21575 136907 7 0 6
21575 136907 8 1 5
21575 136907 9 0 6
21575 136907 10 1 5
!sus 51684 139341 0 10 13 attackers:51684;victims:139341;type:1;valid_origin:True;recurrent:True;local:False
51684 139341 1 0 13
51684 139341 2 0 13
51684 139341 3 0 13
51684 139341 4 0 13
51684 139341 5 0 13
51684 139341 6 0 13
51684 139341 7 0 13
51684 139341 8 0 13
51684 139341 9 0 13
51684 139341 10 0 13
!leg 263347 268624 10 0 1 attackers:268624;victims:263347;type:1;valid_origin:True;recurrent:False;local:False
263347 268624 1 1 0
263347 268624 2 1 0
263347 268624 3 1 0
263347 268624 4 1 0
263347 268624 5 1 0
263347 268624 6 1 0
263347 268624 7 1 0
263347 268624 8 1 0
263347 268624 9 1 0
263347 268624 10 1 0
!sus 202673 215693 0 10 14 attackers:202673;victims:215693;type:1;valid_origin:True;recurrent:True;local:False
202673 215693 1 0 14
202673 215693 2 0 14
202673 215693 3 0 14
202673 215693 4 0 14
202673 215693 5 0 14
202673 215693 6 0 14
202673 215693 7 0 14
202673 215693 8 0 14
202673 215693 9 0 14
202673 215693 10 0 14
!leg 23098 53741 10 0 66 attackers:23098;victims:53741;type:1;valid_origin:True;recurrent:False;local:False
23098 53741 1 66 0
23098 53741 2 66 0
23098 53741 3 66 0
23098 53741 4 66 0
23098 53741 5 66 0
23098 53741 6 66 0
23098 53741 7 66 0
23098 53741 8 66 0
23098 53741 9 66 0
23098 53741 10 66 0
!sus 34872 215788 5 5 102 attackers:34872;victims:215788;type:1;valid_origin:True;recurrent:True;local:False
34872 215788 1 0 102
34872 215788 2 20 82
34872 215788 3 28 74
34872 215788 4 44 58
34872 215788 5 46 56
34872 215788 6 54 48
34872 215788 7 55 47
34872 215788 8 63 39
34872 215788 9 60 42
34872 215788 10 64 38
!sus 13180 133180 0 10 42 attackers:133180;victims:133180;type:2;valid_origin:True;recurrent:True;local:False
13180 133180 1 0 42
13180 133180 2 0 42
13180 133180 3 0 42
13180 133180 4 0 42
13180 133180 5 0 42
13180 133180 6 0 42
13180 133180 7 0 42
13180 133180 8 0 42
13180 133180 9 0 42
13180 133180 10 0 42
!sus 39640 209618 6 4 9 attackers:39640;victims:209618;type:1;valid_origin:True;recurrent:True;local:False
39640 209618 1 9 0
39640 209618 2 9 0
39640 209618 3 9 0
39640 209618 4 0 9
39640 209618 5 0 9
39640 209618 6 7 2
39640 209618 7 5 4
39640 209618 8 9 0
39640 209618 9 0 9
39640 209618 10 0 9
!sus 44854 206924 9 1 15 attackers:44854;victims:206924;type:1;valid_origin:True;recurrent:True;local:False
44854 206924 1 4 11
44854 206924 2 9 6
44854 206924 3 9 6
44854 206924 4 9 6
44854 206924 5 9 6
44854 206924 6 13 2
44854 206924 7 12 3
44854 206924 8 9 6
44854 206924 9 14 1
44854 206924 10 14 1
!sus 23961 202402 8 2 5 attackers:23961;victims:202402;type:1;valid_origin:True;recurrent:True;local:False
23961 202402 1 0 5
23961 202402 2 2 3
23961 202402 3 4 1
23961 202402 4 5 0
23961 202402 5 5 0
23961 202402 6 5 0
23961 202402 7 5 0
23961 202402 8 5 0
23961 202402 9 5 0
23961 202402 10 5 0
!sus 268094 273344 0 10 24 attackers:268094;victims:273344;type:1;valid_origin:True;recurrent:True;local:False
268094 273344 1 4 20
268094 273344 2 7 17
268094 273344 3 4 20
268094 273344 4 0 24
268094 273344 5 0 24
268094 273344 6 0 24
268094 273344 7 0 24
268094 273344 8 0 24
268094 273344 9 0 24
268094 273344 10 0 24
!sus 43180 198231 0 10 7 attackers:43180;victims:198231;type:1;valid_origin:True;recurrent:True;local:False
43180 198231 1 0 7
43180 198231 2 0 7
43180 198231 3 0 7
43180 198231 4 0 7
43180 198231 5 0 7
43180 198231 6 0 7
43180 198231 7 0 7
43180 198231 8 0 7
43180 198231 9 0 7
43180 198231 10 0 7
!sus 60569 60659 0 10 40 attackers:60569;victims:60659;type:1;valid_origin:False;recurrent:True;local:False
60569 60659 1 9 31
60569 60659 2 8 32
60569 60659 3 10 30
60569 60659 4 8 32
60569 60659 5 13 27
60569 60659 6 13 27
60569 60659 7 13 27
60569 60659 8 11 29
60569 60659 9 17 23
60569 60659 10 17 23
!sus 21245 42473 0 10 8 attackers:21245;victims:42473;type:1;valid_origin:True;recurrent:True;local:False
21245 42473 1 0 8
21245 42473 2 0 8
21245 42473 3 0 8
21245 42473 4 0 8
21245 42473 5 0 8
21245 42473 6 0 8
21245 42473 7 0 8
21245 42473 8 0 8
21245 42473 9 0 8
21245 42473 10 0 8
!sus 139883 149446 6 4 13 attackers:139883;victims:149446;type:1;valid_origin:True;recurrent:True;local:False
139883 149446 1 0 13
139883 149446 2 0 13
139883 149446 3 0 13
139883 149446 4 0 13
139883 149446 5 7 6
139883 149446 6 13 0
139883 149446 7 13 0
139883 149446 8 13 0
139883 149446 9 13 0
139883 149446 10 13 0
!sus 8697 13335 0 10 14 attackers:8697;victims:13335;type:1;valid_origin:True;recurrent:True;local:False
8697 13335 1 0 14
8697 13335 2 0 14
8697 13335 3 0 14
8697 13335 4 0 14
8697 13335 5 0 14
8697 13335 6 0 14
8697 13335 7 0 14
8697 13335 8 0 14
8697 13335 9 0 14
8697 13335 10 0 14
!sus 5617 30012 0 10 6 attackers:5617;victims:30012;type:1;valid_origin:True;recurrent:True;local:False
5617 30012 1 0 6
5617 30012 2 0 6
5617 30012 3 0 6
5617 30012 4 0 6
5617 30012 5 0 6
5617 30012 6 0 6
5617 30012 7 0 6
5617 30012 8 0 6
5617 30012 9 0 6
5617 30012 10 0 6
!leg 8966 209254 10 0 2 attackers:8966;victims:209254;type:1;valid_origin:True;recurrent:False;local:False
8966 209254 1 2 0
8966 209254 2 2 0
8966 209254 3 2 0
8966 209254 4 2 0
8966 209254 5 2 0
8966 209254 6 2 0
8966 209254 7 2 0
8966 209254 8 2 0
8966 209254 9 2 0
8966 209254 10 2 0
!sus 1030 399935 9 1 8 attackers:1030;victims:399935;type:1;valid_origin:True;recurrent:True;local:False
1030 399935 1 8 0
1030 399935 2 8 0
1030 399935 3 8 0
1030 399935 4 8 0
1030 399935 5 8 0
1030 399935 6 8 0
1030 399935 7 8 0
1030 399935 8 8 0
1030 399935 9 0 8
1030 399935 10 8 0
!sus 10 202393 0 10 7 attackers:202393;victims:10;type:1;valid_origin:True;recurrent:True;local:False
10 202393 1 0 7
10 202393 2 0 7
10 202393 3 0 7
10 202393 4 0 7
10 202393 5 0 7
10 202393 6 0 7
10 202393 7 0 7
10 202393 8 0 7
10 202393 9 0 7
10 202393 10 0 7
!sus 3663 14159 8 2 7 attackers:3663;victims:14159;type:1;valid_origin:True;recurrent:True;local:False
3663 14159 1 7 0
3663 14159 2 7 0
3663 14159 3 7 0
3663 14159 4 2 5
3663 14159 5 5 2
3663 14159 6 7 0
3663 14159 7 7 0
3663 14159 8 7 0
3663 14159 9 2 5
3663 14159 10 7 0
!sus 215772 216075 6 4 6 attackers:216075;victims:215772;type:1;valid_origin:True;recurrent:True;local:False
215772 216075 1 6 0
215772 216075 2 6 0
215772 216075 3 6 0
215772 216075 4 4 2
215772 216075 5 4 2
215772 216075 6 0 6
215772 216075 7 4 2
215772 216075 8 2 4
215772 216075 9 0 6
215772 216075 10 2 4
!sus 3573 17621 1 9 1 attackers:17621;victims:3573;type:1;valid_origin:True;recurrent:False;local:False
3573 17621 1 0 1
3573 17621 2 0 1
3573 17621 3 0 1
3573 17621 4 0 1
3573 17621 5 0 1
3573 17621 6 0 1
3573 17621 7 0 1
3573 17621 8 0 1
3573 17621 9 0 1
3573 17621 10 1 0
!sus 64041 142148 0 10 12 attackers:64041;victims:7489;type:2;valid_origin:True;recurrent:True;local:False
64041 142148 1 0 12
64041 142148 2 0 12
64041 142148 3 0 12
64041 142148 4 0 12
64041 142148 5 0 12
64041 142148 6 0 12
64041 142148 7 1 11
64041 142148 8 1 11
64041 142148 9 0 12
64041 142148 10 1 11
!leg 39704 62663 10 0 1 attackers:62663;victims:39704;type:1;valid_origin:True;recurrent:False;local:False
39704 62663 1 1 0
39704 62663 2 1 0
39704 62663 3 1 0
39704 62663 4 1 0
39704 62663 5 1 0
39704 62663 6 1 0
39704 62663 7 1 0
39704 62663 8 1 0
39704 62663 9 1 0
39704 62663 10 1 0
!sus 49612 215881 1 9 78 attackers:49612;victims:215881;type:1;valid_origin:True;recurrent:True;local:False
49612 215881 1 0 78
49612 215881 2 0 78
49612 215881 3 0 78
49612 215881 4 0 78
49612 215881 5 0 78
49612 215881 6 39 39
49612 215881 7 0 78
49612 215881 8 0 78
49612 215881 9 13 65
49612 215881 10 40 38
!sus 7195 142561 6 4 7 attackers:7195;victims:142561;type:1;valid_origin:True;recurrent:True;local:False
7195 142561 1 1 6
7195 142561 2 1 6
7195 142561 3 2 5
7195 142561 4 4 3
7195 142561 5 2 5
7195 142561 6 4 3
7195 142561 7 6 1
7195 142561 8 4 3
7195 142561 9 7 0
7195 142561 10 7 0
!sus 1299 209365 9 1 2 attackers:1299;victims:209365;type:1;valid_origin:True;recurrent:True;local:False
1299 209365 1 0 2
1299 209365 2 2 0
1299 209365 3 2 0
1299 209365 4 2 0
1299 209365 5 2 0
1299 209365 6 2 0
1299 209365 7 2 0
1299 209365 8 2 0
1299 209365 9 2 0
1299 209365 10 2 0
!leg 38182 142631 10 0 3 attackers:38182;victims:142631;type:1;valid_origin:True;recurrent:False;local:False
38182 142631 1 3 0
38182 142631 2 3 0
38182 142631 3 3 0
38182 142631 4 3 0
38182 142631 5 3 0
38182 142631 6 3 0
38182 142631 7 3 0
38182 142631 8 3 0
38182 142631 9 3 0
38182 142631 10 3 0
!sus 42635 49353 8 2 5 attackers:49353;victims:42635;type:1;valid_origin:True;recurrent:True;local:False
42635 49353 1 4 1
42635 49353 2 4 1
42635 49353 3 4 1
42635 49353 4 0 5
42635 49353 5 0 5
42635 49353 6 4 1
42635 49353 7 4 1
42635 49353 8 4 1
42635 49353 9 4 1
42635 49353 10 4 1
!sus 37738 138627 0 10 7 attackers:37738;victims:138627;type:1;valid_origin:True;recurrent:True;local:False
37738 138627 1 0 7
37738 138627 2 0 7
37738 138627 3 0 7
37738 138627 4 0 7
37738 138627 5 0 7
37738 138627 6 0 7
37738 138627 7 0 7
37738 138627 8 1 6
37738 138627 9 0 7
37738 138627 10 1 6
!sus 20495 39686 7 3 2 attackers:39686;victims:20495,199522;type:1,2;valid_origin:True;recurrent:False;local:False
20495 39686 1 1 1
20495 39686 2 1 1
20495 39686 3 1 1
20495 39686 4 2 0
20495 39686 5 2 0
20495 39686 6 2 0
20495 39686 7 2 0
20495 39686 8 2 0
20495 39686 9 2 0
20495 39686 10 2 0
!leg 13786 269553 10 0 7 attackers:269553;victims:271014;type:4;valid_origin:True;recurrent:False;local:False
13786 269553 1 7 0
13786 269553 2 7 0
13786 269553 3 7 0
13786 269553 4 7 0
13786 269553 5 7 0
13786 269553 6 7 0
13786 269553 7 7 0
13786 269553 8 7 0
13786 269553 9 7 0
13786 269553 10 7 0
!sus 10753 22056 9 1 5 attackers:22056;victims:10753;type:1;valid_origin:True;recurrent:True;local:False
10753 22056 1 2 3
10753 22056 2 3 2
10753 22056 3 3 2
10753 22056 4 3 2
10753 22056 5 3 2
10753 22056 6 3 2
10753 22056 7 3 2
10753 22056 8 3 2
10753 22056 9 3 2
10753 22056 10 3 2
!sus 23764 52593 0 10 9 attackers:23764;victims:52593;type:1;valid_origin:True;recurrent:True;local:False
23764 52593 1 0 9
23764 52593 2 0 9
23764 52593 3 0 9
23764 52593 4 0 9
23764 52593 5 1 8
23764 52593 6 1 8
23764 52593 7 1 8
23764 52593 8 1 8
23764 52593 9 1 8
23764 52593 10 3 6
!sus 13335 139922 4 6 19 attackers:139922;victims:13335;type:1;valid_origin:True;recurrent:True;local:False
13335 139922 1 1 18
13335 139922 2 1 18
13335 139922 3 1 18
13335 139922 4 2 17
13335 139922 5 1 18
13335 139922 6 12 7
13335 139922 7 10 9
13335 139922 8 9 10
13335 139922 9 15 4
13335 139922 10 14 5
!sus 12462 12642 5 5 1 attackers:12462;victims:12642;type:1;valid_origin:False;recurrent:False;local:False
12462 12642 1 0 1
12462 12642 2 0 1
12462 12642 3 1 0
12462 12642 4 0 1
12462 12642 5 1 0
12462 12642 6 0 1
12462 12642 7 0 1
12462 12642 8 1 0
12462 12642 9 1 0
12462 12642 10 1 0
!sus 21246 216122 0 10 24 attackers:21246;victims:216122;type:1;valid_origin:True;recurrent:True;local:False
21246 216122 1 0 24
21246 216122 2 0 24
21246 216122 3 0 24
21246 216122 4 0 24
21246 216122 5 0 24
21246 216122 6 0 24
21246 216122 7 0 24
21246 216122 8 0 24
21246 216122 9 0 24
21246 216122 10 0 24
!sus 47152 208753 0 10 7 attackers:47152;victims:208753;type:1;valid_origin:True;recurrent:True;local:False
47152 208753 1 0 7
47152 208753 2 1 6
47152 208753 3 1 6
47152 208753 4 1 6
47152 208753 5 2 5
47152 208753 6 2 5
47152 208753 7 2 5
47152 208753 8 2 5
47152 208753 9 2 5
47152 208753 10 2 5
!sus 50643 59956 0 10 9 attackers:50643;victims:59956;type:1;valid_origin:True;recurrent:True;local:False
50643 59956 1 0 9
50643 59956 2 0 9
50643 59956 3 0 9
50643 59956 4 0 9
50643 59956 5 0 9
50643 59956 6 0 9
50643 59956 7 0 9
50643 59956 8 0 9
50643 59956 9 0 9
50643 59956 10 0 9
!sus 44477 205007 0 10 28 attackers:205007;victims:44477;type:1;valid_origin:True;recurrent:True;local:False
44477 205007 1 0 28
44477 205007 2 0 28
44477 205007 3 0 28
44477 205007 4 0 28
44477 205007 5 0 28
44477 205007 6 0 28
44477 205007 7 0 28
44477 205007 8 0 28
44477 205007 9 0 28
44477 205007 10 0 28
!sus 23520 273099 1 9 6 attackers:23520;victims:273099;type:1;valid_origin:True;recurrent:True;local:False
23520 273099 1 2 4
23520 273099 2 4 2
23520 273099 3 0 6
23520 273099 4 0 6
23520 273099 5 0 6
23520 273099 6 0 6
23520 273099 7 0 6
23520 273099 8 0 6
23520 273099 9 0 6
23520 273099 10 0 6
!sus 198825 200136 0 10 276 attackers:200136;victims:198825;type:1;valid_origin:True;recurrent:True;local:False
198825 200136 1 64 212
198825 200136 2 89 187
198825 200136 3 86 190
198825 200136 4 80 196
198825 200136 5 132 144
198825 200136 6 106 170
198825 200136 7 97 179
198825 200136 8 98 178
198825 200136 9 123 153
198825 200136 10 126 150
!sus 30012 52468 7 3 4 attackers:52468;victims:30012;type:1;valid_origin:True;recurrent:True;local:False
30012 52468 1 0 4
30012 52468 2 0 4
30012 52468 3 2 2
30012 52468 4 3 1
30012 52468 5 3 1
30012 52468 6 4 0
30012 52468 7 4 0
30012 52468 8 4 0
30012 52468 9 4 0
30012 52468 10 4 0
!sus 7489 64041 0 10 24 attackers:7489;victims:7489,64041;type:1,3;valid_origin:True;recurrent:True;local:False
7489 64041 1 12 12
7489 64041 2 12 12
7489 64041 3 12 12
7489 64041 4 12 12
7489 64041 5 12 12
7489 64041 6 12 12
7489 64041 7 12 12
7489 64041 8 12 12
7489 64041 9 12 12
7489 64041 10 12 12
!sus 29632 44306 9 1 3 attackers:29632;victims:44477;type:4;valid_origin:True;recurrent:True;local:False
29632 44306 1 0 3
29632 44306 2 3 0
29632 44306 3 3 0
29632 44306 4 3 0
29632 44306 5 3 0
29632 44306 6 3 0
29632 44306 7 3 0
29632 44306 8 3 0
29632 44306 9 3 0
29632 44306 10 3 0
!sus 6984 58429 0 10 8 attackers:58429;victims:6984;type:1;valid_origin:True;recurrent:True;local:False
6984 58429 1 0 8
6984 58429 2 0 8
6984 58429 3 0 8
6984 58429 4 0 8
6984 58429 5 0 8
6984 58429 6 0 8
6984 58429 7 0 8
6984 58429 8 1 7
6984 58429 9 0 8
6984 58429 10 1 7
!sus 13705 399006 6 4 6 attackers:399006;victims:13705;type:1;valid_origin:True;recurrent:True;local:False
13705 399006 1 5 1
13705 399006 2 6 0
13705 399006 3 5 1
13705 399006 4 2 4
13705 399006 5 4 2
13705 399006 6 1 5
13705 399006 7 3 3
13705 399006 8 5 1
13705 399006 9 4 2
13705 399006 10 1 5
!sus 174 62081 0 10 106 attackers:174;victims:206282,57255,51792,203821,203028,3169,207073,205679,203765,62201,196776,41966,198317,1,41312;type:2,3,4;valid_origin:True;recurrent:True;local:False
174 62081 1 0 106
174 62081 2 0 106
174 62081 3 0 106
174 62081 4 0 106
174 62081 5 0 106
174 62081 6 2 104
174 62081 7 0 106
174 62081 8 0 106
174 62081 9 0 106
174 62081 10 21 85
!sus 204465 208368 0 10 5 attackers:208368;victims:204465;type:1;valid_origin:True;recurrent:True;local:False
204465 208368 1 2 3
204465 208368 2 0 5
204465 208368 3 0 5
204465 208368 4 0 5
204465 208368 5 0 5
204465 208368 6 0 5
204465 208368 7 0 5
204465 208368 8 0 5
204465 208368 9 0 5
204465 208368 10 0 5
