!sus 7195 51095 0 10 4 attackers:7195;victims:22822,24429;type:2,3;valid_origin:True;recurrent:True;local:False
7195 51095 1 0 4
7195 51095 2 0 4
7195 51095 3 1 3
7195 51095 4 0 4
7195 51095 5 1 3
7195 51095 6 1 3
7195 51095 7 0 4
7195 51095 8 1 3
7195 51095 9 1 3
7195 51095 10 1 3
!leg 58629 152147 10 0 7 attackers:58629;victims:152147;type:1;valid_origin:True;recurrent:True;local:False
58629 152147 1 7 0
58629 152147 2 7 0
58629 152147 3 7 0
58629 152147 4 7 0
58629 152147 5 7 0
58629 152147 6 7 0
58629 152147 7 7 0
58629 152147 8 7 0
58629 152147 9 7 0
58629 152147 10 7 0
!sus 5483 215920 0 10 2 attackers:5483;victims:100;type:2;valid_origin:True;recurrent:True;local:False
5483 215920 1 0 2
5483 215920 2 0 2
5483 215920 3 1 1
5483 215920 4 1 1
5483 215920 5 1 1
5483 215920 6 1 1
5483 215920 7 1 1
5483 215920 8 1 1
5483 215920 9 1 1
5483 215920 10 1 1
!sus 37100 328691 9 1 6 attackers:37100;victims:328691;type:1;valid_origin:True;recurrent:True;local:False
37100 328691 1 1 5
37100 328691 2 5 1
37100 328691 3 6 0
37100 328691 4 6 0
37100 328691 5 6 0
37100 328691 6 6 0
37100 328691 7 6 0
37100 328691 8 6 0
37100 328691 9 6 0
37100 328691 10 6 0
!leg 262977 263124 10 0 6 attackers:262977;victims:268246;type:4;valid_origin:True;recurrent:False;local:False
262977 263124 1 6 0
262977 263124 2 6 0
262977 263124 3 6 0
262977 263124 4 6 0
262977 263124 5 6 0
262977 263124 6 6 0
262977 263124 7 6 0
262977 263124 8 6 0
262977 263124 9 6 0
262977 263124 10 6 0
!sus 53356 211849 8 2 5 attackers:53356;victims:211849;type:1;valid_origin:True;recurrent:True;local:False
53356 211849 1 0 5
53356 211849 2 0 5
53356 211849 3 4 1
53356 211849 4 4 1
53356 211849 5 5 0
53356 211849 6 5 0
53356 211849 7 5 0
53356 211849 8 5 0
53356 211849 9 5 0
53356 211849 10 5 0
!sus 57324 210513 7 3 1 attackers:57324;victims:210513;type:1;valid_origin:True;recurrent:True;local:False
57324 210513 1 1 0
57324 210513 2 1 0
57324 210513 3 1 0
57324 210513 4 1 0
57324 210513 5 1 0
57324 210513 6 1 0
57324 210513 7 0 1
57324 210513 8 1 0
57324 210513 9 0 1
57324 210513 10 0 1
!sus 9304 137897 0 10 3 attackers:137897;victims:9304;type:1;valid_origin:True;recurrent:True;local:False
9304 137897 1 0 3
9304 137897 2 0 3
9304 137897 3 0 3
9304 137897 4 0 3
9304 137897 5 0 3
9304 137897 6 0 3
9304 137897 7 0 3
9304 137897 8 0 3
9304 137897 9 0 3
9304 137897 10 0 3
!sus 13335 140171 0 10 13 attackers:140171;victims:3557,139242;type:2;valid_origin:True;recurrent:False;local:False
13335 140171 1 0 13
13335 140171 2 2 11
13335 140171 3 2 11
13335 140171 4 2 11
13335 140171 5 2 11
13335 140171 6 2 11
13335 140171 7 2 11
13335 140171 8 2 11
13335 140171 9 2 11
13335 140171 10 2 11
!sus 201409 208046 0 10 88 attackers:208046;victims:201409;type:1;valid_origin:False;recurrent:True;local:False
201409 208046 1 0 88
201409 208046 2 0 88
201409 208046 3 0 88
201409 208046 4 0 88
201409 208046 5 0 88
201409 208046 6 0 88
201409 208046 7 0 88
201409 208046 8 0 88
201409 208046 9 0 88
201409 208046 10 0 88
!leg 62093 207594 10 0 9 attackers:62093;victims:212891;type:2;valid_origin:True;recurrent:False;local:False
62093 207594 1 9 0
62093 207594 2 9 0
62093 207594 3 9 0
62093 207594 4 9 0
62093 207594 5 9 0
62093 207594 6 9 0
62093 207594 7 9 0
62093 207594 8 9 0
62093 207594 9 9 0
62093 207594 10 9 0
!sus 40468 54439 2 8 2 attackers:40468;victims:54439;type:1;valid_origin:True;recurrent:True;local:False
40468 54439 1 2 0
40468 54439 2 2 0
40468 54439 3 0 2
40468 54439 4 1 1
40468 54439 5 0 2
40468 54439 6 1 1
40468 54439 7 0 2
40468 54439 8 0 2
40468 54439 9 0 2
40468 54439 10 0 2
!leg 52580 262696 10 0 2 attackers:262696;victims:52580;type:1;valid_origin:True;recurrent:True;local:False
52580 262696 1 2 0
52580 262696 2 2 0
52580 262696 3 2 0
52580 262696 4 2 0
52580 262696 5 2 0
52580 262696 6 2 0
52580 262696 7 2 0
52580 262696 8 2 0
52580 262696 9 2 0
52580 262696 10 2 0
!sus 20940 395502 0 10 5 attackers:395502;victims:20940;type:1;valid_origin:True;recurrent:True;local:False
20940 395502 1 0 5
20940 395502 2 0 5
20940 395502 3 0 5
20940 395502 4 0 5
20940 395502 5 0 5
20940 395502 6 0 5
20940 395502 7 0 5
20940 395502 8 0 5
20940 395502 9 0 5
20940 395502 10 0 5
!sus 201814 215862 0 10 2 attackers:201814;victims:215862;type:1;valid_origin:True;recurrent:True;local:False
201814 215862 1 0 2
201814 215862 2 0 2
201814 215862 3 0 2
201814 215862 4 0 2
201814 215862 5 0 2
201814 215862 6 0 2
201814 215862 7 0 2
201814 215862 8 0 2
201814 215862 9 0 2
201814 215862 10 0 2
!sus 47152 204508 0 10 3 attackers:47152;victims:204508;type:1;valid_origin:True;recurrent:True;local:False
47152 204508 1 0 3
47152 204508 2 0 3
47152 204508 3 1 2
47152 204508 4 0 3
47152 204508 5 1 2
47152 204508 6 1 2
47152 204508 7 1 2
47152 204508 8 1 2
47152 204508 9 0 3
47152 204508 10 1 2
!sus 23750 140039 4 6 136 attackers:23750;victims:140039;type:1;valid_origin:True;recurrent:True;local:False
23750 140039 1 121 15
23750 140039 2 134 2
23750 140039 3 101 35
23750 140039 4 0 136
23750 140039 5 0 136
23750 140039 6 77 59
23750 140039 7 0 136
23750 140039 8 30 106
23750 140039 9 0 136
23750 140039 10 0 136
!sus 41221 216137 5 5 55 attackers:41221;victims:216137;type:1;valid_origin:False;recurrent:True;local:False
41221 216137 1 54 1
41221 216137 2 55 0
41221 216137 3 50 5
41221 216137 4 0 55
41221 216137 5 0 55
41221 216137 6 33 22
41221 216137 7 0 55
41221 216137 8 55 0
41221 216137 9 0 55
41221 216137 10 0 55
!sus 27059 270593 2 8 5 attackers:270593;victims:270593;type:2;valid_origin:True;recurrent:True;local:False
27059 270593 1 5 0
27059 270593 2 1 4
27059 270593 3 0 5
27059 270593 4 0 5
27059 270593 5 4 1
27059 270593 6 0 5
27059 270593 7 0 5
27059 270593 8 0 5
27059 270593 9 0 5
27059 270593 10 0 5
!sus 23764 269315 0 10 60 attackers:23764;victims:269315;type:1;valid_origin:True;recurrent:True;local:False
23764 269315 1 0 60
23764 269315 2 6 54
23764 269315 3 14 46
23764 269315 4 13 47
23764 269315 5 15 45
23764 269315 6 18 42
23764 269315 7 15 45
23764 269315 8 21 39
23764 269315 9 18 42
23764 269315 10 15 45
!sus 262977 272450 1 9 40 attackers:262977;victims:272450;type:1;valid_origin:True;recurrent:False;local:False
262977 272450 1 2 38
262977 272450 2 6 34
262977 272450 3 3 37
262977 272450 4 6 34
262977 272450 5 6 34
262977 272450 6 24 16
262977 272450 7 7 33
262977 272450 8 7 33
262977 272450 9 13 27
262977 272450 10 9 31
!sus 41160 197440 4 6 2 attackers:41160;victims:197440;type:1;valid_origin:True;recurrent:False;local:False
41160 197440 1 0 2
41160 197440 2 0 2
41160 197440 3 0 2
41160 197440 4 1 1
41160 197440 5 1 1
41160 197440 6 1 1
41160 197440 7 2 0
41160 197440 8 2 0
41160 197440 9 2 0
41160 197440 10 2 0
!leg 59217 132337 10 0 1 attackers:132337;victims:59217;type:1;valid_origin:True;recurrent:False;local:True
59217 132337 1 1 0
59217 132337 2 1 0
59217 132337 3 1 0
59217 132337 4 1 0
59217 132337 5 1 0
59217 132337 6 1 0
59217 132337 7 1 0
59217 132337 8 1 0
59217 132337 9 1 0
59217 132337 10 1 0
!sus 48581 59920 1 9 3 attackers:59920;victims:48581;type:1;valid_origin:True;recurrent:True;local:False
48581 59920 1 0 3
48581 59920 2 1 2
48581 59920 3 1 2
48581 59920 4 1 2
48581 59920 5 1 2
48581 59920 6 1 2
48581 59920 7 1 2
48581 59920 8 2 1
48581 59920 9 1 2
48581 59920 10 1 2
!sus 38732 151873 5 5 1 attackers:38732;victims:151873;type:1;valid_origin:True;recurrent:True;local:False
38732 151873 1 1 0
38732 151873 2 1 0
38732 151873 3 1 0
38732 151873 4 0 1
38732 151873 5 0 1
38732 151873 6 1 0
38732 151873 7 0 1
38732 151873 8 1 0
38732 151873 9 0 1
38732 151873 10 0 1
!leg 262962 267613 10 0 1 attackers:267613;victims:262962;type:1;valid_origin:True;recurrent:False;local:False
262962 267613 1 1 0
262962 267613 2 1 0
262962 267613 3 1 0
262962 267613 4 1 0
262962 267613 5 1 0
262962 267613 6 1 0
262962 267613 7 1 0
262962 267613 8 1 0
262962 267613 9 1 0
262962 267613 10 1 0
!sus 34250 199528 5 5 15 attackers:34250;victims:199528;type:1;valid_origin:True;recurrent:True;local:False
34250 199528 1 14 1
34250 199528 2 15 0
34250 199528 3 14 1
34250 199528 4 0 15
34250 199528 5 1 14
34250 199528 6 15 0
34250 199528 7 0 15
34250 199528 8 15 0
34250 199528 9 0 15
34250 199528 10 0 15
!sus 135905 149068 5 5 10 attackers:135905;victims:149068;type:1;valid_origin:True;recurrent:True;local:False
135905 149068 1 10 0
135905 149068 2 10 0
135905 149068 3 10 0
135905 149068 4 0 10
135905 149068 5 0 10
135905 149068 6 10 0
135905 149068 7 0 10
135905 149068 8 10 0
135905 149068 9 0 10
135905 149068 10 0 10
!sus 49565 205192 3 7 1 attackers:205192;victims:49565;type:1;valid_origin:True;recurrent:True;local:False
49565 205192 1 1 0
49565 205192 2 1 0
49565 205192 3 0 1
49565 205192 4 0 1
49565 205192 5 0 1
49565 205192 6 1 0
49565 205192 7 0 1
49565 205192 8 0 1
49565 205192 9 0 1
49565 205192 10 0 1
!sus 38077 140223 3 7 505 attackers:140223;victims:38077;type:1;valid_origin:True;recurrent:True;local:False
38077 140223 1 131 374
38077 140223 2 132 373
38077 140223 3 145 360
38077 140223 4 136 369
38077 140223 5 143 362
38077 140223 6 286 219
38077 140223 7 222 283
38077 140223 8 353 152
38077 140223 9 195 310
38077 140223 10 296 209
!sus 12764 216287 5 5 1 attackers:12764;victims:216287;type:1;valid_origin:True;recurrent:True;local:False
12764 216287 1 1 0
12764 216287 2 1 0
12764 216287 3 1 0
12764 216287 4 0 1
12764 216287 5 0 1
12764 216287 6 1 0
12764 216287 7 0 1
12764 216287 8 1 0
12764 216287 9 0 1
12764 216287 10 0 1
!leg 19947 199475 10 0 1 attackers:199475;victims:19947;type:1;valid_origin:False;recurrent:True;local:False
19947 199475 1 1 0
19947 199475 2 1 0
19947 199475 3 1 0
19947 199475 4 1 0
19947 199475 5 1 0
19947 199475 6 1 0
19947 199475 7 1 0
19947 199475 8 1 0
19947 199475 9 1 0
19947 199475 10 1 0
!sus 50763 52041 0 10 83 attackers:52041;victims:50763;type:1;valid_origin:True;recurrent:True;local:False
50763 52041 1 0 83
50763 52041 2 0 83
50763 52041 3 0 83
50763 52041 4 0 83
50763 52041 5 0 83
50763 52041 6 0 83
50763 52041 7 0 83
50763 52041 8 0 83
50763 52041 9 2 81
50763 52041 10 1 82
!sus 57463 200950 9 1 1 attackers:57463;victims:200950;type:1;valid_origin:True;recurrent:True;local:True
57463 200950 1 0 1
57463 200950 2 1 0
57463 200950 3 1 0
57463 200950 4 1 0
57463 200950 5 1 0
57463 200950 6 1 0
57463 200950 7 1 0
57463 200950 8 1 0
57463 200950 9 1 0
57463 200950 10 1 0
!sus 60068 196860 9 1 17 attackers:60068;victims:196860;type:1;valid_origin:True;recurrent:True;local:False
60068 196860 1 0 17
60068 196860 2 9 8
60068 196860 3 10 7
60068 196860 4 11 6
60068 196860 5 17 0
60068 196860 6 17 0
60068 196860 7 17 0
60068 196860 8 16 1
60068 196860 9 17 0
60068 196860 10 17 0
!sus 48214 52209 0 10 1 attackers:52209;victims:48214;type:1;valid_origin:True;recurrent:True;local:False
48214 52209 1 0 1
48214 52209 2 0 1
48214 52209 3 0 1
48214 52209 4 0 1
48214 52209 5 0 1
48214 52209 6 0 1
48214 52209 7 0 1
48214 52209 8 0 1
48214 52209 9 0 1
48214 52209 10 0 1
!leg 41157 62443 10 0 12 attackers:62443;victims:41157;type:1;valid_origin:True;recurrent:True;local:False
41157 62443 1 11 1
41157 62443 2 9 3
41157 62443 3 8 4
41157 62443 4 7 5
41157 62443 5 8 4
41157 62443 6 9 3
41157 62443 7 8 4
41157 62443 8 9 3
41157 62443 9 8 4
41157 62443 10 9 3
!leg 53181 264525 10 0 1 attackers:53181;victims:264525;type:1;valid_origin:True;recurrent:False;local:False
53181 264525 1 1 0
53181 264525 2 1 0
53181 264525 3 1 0
53181 264525 4 1 0
53181 264525 5 1 0
53181 264525 6 1 0
53181 264525 7 1 0
53181 264525 8 1 0
53181 264525 9 1 0
53181 264525 10 1 0
!sus 150452 151193 0 10 7 attackers:150452;victims:151193;type:1;valid_origin:True;recurrent:True;local:False
150452 151193 1 1 6
150452 151193 2 0 7
150452 151193 3 0 7
150452 151193 4 1 6
150452 151193 5 1 6
150452 151193 6 1 6
150452 151193 7 1 6
150452 151193 8 1 6
150452 151193 9 1 6
150452 151193 10 1 6
!sus 57695 152156 4 6 3 attackers:57695;victims:152156;type:1;valid_origin:True;recurrent:True;local:False
57695 152156 1 0 3
57695 152156 2 0 3
57695 152156 3 0 3
57695 152156 4 1 2
57695 152156 5 0 3
57695 152156 6 0 3
57695 152156 7 2 1
57695 152156 8 2 1
57695 152156 9 2 1
57695 152156 10 2 1
!sus 14840 263922 7 3 1 attackers:263922;victims:267625;type:2;valid_origin:True;recurrent:True;local:False
14840 263922 1 0 1
14840 263922 2 0 1
14840 263922 3 0 1
14840 263922 4 1 0
14840 263922 5 1 0
14840 263922 6 1 0
14840 263922 7 1 0
14840 263922 8 1 0
14840 263922 9 1 0
14840 263922 10 1 0
!sus 48605 216026 7 3 128 attackers:48605;victims:216026;type:1;valid_origin:True;recurrent:True;local:False
48605 216026 1 0 128
48605 216026 2 14 114
48605 216026 3 38 90
48605 216026 4 85 43
48605 216026 5 118 10
48605 216026 6 92 36
48605 216026 7 124 4
48605 216026 8 127 1
48605 216026 9 128 0
48605 216026 10 128 0
!sus 52863 268517 8 2 5 attackers:52863;victims:268517;type:1;valid_origin:True;recurrent:True;local:False
52863 268517 1 0 5
52863 268517 2 2 3
52863 268517 3 4 1
52863 268517 4 4 1
52863 268517 5 4 1
52863 268517 6 4 1
52863 268517 7 4 1
52863 268517 8 4 1
52863 268517 9 4 1
52863 268517 10 4 1
!leg 267613 270483 10 0 1 attackers:267613;victims:270483;type:1;valid_origin:True;recurrent:False;local:False
267613 270483 1 1 0
267613 270483 2 1 0
267613 270483 3 1 0
267613 270483 4 1 0
267613 270483 5 1 0
267613 270483 6 1 0
267613 270483 7 1 0
267613 270483 8 1 0
267613 270483 9 1 0
267613 270483 10 1 0
!leg 267613 271276 10 0 1 attackers:267613;victims:271276;type:1;valid_origin:True;recurrent:False;local:False
267613 271276 1 1 0
267613 271276 2 1 0
267613 271276 3 1 0
267613 271276 4 1 0
267613 271276 5 1 0
267613 271276 6 1 0
267613 271276 7 1 0
267613 271276 8 1 0
267613 271276 9 1 0
267613 271276 10 1 0
!sus 51396 215870 5 5 7 attackers:51396;victims:215870;type:1;valid_origin:True;recurrent:True;local:False
51396 215870 1 7 0
51396 215870 2 7 0
51396 215870 3 7 0
51396 215870 4 0 7
51396 215870 5 0 7
51396 215870 6 7 0
51396 215870 7 0 7
51396 215870 8 4 3
51396 215870 9 0 7
51396 215870 10 0 7
!sus 60858 216132 9 1 4 attackers:60858;victims:198980;type:15;valid_origin:True;recurrent:True;local:False
60858 216132 1 0 4
60858 216132 2 4 0
60858 216132 3 4 0
60858 216132 4 4 0
60858 216132 5 4 0
60858 216132 6 4 0
60858 216132 7 4 0
60858 216132 8 4 0
60858 216132 9 4 0
60858 216132 10 4 0
!sus 50293 327797 0 10 7 attackers:50293;victims:327797;type:1;valid_origin:True;recurrent:True;local:False
50293 327797 1 2 5
50293 327797 2 0 7
50293 327797 3 2 5
50293 327797 4 0 7
50293 327797 5 0 7
50293 327797 6 0 7
50293 327797 7 0 7
50293 327797 8 0 7
50293 327797 9 0 7
50293 327797 10 0 7
!sus 2906 140171 0 10 125 attackers:140171;victims:2906;type:1;valid_origin:True;recurrent:False;local:False
2906 140171 1 0 125
2906 140171 2 0 125
2906 140171 3 0 125
2906 140171 4 0 125
2906 140171 5 0 125
2906 140171 6 0 125
2906 140171 7 0 125
2906 140171 8 0 125
2906 140171 9 0 125
2906 140171 10 0 125
!leg 269185 269536 10 0 25 attackers:269185;victims:269536;type:1;valid_origin:True;recurrent:False;local:False
269185 269536 1 25 0
269185 269536 2 25 0
269185 269536 3 25 0
269185 269536 4 23 2
269185 269536 5 24 1
269185 269536 6 23 2
269185 269536 7 21 4
269185 269536 8 22 3
269185 269536 9 22 3
269185 269536 10 23 2
!sus 269237 273412 8 2 3 attackers:269237;victims:273412;type:1;valid_origin:True;recurrent:True;local:False
269237 273412 1 3 0
269237 273412 2 2 1
269237 273412 3 3 0
269237 273412 4 3 0
269237 273412 5 2 1
269237 273412 6 3 0
269237 273412 7 3 0
269237 273412 8 3 0
269237 273412 9 0 3
269237 273412 10 0 3
!sus 209533 215912 0 10 1 attackers:209533;victims:215912;type:1;valid_origin:True;recurrent:True;local:False
209533 215912 1 0 1
209533 215912 2 0 1
209533 215912 3 0 1
209533 215912 4 0 1
209533 215912 5 0 1
209533 215912 6 0 1
209533 215912 7 0 1
209533 215912 8 0 1
209533 215912 9 0 1
209533 215912 10 0 1
!leg 4637 8781 10 0 1 attackers:4637;victims:42298;type:2;valid_origin:True;recurrent:False;local:False
4637 8781 1 1 0
4637 8781 2 1 0
4637 8781 3 1 0
4637 8781 4 1 0
4637 8781 5 1 0
4637 8781 6 1 0
4637 8781 7 1 0
4637 8781 8 1 0
4637 8781 9 1 0
4637 8781 10 1 0
!sus 45430 396986 4 6 4 attackers:45430;victims:396986;type:1;valid_origin:True;recurrent:True;local:False
45430 396986 1 1 3
45430 396986 2 1 3
45430 396986 3 1 3
45430 396986 4 1 3
45430 396986 5 1 3
45430 396986 6 2 2
45430 396986 7 3 1
45430 396986 8 4 0
45430 396986 9 4 0
45430 396986 10 4 0
!leg 265096 267613 10 0 1 attackers:267613;victims:265096;type:1;valid_origin:True;recurrent:False;local:False
265096 267613 1 1 0
265096 267613 2 1 0
265096 267613 3 1 0
265096 267613 4 1 0
265096 267613 5 1 0
265096 267613 6 1 0
265096 267613 7 1 0
265096 267613 8 1 0
265096 267613 9 1 0
265096 267613 10 1 0
!sus 30205 46844 6 4 18 attackers:46844;victims:30205;type:1;valid_origin:True;recurrent:True;local:False
30205 46844 1 12 6
30205 46844 2 18 0
30205 46844 3 14 4
30205 46844 4 15 3
30205 46844 5 0 18
30205 46844 6 16 2
30205 46844 7 16 2
30205 46844 8 0 18
30205 46844 9 1 17
30205 46844 10 3 15
!sus 23764 272764 8 2 6 attackers:23764;victims:272764;type:1;valid_origin:True;recurrent:True;local:False
23764 272764 1 0 6
23764 272764 2 2 4
23764 272764 3 5 1
23764 272764 4 5 1
23764 272764 5 5 1
23764 272764 6 6 0
23764 272764 7 5 1
23764 272764 8 6 0
23764 272764 9 6 0
23764 272764 10 5 1
!sus 37100 329369 1 9 7 attackers:37100;victims:329369;type:1;valid_origin:True;recurrent:True;local:False
37100 329369 1 4 3
37100 329369 2 0 7
37100 329369 3 0 7
37100 329369 4 0 7
37100 329369 5 0 7
37100 329369 6 0 7
37100 329369 7 0 7
37100 329369 8 0 7
37100 329369 9 0 7
37100 329369 10 0 7
!leg 21574 272612 10 0 23 attackers:21574;victims:272612;type:1;valid_origin:True;recurrent:True;local:False
21574 272612 1 21 2
21574 272612 2 23 0
21574 272612 3 23 0
21574 272612 4 23 0
21574 272612 5 23 0
21574 272612 6 23 0
21574 272612 7 23 0
21574 272612 8 23 0
21574 272612 9 23 0
21574 272612 10 23 0
!sus 41720 212508 7 3 11 attackers:212508;victims:41720;type:1;valid_origin:True;recurrent:True;local:False
41720 212508 1 1 10
41720 212508 2 4 7
41720 212508 3 4 7
41720 212508 4 6 5
41720 212508 5 6 5
41720 212508 6 8 3
41720 212508 7 8 3
41720 212508 8 8 3
41720 212508 9 10 1
41720 212508 10 8 3
!sus 25184 216344 5 5 17 attackers:25184;victims:216344;type:1;valid_origin:True;recurrent:True;local:False
25184 216344 1 17 0
25184 216344 2 17 0
25184 216344 3 9 8
25184 216344 4 0 17
25184 216344 5 4 13
25184 216344 6 15 2
25184 216344 7 0 17
25184 216344 8 17 0
25184 216344 9 0 17
25184 216344 10 0 17
!sus 38235 139341 9 1 6 attackers:38235;victims:139341;type:1;valid_origin:True;recurrent:True;local:False
38235 139341 1 3 3
38235 139341 2 5 1
38235 139341 3 6 0
38235 139341 4 6 0
38235 139341 5 6 0
38235 139341 6 6 0
38235 139341 7 6 0
38235 139341 8 6 0
38235 139341 9 6 0
38235 139341 10 6 0
!sus 8772 215828 8 2 203 attackers:8772;victims:215828;type:1;valid_origin:True;recurrent:True;local:False
8772 215828 1 11 192
8772 215828 2 95 108
8772 215828 3 149 54
8772 215828 4 175 28
8772 215828 5 179 24
8772 215828 6 185 18
8772 215828 7 191 12
8772 215828 8 188 15
8772 215828 9 182 21
8772 215828 10 192 11
!sus 43754 64422 5 5 22 attackers:43754;victims:64422;type:1;valid_origin:True;recurrent:True;local:False
43754 64422 1 21 1
43754 64422 2 22 0
43754 64422 3 20 2
43754 64422 4 0 22
43754 64422 5 0 22
43754 64422 6 17 5
43754 64422 7 0 22
43754 64422 8 21 1
43754 64422 9 0 22
43754 64422 10 0 22
!leg 53181 266013 10 0 1 attackers:53181;victims:266013;type:1;valid_origin:True;recurrent:False;local:False
53181 266013 1 1 0
53181 266013 2 1 0
53181 266013 3 1 0
53181 266013 4 1 0
53181 266013 5 1 0
53181 266013 6 1 0
53181 266013 7 1 0
53181 266013 8 1 0
53181 266013 9 1 0
53181 266013 10 1 0
!sus 139620 150285 0 10 10 attackers:139620;victims:150285;type:1;valid_origin:True;recurrent:True;local:False
139620 150285 1 0 10
139620 150285 2 0 10
139620 150285 3 0 10
139620 150285 4 0 10
139620 150285 5 0 10
139620 150285 6 0 10
139620 150285 7 0 10
139620 150285 8 0 10
139620 150285 9 0 10
139620 150285 10 0 10
!sus 3258 215871 0 10 2 attackers:3258;victims:215871;type:1;valid_origin:True;recurrent:True;local:False
3258 215871 1 0 2
3258 215871 2 0 2
3258 215871 3 0 2
3258 215871 4 0 2
3258 215871 5 0 2
3258 215871 6 0 2
3258 215871 7 0 2
3258 215871 8 0 2
3258 215871 9 0 2
3258 215871 10 0 2
!sus 264974 273341 5 5 15 attackers:264974;victims:273341;type:1;valid_origin:True;recurrent:True;local:False
264974 273341 1 14 1
264974 273341 2 15 0
264974 273341 3 15 0
264974 273341 4 0 15
264974 273341 5 0 15
264974 273341 6 13 2
264974 273341 7 0 15
264974 273341 8 8 7
264974 273341 9 0 15
264974 273341 10 0 15
!sus 209533 215823 3 7 123 attackers:209533;victims:215823;type:1;valid_origin:True;recurrent:True;local:False
209533 215823 1 0 123
209533 215823 2 9 114
209533 215823 3 6 117
209533 215823 4 19 104
209533 215823 5 11 112
209533 215823 6 25 98
209533 215823 7 49 74
209533 215823 8 63 60
209533 215823 9 81 42
209533 215823 10 93 30
!sus 44841 400810 3 7 3 attackers:400810;victims:44841;type:1;valid_origin:True;recurrent:True;local:False
44841 400810 1 3 0
44841 400810 2 3 0
44841 400810 3 0 3
44841 400810 4 0 3
44841 400810 5 0 3
44841 400810 6 3 0
44841 400810 7 0 3
44841 400810 8 0 3
44841 400810 9 0 3
44841 400810 10 0 3
!sus 26073 40065 7 3 51 attackers:40065;victims:38136;type:2;valid_origin:True;recurrent:False;local:False
26073 40065 1 5 46
26073 40065 2 6 45
26073 40065 3 15 36
26073 40065 4 28 23
26073 40065 5 41 10
26073 40065 6 33 18
26073 40065 7 49 2
26073 40065 8 51 0
26073 40065 9 50 1
26073 40065 10 48 3
!sus 1 328697 0 10 133 attackers:328697;victims:1;type:1;valid_origin:True;recurrent:True;local:False
1 328697 1 0 133
1 328697 2 0 133
1 328697 3 0 133
1 328697 4 0 133
1 328697 5 0 133
1 328697 6 0 133
1 328697 7 0 133
1 328697 8 0 133
1 328697 9 0 133
1 328697 10 0 133
!sus 44687 196695 6 4 3 attackers:196695;victims:44687;type:1;valid_origin:True;recurrent:True;local:False
44687 196695 1 3 0
44687 196695 2 3 0
44687 196695 3 3 0
44687 196695 4 3 0
44687 196695 5 0 3
44687 196695 6 3 0
44687 196695 7 3 0
44687 196695 8 0 3
44687 196695 9 0 3
44687 196695 10 0 3
!sus 206244 211726 0 10 1 attackers:206244;victims:211726;type:1;valid_origin:True;recurrent:True;local:False
206244 211726 1 0 1
206244 211726 2 0 1
206244 211726 3 0 1
206244 211726 4 0 1
206244 211726 5 0 1
206244 211726 6 0 1
206244 211726 7 0 1
206244 211726 8 0 1
206244 211726 9 0 1
206244 211726 10 0 1
!sus 20473 213007 9 1 23 attackers:20473;victims:213007;type:1;valid_origin:True;recurrent:True;local:False
20473 213007 1 23 0
20473 213007 2 14 9
20473 213007 3 15 8
20473 213007 4 16 7
20473 213007 5 11 12
20473 213007 6 19 4
20473 213007 7 21 2
20473 213007 8 22 1
20473 213007 9 23 0
20473 213007 10 20 3
!sus 23764 263998 7 3 153 attackers:23764;victims:268829,263998,267364,266940,269386,269598,262978,266365,269614,268911,267936,267121,262778,267516,266016,52684,52606,263967,263109,269275,267133,268047,267358,262970,269114,268633,270961,268909,271571,262960,267442,28267;type:1,2,3;valid_origin:False;recurrent:True;local:False
23764 263998 1 30 123
23764 263998 2 34 119
23764 263998 3 46 107
23764 263998 4 125 28
23764 263998 5 125 28
23764 263998 6 125 28
23764 263998 7 125 28
23764 263998 8 93 60
23764 263998 9 127 26
23764 263998 10 125 28
!sus 42337 60516 2 8 2 attackers:42337;victims:60516;type:1;valid_origin:True;recurrent:True;local:False
42337 60516 1 2 0
42337 60516 2 2 0
42337 60516 3 1 1
42337 60516 4 0 2
42337 60516 5 0 2
42337 60516 6 0 2
42337 60516 7 0 2
42337 60516 8 1 1
42337 60516 9 0 2
42337 60516 10 0 2
!sus 41051 48231 9 1 5 attackers:41051;victims:48231;type:1;valid_origin:True;recurrent:True;local:False
41051 48231 1 1 4
41051 48231 2 5 0
41051 48231 3 5 0
41051 48231 4 5 0
41051 48231 5 5 0
41051 48231 6 5 0
41051 48231 7 5 0
41051 48231 8 5 0
41051 48231 9 5 0
41051 48231 10 5 0
!leg 263951 267613 10 0 1 attackers:267613;victims:263951;type:1;valid_origin:True;recurrent:False;local:False
263951 267613 1 1 0
263951 267613 2 1 0
263951 267613 3 1 0
263951 267613 4 1 0
263951 267613 5 1 0
263951 267613 6 1 0
263951 267613 7 1 0
263951 267613 8 1 0
263951 267613 9 1 0
263951 267613 10 1 0
!leg 267613 271079 10 0 1 attackers:267613;victims:271079;type:1;valid_origin:True;recurrent:False;local:False
267613 271079 1 1 0
267613 271079 2 1 0
267613 271079 3 1 0
267613 271079 4 1 0
267613 271079 5 1 0
267613 271079 6 1 0
267613 271079 7 1 0
267613 271079 8 1 0
267613 271079 9 1 0
267613 271079 10 1 0
!sus 209533 215825 0 10 29 attackers:209533;victims:215825;type:1;valid_origin:True;recurrent:True;local:False
209533 215825 1 14 15
209533 215825 2 7 22
209533 215825 3 0 29
209533 215825 4 0 29
209533 215825 5 0 29
209533 215825 6 0 29
209533 215825 7 0 29
209533 215825 8 13 16
209533 215825 9 0 29
209533 215825 10 0 29
!sus 6984 58428 0 10 1 attackers:58428;victims:6984;type:1;valid_origin:True;recurrent:True;local:False
6984 58428 1 0 1
6984 58428 2 0 1
6984 58428 3 0 1
6984 58428 4 0 1
6984 58428 5 0 1
6984 58428 6 0 1
6984 58428 7 0 1
6984 58428 8 0 1
6984 58428 9 0 1
6984 58428 10 0 1
!sus 24940 29535 4 6 152 attackers:29535;victims:57896;type:2;valid_origin:True;recurrent:True;local:False
24940 29535 1 18 134
24940 29535 2 25 127
24940 29535 3 32 120
24940 29535 4 44 108
24940 29535 5 51 101
24940 29535 6 64 88
24940 29535 7 131 21
24940 29535 8 142 10
24940 29535 9 147 5
24940 29535 10 151 1
!leg 50823 200612 10 0 1 attackers:200612;victims:50823;type:1;valid_origin:True;recurrent:False;local:True
50823 200612 1 1 0
50823 200612 2 1 0
50823 200612 3 1 0
50823 200612 4 1 0
50823 200612 5 1 0
50823 200612 6 1 0
50823 200612 7 1 0
50823 200612 8 1 0
50823 200612 9 1 0
50823 200612 10 1 0
!leg 137 41160 10 0 21 attackers:41160;victims:137;type:1;valid_origin:True;recurrent:False;local:False
137 41160 1 21 0
137 41160 2 21 0
137 41160 3 20 1
137 41160 4 21 0
137 41160 5 21 0
137 41160 6 21 0
137 41160 7 21 0
137 41160 8 17 4
137 41160 9 18 3
137 41160 10 11 10
!leg 265931 269185 10 0 25 attackers:265931;victims:269536;type:2;valid_origin:True;recurrent:False;local:False
265931 269185 1 25 0
265931 269185 2 25 0
265931 269185 3 25 0
265931 269185 4 25 0
265931 269185 5 25 0
265931 269185 6 25 0
265931 269185 7 25 0
265931 269185 8 24 1
265931 269185 9 23 2
265931 269185 10 24 1
!sus 202262 215799 0 10 269 attackers:202262;victims:215799;type:1;valid_origin:True;recurrent:True;local:False
202262 215799 1 31 238
202262 215799 2 0 269
202262 215799 3 0 269
202262 215799 4 0 269
202262 215799 5 7 262
202262 215799 6 0 269
202262 215799 7 3 266
202262 215799 8 8 261
202262 215799 9 0 269
202262 215799 10 0 269
!sus 37662 328585 1 9 2 attackers:37662;victims:328585;type:1;valid_origin:True;recurrent:True;local:False
37662 328585 1 0 2
37662 328585 2 0 2
37662 328585 3 0 2
37662 328585 4 0 2
37662 328585 5 0 2
37662 328585 6 0 2
37662 328585 7 1 1
37662 328585 8 0 2
37662 328585 9 0 2
37662 328585 10 2 0
!sus 134472 134572 0 10 144 attackers:134572;victims:134572;type:2;valid_origin:True;recurrent:True;local:False
134472 134572 1 1 143
134472 134572 2 1 143
134472 134572 3 7 137
134472 134572 4 2 142
134472 134572 5 10 134
134472 134572 6 0 144
134472 134572 7 8 136
134472 134572 8 6 138
134472 134572 9 12 132
134472 134572 10 12 132
!sus 5416 139341 8 2 10 attackers:5416;victims:139341;type:1;valid_origin:True;recurrent:True;local:False
5416 139341 1 0 10
5416 139341 2 6 4
5416 139341 3 6 4
5416 139341 4 6 4
5416 139341 5 6 4
5416 139341 6 4 6
5416 139341 7 6 4
5416 139341 8 7 3
5416 139341 9 6 4
5416 139341 10 8 2
!sus 47311 203686 7 3 7 attackers:47311;victims:203686;type:1;valid_origin:True;recurrent:True;local:False
47311 203686 1 0 7
47311 203686 2 2 5
47311 203686 3 2 5
47311 203686 4 4 3
47311 203686 5 7 0
47311 203686 6 7 0
47311 203686 7 7 0
47311 203686 8 5 2
47311 203686 9 7 0
47311 203686 10 7 0
!leg 2914 28359 10 0 344 attackers:2914;victims:264944,265082,61910,270821,268730,269067,265178,265864,269386,263553,270814,267342,61614,61677,266213,28181,265955,263011,267935,267450,262183,262995,267137,267092,270849,262388,273798,263265,269239,266067,271146,265949,263561,265409,265250,262645,52633,269314,267110,268713,266507,271522,263538,28359,270893,268396,263393,267382,269100,268833,270863;type:1,2,3,4;valid_origin:True;recurrent:True;local:False
2914 28359 1 185 159
2914 28359 2 254 90
2914 28359 3 276 68
2914 28359 4 336 8
2914 28359 5 320 24
2914 28359 6 250 94
2914 28359 7 297 47
2914 28359 8 327 17
2914 28359 9 339 5
2914 28359 10 324 20
!leg 61665 268843 10 0 12 attackers:61665;victims:265391;type:3;valid_origin:True;recurrent:False;local:False
61665 268843 1 12 0
61665 268843 2 12 0
61665 268843 3 12 0
61665 268843 4 12 0
61665 268843 5 12 0
61665 268843 6 12 0
61665 268843 7 12 0
61665 268843 8 12 0
61665 268843 9 12 0
61665 268843 10 12 0
!sus 11665 27373 3 7 40 attackers:27373;victims:11665;type:1;valid_origin:True;recurrent:True;local:False
11665 27373 1 39 1
11665 27373 2 39 1
11665 27373 3 29 11
11665 27373 4 1 39
11665 27373 5 0 40
11665 27373 6 1 39
11665 27373 7 5 35
11665 27373 8 0 40
11665 27373 9 0 40
11665 27373 10 0 40
!sus 13335 137491 0 10 14 attackers:137491;victims:13335,133800;type:1,2;valid_origin:True;recurrent:True;local:False
13335 137491 1 1 13
13335 137491 2 1 13
13335 137491 3 1 13
13335 137491 4 2 12
13335 137491 5 2 12
13335 137491 6 2 12
13335 137491 7 2 12
13335 137491 8 3 11
13335 137491 9 4 10
13335 137491 10 5 9
!sus 42 4150 7 3 1 attackers:4150;victims:42;type:1;valid_origin:True;recurrent:True;local:False
42 4150 1 0 1
42 4150 2 0 1
42 4150 3 0 1
42 4150 4 1 0
42 4150 5 1 0
42 4150 6 1 0
42 4150 7 1 0
42 4150 8 1 0
42 4150 9 1 0
42 4150 10 1 0
!sus 2 272711 0 10 16 attackers:272711;victims:2;type:1;valid_origin:True;recurrent:True;local:False
2 272711 1 0 16
2 272711 2 0 16
2 272711 3 0 16
2 272711 4 0 16
2 272711 5 0 16
2 272711 6 0 16
2 272711 7 0 16
2 272711 8 0 16
2 272711 9 0 16
2 272711 10 0 16
!sus 63741 151326 8 2 12 attackers:151326;victims:63741;type:1;valid_origin:True;recurrent:True;local:False
63741 151326 1 0 12
63741 151326 2 0 12
63741 151326 3 10 2
63741 151326 4 12 0
63741 151326 5 10 2
63741 151326 6 12 0
63741 151326 7 12 0
63741 151326 8 12 0
63741 151326 9 12 0
63741 151326 10 12 0
!leg 16735 265475 10 0 137 attackers:265475;victims:266253,267185,271035;type:2,3;valid_origin:True;recurrent:False;local:False
16735 265475 1 137 0
16735 265475 2 137 0
16735 265475 3 137 0
16735 265475 4 137 0
16735 265475 5 137 0
16735 265475 6 137 0
16735 265475 7 137 0
16735 265475 8 137 0
16735 265475 9 137 0
16735 265475 10 137 0
!sus 58689 64201 1 9 2 attackers:58689;victims:64201;type:1;valid_origin:True;recurrent:True;local:False
58689 64201 1 0 2
58689 64201 2 0 2
58689 64201 3 0 2
58689 64201 4 0 2
58689 64201 5 0 2
58689 64201 6 0 2
58689 64201 7 1 1
58689 64201 8 0 2
58689 64201 9 2 0
58689 64201 10 0 2
!sus 272827 273079 1 9 1 attackers:272827;victims:273079;type:1;valid_origin:True;recurrent:True;local:False
272827 273079 1 0 1
272827 273079 2 1 0
272827 273079 3 0 1
272827 273079 4 0 1
272827 273079 5 0 1
272827 273079 6 0 1
272827 273079 7 0 1
272827 273079 8 0 1
272827 273079 9 0 1
272827 273079 10 0 1
!leg 208958 209533 10 0 1 attackers:209533;victims:208958;type:1;valid_origin:True;recurrent:False;local:False
208958 209533 1 1 0
208958 209533 2 1 0
208958 209533 3 1 0
208958 209533 4 1 0
208958 209533 5 1 0
208958 209533 6 1 0
208958 209533 7 1 0
208958 209533 8 1 0
208958 209533 9 1 0
208958 209533 10 1 0
!sus 136952 141216 4 6 8 attackers:141216;victims:136952;type:1;valid_origin:True;recurrent:True;local:False
136952 141216 1 8 0
136952 141216 2 8 0
136952 141216 3 7 1
136952 141216 4 0 8
136952 141216 5 0 8
136952 141216 6 8 0
136952 141216 7 0 8
136952 141216 8 0 8
136952 141216 9 0 8
136952 141216 10 0 8
!leg 262287 267614 10 0 7 attackers:262287;victims:269167,264272,267614,269495;type:1,2;valid_origin:True;recurrent:False;local:False
262287 267614 1 7 0
262287 267614 2 7 0
262287 267614 3 7 0
262287 267614 4 7 0
262287 267614 5 7 0
262287 267614 6 7 0
262287 267614 7 7 0
262287 267614 8 7 0
262287 267614 9 7 0
262287 267614 10 7 0
!sus 60000 149848 0 10 2 attackers:149848;victims:60000;type:1;valid_origin:False;recurrent:True;local:False
60000 149848 1 0 2
60000 149848 2 0 2
60000 149848 3 0 2
60000 149848 4 0 2
60000 149848 5 0 2
60000 149848 6 0 2
60000 149848 7 0 2
60000 149848 8 0 2
60000 149848 9 0 2
60000 149848 10 0 2
!leg 197402 199052 10 0 4 attackers:197402;victims:198980;type:13;valid_origin:True;recurrent:True;local:False
197402 199052 1 4 0
197402 199052 2 4 0
197402 199052 3 4 0
197402 199052 4 4 0
197402 199052 5 4 0
197402 199052 6 4 0
197402 199052 7 4 0
197402 199052 8 4 0
197402 199052 9 4 0
197402 199052 10 4 0
!sus 10201 146887 1 9 1 attackers:146887;victims:10201;type:1;valid_origin:True;recurrent:True;local:False
10201 146887 1 0 1
10201 146887 2 1 0
10201 146887 3 0 1
10201 146887 4 0 1
10201 146887 5 0 1
10201 146887 6 0 1
10201 146887 7 0 1
10201 146887 8 0 1
10201 146887 9 0 1
10201 146887 10 0 1
!sus 199545 200993 9 1 30 attackers:199545;victims:200993;type:1;valid_origin:True;recurrent:True;local:False
199545 200993 1 0 30
199545 200993 2 27 3
199545 200993 3 30 0
199545 200993 4 30 0
199545 200993 5 30 0
199545 200993 6 30 0
199545 200993 7 30 0
199545 200993 8 30 0
199545 200993 9 30 0
199545 200993 10 30 0
!sus 38149 327814 0 10 137 attackers:327814;victims:38149;type:1;valid_origin:True;recurrent:True;local:False
38149 327814 1 0 137
38149 327814 2 0 137
38149 327814 3 0 137
38149 327814 4 0 137
38149 327814 5 0 137
38149 327814 6 0 137
38149 327814 7 0 137
38149 327814 8 2 135
38149 327814 9 19 118
38149 327814 10 0 137
!sus 100 215920 0 10 2 attackers:215920;victims:100;type:1;valid_origin:True;recurrent:True;local:False
100 215920 1 0 2
100 215920 2 0 2
100 215920 3 0 2
100 215920 4 0 2
100 215920 5 0 2
100 215920 6 0 2
100 215920 7 0 2
100 215920 8 1 1
100 215920 9 0 2
100 215920 10 1 1
!sus 135235 151769 3 7 1 attackers:135235;victims:151769;type:1;valid_origin:True;recurrent:True;local:False
135235 151769 1 1 0
135235 151769 2 1 0
135235 151769 3 1 0
135235 151769 4 0 1
135235 151769 5 0 1
135235 151769 6 0 1
135235 151769 7 0 1
135235 151769 8 0 1
135235 151769 9 0 1
135235 151769 10 0 1
!sus 136557 140543 8 2 3 attackers:136557;victims:140543;type:1;valid_origin:True;recurrent:True;local:False
136557 140543 1 0 3
136557 140543 2 0 3
136557 140543 3 3 0
136557 140543 4 3 0
136557 140543 5 3 0
136557 140543 6 3 0
136557 140543 7 3 0
136557 140543 8 3 0
136557 140543 9 3 0
136557 140543 10 3 0
!sus 17665 203345 0 10 1 attackers:203345;victims:203345;type:2;valid_origin:True;recurrent:True;local:False
17665 203345 1 0 1
17665 203345 2 0 1
17665 203345 3 0 1
17665 203345 4 0 1
17665 203345 5 0 1
17665 203345 6 0 1
17665 203345 7 0 1
17665 203345 8 0 1
17665 203345 9 0 1
17665 203345 10 0 1
!leg 267519 267613 10 0 1 attackers:267613;victims:267519;type:1;valid_origin:True;recurrent:False;local:False
267519 267613 1 1 0
267519 267613 2 1 0
267519 267613 3 1 0
267519 267613 4 1 0
267519 267613 5 1 0
267519 267613 6 1 0
267519 267613 7 1 0
267519 267613 8 1 0
267519 267613 9 1 0
267519 267613 10 1 0
!sus 9730 151698 2 8 1 attackers:9730;victims:151698;type:1;valid_origin:True;recurrent:True;local:False
9730 151698 1 1 0
9730 151698 2 1 0
9730 151698 3 0 1
9730 151698 4 0 1
9730 151698 5 0 1
9730 151698 6 0 1
9730 151698 7 0 1
9730 151698 8 0 1
9730 151698 9 0 1
9730 151698 10 0 1
!sus 271486 271645 0 10 11 attackers:271645;victims:271486;type:1;valid_origin:True;recurrent:True;local:False
271486 271645 1 0 11
271486 271645 2 0 11
271486 271645 3 0 11
271486 271645 4 0 11
271486 271645 5 0 11
271486 271645 6 0 11
271486 271645 7 0 11
271486 271645 8 0 11
271486 271645 9 0 11
271486 271645 10 0 11
!sus 209533 216375 9 1 170 attackers:209533;victims:216375;type:1;valid_origin:True;recurrent:True;local:False
209533 216375 1 20 150
209533 216375 2 119 51
209533 216375 3 168 2
209533 216375 4 170 0
209533 216375 5 170 0
209533 216375 6 170 0
209533 216375 7 170 0
209533 216375 8 170 0
209533 216375 9 170 0
209533 216375 10 170 0
!sus 27569 400885 0 10 2 attackers:27569;victims:400885;type:1;valid_origin:True;recurrent:True;local:False
27569 400885 1 0 2
27569 400885 2 0 2
27569 400885 3 0 2
27569 400885 4 0 2
27569 400885 5 0 2
27569 400885 6 0 2
27569 400885 7 0 2
27569 400885 8 0 2
27569 400885 9 0 2
27569 400885 10 0 2
!sus 174 138926 0 10 25 attackers:138926;victims:174;type:1;valid_origin:True;recurrent:True;local:False
174 138926 1 0 25
174 138926 2 0 25
174 138926 3 0 25
174 138926 4 0 25
174 138926 5 0 25
174 138926 6 0 25
174 138926 7 0 25
174 138926 8 0 25
174 138926 9 0 25
174 138926 10 0 25
!leg 267613 268450 10 0 1 attackers:267613;victims:268450;type:1;valid_origin:True;recurrent:False;local:False
267613 268450 1 1 0
267613 268450 2 1 0
267613 268450 3 1 0
267613 268450 4 1 0
267613 268450 5 1 0
267613 268450 6 1 0
267613 268450 7 1 0
267613 268450 8 1 0
267613 268450 9 1 0
267613 268450 10 1 0
!leg 263465 267613 10 0 1 attackers:267613;victims:263465;type:1;valid_origin:True;recurrent:False;local:False
263465 267613 1 1 0
263465 267613 2 1 0
263465 267613 3 1 0
263465 267613 4 1 0
263465 267613 5 1 0
263465 267613 6 1 0
263465 267613 7 1 0
263465 267613 8 1 0
263465 267613 9 1 0
263465 267613 10 1 0
!sus 12831 61319 0 10 11 attackers:12831;victims:61319;type:1;valid_origin:True;recurrent:True;local:False
12831 61319 1 0 11
12831 61319 2 0 11
12831 61319 3 0 11
12831 61319 4 0 11
12831 61319 5 0 11
12831 61319 6 0 11
12831 61319 7 0 11
12831 61319 8 0 11
12831 61319 9 0 11
12831 61319 10 0 11
!leg 203521 209533 10 0 76 attackers:209533;victims:203521;type:1;valid_origin:True;recurrent:True;local:False
203521 209533 1 40 36
203521 209533 2 60 16
203521 209533 3 71 5
203521 209533 4 76 0
203521 209533 5 76 0
203521 209533 6 76 0
203521 209533 7 76 0
203521 209533 8 76 0
203521 209533 9 76 0
203521 209533 10 76 0
!sus 24550 152178 8 2 133 attackers:24550;victims:152178;type:1;valid_origin:True;recurrent:True;local:False
24550 152178 1 133 0
24550 152178 2 130 3
24550 152178 3 133 0
24550 152178 4 132 1
24550 152178 5 127 6
24550 152178 6 114 19
24550 152178 7 133 0
24550 152178 8 126 7
24550 152178 9 0 133
24550 152178 10 44 89
!sus 62425 216018 3 7 1 attackers:62425;victims:216018;type:1;valid_origin:True;recurrent:True;local:False
62425 216018 1 1 0
62425 216018 2 1 0
62425 216018 3 1 0
62425 216018 4 0 1
62425 216018 5 0 1
62425 216018 6 0 1
62425 216018 7 0 1
62425 216018 8 0 1
62425 216018 9 0 1
62425 216018 10 0 1
!sus 168 1249 0 10 3 attackers:1249;victims:168;type:1;valid_origin:True;recurrent:True;local:False
168 1249 1 0 3
168 1249 2 0 3
168 1249 3 0 3
168 1249 4 0 3
168 1249 5 0 3
168 1249 6 0 3
168 1249 7 0 3
168 1249 8 0 3
168 1249 9 0 3
168 1249 10 0 3
!leg 265309 267613 10 0 1 attackers:267613;victims:265309;type:1;valid_origin:True;recurrent:False;local:False
265309 267613 1 1 0
265309 267613 2 1 0
265309 267613 3 1 0
265309 267613 4 1 0
265309 267613 5 1 0
265309 267613 6 1 0
265309 267613 7 1 0
265309 267613 8 1 0
265309 267613 9 1 0
265309 267613 10 1 0
!sus 10158 18160 0 10 3 attackers:10158;victims:18160;type:1;valid_origin:True;recurrent:True;local:False
10158 18160 1 0 3
10158 18160 2 0 3
10158 18160 3 0 3
10158 18160 4 0 3
10158 18160 5 0 3
10158 18160 6 0 3
10158 18160 7 0 3
10158 18160 8 0 3
10158 18160 9 0 3
10158 18160 10 0 3
!leg 6939 139464 10 0 4 attackers:6939;victims:139464;type:1;valid_origin:True;recurrent:False;local:False
6939 139464 1 4 0
6939 139464 2 4 0
6939 139464 3 4 0
6939 139464 4 4 0
6939 139464 5 4 0
6939 139464 6 4 0
6939 139464 7 4 0
6939 139464 8 4 0
6939 139464 9 4 0
6939 139464 10 4 0
!sus 138890 152044 5 5 8 attackers:138890;victims:152044;type:1;valid_origin:True;recurrent:True;local:False
138890 152044 1 8 0
138890 152044 2 8 0
138890 152044 3 8 0
138890 152044 4 0 8
138890 152044 5 0 8
138890 152044 6 8 0
138890 152044 7 0 8
138890 152044 8 8 0
138890 152044 9 0 8
138890 152044 10 0 8
!sus 60539 398343 6 4 23 attackers:60539;victims:398343;type:1,3;valid_origin:True;recurrent:True;local:False
60539 398343 1 0 23
60539 398343 2 0 23
60539 398343 3 0 23
60539 398343 4 0 23
60539 398343 5 22 1
60539 398343 6 23 0
60539 398343 7 23 0
60539 398343 8 23 0
60539 398343 9 23 0
60539 398343 10 23 0
!leg 8772 216056 10 0 1 attackers:8772;victims:216056;type:1;valid_origin:True;recurrent:True;local:False
8772 216056 1 1 0
8772 216056 2 1 0
8772 216056 3 1 0
8772 216056 4 1 0
8772 216056 5 1 0
8772 216056 6 1 0
8772 216056 7 1 0
8772 216056 8 1 0
8772 216056 9 1 0
8772 216056 10 1 0
!sus 206075 215960 7 3 317 attackers:206075;victims:215960;type:1;valid_origin:True;recurrent:True;local:False
206075 215960 1 317 0
206075 215960 2 284 33
206075 215960 3 304 13
206075 215960 4 161 156
206075 215960 5 18 299
206075 215960 6 288 29
206075 215960 7 180 137
206075 215960 8 316 1
206075 215960 9 89 228
206075 215960 10 0 317
!leg 28201 53181 10 0 1 attackers:53181;victims:272244;type:2;valid_origin:True;recurrent:False;local:False
28201 53181 1 1 0
28201 53181 2 1 0
28201 53181 3 1 0
28201 53181 4 1 0
28201 53181 5 1 0
28201 53181 6 1 0
28201 53181 7 1 0
28201 53181 8 1 0
28201 53181 9 1 0
28201 53181 10 1 0
!sus 24940 57896 9 1 152 attackers:24940;victims:57896;type:1;valid_origin:True;recurrent:True;local:False
24940 57896 1 33 119
24940 57896 2 83 69
24940 57896 3 139 13
24940 57896 4 148 4
24940 57896 5 152 0
24940 57896 6 152 0
24940 57896 7 152 0
24940 57896 8 152 0
24940 57896 9 152 0
24940 57896 10 152 0
!sus 13335 150748 0 10 3 attackers:150748;victims:137048;type:2;valid_origin:True;recurrent:True;local:False
13335 150748 1 0 3
13335 150748 2 0 3
13335 150748 3 0 3
13335 150748 4 0 3
13335 150748 5 0 3
13335 150748 6 1 2
13335 150748 7 1 2
13335 150748 8 1 2
13335 150748 9 1 2
13335 150748 10 1 2
!sus 25184 203694 5 5 1 attackers:25184;victims:203694;type:1;valid_origin:True;recurrent:True;local:False
25184 203694 1 1 0
25184 203694 2 1 0
25184 203694 3 1 0
25184 203694 4 0 1
25184 203694 5 0 1
25184 203694 6 1 0
25184 203694 7 0 1
25184 203694 8 1 0
25184 203694 9 0 1
25184 203694 10 0 1
!sus 135330 152179 4 6 7 attackers:135330;victims:152179;type:1;valid_origin:True;recurrent:True;local:False
135330 152179 1 4 3
135330 152179 2 7 0
135330 152179 3 7 0
135330 152179 4 0 7
135330 152179 5 0 7
135330 152179 6 1 6
135330 152179 7 0 7
135330 152179 8 6 1
135330 152179 9 0 7
135330 152179 10 0 7
!sus 52739 273407 7 3 19 attackers:52739;victims:273407;type:1;valid_origin:True;recurrent:True;local:False
52739 273407 1 19 0
52739 273407 2 17 2
52739 273407 3 19 0
52739 273407 4 19 0
52739 273407 5 5 14
52739 273407 6 19 0
52739 273407 7 16 3
52739 273407 8 19 0
52739 273407 9 3 16
52739 273407 10 0 19
!sus 2597 2598 7 3 89 attackers:2597;victims:2598;type:1;valid_origin:True;recurrent:True;local:False
2597 2598 1 89 0
2597 2598 2 89 0
2597 2598 3 88 1
2597 2598 4 89 0
2597 2598 5 18 71
2597 2598 6 89 0
2597 2598 7 80 9
2597 2598 8 89 0
2597 2598 9 1 88
2597 2598 10 3 86
!sus 58050 61372 3 7 1 attackers:61372;victims:58050;type:1;valid_origin:True;recurrent:True;local:False
58050 61372 1 1 0
58050 61372 2 1 0
58050 61372 3 0 1
58050 61372 4 0 1
58050 61372 5 0 1
58050 61372 6 1 0
58050 61372 7 0 1
58050 61372 8 0 1
58050 61372 9 0 1
58050 61372 10 0 1
!sus 136142 138423 4 6 311 attackers:138423;victims:136142;type:1;valid_origin:True;recurrent:True;local:False
136142 138423 1 311 0
136142 138423 2 301 10
136142 138423 3 239 72
136142 138423 4 33 278
136142 138423 5 56 255
136142 138423 6 311 0
136142 138423 7 73 238
136142 138423 8 0 311
136142 138423 9 0 311
136142 138423 10 0 311
!leg 16066 43361 10 0 91 attackers:16066;victims:43361;type:1;valid_origin:True;recurrent:False;local:False
16066 43361 1 91 0
16066 43361 2 91 0
16066 43361 3 91 0
16066 43361 4 91 0
16066 43361 5 91 0
16066 43361 6 91 0
16066 43361 7 91 0
16066 43361 8 91 0
16066 43361 9 91 0
16066 43361 10 91 0
!leg 52974 268843 10 0 12 attackers:268843;victims:265391;type:2;valid_origin:True;recurrent:False;local:False
52974 268843 1 12 0
52974 268843 2 12 0
52974 268843 3 12 0
52974 268843 4 12 0
52974 268843 5 12 0
52974 268843 6 12 0
52974 268843 7 12 0
52974 268843 8 12 0
52974 268843 9 12 0
52974 268843 10 12 0
!leg 4766 23470 10 0 1 attackers:4766;victims:23470;type:1;valid_origin:True;recurrent:False;local:False
4766 23470 1 1 0
4766 23470 2 1 0
4766 23470 3 1 0
4766 23470 4 1 0
4766 23470 5 1 0
4766 23470 6 1 0
4766 23470 7 1 0
4766 23470 8 1 0
4766 23470 9 1 0
4766 23470 10 1 0
!sus 52900 273397 3 7 3 attackers:52900;victims:273397;type:1;valid_origin:True;recurrent:True;local:False
52900 273397 1 3 0
52900 273397 2 3 0
52900 273397 3 1 2
52900 273397 4 0 3
52900 273397 5 0 3
52900 273397 6 0 3
52900 273397 7 0 3
52900 273397 8 3 0
52900 273397 9 0 3
52900 273397 10 0 3
!sus 56630 200250 0 10 3 attackers:56630;victims:200250;type:1;valid_origin:True;recurrent:True;local:False
56630 200250 1 0 3
56630 200250 2 0 3
56630 200250 3 0 3
56630 200250 4 0 3
56630 200250 5 0 3
56630 200250 6 0 3
56630 200250 7 0 3
56630 200250 8 0 3
56630 200250 9 0 3
56630 200250 10 0 3
!sus 262977 268145 3 7 40 attackers:262977;victims:268145;type:1;valid_origin:True;recurrent:False;local:False
262977 268145 1 2 38
262977 268145 2 27 13
262977 268145 3 6 34
262977 268145 4 6 34
262977 268145 5 14 26
262977 268145 6 26 14
262977 268145 7 15 25
262977 268145 8 15 25
262977 268145 9 25 15
262977 268145 10 8 32
!sus 44677 209024 0 10 3 attackers:209024;victims:44677;type:1;valid_origin:True;recurrent:True;local:False
44677 209024 1 0 3
44677 209024 2 1 2
44677 209024 3 0 3
44677 209024 4 0 3
44677 209024 5 0 3
44677 209024 6 0 3
44677 209024 7 0 3
44677 209024 8 0 3
44677 209024 9 0 3
44677 209024 10 0 3
!leg 262463 267469 10 0 17 attackers:262463;victims:266253,271035,267185;type:2,3;valid_origin:True;recurrent:False;local:False
262463 267469 1 17 0
262463 267469 2 17 0
262463 267469 3 17 0
262463 267469 4 17 0
262463 267469 5 17 0
262463 267469 6 17 0
262463 267469 7 17 0
262463 267469 8 17 0
262463 267469 9 17 0
262463 267469 10 17 0
!sus 42 41160 0 10 2 attackers:41160;victims:187,42;type:1,2;valid_origin:True;recurrent:True;local:False
42 41160 1 1 1
42 41160 2 1 1
42 41160 3 1 1
42 41160 4 1 1
42 41160 5 1 1
42 41160 6 1 1
42 41160 7 1 1
42 41160 8 1 1
42 41160 9 1 1
42 41160 10 1 1
!sus 41160 197000 4 6 1 attackers:41160;victims:197000;type:1;valid_origin:True;recurrent:False;local:False
41160 197000 1 0 1
41160 197000 2 0 1
41160 197000 3 0 1
41160 197000 4 0 1
41160 197000 5 0 1
41160 197000 6 0 1
41160 197000 7 1 0
41160 197000 8 1 0
41160 197000 9 1 0
41160 197000 10 1 0
!sus 262977 272501 0 10 11 attackers:262977;victims:272501;type:1;valid_origin:True;recurrent:False;local:False
262977 272501 1 1 10
262977 272501 2 2 9
262977 272501 3 2 9
262977 272501 4 2 9
262977 272501 5 2 9
262977 272501 6 4 7
262977 272501 7 1 10
262977 272501 8 1 10
262977 272501 9 2 9
262977 272501 10 2 9
!sus 208753 209735 0 10 83 attackers:209735;victims:208753;type:1;valid_origin:True;recurrent:True;local:False
208753 209735 1 0 83
208753 209735 2 0 83
208753 209735 3 4 79
208753 209735 4 2 81
208753 209735 5 4 79
208753 209735 6 6 77
208753 209735 7 6 77
208753 209735 8 6 77
208753 209735 9 6 77
208753 209735 10 6 77
!sus 50272 59720 7 3 1 attackers:50272;victims:59720;type:1;valid_origin:True;recurrent:True;local:False
50272 59720 1 1 0
50272 59720 2 0 1
50272 59720 3 1 0
50272 59720 4 0 1
50272 59720 5 0 1
50272 59720 6 1 0
50272 59720 7 1 0
50272 59720 8 1 0
50272 59720 9 1 0
50272 59720 10 1 0
!sus 29632 205255 0 10 1 attackers:29632;victims:205255;type:1;valid_origin:True;recurrent:True;local:False
29632 205255 1 0 1
29632 205255 2 0 1
29632 205255 3 0 1
29632 205255 4 0 1
29632 205255 5 0 1
29632 205255 6 0 1
29632 205255 7 0 1
29632 205255 8 0 1
29632 205255 9 0 1
29632 205255 10 0 1
!leg 21574 265141 10 0 57 attackers:21574;victims:265141;type:1;valid_origin:True;recurrent:True;local:False
21574 265141 1 57 0
21574 265141 2 57 0
21574 265141 3 57 0
21574 265141 4 57 0
21574 265141 5 57 0
21574 265141 6 57 0
21574 265141 7 57 0
21574 265141 8 57 0
21574 265141 9 57 0
21574 265141 10 57 0
!sus 151841 206075 8 2 214 attackers:206075;victims:151841;type:1;valid_origin:True;recurrent:True;local:False
151841 206075 1 0 214
151841 206075 2 3 211
151841 206075 3 118 96
151841 206075 4 213 1
151841 206075 5 198 16
151841 206075 6 200 14
151841 206075 7 186 28
151841 206075 8 195 19
151841 206075 9 183 31
151841 206075 10 214 0
!sus 54113 140171 0 10 78 attackers:140171;victims:54113;type:1;valid_origin:True;recurrent:False;local:False
54113 140171 1 0 78
54113 140171 2 0 78
54113 140171 3 0 78
54113 140171 4 0 78
54113 140171 5 0 78
54113 140171 6 0 78
54113 140171 7 0 78
54113 140171 8 0 78
54113 140171 9 0 78
54113 140171 10 0 78
!sus 31549 216131 5 5 2 attackers:31549;victims:216131;type:1;valid_origin:True;recurrent:True;local:False
31549 216131 1 2 0
31549 216131 2 2 0
31549 216131 3 2 0
31549 216131 4 0 2
31549 216131 5 0 2
31549 216131 6 2 0
31549 216131 7 0 2
31549 216131 8 2 0
31549 216131 9 0 2
31549 216131 10 0 2
!leg 132337 396856 10 0 1 attackers:132337;victims:396856;type:1;valid_origin:True;recurrent:False;local:True
132337 396856 1 1 0
132337 396856 2 1 0
132337 396856 3 1 0
132337 396856 4 1 0
132337 396856 5 1 0
132337 396856 6 1 0
132337 396856 7 1 0
132337 396856 8 1 0
132337 396856 9 1 0
132337 396856 10 1 0
!sus 7018 64295 2 8 1 attackers:7018;victims:64295;type:1;valid_origin:True;recurrent:True;local:False
7018 64295 1 1 0
7018 64295 2 0 1
7018 64295 3 0 1
7018 64295 4 0 1
7018 64295 5 0 1
7018 64295 6 1 0
7018 64295 7 0 1
7018 64295 8 0 1
7018 64295 9 0 1
7018 64295 10 0 1
!leg 264139 267613 10 0 1 attackers:267613;victims:264139;type:1;valid_origin:True;recurrent:False;local:False
264139 267613 1 1 0
264139 267613 2 1 0
264139 267613 3 1 0
264139 267613 4 1 0
264139 267613 5 1 0
264139 267613 6 1 0
264139 267613 7 1 0
264139 267613 8 1 0
264139 267613 9 1 0
264139 267613 10 1 0
!sus 13786 267942 7 3 8 attackers:267942;victims:264229;type:3;valid_origin:True;recurrent:True;local:False
13786 267942 1 0 8
13786 267942 2 2 6
13786 267942 3 2 6
13786 267942 4 8 0
13786 267942 5 8 0
13786 267942 6 8 0
13786 267942 7 8 0
13786 267942 8 8 0
13786 267942 9 8 0
13786 267942 10 8 0
!sus 265823 273116 3 7 1 attackers:265823;victims:273116;type:1;valid_origin:True;recurrent:True;local:False
265823 273116 1 1 0
265823 273116 2 1 0
265823 273116 3 1 0
265823 273116 4 0 1
265823 273116 5 0 1
265823 273116 6 0 1
265823 273116 7 0 1
265823 273116 8 0 1
265823 273116 9 0 1
265823 273116 10 0 1
!leg 267613 268420 10 0 1 attackers:267613;victims:268420;type:1;valid_origin:True;recurrent:False;local:False
267613 268420 1 1 0
267613 268420 2 1 0
267613 268420 3 1 0
267613 268420 4 1 0
267613 268420 5 1 0
267613 268420 6 1 0
267613 268420 7 1 0
267613 268420 8 1 0
267613 268420 9 1 0
267613 268420 10 1 0
!sus 57785 196695 0 10 3 attackers:196695;victims:57785;type:1;valid_origin:True;recurrent:True;local:False
57785 196695 1 0 3
57785 196695 2 0 3
57785 196695 3 0 3
57785 196695 4 0 3
57785 196695 5 0 3
57785 196695 6 0 3
57785 196695 7 0 3
57785 196695 8 0 3
57785 196695 9 0 3
57785 196695 10 0 3
!sus 209 399513 3 7 1 attackers:209;victims:399513;type:1;valid_origin:True;recurrent:True;local:False
209 399513 1 0 1
209 399513 2 1 0
209 399513 3 0 1
209 399513 4 1 0
209 399513 5 0 1
209 399513 6 1 0
209 399513 7 0 1
209 399513 8 0 1
209 399513 9 0 1
209 399513 10 0 1
!sus 202984 215895 8 2 1 attackers:202984;victims:215895;type:1;valid_origin:True;recurrent:True;local:False
202984 215895 1 1 0
202984 215895 2 1 0
202984 215895 3 1 0
202984 215895 4 1 0
202984 215895 5 1 0
202984 215895 6 1 0
202984 215895 7 1 0
202984 215895 8 1 0
202984 215895 9 0 1
202984 215895 10 0 1
!leg 53181 263966 10 0 1 attackers:53181;victims:263966;type:1;valid_origin:True;recurrent:False;local:False
53181 263966 1 1 0
53181 263966 2 1 0
53181 263966 3 1 0
53181 263966 4 1 0
53181 263966 5 1 0
53181 263966 6 1 0
53181 263966 7 1 0
53181 263966 8 1 0
53181 263966 9 1 0
53181 263966 10 1 0
!leg 45291 149662 10 0 159 attackers:149662;victims:134640;type:5;valid_origin:True;recurrent:False;local:False
45291 149662 1 159 0
45291 149662 2 159 0
45291 149662 3 159 0
45291 149662 4 159 0
45291 149662 5 159 0
45291 149662 6 159 0
45291 149662 7 159 0
45291 149662 8 159 0
45291 149662 9 159 0
45291 149662 10 159 0
!leg 135223 140171 10 0 113 attackers:140171;victims:135223;type:1;valid_origin:True;recurrent:False;local:False
135223 140171 1 113 0
135223 140171 2 113 0
135223 140171 3 113 0
135223 140171 4 113 0
135223 140171 5 113 0
135223 140171 6 113 0
135223 140171 7 113 0
135223 140171 8 113 0
135223 140171 9 113 0
135223 140171 10 113 0
!leg 267066 267613 10 0 1 attackers:267613;victims:267066;type:1;valid_origin:True;recurrent:False;local:False
267066 267613 1 1 0
267066 267613 2 1 0
267066 267613 3 1 0
267066 267613 4 1 0
267066 267613 5 1 0
267066 267613 6 1 0
267066 267613 7 1 0
267066 267613 8 1 0
267066 267613 9 1 0
267066 267613 10 1 0
!sus 58945 152168 8 2 85 attackers:58945;victims:152168;type:1;valid_origin:True;recurrent:True;local:False
58945 152168 1 85 0
58945 152168 2 56 29
58945 152168 3 77 8
58945 152168 4 80 5
58945 152168 5 49 36
58945 152168 6 52 33
58945 152168 7 46 39
58945 152168 8 72 13
58945 152168 9 0 85
58945 152168 10 0 85
!leg 21574 49820 10 0 3 attackers:21574;victims:49820;type:1;valid_origin:True;recurrent:True;local:False
21574 49820 1 2 1
21574 49820 2 2 1
21574 49820 3 2 1
21574 49820 4 2 1
21574 49820 5 2 1
21574 49820 6 2 1
21574 49820 7 3 0
21574 49820 8 3 0
21574 49820 9 3 0
21574 49820 10 3 0
!sus 50263 62081 0 10 2 attackers:62081;victims:39230;type:2;valid_origin:True;recurrent:True;local:False
50263 62081 1 0 2
50263 62081 2 0 2
50263 62081 3 0 2
50263 62081 4 0 2
50263 62081 5 0 2
50263 62081 6 0 2
50263 62081 7 0 2
50263 62081 8 0 2
50263 62081 9 0 2
50263 62081 10 0 2
!sus 51964 216134 4 6 2 attackers:51964;victims:216134;type:1;valid_origin:True;recurrent:True;local:False
51964 216134 1 1 1
51964 216134 2 2 0
51964 216134 3 2 0
51964 216134 4 0 2
51964 216134 5 0 2
51964 216134 6 2 0
51964 216134 7 0 2
51964 216134 8 2 0
51964 216134 9 0 2
51964 216134 10 0 2
!sus 40545 55181 8 2 3 attackers:40545;victims:55181;type:1;valid_origin:True;recurrent:True;local:False
40545 55181 1 3 0
40545 55181 2 3 0
40545 55181 3 3 0
40545 55181 4 3 0
40545 55181 5 3 0
40545 55181 6 3 0
40545 55181 7 3 0
40545 55181 8 3 0
40545 55181 9 0 3
40545 55181 10 0 3
!sus 140607 149283 5 5 1 attackers:140607;victims:149283;type:1;valid_origin:True;recurrent:True;local:False
140607 149283 1 1 0
140607 149283 2 1 0
140607 149283 3 1 0
140607 149283 4 0 1
140607 149283 5 0 1
140607 149283 6 1 0
140607 149283 7 0 1
140607 149283 8 1 0
140607 149283 9 0 1
140607 149283 10 0 1
!sus 53201 262977 0 10 16 attackers:262977;victims:53201;type:1;valid_origin:True;recurrent:False;local:False
53201 262977 1 0 16
53201 262977 2 2 14
53201 262977 3 2 14
53201 262977 4 2 14
53201 262977 5 2 14
53201 262977 6 3 13
53201 262977 7 2 14
53201 262977 8 1 15
53201 262977 9 2 14
53201 262977 10 2 14
!sus 58854 138915 0 10 20 attackers:138915;victims:58854;type:1;valid_origin:False;recurrent:False;local:False
58854 138915 1 2 18
58854 138915 2 0 20
58854 138915 3 4 16
58854 138915 4 0 20
58854 138915 5 3 17
58854 138915 6 4 16
58854 138915 7 3 17
58854 138915 8 5 15
58854 138915 9 6 14
58854 138915 10 4 16
!sus 3216 9121 0 10 82 attackers:9121;victims:3235,8402;type:2;valid_origin:True;recurrent:True;local:False
3216 9121 1 0 82
3216 9121 2 0 82
3216 9121 3 1 81
3216 9121 4 1 81
3216 9121 5 1 81
3216 9121 6 1 81
3216 9121 7 1 81
3216 9121 8 1 81
3216 9121 9 1 81
3216 9121 10 1 81
!sus 4 139952 0 10 1 attackers:139952;victims:4;type:1;valid_origin:False;recurrent:True;local:False
4 139952 1 0 1
4 139952 2 0 1
4 139952 3 0 1
4 139952 4 0 1
4 139952 5 0 1
4 139952 6 0 1
4 139952 7 0 1
4 139952 8 0 1
4 139952 9 0 1
4 139952 10 0 1
!sus 58655 152160 7 3 9 attackers:58655;victims:152160;type:1;valid_origin:True;recurrent:True;local:False
58655 152160 1 9 0
58655 152160 2 9 0
58655 152160 3 9 0
58655 152160 4 9 0
58655 152160 5 3 6
58655 152160 6 9 0
58655 152160 7 9 0
58655 152160 8 9 0
58655 152160 9 3 6
58655 152160 10 0 9
!sus 264096 273404 8 2 18 attackers:264096;victims:273404;type:1;valid_origin:True;recurrent:True;local:False
264096 273404 1 18 0
264096 273404 2 18 0
264096 273404 3 18 0
264096 273404 4 17 1
264096 273404 5 10 8
264096 273404 6 18 0
264096 273404 7 18 0
264096 273404 8 18 0
264096 273404 9 1 17
264096 273404 10 0 18
!leg 267613 271348 10 0 1 attackers:267613;victims:271348;type:1;valid_origin:True;recurrent:False;local:False
267613 271348 1 1 0
267613 271348 2 1 0
267613 271348 3 1 0
267613 271348 4 1 0
267613 271348 5 1 0
267613 271348 6 1 0
267613 271348 7 1 0
267613 271348 8 1 0
267613 271348 9 1 0
267613 271348 10 1 0
!leg 266071 267469 10 0 25 attackers:266071;victims:271035;type:3;valid_origin:True;recurrent:False;local:False
266071 267469 1 25 0
266071 267469 2 25 0
266071 267469 3 25 0
266071 267469 4 25 0
266071 267469 5 25 0
266071 267469 6 25 0
266071 267469 7 25 0
266071 267469 8 25 0
266071 267469 9 25 0
266071 267469 10 25 0
!leg 136289 142485 10 0 63 attackers:136289;victims:150073;type:2;valid_origin:True;recurrent:False;local:False
136289 142485 1 63 0
136289 142485 2 63 0
136289 142485 3 63 0
136289 142485 4 63 0
136289 142485 5 63 0
136289 142485 6 63 0
136289 142485 7 63 0
136289 142485 8 63 0
136289 142485 9 63 0
136289 142485 10 63 0
!sus 24555 63528 8 2 87 attackers:63528;victims:24555;type:1;valid_origin:True;recurrent:True;local:False
24555 63528 1 0 87
24555 63528 2 8 79
24555 63528 3 86 1
24555 63528 4 86 1
24555 63528 5 87 0
24555 63528 6 87 0
24555 63528 7 87 0
24555 63528 8 87 0
24555 63528 9 87 0
24555 63528 10 87 0
!sus 26042 215898 4 6 3 attackers:26042;victims:215898;type:1;valid_origin:True;recurrent:True;local:False
26042 215898 1 3 0
26042 215898 2 3 0
26042 215898 3 3 0
26042 215898 4 0 3
26042 215898 5 0 3
26042 215898 6 2 1
26042 215898 7 0 3
26042 215898 8 0 3
26042 215898 9 0 3
26042 215898 10 0 3
!sus 13645 32903 0 10 3 attackers:13645;victims:32903;type:1;valid_origin:True;recurrent:True;local:False
13645 32903 1 0 3
13645 32903 2 0 3
13645 32903 3 0 3
13645 32903 4 0 3
13645 32903 5 0 3
13645 32903 6 0 3
13645 32903 7 0 3
13645 32903 8 0 3
13645 32903 9 0 3
13645 32903 10 0 3
!sus 3269 198462 2 8 9 attackers:3269;victims:198462;type:1;valid_origin:True;recurrent:True;local:False
3269 198462 1 9 0
3269 198462 2 8 1
3269 198462 3 0 9
3269 198462 4 0 9
3269 198462 5 0 9
3269 198462 6 1 8
3269 198462 7 0 9
3269 198462 8 0 9
3269 198462 9 0 9
3269 198462 10 0 9
!sus 57695 210041 4 6 6 attackers:57695;victims:210041;type:1;valid_origin:True;recurrent:True;local:False
57695 210041 1 0 6
57695 210041 2 0 6
57695 210041 3 3 3
57695 210041 4 0 6
57695 210041 5 3 3
57695 210041 6 4 2
57695 210041 7 3 3
57695 210041 8 4 2
57695 210041 9 4 2
57695 210041 10 4 2
!sus 28 51019 0 10 3 attackers:51019;victims:28;type:1;valid_origin:True;recurrent:True;local:False
28 51019 1 0 3
28 51019 2 0 3
28 51019 3 0 3
28 51019 4 0 3
28 51019 5 0 3
28 51019 6 0 3
28 51019 7 0 3
28 51019 8 0 3
28 51019 9 0 3
28 51019 10 0 3
!leg 267056 268916 10 0 12 attackers:267056;victims:268916;type:1;valid_origin:True;recurrent:False;local:False
267056 268916 1 7 5
267056 268916 2 11 1
267056 268916 3 12 0
267056 268916 4 12 0
267056 268916 5 12 0
267056 268916 6 12 0
267056 268916 7 12 0
267056 268916 8 12 0
267056 268916 9 12 0
267056 268916 10 12 0
!sus 203363 208046 5 5 11 attackers:208046;victims:203363;type:1;valid_origin:True;recurrent:True;local:False
203363 208046 1 6 5
203363 208046 2 4 7
203363 208046 3 0 11
203363 208046 4 4 7
203363 208046 5 4 7
203363 208046 6 7 4
203363 208046 7 6 5
203363 208046 8 7 4
203363 208046 9 7 4
203363 208046 10 4 7
!sus 7018 19412 2 8 1 attackers:7018;victims:19412;type:1;valid_origin:True;recurrent:True;local:False
7018 19412 1 1 0
7018 19412 2 0 1
7018 19412 3 0 1
7018 19412 4 0 1
7018 19412 5 0 1
7018 19412 6 1 0
7018 19412 7 0 1
7018 19412 8 0 1
7018 19412 9 0 1
7018 19412 10 0 1
!sus 36944 329376 0 10 7 attackers:36944;victims:329376;type:1;valid_origin:True;recurrent:True;local:False
36944 329376 1 3 4
36944 329376 2 0 7
36944 329376 3 0 7
36944 329376 4 0 7
36944 329376 5 0 7
36944 329376 6 0 7
36944 329376 7 0 7
36944 329376 8 0 7
36944 329376 9 0 7
36944 329376 10 0 7
!sus 4538 140570 0 10 14 attackers:140570;victims:4538;type:1;valid_origin:True;recurrent:True;local:False
4538 140570 1 3 11
4538 140570 2 3 11
4538 140570 3 6 8
4538 140570 4 4 10
4538 140570 5 5 9
4538 140570 6 4 10
4538 140570 7 6 8
4538 140570 8 5 9
4538 140570 9 7 7
4538 140570 10 6 8
!sus 54998 62844 0 10 1 attackers:62844;victims:54998;type:1;valid_origin:True;recurrent:True;local:False
54998 62844 1 0 1
54998 62844 2 0 1
54998 62844 3 0 1
54998 62844 4 0 1
54998 62844 5 0 1
54998 62844 6 0 1
54998 62844 7 0 1
54998 62844 8 0 1
54998 62844 9 0 1
54998 62844 10 0 1
!sus 12695 21574 9 1 4 attackers:21574;victims:34121;type:2;valid_origin:True;recurrent:True;local:False
12695 21574 1 2 2
12695 21574 2 4 0
12695 21574 3 4 0
12695 21574 4 4 0
12695 21574 5 4 0
12695 21574 6 4 0
12695 21574 7 4 0
12695 21574 8 4 0
12695 21574 9 4 0
12695 21574 10 4 0
!sus 39176 216329 0 10 3 attackers:39176;victims:216329;type:1;valid_origin:True;recurrent:True;local:False
39176 216329 1 0 3
39176 216329 2 0 3
39176 216329 3 0 3
39176 216329 4 0 3
39176 216329 5 0 3
39176 216329 6 0 3
39176 216329 7 0 3
39176 216329 8 0 3
39176 216329 9 0 3
39176 216329 10 0 3
!sus 15169 39686 8 2 1 attackers:39686;victims:396982;type:2;valid_origin:True;recurrent:True;local:False
15169 39686 1 0 1
15169 39686 2 0 1
15169 39686 3 1 0
15169 39686 4 1 0
15169 39686 5 1 0
15169 39686 6 1 0
15169 39686 7 1 0
15169 39686 8 1 0
15169 39686 9 1 0
15169 39686 10 1 0
!sus 201492 210819 0 10 1 attackers:201492;victims:210819;type:1;valid_origin:True;recurrent:True;local:False
201492 210819 1 0 1
201492 210819 2 0 1
201492 210819 3 0 1
201492 210819 4 0 1
201492 210819 5 0 1
201492 210819 6 0 1
201492 210819 7 0 1
201492 210819 8 0 1
201492 210819 9 0 1
201492 210819 10 0 1
!sus 208753 393577 0 10 262 attackers:393577;victims:208753;type:1;valid_origin:True;recurrent:True;local:False
208753 393577 1 1 261
208753 393577 2 2 260
208753 393577 3 2 260
208753 393577 4 4 258
208753 393577 5 3 259
208753 393577 6 4 258
208753 393577 7 4 258
208753 393577 8 3 259
208753 393577 9 5 257
208753 393577 10 21 241
!sus 4229 41494 0 10 1 attackers:41494;victims:21859;type:2;valid_origin:True;recurrent:True;local:False
4229 41494 1 0 1
4229 41494 2 0 1
4229 41494 3 0 1
4229 41494 4 0 1
4229 41494 5 0 1
4229 41494 6 0 1
4229 41494 7 0 1
4229 41494 8 0 1
4229 41494 9 0 1
4229 41494 10 0 1
!leg 4766 26496 10 0 1 attackers:4766;victims:26496;type:1;valid_origin:True;recurrent:False;local:False
4766 26496 1 1 0
4766 26496 2 1 0
4766 26496 3 1 0
4766 26496 4 1 0
4766 26496 5 1 0
4766 26496 6 1 0
4766 26496 7 1 0
4766 26496 8 1 0
4766 26496 9 1 0
4766 26496 10 1 0
!sus 13335 38442 0 10 4 attackers:38442;victims:13335;type:1;valid_origin:True;recurrent:True;local:False
13335 38442 1 0 4
13335 38442 2 0 4
13335 38442 3 0 4
13335 38442 4 0 4
13335 38442 5 0 4
13335 38442 6 0 4
13335 38442 7 0 4
13335 38442 8 0 4
13335 38442 9 0 4
13335 38442 10 0 4
!sus 47152 211411 3 7 4 attackers:47152;victims:211411;type:1;valid_origin:True;recurrent:True;local:False
47152 211411 1 0 4
47152 211411 2 0 4
47152 211411 3 2 2
47152 211411 4 2 2
47152 211411 5 2 2
47152 211411 6 2 2
47152 211411 7 1 3
47152 211411 8 3 1
47152 211411 9 3 1
47152 211411 10 3 1
!sus 2 135636 0 10 9 attackers:135636;victims:2;type:1;valid_origin:False;recurrent:True;local:False
2 135636 1 0 9
2 135636 2 0 9
2 135636 3 0 9
2 135636 4 0 9
2 135636 5 0 9
2 135636 6 0 9
2 135636 7 0 9
2 135636 8 0 9
2 135636 9 0 9
2 135636 10 0 9
!sus 44889 215850 5 5 15 attackers:44889;victims:215850;type:1;valid_origin:True;recurrent:True;local:False
44889 215850 1 15 0
44889 215850 2 15 0
44889 215850 3 15 0
44889 215850 4 0 15
44889 215850 5 0 15
44889 215850 6 13 2
44889 215850 7 0 15
44889 215850 8 15 0
44889 215850 9 0 15
44889 215850 10 0 15
!sus 23764 264570 0 10 29 attackers:23764;victims:264570;type:1;valid_origin:True;recurrent:True;local:False
23764 264570 1 0 29
23764 264570 2 1 28
23764 264570 3 9 20
23764 264570 4 11 18
23764 264570 5 12 17
23764 264570 6 10 19
23764 264570 7 11 18
23764 264570 8 5 24
23764 264570 9 14 15
23764 264570 10 10 19
!sus 13768 43541 6 4 2 attackers:13768;victims:43541;type:1;valid_origin:True;recurrent:True;local:False
13768 43541 1 0 2
13768 43541 2 0 2
13768 43541 3 1 1
13768 43541 4 2 0
13768 43541 5 2 0
13768 43541 6 1 1
13768 43541 7 2 0
13768 43541 8 2 0
13768 43541 9 2 0
13768 43541 10 2 0
!sus 24239 38255 0 10 4 attackers:24239;victims:209300;type:2;valid_origin:True;recurrent:True;local:False
24239 38255 1 0 4
24239 38255 2 0 4
24239 38255 3 0 4
24239 38255 4 0 4
24239 38255 5 0 4
24239 38255 6 0 4
24239 38255 7 0 4
24239 38255 8 0 4
24239 38255 9 0 4
24239 38255 10 0 4
!sus 38074 150325 8 2 7 attackers:38074;victims:150325;type:1;valid_origin:True;recurrent:True;local:False
38074 150325 1 1 6
38074 150325 2 2 5
38074 150325 3 7 0
38074 150325 4 7 0
38074 150325 5 7 0
38074 150325 6 7 0
38074 150325 7 7 0
38074 150325 8 7 0
38074 150325 9 7 0
38074 150325 10 7 0
!leg 264465 267613 10 0 1 attackers:267613;victims:264465;type:1;valid_origin:True;recurrent:False;local:False
264465 267613 1 1 0
264465 267613 2 1 0
264465 267613 3 1 0
264465 267613 4 1 0
264465 267613 5 1 0
264465 267613 6 1 0
264465 267613 7 1 0
264465 267613 8 1 0
264465 267613 9 1 0
264465 267613 10 1 0
!sus 49304 131640 0 10 27 attackers:49304;victims:131640;type:1;valid_origin:True;recurrent:True;local:False
49304 131640 1 0 27
49304 131640 2 6 21
49304 131640 3 0 27
49304 131640 4 0 27
49304 131640 5 0 27
49304 131640 6 0 27
49304 131640 7 0 27
49304 131640 8 0 27
49304 131640 9 0 27
49304 131640 10 0 27
!sus 59318 137491 6 4 1 attackers:59318;victims:13335;type:2;valid_origin:True;recurrent:True;local:True
59318 137491 1 0 1
59318 137491 2 0 1
59318 137491 3 0 1
59318 137491 4 0 1
59318 137491 5 1 0
59318 137491 6 1 0
59318 137491 7 1 0
59318 137491 8 1 0
59318 137491 9 1 0
59318 137491 10 1 0
!sus 204866 210031 0 10 2 attackers:204866;victims:210031;type:1;valid_origin:True;recurrent:True;local:False
204866 210031 1 0 2
204866 210031 2 0 2
204866 210031 3 0 2
204866 210031 4 0 2
204866 210031 5 0 2
204866 210031 6 0 2
204866 210031 7 0 2
204866 210031 8 0 2
204866 210031 9 0 2
204866 210031 10 0 2
!sus 56286 147049 0 10 6 attackers:56286;victims:147049;type:1;valid_origin:True;recurrent:True;local:False
56286 147049 1 0 6
56286 147049 2 0 6
56286 147049 3 0 6
56286 147049 4 0 6
56286 147049 5 0 6
56286 147049 6 0 6
56286 147049 7 0 6
56286 147049 8 0 6
56286 147049 9 0 6
56286 147049 10 0 6
!sus 44302 196970 0 10 93 attackers:44302;victims:196970;type:1;valid_origin:True;recurrent:True;local:False
44302 196970 1 0 93
44302 196970 2 0 93
44302 196970 3 0 93
44302 196970 4 0 93
44302 196970 5 0 93
44302 196970 6 0 93
44302 196970 7 0 93
44302 196970 8 0 93
44302 196970 9 0 93
44302 196970 10 0 93
!sus 266922 273350 1 9 5 attackers:266922;victims:273350;type:1;valid_origin:True;recurrent:True;local:False
266922 273350 1 5 0
266922 273350 2 2 3
266922 273350 3 2 3
266922 273350 4 0 5
266922 273350 5 0 5
266922 273350 6 0 5
266922 273350 7 0 5
266922 273350 8 0 5
266922 273350 9 0 5
266922 273350 10 0 5
!sus 205192 215812 5 5 3 attackers:205192;victims:215812;type:1;valid_origin:True;recurrent:True;local:False
205192 215812 1 3 0
205192 215812 2 3 0
205192 215812 3 3 0
205192 215812 4 0 3
205192 215812 5 0 3
205192 215812 6 2 1
205192 215812 7 0 3
205192 215812 8 3 0
205192 215812 9 0 3
205192 215812 10 0 3
!sus 8849 200250 0 10 141 attackers:8849;victims:200250;type:1;valid_origin:True;recurrent:True;local:False
8849 200250 1 0 141
8849 200250 2 0 141
8849 200250 3 0 141
8849 200250 4 0 141
8849 200250 5 0 141
8849 200250 6 0 141
8849 200250 7 0 141
8849 200250 8 0 141
8849 200250 9 0 141
8849 200250 10 0 141
!sus 38255 209300 0 10 4 attackers:38255;victims:209300;type:1;valid_origin:True;recurrent:True;local:False
38255 209300 1 0 4
38255 209300 2 0 4
38255 209300 3 0 4
38255 209300 4 0 4
38255 209300 5 0 4
38255 209300 6 0 4
38255 209300 7 0 4
38255 209300 8 0 4
38255 209300 9 0 4
38255 209300 10 0 4
!sus 61948 262977 1 9 40 attackers:262977;victims:61948;type:1;valid_origin:True;recurrent:False;local:False
61948 262977 1 0 40
61948 262977 2 4 36
61948 262977 3 6 34
61948 262977 4 6 34
61948 262977 5 2 38
61948 262977 6 31 9
61948 262977 7 6 34
61948 262977 8 18 22
61948 262977 9 8 32
61948 262977 10 6 34
!leg 29390 205266 10 0 3 attackers:29390;victims:205266;type:1;valid_origin:True;recurrent:False;local:False
29390 205266 1 2 1
29390 205266 2 3 0
29390 205266 3 3 0
29390 205266 4 2 1
29390 205266 5 2 1
29390 205266 6 3 0
29390 205266 7 2 1
29390 205266 8 3 0
29390 205266 9 3 0
29390 205266 10 3 0
!sus 138423 151365 5 5 138 attackers:138423;victims:151365;type:1;valid_origin:True;recurrent:True;local:False
138423 151365 1 131 7
138423 151365 2 138 0
138423 151365 3 133 5
138423 151365 4 0 138
138423 151365 5 1 137
138423 151365 6 135 3
138423 151365 7 0 138
138423 151365 8 128 10
138423 151365 9 0 138
138423 151365 10 0 138
!sus 134517 152093 0 10 9 attackers:134517;victims:152093;type:1;valid_origin:True;recurrent:True;local:False
134517 152093 1 0 9
134517 152093 2 0 9
134517 152093 3 0 9
134517 152093 4 0 9
134517 152093 5 0 9
134517 152093 6 0 9
134517 152093 7 0 9
134517 152093 8 0 9
134517 152093 9 0 9
134517 152093 10 0 9
!sus 24534 151993 7 3 3 attackers:24534;victims:151993;type:1;valid_origin:True;recurrent:True;local:False
24534 151993 1 3 0
24534 151993 2 3 0
24534 151993 3 3 0
24534 151993 4 3 0
24534 151993 5 3 0
24534 151993 6 1 2
24534 151993 7 2 1
24534 151993 8 3 0
24534 151993 9 0 3
24534 151993 10 0 3
!leg 4766 25668 10 0 1 attackers:4766;victims:25668;type:1;valid_origin:True;recurrent:False;local:False
4766 25668 1 1 0
4766 25668 2 1 0
4766 25668 3 1 0
4766 25668 4 1 0
4766 25668 5 1 0
4766 25668 6 1 0
4766 25668 7 1 0
4766 25668 8 1 0
4766 25668 9 1 0
4766 25668 10 1 0
!leg 267613 270296 10 0 1 attackers:267613;victims:270296;type:1;valid_origin:True;recurrent:False;local:False
267613 270296 1 1 0
267613 270296 2 1 0
267613 270296 3 1 0
267613 270296 4 1 0
267613 270296 5 1 0
267613 270296 6 1 0
267613 270296 7 1 0
267613 270296 8 1 0
267613 270296 9 1 0
267613 270296 10 1 0
!sus 39364 49228 0 10 112 attackers:39364;victims:49228;type:1;valid_origin:True;recurrent:True;local:False
39364 49228 1 0 112
39364 49228 2 1 111
39364 49228 3 53 59
39364 49228 4 0 112
39364 49228 5 0 112
39364 49228 6 0 112
39364 49228 7 0 112
39364 49228 8 0 112
39364 49228 9 0 112
39364 49228 10 0 112
!sus 20940 61135 3 7 1 attackers:61135;victims:21342;type:2;valid_origin:True;recurrent:True;local:False
20940 61135 1 0 1
20940 61135 2 0 1
20940 61135 3 0 1
20940 61135 4 0 1
20940 61135 5 0 1
20940 61135 6 0 1
20940 61135 7 0 1
20940 61135 8 1 0
20940 61135 9 1 0
20940 61135 10 1 0
!leg 266095 267613 10 0 1 attackers:267613;victims:266095;type:1;valid_origin:True;recurrent:False;local:False
266095 267613 1 1 0
266095 267613 2 1 0
266095 267613 3 1 0
266095 267613 4 1 0
266095 267613 5 1 0
266095 267613 6 1 0
266095 267613 7 1 0
266095 267613 8 1 0
266095 267613 9 1 0
266095 267613 10 1 0
!sus 48090 215845 0 10 4 attackers:48090;victims:215845;type:1;valid_origin:True;recurrent:True;local:False
48090 215845 1 0 4
48090 215845 2 0 4
48090 215845 3 0 4
48090 215845 4 0 4
48090 215845 5 0 4
48090 215845 6 0 4
48090 215845 7 0 4
48090 215845 8 0 4
48090 215845 9 0 4
48090 215845 10 0 4
!leg 265010 267613 10 0 1 attackers:267613;victims:265010;type:1;valid_origin:True;recurrent:False;local:False
265010 267613 1 1 0
265010 267613 2 1 0
265010 267613 3 1 0
265010 267613 4 1 0
265010 267613 5 1 0
265010 267613 6 1 0
265010 267613 7 1 0
265010 267613 8 1 0
265010 267613 9 1 0
265010 267613 10 1 0
!sus 41051 215980 5 5 2 attackers:41051;victims:215980;type:1;valid_origin:True;recurrent:True;local:False
41051 215980 1 0 2
41051 215980 2 1 1
41051 215980 3 1 1
41051 215980 4 2 0
41051 215980 5 1 1
41051 215980 6 1 1
41051 215980 7 2 0
41051 215980 8 2 0
41051 215980 9 2 0
41051 215980 10 2 0
!leg 21574 266107 10 0 26 attackers:21574;victims:266107;type:1;valid_origin:True;recurrent:True;local:False
21574 266107 1 26 0
21574 266107 2 26 0
21574 266107 3 26 0
21574 266107 4 26 0
21574 266107 5 26 0
21574 266107 6 26 0
21574 266107 7 26 0
21574 266107 8 26 0
21574 266107 9 26 0
21574 266107 10 26 0
!sus 36902 37343 2 8 57 attackers:37343;victims:36902;type:1;valid_origin:True;recurrent:True;local:False
36902 37343 1 32 25
36902 37343 2 38 19
36902 37343 3 0 57
36902 37343 4 0 57
36902 37343 5 0 57
36902 37343 6 0 57
36902 37343 7 0 57
36902 37343 8 0 57
36902 37343 9 1 56
36902 37343 10 0 57
!sus 29396 206813 7 3 1 attackers:29396;victims:206740;type:6;valid_origin:True;recurrent:True;local:False
29396 206813 1 0 1
29396 206813 2 0 1
29396 206813 3 0 1
29396 206813 4 1 0
29396 206813 5 1 0
29396 206813 6 1 0
29396 206813 7 1 0
29396 206813 8 1 0
29396 206813 9 1 0
29396 206813 10 1 0
