!sus 33387 211358 5 5 7 attackers:33387;victims:211358;type:1;valid_origin:True;recurrent:True;local:False
33387 211358 1 0 7
33387 211358 2 0 7
33387 211358 3 0 7
33387 211358 4 0 7
33387 211358 5 5 2
33387 211358 6 2 5
33387 211358 7 4 3
33387 211358 8 5 2
33387 211358 9 5 2
33387 211358 10 6 1
!sus 61708 273544 2 8 4 attackers:61708;victims:273544;type:1;valid_origin:True;recurrent:True;local:False
61708 273544 1 1 3
61708 273544 2 4 0
61708 273544 3 4 0
61708 273544 4 0 4
61708 273544 5 0 4
61708 273544 6 0 4
61708 273544 7 0 4
61708 273544 8 0 4
61708 273544 9 0 4
61708 273544 10 0 4
!sus 9425 151449 0 10 1 attackers:9425;victims:151449;type:1;valid_origin:True;recurrent:True;local:False
9425 151449 1 0 1
9425 151449 2 0 1
9425 151449 3 0 1
9425 151449 4 0 1
9425 151449 5 0 1
9425 151449 6 0 1
9425 151449 7 0 1
9425 151449 8 0 1
9425 151449 9 0 1
9425 151449 10 0 1
!sus 138423 153390 7 3 58 attackers:138423;victims:153390;type:1;valid_origin:True;recurrent:True;local:False
138423 153390 1 57 1
138423 153390 2 58 0
138423 153390 3 58 0
138423 153390 4 57 1
138423 153390 5 58 0
138423 153390 6 57 1
138423 153390 7 57 1
138423 153390 8 0 58
138423 153390 9 0 58
138423 153390 10 0 58
!sus 30844 37451 9 1 2 attackers:30844;victims:37020;type:3,6;valid_origin:True;recurrent:True;local:False
30844 37451 1 1 1
30844 37451 2 2 0
30844 37451 3 2 0
30844 37451 4 2 0
30844 37451 5 2 0
30844 37451 6 2 0
30844 37451 7 2 0
30844 37451 8 2 0
30844 37451 9 2 0
30844 37451 10 2 0
!sus 9425 151458 0 10 1 attackers:9425;victims:151458;type:1;valid_origin:True;recurrent:True;local:False
9425 151458 1 0 1
9425 151458 2 0 1
9425 151458 3 0 1
9425 151458 4 0 1
9425 151458 5 0 1
9425 151458 6 0 1
9425 151458 7 0 1
9425 151458 8 0 1
9425 151458 9 0 1
9425 151458 10 0 1
!leg 4657 48294 10 0 1 attackers:4657;victims:48294;type:1;valid_origin:True;recurrent:False;local:False
4657 48294 1 1 0
4657 48294 2 1 0
4657 48294 3 1 0
4657 48294 4 1 0
4657 48294 5 1 0
4657 48294 6 1 0
4657 48294 7 1 0
4657 48294 8 1 0
4657 48294 9 1 0
4657 48294 10 1 0
!sus 262179 263812 1 9 1 attackers:262179;victims:263812;type:1;valid_origin:True;recurrent:True;local:False
262179 263812 1 0 1
262179 263812 2 0 1
262179 263812 3 0 1
262179 263812 4 0 1
262179 263812 5 0 1
262179 263812 6 0 1
262179 263812 7 0 1
262179 263812 8 0 1
262179 263812 9 0 1
262179 263812 10 1 0
!sus 272073 273909 5 5 52 attackers:272073;victims:273909;type:1;valid_origin:True;recurrent:True;local:False
272073 273909 1 30 22
272073 273909 2 43 9
272073 273909 3 46 6
272073 273909 4 13 39
272073 273909 5 6 46
272073 273909 6 48 4
272073 273909 7 31 21
272073 273909 8 0 52
272073 273909 9 0 52
272073 273909 10 0 52
!sus 48326 204384 9 1 2 attackers:48326;victims:204384;type:1;valid_origin:True;recurrent:True;local:False
48326 204384 1 1 1
48326 204384 2 2 0
48326 204384 3 2 0
48326 204384 4 2 0
48326 204384 5 2 0
48326 204384 6 2 0
48326 204384 7 2 0
48326 204384 8 2 0
48326 204384 9 2 0
48326 204384 10 2 0
!leg 4637 139341 10 0 1 attackers:4637;victims:139341;type:1;valid_origin:True;recurrent:False;local:False
4637 139341 1 1 0
4637 139341 2 1 0
4637 139341 3 1 0
4637 139341 4 1 0
4637 139341 5 1 0
4637 139341 6 1 0
4637 139341 7 1 0
4637 139341 8 1 0
4637 139341 9 1 0
4637 139341 10 1 0
!leg 24088 153013 10 0 40 attackers:24088;victims:153013;type:1;valid_origin:True;recurrent:False;local:False
24088 153013 1 40 0
24088 153013 2 40 0
24088 153013 3 40 0
24088 153013 4 40 0
24088 153013 5 40 0
24088 153013 6 40 0
24088 153013 7 40 0
24088 153013 8 40 0
24088 153013 9 37 3
24088 153013 10 40 0
!sus 41051 213758 1 9 4 attackers:41051;victims:213758;type:1;valid_origin:True;recurrent:True;local:False
41051 213758 1 0 4
41051 213758 2 0 4
41051 213758 3 0 4
41051 213758 4 0 4
41051 213758 5 0 4
41051 213758 6 0 4
41051 213758 7 0 4
41051 213758 8 0 4
41051 213758 9 1 3
41051 213758 10 3 1
!sus 21446 213717 4 6 145 attackers:21446;victims:213717;type:1;valid_origin:True;recurrent:True;local:False
21446 213717 1 130 15
21446 213717 2 132 13
21446 213717 3 142 3
21446 213717 4 0 145
21446 213717 5 136 9
21446 213717 6 47 98
21446 213717 7 32 113
21446 213717 8 0 145
21446 213717 9 0 145
21446 213717 10 0 145
!sus 21056 198320 9 1 3 attackers:21056;victims:198320;type:1;valid_origin:True;recurrent:True;local:False
21056 198320 1 1 2
21056 198320 2 3 0
21056 198320 3 3 0
21056 198320 4 3 0
21056 198320 5 3 0
21056 198320 6 3 0
21056 198320 7 3 0
21056 198320 8 3 0
21056 198320 9 3 0
21056 198320 10 3 0
!sus 142271 150462 8 2 1 attackers:142271;victims:150462;type:1;valid_origin:True;recurrent:True;local:True
142271 150462 1 0 1
142271 150462 2 0 1
142271 150462 3 1 0
142271 150462 4 1 0
142271 150462 5 1 0
142271 150462 6 1 0
142271 150462 7 1 0
142271 150462 8 1 0
142271 150462 9 1 0
142271 150462 10 1 0
!sus 270026 273851 5 5 3 attackers:270026;victims:273851;type:1;valid_origin:True;recurrent:True;local:False
270026 273851 1 3 0
270026 273851 2 3 0
270026 273851 3 3 0
270026 273851 4 0 3
270026 273851 5 3 0
270026 273851 6 1 2
270026 273851 7 3 0
270026 273851 8 0 3
270026 273851 9 0 3
270026 273851 10 0 3
!sus 51896 61302 0 10 8 attackers:61302;victims:60539;type:4;valid_origin:True;recurrent:True;local:False
51896 61302 1 0 8
51896 61302 2 0 8
51896 61302 3 0 8
51896 61302 4 0 8
51896 61302 5 0 8
51896 61302 6 0 8
51896 61302 7 0 8
51896 61302 8 0 8
51896 61302 9 0 8
51896 61302 10 0 8
!sus 59514 201814 7 3 1 attackers:59514;victims:201814;type:1;valid_origin:True;recurrent:True;local:True
59514 201814 1 0 1
59514 201814 2 0 1
59514 201814 3 1 0
59514 201814 4 0 1
59514 201814 5 1 0
59514 201814 6 1 0
59514 201814 7 1 0
59514 201814 8 1 0
59514 201814 9 1 0
59514 201814 10 1 0
!leg 198831 216222 10 0 51 attackers:198831;victims:216222;type:1;valid_origin:True;recurrent:False;local:False
198831 216222 1 51 0
198831 216222 2 51 0
198831 216222 3 51 0
198831 216222 4 51 0
198831 216222 5 51 0
198831 216222 6 51 0
198831 216222 7 51 0
198831 216222 8 51 0
198831 216222 9 51 0
198831 216222 10 51 0
!sus 9425 151451 0 10 1 attackers:9425;victims:151451;type:1;valid_origin:True;recurrent:True;local:False
9425 151451 1 0 1
9425 151451 2 0 1
9425 151451 3 0 1
9425 151451 4 0 1
9425 151451 5 0 1
9425 151451 6 0 1
9425 151451 7 0 1
9425 151451 8 0 1
9425 151451 9 0 1
9425 151451 10 0 1
!leg 12310 58022 10 0 1 attackers:12310;victims:58022;type:1;valid_origin:True;recurrent:False;local:False
12310 58022 1 1 0
12310 58022 2 1 0
12310 58022 3 1 0
12310 58022 4 1 0
12310 58022 5 1 0
12310 58022 6 1 0
12310 58022 7 1 0
12310 58022 8 1 0
12310 58022 9 1 0
12310 58022 10 1 0
!sus 20804 207336 7 3 1 attackers:207336;victims:2115;type:2;valid_origin:True;recurrent:True;local:False
20804 207336 1 0 1
20804 207336 2 0 1
20804 207336 3 0 1
20804 207336 4 1 0
20804 207336 5 1 0
20804 207336 6 1 0
20804 207336 7 1 0
20804 207336 8 1 0
20804 207336 9 1 0
20804 207336 10 1 0
!sus 49367 136258 8 2 12 attackers:49367;victims:136258;type:1;valid_origin:True;recurrent:True;local:False
49367 136258 1 0 12
49367 136258 2 6 6
49367 136258 3 10 2
49367 136258 4 11 1
49367 136258 5 12 0
49367 136258 6 12 0
49367 136258 7 12 0
49367 136258 8 12 0
49367 136258 9 12 0
49367 136258 10 12 0
!sus 9425 151460 0 10 1 attackers:9425;victims:151460;type:1;valid_origin:True;recurrent:True;local:False
9425 151460 1 0 1
9425 151460 2 0 1
9425 151460 3 0 1
9425 151460 4 0 1
9425 151460 5 0 1
9425 151460 6 0 1
9425 151460 7 0 1
9425 151460 8 0 1
9425 151460 9 0 1
9425 151460 10 0 1
!leg 9002 39900 10 0 72 attackers:9002;victims:39900;type:1;valid_origin:True;recurrent:False;local:False
9002 39900 1 72 0
9002 39900 2 70 2
9002 39900 3 64 8
9002 39900 4 53 19
9002 39900 5 53 19
9002 39900 6 49 23
9002 39900 7 62 10
9002 39900 8 51 21
9002 39900 9 47 25
9002 39900 10 56 16
!sus 7470 26937 9 1 7 attackers:7470;victims:26937;type:1;valid_origin:True;recurrent:True;local:False
7470 26937 1 0 7
7470 26937 2 5 2
7470 26937 3 5 2
7470 26937 4 5 2
7470 26937 5 5 2
7470 26937 6 7 0
7470 26937 7 7 0
7470 26937 8 7 0
7470 26937 9 7 0
7470 26937 10 7 0
!sus 262589 272801 0 10 1 attackers:262589;victims:272801;type:1;valid_origin:True;recurrent:True;local:False
262589 272801 1 0 1
262589 272801 2 0 1
262589 272801 3 0 1
262589 272801 4 0 1
262589 272801 5 0 1
262589 272801 6 0 1
262589 272801 7 0 1
262589 272801 8 0 1
262589 272801 9 0 1
262589 272801 10 0 1
!sus 9812 146762 7 3 7 attackers:146762;victims:9812;type:1;valid_origin:True;recurrent:True;local:False
9812 146762 1 0 7
9812 146762 2 0 7
9812 146762 3 1 6
9812 146762 4 4 3
9812 146762 5 4 3
9812 146762 6 4 3
9812 146762 7 7 0
9812 146762 8 4 3
9812 146762 9 4 3
9812 146762 10 7 0
!leg 132222 138322 10 0 279 attackers:138322;victims:132222;type:1;valid_origin:True;recurrent:False;local:False
132222 138322 1 259 20
132222 138322 2 263 16
132222 138322 3 261 18
132222 138322 4 273 6
132222 138322 5 266 13
132222 138322 6 278 1
132222 138322 7 278 1
132222 138322 8 260 19
132222 138322 9 263 16
132222 138322 10 276 3
!sus 28910 131284 4 6 47 attackers:28910;victims:131284;type:1;valid_origin:True;recurrent:True;local:False
28910 131284 1 0 47
28910 131284 2 0 47
28910 131284 3 0 47
28910 131284 4 0 47
28910 131284 5 0 47
28910 131284 6 28 19
28910 131284 7 23 24
28910 131284 8 39 8
28910 131284 9 39 8
28910 131284 10 39 8
!sus 13378 63567 5 5 4 attackers:13378;victims:63567;type:1;valid_origin:False;recurrent:True;local:False
13378 63567 1 4 0
13378 63567 2 4 0
13378 63567 3 4 0
13378 63567 4 0 4
13378 63567 5 4 0
13378 63567 6 0 4
13378 63567 7 4 0
13378 63567 8 0 4
13378 63567 9 0 4
13378 63567 10 0 4
!sus 262589 273905 1 9 6 attackers:262589;victims:273905;type:1;valid_origin:True;recurrent:True;local:False
262589 273905 1 4 2
262589 273905 2 3 3
262589 273905 3 0 6
262589 273905 4 0 6
262589 273905 5 0 6
262589 273905 6 0 6
262589 273905 7 0 6
262589 273905 8 0 6
262589 273905 9 0 6
262589 273905 10 0 6
!sus 6714 8938 1 9 2 attackers:8938;victims:6714;type:1;valid_origin:True;recurrent:True;local:False
6714 8938 1 0 2
6714 8938 2 2 0
6714 8938 3 1 1
6714 8938 4 0 2
6714 8938 5 0 2
6714 8938 6 0 2
6714 8938 7 0 2
6714 8938 8 0 2
6714 8938 9 0 2
6714 8938 10 0 2
!leg 150748 151054 10 0 90 attackers:150748;victims:151054;type:1;valid_origin:True;recurrent:False;local:False
150748 151054 1 90 0
150748 151054 2 90 0
150748 151054 3 90 0
150748 151054 4 90 0
150748 151054 5 90 0
150748 151054 6 90 0
150748 151054 7 90 0
150748 151054 8 90 0
150748 151054 9 90 0
150748 151054 10 90 0
!sus 23061 49592 0 10 4 attackers:49592;victims:23061;type:1;valid_origin:True;recurrent:True;local:False
23061 49592 1 0 4
23061 49592 2 0 4
23061 49592 3 0 4
23061 49592 4 0 4
23061 49592 5 0 4
23061 49592 6 0 4
23061 49592 7 0 4
23061 49592 8 0 4
23061 49592 9 0 4
23061 49592 10 0 4
!leg 133861 151630 10 0 103 attackers:133861;victims:151630;type:1;valid_origin:True;recurrent:False;local:False
133861 151630 1 103 0
133861 151630 2 103 0
133861 151630 3 103 0
133861 151630 4 103 0
133861 151630 5 103 0
133861 151630 6 102 1
133861 151630 7 103 0
133861 151630 8 102 1
133861 151630 9 103 0
133861 151630 10 103 0
!sus 9425 151444 0 10 1 attackers:9425;victims:151444;type:1;valid_origin:True;recurrent:True;local:False
9425 151444 1 0 1
9425 151444 2 0 1
9425 151444 3 0 1
9425 151444 4 0 1
9425 151444 5 0 1
9425 151444 6 0 1
9425 151444 7 0 1
9425 151444 8 0 1
9425 151444 9 0 1
9425 151444 10 0 1
!sus 271433 273495 5 5 2 attackers:271433;victims:273495;type:1;valid_origin:True;recurrent:True;local:False
271433 273495 1 2 0
271433 273495 2 2 0
271433 273495 3 2 0
271433 273495 4 1 1
271433 273495 5 2 0
271433 273495 6 2 0
271433 273495 7 0 2
271433 273495 8 0 2
271433 273495 9 0 2
271433 273495 10 0 2
!sus 9425 151453 0 10 1 attackers:9425;victims:151453;type:1;valid_origin:True;recurrent:True;local:False
9425 151453 1 0 1
9425 151453 2 0 1
9425 151453 3 0 1
9425 151453 4 0 1
9425 151453 5 0 1
9425 151453 6 0 1
9425 151453 7 0 1
9425 151453 8 0 1
9425 151453 9 0 1
9425 151453 10 0 1
!sus 37100 328750 7 3 5 attackers:37100;victims:328750;type:1;valid_origin:True;recurrent:True;local:False
37100 328750 1 0 5
37100 328750 2 1 4
37100 328750 3 2 3
37100 328750 4 3 2
37100 328750 5 3 2
37100 328750 6 3 2
37100 328750 7 3 2
37100 328750 8 3 2
37100 328750 9 3 2
37100 328750 10 4 1
!sus 56048 151284 7 3 1 attackers:56048;victims:151284;type:1;valid_origin:True;recurrent:True;local:False
56048 151284 1 1 0
56048 151284 2 1 0
56048 151284 3 1 0
56048 151284 4 1 0
56048 151284 5 1 0
56048 151284 6 1 0
56048 151284 7 1 0
56048 151284 8 0 1
56048 151284 9 0 1
56048 151284 10 0 1
!sus 9425 151462 0 10 1 attackers:9425;victims:151462;type:1;valid_origin:True;recurrent:True;local:False
9425 151462 1 0 1
9425 151462 2 0 1
9425 151462 3 0 1
9425 151462 4 0 1
9425 151462 5 0 1
9425 151462 6 0 1
9425 151462 7 0 1
9425 151462 8 0 1
9425 151462 9 0 1
9425 151462 10 0 1
!sus 2027 203062 0 10 8 attackers:2027;victims:203062;type:1;valid_origin:True;recurrent:True;local:False
2027 203062 1 0 8
2027 203062 2 0 8
2027 203062 3 0 8
2027 203062 4 0 8
2027 203062 5 0 8
2027 203062 6 0 8
2027 203062 7 0 8
2027 203062 8 0 8
2027 203062 9 0 8
2027 203062 10 0 8
!sus 52758 274660 5 5 14 attackers:52758;victims:274660;type:1;valid_origin:True;recurrent:True;local:False
52758 274660 1 14 0
52758 274660 2 13 1
52758 274660 3 13 1
52758 274660 4 0 14
52758 274660 5 13 1
52758 274660 6 11 3
52758 274660 7 0 14
52758 274660 8 0 14
52758 274660 9 0 14
52758 274660 10 0 14
!leg 132445 149617 10 0 79 attackers:149617;victims:132445;type:1;valid_origin:True;recurrent:False;local:False
132445 149617 1 79 0
132445 149617 2 79 0
132445 149617 3 79 0
132445 149617 4 79 0
132445 149617 5 79 0
132445 149617 6 79 0
132445 149617 7 79 0
132445 149617 8 79 0
132445 149617 9 79 0
132445 149617 10 79 0
!leg 52561 53065 10 0 1 attackers:53065;victims:52561;type:1;valid_origin:True;recurrent:False;local:False
52561 53065 1 1 0
52561 53065 2 1 0
52561 53065 3 1 0
52561 53065 4 1 0
52561 53065 5 1 0
52561 53065 6 1 0
52561 53065 7 1 0
52561 53065 8 1 0
52561 53065 9 1 0
52561 53065 10 1 0
!sus 6939 11664 6 4 46 attackers:6939;victims:3573,20002,11664,27795,263812,27983,269909,267798,272810,52405,267712,52308,28073;type:1,2,3;valid_origin:True;recurrent:True;local:False
6939 11664 1 5 41
6939 11664 2 5 41
6939 11664 3 10 36
6939 11664 4 31 15
6939 11664 5 24 22
6939 11664 6 37 9
6939 11664 7 17 29
6939 11664 8 37 9
6939 11664 9 38 8
6939 11664 10 37 9
!sus 6774 199670 9 1 1 attackers:6774;victims:199670;type:1;valid_origin:True;recurrent:False;local:False
6774 199670 1 0 1
6774 199670 2 1 0
6774 199670 3 1 0
6774 199670 4 1 0
6774 199670 5 1 0
6774 199670 6 1 0
6774 199670 7 1 0
6774 199670 8 1 0
6774 199670 9 1 0
6774 199670 10 1 0
!sus 1 197251 0 10 189 attackers:197251;victims:1;type:1;valid_origin:False;recurrent:True;local:False
1 197251 1 1 188
1 197251 2 1 188
1 197251 3 6 183
1 197251 4 10 179
1 197251 5 9 180
1 197251 6 12 177
1 197251 7 18 171
1 197251 8 20 169
1 197251 9 12 177
1 197251 10 24 165
!sus 41033 51359 0 10 3 attackers:41033;victims:51359;type:1;valid_origin:True;recurrent:True;local:False
41033 51359 1 0 3
41033 51359 2 0 3
41033 51359 3 0 3
41033 51359 4 0 3
41033 51359 5 0 3
41033 51359 6 0 3
41033 51359 7 0 3
41033 51359 8 0 3
41033 51359 9 0 3
41033 51359 10 0 3
!sus 34872 153176 8 2 52 attackers:34872;victims:153176;type:1;valid_origin:True;recurrent:True;local:False
34872 153176 1 10 42
34872 153176 2 25 27
34872 153176 3 48 4
34872 153176 4 51 1
34872 153176 5 50 2
34872 153176 6 51 1
34872 153176 7 51 1
34872 153176 8 51 1
34872 153176 9 51 1
34872 153176 10 51 1
!sus 21859 270776 0 10 1 attackers:270776;victims:24409;type:2;valid_origin:True;recurrent:True;local:False
21859 270776 1 0 1
21859 270776 2 0 1
21859 270776 3 0 1
21859 270776 4 0 1
21859 270776 5 0 1
21859 270776 6 0 1
21859 270776 7 0 1
21859 270776 8 0 1
21859 270776 9 0 1
21859 270776 10 0 1
!sus 984 262754 0 10 2 attackers:984;victims:262754;type:1;valid_origin:True;recurrent:True;local:False
984 262754 1 0 2
984 262754 2 0 2
984 262754 3 0 2
984 262754 4 0 2
984 262754 5 0 2
984 262754 6 0 2
984 262754 7 0 2
984 262754 8 0 2
984 262754 9 0 2
984 262754 10 0 2
!sus 54994 55410 0 10 6 attackers:55410;victims:54994;type:1;valid_origin:True;recurrent:True;local:False
54994 55410 1 0 6
54994 55410 2 0 6
54994 55410 3 0 6
54994 55410 4 0 6
54994 55410 5 0 6
54994 55410 6 0 6
54994 55410 7 0 6
54994 55410 8 0 6
54994 55410 9 0 6
54994 55410 10 0 6
!sus 9425 151446 0 10 1 attackers:9425;victims:151446;type:1;valid_origin:True;recurrent:True;local:False
9425 151446 1 0 1
9425 151446 2 0 1
9425 151446 3 0 1
9425 151446 4 0 1
9425 151446 5 0 1
9425 151446 6 0 1
9425 151446 7 0 1
9425 151446 8 0 1
9425 151446 9 0 1
9425 151446 10 0 1
!sus 209533 213928 2 8 3 attackers:209533;victims:213928;type:1;valid_origin:True;recurrent:True;local:False
209533 213928 1 1 2
209533 213928 2 0 3
209533 213928 3 1 2
209533 213928 4 1 2
209533 213928 5 1 2
209533 213928 6 1 2
209533 213928 7 1 2
209533 213928 8 3 0
209533 213928 9 3 0
209533 213928 10 1 2
!sus 153176 210233 8 2 22 attackers:210233;victims:153176;type:1;valid_origin:True;recurrent:True;local:False
153176 210233 1 0 22
153176 210233 2 0 22
153176 210233 3 15 7
153176 210233 4 22 0
153176 210233 5 22 0
153176 210233 6 22 0
153176 210233 7 22 0
153176 210233 8 22 0
153176 210233 9 22 0
153176 210233 10 22 0
!sus 213691 216334 8 2 140 attackers:216334;victims:213691;type:1;valid_origin:True;recurrent:False;local:False
213691 216334 1 140 0
213691 216334 2 140 0
213691 216334 3 140 0
213691 216334 4 129 11
213691 216334 5 140 0
213691 216334 6 140 0
213691 216334 7 132 8
213691 216334 8 0 140
213691 216334 9 86 54
213691 216334 10 0 140
!sus 3329 57463 5 5 1 attackers:57463;victims:3266;type:2;valid_origin:True;recurrent:True;local:True
3329 57463 1 0 1
3329 57463 2 0 1
3329 57463 3 0 1
3329 57463 4 0 1
3329 57463 5 0 1
3329 57463 6 1 0
3329 57463 7 1 0
3329 57463 8 1 0
3329 57463 9 1 0
3329 57463 10 1 0
!sus 9425 151455 0 10 1 attackers:9425;victims:151455;type:1;valid_origin:True;recurrent:True;local:False
9425 151455 1 0 1
9425 151455 2 0 1
9425 151455 3 0 1
9425 151455 4 0 1
9425 151455 5 0 1
9425 151455 6 0 1
9425 151455 7 0 1
9425 151455 8 0 1
9425 151455 9 0 1
9425 151455 10 0 1
!sus 59796 208972 9 1 2 attackers:59796;victims:216064,197428;type:2;valid_origin:True;recurrent:True;local:False
59796 208972 1 0 2
59796 208972 2 2 0
59796 208972 3 2 0
59796 208972 4 2 0
59796 208972 5 2 0
59796 208972 6 2 0
59796 208972 7 2 0
59796 208972 8 2 0
59796 208972 9 2 0
59796 208972 10 2 0
!sus 64264 209533 0 10 509 attackers:209533;victims:64264;type:1;valid_origin:True;recurrent:True;local:False
64264 209533 1 128 381
64264 209533 2 6 503
64264 209533 3 0 509
64264 209533 4 106 403
64264 209533 5 3 506
64264 209533 6 31 478
64264 209533 7 30 479
64264 209533 8 103 406
64264 209533 9 1 508
64264 209533 10 110 399
!sus 133372 133989 9 1 324 attackers:133989;victims:132856,17501;type:3,4;valid_origin:True;recurrent:False;local:False
133372 133989 1 149 175
133372 133989 2 234 90
133372 133989 3 234 90
133372 133989 4 321 3
133372 133989 5 324 0
133372 133989 6 324 0
133372 133989 7 324 0
133372 133989 8 324 0
133372 133989 9 324 0
133372 133989 10 324 0
!sus 64433 213808 9 1 2 attackers:213808;victims:64433;type:1;valid_origin:True;recurrent:False;local:False
64433 213808 1 1 1
64433 213808 2 2 0
64433 213808 3 2 0
64433 213808 4 2 0
64433 213808 5 2 0
64433 213808 6 2 0
64433 213808 7 2 0
64433 213808 8 2 0
64433 213808 9 2 0
64433 213808 10 2 0
!sus 41264 327727 8 2 127 attackers:327727;victims:41264;type:1;valid_origin:True;recurrent:True;local:False
41264 327727 1 0 127
41264 327727 2 17 110
41264 327727 3 102 25
41264 327727 4 121 6
41264 327727 5 127 0
41264 327727 6 127 0
41264 327727 7 127 0
41264 327727 8 127 0
41264 327727 9 127 0
41264 327727 10 127 0
!sus 8048 273857 7 3 5 attackers:8048;victims:273857;type:1;valid_origin:True;recurrent:True;local:False
8048 273857 1 5 0
8048 273857 2 5 0
8048 273857 3 5 0
8048 273857 4 4 1
8048 273857 5 5 0
8048 273857 6 4 1
8048 273857 7 4 1
8048 273857 8 0 5
8048 273857 9 0 5
8048 273857 10 0 5
!sus 328543 400018 0 10 19 attackers:328543;victims:55933;type:2;valid_origin:False;recurrent:True;local:False
328543 400018 1 0 19
328543 400018 2 0 19
328543 400018 3 0 19
328543 400018 4 0 19
328543 400018 5 0 19
328543 400018 6 0 19
328543 400018 7 0 19
328543 400018 8 0 19
328543 400018 9 0 19
328543 400018 10 0 19
!sus 13335 267056 0 10 1 attackers:267056;victims:13335;type:1;valid_origin:True;recurrent:True;local:False
13335 267056 1 0 1
13335 267056 2 0 1
13335 267056 3 0 1
13335 267056 4 0 1
13335 267056 5 0 1
13335 267056 6 0 1
13335 267056 7 0 1
13335 267056 8 0 1
13335 267056 9 0 1
13335 267056 10 0 1
!sus 3269 213970 5 5 3 attackers:3269;victims:213970;type:1;valid_origin:True;recurrent:True;local:False
3269 213970 1 3 0
3269 213970 2 3 0
3269 213970 3 3 0
3269 213970 4 0 3
3269 213970 5 3 0
3269 213970 6 3 0
3269 213970 7 0 3
3269 213970 8 0 3
3269 213970 9 0 3
3269 213970 10 0 3
!leg 9049 203093 10 0 88 attackers:9049;victims:203093;type:1;valid_origin:True;recurrent:False;local:False
9049 203093 1 88 0
9049 203093 2 88 0
9049 203093 3 88 0
9049 203093 4 88 0
9049 203093 5 88 0
9049 203093 6 88 0
9049 203093 7 88 0
9049 203093 8 88 0
9049 203093 9 88 0
9049 203093 10 88 0
!sus 8932 57162 9 1 29 attackers:8932;victims:57162;type:1;valid_origin:True;recurrent:True;local:False
8932 57162 1 4 25
8932 57162 2 20 9
8932 57162 3 27 2
8932 57162 4 23 6
8932 57162 5 28 1
8932 57162 6 26 3
8932 57162 7 29 0
8932 57162 8 29 0
8932 57162 9 29 0
8932 57162 10 29 0
!sus 62113 205235 0 10 6 attackers:205235;victims:62113;type:1;valid_origin:True;recurrent:True;local:False
62113 205235 1 0 6
62113 205235 2 1 5
62113 205235 3 0 6
62113 205235 4 1 5
62113 205235 5 1 5
62113 205235 6 1 5
62113 205235 7 1 5
62113 205235 8 1 5
62113 205235 9 1 5
62113 205235 10 1 5
!sus 212888 212895 9 1 16 attackers:212895;victims:212888;type:1;valid_origin:True;recurrent:True;local:False
212888 212895 1 0 16
212888 212895 2 16 0
212888 212895 3 16 0
212888 212895 4 16 0
212888 212895 5 16 0
212888 212895 6 16 0
212888 212895 7 16 0
212888 212895 8 16 0
212888 212895 9 16 0
212888 212895 10 16 0
!sus 262663 264953 0 10 11 attackers:264953;victims:262663;type:1;valid_origin:True;recurrent:True;local:False
262663 264953 1 0 11
262663 264953 2 0 11
262663 264953 3 0 11
262663 264953 4 0 11
262663 264953 5 0 11
262663 264953 6 0 11
262663 264953 7 0 11
262663 264953 8 0 11
262663 264953 9 0 11
262663 264953 10 0 11
!sus 29049 50959 4 6 18 attackers:29049;victims:203971,205367,50959,204986;type:1,2,3;valid_origin:True;recurrent:True;local:False
29049 50959 1 0 18
29049 50959 2 0 18
29049 50959 3 3 15
29049 50959 4 1 17
29049 50959 5 0 18
29049 50959 6 9 9
29049 50959 7 13 5
29049 50959 8 12 6
29049 50959 9 14 4
29049 50959 10 17 1
!leg 7195 52687 10 0 1 attackers:7195;victims:26616;type:6;valid_origin:True;recurrent:False;local:False
7195 52687 1 1 0
7195 52687 2 1 0
7195 52687 3 1 0
7195 52687 4 1 0
7195 52687 5 1 0
7195 52687 6 1 0
7195 52687 7 1 0
7195 52687 8 1 0
7195 52687 9 1 0
7195 52687 10 1 0
!sus 56264 133496 7 3 6 attackers:56264;victims:133496;type:1;valid_origin:True;recurrent:True;local:False
56264 133496 1 6 0
56264 133496 2 6 0
56264 133496 3 6 0
56264 133496 4 5 1
56264 133496 5 6 0
56264 133496 6 6 0
56264 133496 7 6 0
56264 133496 8 0 6
56264 133496 9 0 6
56264 133496 10 0 6
!sus 151194 198025 8 2 211 attackers:151194;victims:198025;type:1;valid_origin:True;recurrent:True;local:False
151194 198025 1 0 211
151194 198025 2 0 211
151194 198025 3 207 4
151194 198025 4 207 4
151194 198025 5 211 0
151194 198025 6 211 0
151194 198025 7 211 0
151194 198025 8 211 0
151194 198025 9 211 0
151194 198025 10 211 0
!sus 52154 214952 2 8 1 attackers:52154;victims:214952;type:1;valid_origin:True;recurrent:True;local:False
52154 214952 1 0 1
52154 214952 2 1 0
52154 214952 3 1 0
52154 214952 4 0 1
52154 214952 5 0 1
52154 214952 6 0 1
52154 214952 7 0 1
52154 214952 8 0 1
52154 214952 9 0 1
52154 214952 10 0 1
!sus 399765 401104 7 3 5 attackers:401104;victims:399765;type:1;valid_origin:True;recurrent:True;local:False
399765 401104 1 5 0
399765 401104 2 5 0
399765 401104 3 5 0
399765 401104 4 5 0
399765 401104 5 5 0
399765 401104 6 5 0
399765 401104 7 3 2
399765 401104 8 0 5
399765 401104 9 2 3
399765 401104 10 0 5
!sus 152900 200169 0 10 1 attackers:152900;victims:200169;type:1;valid_origin:True;recurrent:True;local:False
152900 200169 1 0 1
152900 200169 2 0 1
152900 200169 3 0 1
152900 200169 4 0 1
152900 200169 5 0 1
152900 200169 6 0 1
152900 200169 7 0 1
152900 200169 8 0 1
152900 200169 9 0 1
152900 200169 10 0 1
!sus 59437 212175 1 9 1 attackers:212175;victims:59437;type:1;valid_origin:True;recurrent:True;local:False
59437 212175 1 0 1
59437 212175 2 0 1
59437 212175 3 0 1
59437 212175 4 0 1
59437 212175 5 0 1
59437 212175 6 0 1
59437 212175 7 0 1
59437 212175 8 0 1
59437 212175 9 1 0
59437 212175 10 0 1
!leg 134654 149714 10 0 8 attackers:134654;victims:149714;type:1;valid_origin:True;recurrent:False;local:False
134654 149714 1 8 0
134654 149714 2 8 0
134654 149714 3 8 0
134654 149714 4 8 0
134654 149714 5 8 0
134654 149714 6 8 0
134654 149714 7 8 0
134654 149714 8 8 0
134654 149714 9 8 0
134654 149714 10 8 0
!sus 3399 209625 2 8 1 attackers:3399;victims:209625;type:1;valid_origin:True;recurrent:True;local:False
3399 209625 1 0 1
3399 209625 2 0 1
3399 209625 3 0 1
3399 209625 4 0 1
3399 209625 5 0 1
3399 209625 6 0 1
3399 209625 7 1 0
3399 209625 8 0 1
3399 209625 9 0 1
3399 209625 10 1 0
!sus 23470 152698 8 2 4 attackers:23470;victims:152698;type:1;valid_origin:False;recurrent:True;local:False
23470 152698 1 0 4
23470 152698 2 1 3
23470 152698 3 4 0
23470 152698 4 4 0
23470 152698 5 4 0
23470 152698 6 4 0
23470 152698 7 4 0
23470 152698 8 4 0
23470 152698 9 4 0
23470 152698 10 4 0
!sus 37645 45352 8 2 1 attackers:45352;victims:37645;type:1;valid_origin:True;recurrent:True;local:True
37645 45352 1 0 1
37645 45352 2 0 1
37645 45352 3 1 0
37645 45352 4 1 0
37645 45352 5 1 0
37645 45352 6 1 0
37645 45352 7 1 0
37645 45352 8 1 0
37645 45352 9 1 0
37645 45352 10 1 0
!leg 4657 206999 10 0 1 attackers:4657;victims:206999;type:1;valid_origin:True;recurrent:False;local:False
4657 206999 1 1 0
4657 206999 2 1 0
4657 206999 3 1 0
4657 206999 4 1 0
4657 206999 5 1 0
4657 206999 6 1 0
4657 206999 7 1 0
4657 206999 8 1 0
4657 206999 9 1 0
4657 206999 10 1 0
!sus 211275 214618 9 1 155 attackers:214618;victims:215492;type:2;valid_origin:True;recurrent:False;local:False
211275 214618 1 1 154
211275 214618 2 155 0
211275 214618 3 155 0
211275 214618 4 155 0
211275 214618 5 155 0
211275 214618 6 155 0
211275 214618 7 155 0
211275 214618 8 155 0
211275 214618 9 155 0
211275 214618 10 155 0
!leg 35100 47272 10 0 23 attackers:47272;victims:35100;type:1;valid_origin:True;recurrent:False;local:False
35100 47272 1 22 1
35100 47272 2 23 0
35100 47272 3 23 0
35100 47272 4 23 0
35100 47272 5 23 0
35100 47272 6 23 0
35100 47272 7 23 0
35100 47272 8 23 0
35100 47272 9 23 0
35100 47272 10 23 0
!leg 20655 57304 10 0 1 attackers:57304;victims:39191;type:2;valid_origin:True;recurrent:True;local:False
20655 57304 1 1 0
20655 57304 2 1 0
20655 57304 3 1 0
20655 57304 4 1 0
20655 57304 5 1 0
20655 57304 6 1 0
20655 57304 7 1 0
20655 57304 8 1 0
20655 57304 9 1 0
20655 57304 10 1 0
!leg 132934 133989 10 0 19 attackers:133989;victims:141309;type:2;valid_origin:True;recurrent:False;local:False
132934 133989 1 19 0
132934 133989 2 19 0
132934 133989 3 19 0
132934 133989 4 19 0
132934 133989 5 19 0
132934 133989 6 19 0
132934 133989 7 19 0
132934 133989 8 19 0
132934 133989 9 19 0
132934 133989 10 19 0
!sus 6939 7303 2 8 24 attackers:6939;victims:27971,13335,61481,136907,263776,262187,27976,264736,269994,264642,265801,7303,3573,61451,262231,262932,64117,208414,27768,269987,263812,27797;type:1,2,3;valid_origin:True;recurrent:True;local:False
6939 7303 1 4 20
6939 7303 2 1 23
6939 7303 3 1 23
6939 7303 4 2 22
6939 7303 5 2 22
6939 7303 6 3 21
6939 7303 7 1 23
6939 7303 8 9 15
6939 7303 9 19 5
6939 7303 10 19 5
!leg 61135 211871 10 0 90 attackers:61135;victims:211871;type:1;valid_origin:False;recurrent:False;local:False
61135 211871 1 90 0
61135 211871 2 90 0
61135 211871 3 90 0
61135 211871 4 90 0
61135 211871 5 90 0
61135 211871 6 90 0
61135 211871 7 90 0
61135 211871 8 90 0
61135 211871 9 90 0
61135 211871 10 90 0
!sus 9425 151448 0 10 1 attackers:9425;victims:151448;type:1;valid_origin:True;recurrent:True;local:False
9425 151448 1 0 1
9425 151448 2 0 1
9425 151448 3 0 1
9425 151448 4 0 1
9425 151448 5 0 1
9425 151448 6 0 1
9425 151448 7 0 1
9425 151448 8 0 1
9425 151448 9 0 1
9425 151448 10 0 1
!sus 9425 151457 0 10 1 attackers:9425;victims:151457;type:1;valid_origin:True;recurrent:True;local:False
9425 151457 1 0 1
9425 151457 2 0 1
9425 151457 3 0 1
9425 151457 4 0 1
9425 151457 5 0 1
9425 151457 6 0 1
9425 151457 7 0 1
9425 151457 8 0 1
9425 151457 9 0 1
9425 151457 10 0 1
!sus 37195 139341 0 10 1 attackers:37195;victims:139341;type:1;valid_origin:True;recurrent:False;local:False
37195 139341 1 0 1
37195 139341 2 0 1
37195 139341 3 0 1
37195 139341 4 0 1
37195 139341 5 0 1
37195 139341 6 0 1
37195 139341 7 0 1
37195 139341 8 0 1
37195 139341 9 0 1
37195 139341 10 0 1
!sus 8246 8938 1 9 2 attackers:8938;victims:8246;type:1;valid_origin:True;recurrent:True;local:False
8246 8938 1 0 2
8246 8938 2 2 0
8246 8938 3 1 1
8246 8938 4 0 2
8246 8938 5 0 2
8246 8938 6 0 2
8246 8938 7 0 2
8246 8938 8 0 2
8246 8938 9 0 2
8246 8938 10 0 2
!sus 199073 212271 8 2 1 attackers:212271;victims:199073;type:1;valid_origin:True;recurrent:True;local:False
199073 212271 1 0 1
199073 212271 2 0 1
199073 212271 3 1 0
199073 212271 4 1 0
199073 212271 5 1 0
199073 212271 6 1 0
199073 212271 7 1 0
199073 212271 8 1 0
199073 212271 9 1 0
199073 212271 10 1 0
!sus 5580 45296 5 5 1 attackers:45296;victims:152083;type:6;valid_origin:True;recurrent:True;local:False
5580 45296 1 0 1
5580 45296 2 0 1
5580 45296 3 0 1
5580 45296 4 0 1
5580 45296 5 0 1
5580 45296 6 1 0
5580 45296 7 1 0
5580 45296 8 1 0
5580 45296 9 1 0
5580 45296 10 1 0
!leg 45147 149744 10 0 18 attackers:45147;victims:149744;type:1;valid_origin:True;recurrent:False;local:False
45147 149744 1 18 0
45147 149744 2 18 0
45147 149744 3 18 0
45147 149744 4 18 0
45147 149744 5 18 0
45147 149744 6 18 0
45147 149744 7 18 0
45147 149744 8 18 0
45147 149744 9 18 0
45147 149744 10 18 0
!sus 265038 268860 0 10 1 attackers:265038;victims:13335;type:3;valid_origin:True;recurrent:True;local:False
265038 268860 1 0 1
265038 268860 2 0 1
265038 268860 3 0 1
265038 268860 4 0 1
265038 268860 5 0 1
265038 268860 6 0 1
265038 268860 7 0 1
265038 268860 8 0 1
265038 268860 9 0 1
265038 268860 10 0 1
!sus 3300 212565 0 10 1 attackers:3300;victims:212565;type:1;valid_origin:True;recurrent:True;local:False
3300 212565 1 0 1
3300 212565 2 0 1
3300 212565 3 0 1
3300 212565 4 0 1
3300 212565 5 0 1
3300 212565 6 0 1
3300 212565 7 0 1
3300 212565 8 0 1
3300 212565 9 0 1
3300 212565 10 0 1
!sus 31529 270776 1 9 1 attackers:270776;victims:25354;type:2;valid_origin:True;recurrent:True;local:False
31529 270776 1 0 1
31529 270776 2 0 1
31529 270776 3 0 1
31529 270776 4 0 1
31529 270776 5 0 1
31529 270776 6 0 1
31529 270776 7 0 1
31529 270776 8 0 1
31529 270776 9 1 0
31529 270776 10 0 1
!sus 60068 401408 0 10 2 attackers:60068;victims:401408;type:1;valid_origin:True;recurrent:True;local:False
60068 401408 1 1 1
60068 401408 2 1 1
60068 401408 3 0 2
60068 401408 4 1 1
60068 401408 5 1 1
60068 401408 6 1 1
60068 401408 7 1 1
60068 401408 8 1 1
60068 401408 9 0 2
60068 401408 10 1 1
!sus 42739 43733 3 7 7 attackers:43733;victims:41006,39816,204782,42739,197226,212908,15874;type:1,2;valid_origin:True;recurrent:True;local:True
42739 43733 1 0 7
42739 43733 2 6 1
42739 43733 3 0 7
42739 43733 4 0 7
42739 43733 5 0 7
42739 43733 6 0 7
42739 43733 7 6 1
42739 43733 8 6 1
42739 43733 9 0 7
42739 43733 10 0 7
!sus 7721 215364 0 10 6 attackers:215364;victims:7721;type:1;valid_origin:True;recurrent:True;local:False
7721 215364 1 0 6
7721 215364 2 1 5
7721 215364 3 1 5
7721 215364 4 1 5
7721 215364 5 1 5
7721 215364 6 1 5
7721 215364 7 1 5
7721 215364 8 1 5
7721 215364 9 2 4
7721 215364 10 1 5
!sus 12713 205530 9 1 1 attackers:12713;victims:205530;type:1;valid_origin:True;recurrent:False;local:False
12713 205530 1 0 1
12713 205530 2 1 0
12713 205530 3 1 0
12713 205530 4 1 0
12713 205530 5 1 0
12713 205530 6 1 0
12713 205530 7 1 0
12713 205530 8 1 0
12713 205530 9 1 0
12713 205530 10 1 0
!sus 3356 401427 3 7 2 attackers:3356;victims:401427;type:1;valid_origin:True;recurrent:True;local:False
3356 401427 1 2 0
3356 401427 2 2 0
3356 401427 3 0 2
3356 401427 4 2 0
3356 401427 5 1 1
3356 401427 6 0 2
3356 401427 7 0 2
3356 401427 8 0 2
3356 401427 9 0 2
3356 401427 10 0 2
!sus 208972 213697 0 10 174 attackers:208972;victims:213697;type:1;valid_origin:True;recurrent:False;local:False
208972 213697 1 58 116
208972 213697 2 32 142
208972 213697 3 0 174
208972 213697 4 0 174
208972 213697 5 0 174
208972 213697 6 0 174
208972 213697 7 21 153
208972 213697 8 11 163
208972 213697 9 0 174
208972 213697 10 0 174
!sus 42337 214586 6 4 93 attackers:42337;victims:214586;type:1;valid_origin:True;recurrent:True;local:False
42337 214586 1 93 0
42337 214586 2 93 0
42337 214586 3 93 0
42337 214586 4 50 43
42337 214586 5 93 0
42337 214586 6 93 0
42337 214586 7 18 75
42337 214586 8 0 93
42337 214586 9 0 93
42337 214586 10 0 93
!sus 34245 213849 6 4 3 attackers:34245;victims:213849;type:1;valid_origin:True;recurrent:True;local:False
34245 213849 1 0 3
34245 213849 2 0 3
34245 213849 3 0 3
34245 213849 4 1 2
34245 213849 5 3 0
34245 213849 6 3 0
34245 213849 7 3 0
34245 213849 8 3 0
34245 213849 9 2 1
34245 213849 10 3 0
!leg 6204 216145 10 0 1 attackers:6204;victims:216145;type:1;valid_origin:True;recurrent:False;local:False
6204 216145 1 1 0
6204 216145 2 1 0
6204 216145 3 1 0
6204 216145 4 1 0
6204 216145 5 1 0
6204 216145 6 1 0
6204 216145 7 1 0
6204 216145 8 1 0
6204 216145 9 1 0
6204 216145 10 1 0
!leg 34927 213700 10 0 61 attackers:34927;victims:213700;type:1;valid_origin:True;recurrent:False;local:False
34927 213700 1 49 12
34927 213700 2 52 9
34927 213700 3 59 2
34927 213700 4 58 3
34927 213700 5 59 2
34927 213700 6 61 0
34927 213700 7 59 2
34927 213700 8 61 0
34927 213700 9 59 2
34927 213700 10 59 2
!sus 50053 51396 9 1 2 attackers:51396;victims:50053;type:1;valid_origin:True;recurrent:True;local:False
50053 51396 1 0 2
50053 51396 2 2 0
50053 51396 3 2 0
50053 51396 4 2 0
50053 51396 5 2 0
50053 51396 6 2 0
50053 51396 7 2 0
50053 51396 8 2 0
50053 51396 9 2 0
50053 51396 10 2 0
!sus 52468 264659 0 10 4 attackers:52468;victims:264659;type:1;valid_origin:True;recurrent:True;local:False
52468 264659 1 0 4
52468 264659 2 1 3
52468 264659 3 1 3
52468 264659 4 1 3
52468 264659 5 1 3
52468 264659 6 1 3
52468 264659 7 2 2
52468 264659 8 1 3
52468 264659 9 2 2
52468 264659 10 2 2
!sus 14868 274628 1 9 2 attackers:14868;victims:274628;type:1;valid_origin:True;recurrent:True;local:False
14868 274628 1 1 1
14868 274628 2 1 1
14868 274628 3 0 2
14868 274628 4 2 0
14868 274628 5 0 2
14868 274628 6 1 1
14868 274628 7 1 1
14868 274628 8 0 2
14868 274628 9 0 2
14868 274628 10 0 2
!sus 6774 139285 8 2 3 attackers:6774;victims:139285;type:1;valid_origin:True;recurrent:True;local:False
6774 139285 1 1 2
6774 139285 2 1 2
6774 139285 3 2 1
6774 139285 4 3 0
6774 139285 5 3 0
6774 139285 6 3 0
6774 139285 7 3 0
6774 139285 8 3 0
6774 139285 9 3 0
6774 139285 10 3 0
!sus 9425 151450 0 10 1 attackers:9425;victims:151450;type:1;valid_origin:True;recurrent:True;local:False
9425 151450 1 0 1
9425 151450 2 0 1
9425 151450 3 0 1
9425 151450 4 0 1
9425 151450 5 0 1
9425 151450 6 0 1
9425 151450 7 0 1
9425 151450 8 0 1
9425 151450 9 0 1
9425 151450 10 0 1
!sus 34872 214139 3 7 9 attackers:34872;victims:214139;type:1;valid_origin:True;recurrent:True;local:False
34872 214139 1 5 4
34872 214139 2 7 2
34872 214139 3 1 8
34872 214139 4 0 9
34872 214139 5 0 9
34872 214139 6 0 9
34872 214139 7 5 4
34872 214139 8 0 9
34872 214139 9 0 9
34872 214139 10 0 9
!sus 197790 200534 8 2 2 attackers:197790;victims:200534;type:1;valid_origin:True;recurrent:True;local:False
197790 200534 1 0 2
197790 200534 2 1 1
197790 200534 3 2 0
197790 200534 4 2 0
197790 200534 5 2 0
197790 200534 6 2 0
197790 200534 7 2 0
197790 200534 8 2 0
197790 200534 9 2 0
197790 200534 10 2 0
!sus 15351 16628 1 9 2 attackers:16628;victims:15351;type:1;valid_origin:True;recurrent:True;local:False
15351 16628 1 0 2
15351 16628 2 1 1
15351 16628 3 2 0
15351 16628 4 0 2
15351 16628 5 1 1
15351 16628 6 0 2
15351 16628 7 0 2
15351 16628 8 0 2
15351 16628 9 0 2
15351 16628 10 0 2
!leg 37721 213808 10 0 1 attackers:37721;victims:64433;type:2;valid_origin:True;recurrent:False;local:True
37721 213808 1 1 0
37721 213808 2 1 0
37721 213808 3 1 0
37721 213808 4 1 0
37721 213808 5 1 0
37721 213808 6 1 0
37721 213808 7 1 0
37721 213808 8 1 0
37721 213808 9 1 0
37721 213808 10 1 0
!sus 214331 214569 0 10 4 attackers:214331;victims:214569;type:1;valid_origin:True;recurrent:True;local:False
214331 214569 1 0 4
214331 214569 2 0 4
214331 214569 3 0 4
214331 214569 4 0 4
214331 214569 5 0 4
214331 214569 6 0 4
214331 214569 7 0 4
214331 214569 8 1 3
214331 214569 9 1 3
214331 214569 10 2 2
!sus 20118 60539 4 6 13 attackers:60539;victims:20118;type:1;valid_origin:True;recurrent:True;local:False
20118 60539 1 0 13
20118 60539 2 0 13
20118 60539 3 9 4
20118 60539 4 0 13
20118 60539 5 9 4
20118 60539 6 0 13
20118 60539 7 0 13
20118 60539 8 11 2
20118 60539 9 9 4
20118 60539 10 0 13
!leg 12737 59696 10 0 11 attackers:12737;victims:59696;type:1;valid_origin:True;recurrent:False;local:False
12737 59696 1 11 0
12737 59696 2 11 0
12737 59696 3 11 0
12737 59696 4 11 0
12737 59696 5 11 0
12737 59696 6 11 0
12737 59696 7 11 0
12737 59696 8 11 0
12737 59696 9 11 0
12737 59696 10 11 0
!leg 4847 139182 10 0 1 attackers:4847;victims:139182;type:1;valid_origin:True;recurrent:False;local:False
4847 139182 1 1 0
4847 139182 2 1 0
4847 139182 3 1 0
4847 139182 4 1 0
4847 139182 5 1 0
4847 139182 6 1 0
4847 139182 7 1 0
4847 139182 8 1 0
4847 139182 9 1 0
4847 139182 10 1 0
!leg 23520 28396 10 0 2 attackers:23520;victims:28396;type:1;valid_origin:True;recurrent:True;local:False
23520 28396 1 2 0
23520 28396 2 2 0
23520 28396 3 2 0
23520 28396 4 2 0
23520 28396 5 2 0
23520 28396 6 2 0
23520 28396 7 2 0
23520 28396 8 2 0
23520 28396 9 2 0
23520 28396 10 2 0
!leg 6774 140224 10 0 1 attackers:6774;victims:133012;type:2;valid_origin:True;recurrent:False;local:False
6774 140224 1 1 0
6774 140224 2 1 0
6774 140224 3 1 0
6774 140224 4 1 0
6774 140224 5 1 0
6774 140224 6 1 0
6774 140224 7 1 0
6774 140224 8 1 0
6774 140224 9 1 0
6774 140224 10 1 0
!sus 6823 47288 8 2 77 attackers:47288;victims:47894,214823,215919;type:2,3;valid_origin:True;recurrent:True;local:False
6823 47288 1 0 77
6823 47288 2 0 77
6823 47288 3 70 7
6823 47288 4 73 4
6823 47288 5 76 1
6823 47288 6 76 1
6823 47288 7 77 0
6823 47288 8 77 0
6823 47288 9 76 1
6823 47288 10 77 0
!sus 15353 62836 3 7 2 attackers:15353;victims:62836;type:1;valid_origin:True;recurrent:True;local:False
15353 62836 1 2 0
15353 62836 2 2 0
15353 62836 3 0 2
15353 62836 4 0 2
15353 62836 5 0 2
15353 62836 6 0 2
15353 62836 7 2 0
15353 62836 8 1 1
15353 62836 9 0 2
15353 62836 10 0 2
!sus 42298 214178 5 5 7 attackers:42298;victims:214178;type:1;valid_origin:True;recurrent:True;local:False
42298 214178 1 5 2
42298 214178 2 7 0
42298 214178 3 7 0
42298 214178 4 3 4
42298 214178 5 7 0
42298 214178 6 7 0
42298 214178 7 0 7
42298 214178 8 0 7
42298 214178 9 0 7
42298 214178 10 0 7
!leg 20516 43668 10 0 15 attackers:43668;victims:20516;type:1;valid_origin:True;recurrent:False;local:False
20516 43668 1 15 0
20516 43668 2 15 0
20516 43668 3 15 0
20516 43668 4 15 0
20516 43668 5 15 0
20516 43668 6 15 0
20516 43668 7 15 0
20516 43668 8 15 0
20516 43668 9 15 0
20516 43668 10 15 0
!leg 52863 267970 10 0 4 attackers:52863;victims:267970;type:1;valid_origin:True;recurrent:False;local:False
52863 267970 1 4 0
52863 267970 2 4 0
52863 267970 3 4 0
52863 267970 4 4 0
52863 267970 5 4 0
52863 267970 6 4 0
52863 267970 7 4 0
52863 267970 8 4 0
52863 267970 9 4 0
52863 267970 10 4 0
!sus 23520 27923 8 2 2 attackers:23520;victims:27923;type:1;valid_origin:True;recurrent:True;local:False
23520 27923 1 0 2
23520 27923 2 0 2
23520 27923 3 2 0
23520 27923 4 2 0
23520 27923 5 2 0
23520 27923 6 2 0
23520 27923 7 2 0
23520 27923 8 2 0
23520 27923 9 2 0
23520 27923 10 2 0
!sus 48300 64457 3 7 1 attackers:64457;victims:48300;type:1;valid_origin:True;recurrent:True;local:False
48300 64457 1 1 0
48300 64457 2 0 1
48300 64457 3 1 0
48300 64457 4 0 1
48300 64457 5 0 1
48300 64457 6 1 0
48300 64457 7 0 1
48300 64457 8 0 1
48300 64457 9 0 1
48300 64457 10 0 1
!sus 13378 149304 5 5 65 attackers:13378;victims:149304;type:1;valid_origin:False;recurrent:False;local:False
13378 149304 1 65 0
13378 149304 2 65 0
13378 149304 3 65 0
13378 149304 4 0 65
13378 149304 5 65 0
13378 149304 6 28 37
13378 149304 7 65 0
13378 149304 8 0 65
13378 149304 9 0 65
13378 149304 10 0 65
!sus 9425 151443 0 10 1 attackers:9425;victims:151443;type:1;valid_origin:True;recurrent:True;local:False
9425 151443 1 0 1
9425 151443 2 0 1
9425 151443 3 0 1
9425 151443 4 0 1
9425 151443 5 0 1
9425 151443 6 0 1
9425 151443 7 0 1
9425 151443 8 0 1
9425 151443 9 0 1
9425 151443 10 0 1
!leg 61696 270623 10 0 1 attackers:61696;victims:270623;type:1;valid_origin:True;recurrent:False;local:False
61696 270623 1 1 0
61696 270623 2 1 0
61696 270623 3 1 0
61696 270623 4 1 0
61696 270623 5 1 0
61696 270623 6 1 0
61696 270623 7 1 0
61696 270623 8 1 0
61696 270623 9 1 0
61696 270623 10 1 0
!leg 136429 150748 10 0 210 attackers:150748;victims:136429;type:1;valid_origin:True;recurrent:False;local:False
136429 150748 1 210 0
136429 150748 2 210 0
136429 150748 3 210 0
136429 150748 4 210 0
136429 150748 5 210 0
136429 150748 6 210 0
136429 150748 7 210 0
136429 150748 8 210 0
136429 150748 9 210 0
136429 150748 10 210 0
!sus 15802 37645 7 3 2 attackers:15802;victims:37645;type:1;valid_origin:True;recurrent:True;local:False
15802 37645 1 1 1
15802 37645 2 1 1
15802 37645 3 1 1
15802 37645 4 2 0
15802 37645 5 2 0
15802 37645 6 2 0
15802 37645 7 2 0
15802 37645 8 2 0
15802 37645 9 2 0
15802 37645 10 2 0
!sus 9425 151452 0 10 1 attackers:9425;victims:151452;type:1;valid_origin:True;recurrent:True;local:False
9425 151452 1 0 1
9425 151452 2 0 1
9425 151452 3 0 1
9425 151452 4 0 1
9425 151452 5 0 1
9425 151452 6 0 1
9425 151452 7 0 1
9425 151452 8 0 1
9425 151452 9 0 1
9425 151452 10 0 1
!sus 34872 215288 9 1 2 attackers:34872;victims:215288;type:1;valid_origin:True;recurrent:True;local:False
34872 215288 1 0 2
34872 215288 2 2 0
34872 215288 3 2 0
34872 215288 4 2 0
34872 215288 5 2 0
34872 215288 6 2 0
34872 215288 7 2 0
34872 215288 8 2 0
34872 215288 9 2 0
34872 215288 10 2 0
!sus 35280 142066 9 1 4 attackers:35280;victims:142066;type:1;valid_origin:True;recurrent:True;local:False
35280 142066 1 3 1
35280 142066 2 3 1
35280 142066 3 3 1
35280 142066 4 2 2
35280 142066 5 3 1
35280 142066 6 3 1
35280 142066 7 4 0
35280 142066 8 4 0
35280 142066 9 4 0
35280 142066 10 4 0
!leg 3188 208972 10 0 137 attackers:208972;victims:40368,214972,210388,3188;type:1,2;valid_origin:True;recurrent:False;local:False
3188 208972 1 124 13
3188 208972 2 132 5
3188 208972 3 133 4
3188 208972 4 130 7
3188 208972 5 130 7
3188 208972 6 137 0
3188 208972 7 137 0
3188 208972 8 136 1
3188 208972 9 137 0
3188 208972 10 136 1
!sus 137037 149020 2 8 10 attackers:149020;victims:137037;type:1;valid_origin:True;recurrent:True;local:False
137037 149020 1 10 0
137037 149020 2 0 10
137037 149020 3 6 4
137037 149020 4 0 10
137037 149020 5 0 10
137037 149020 6 3 7
137037 149020 7 0 10
137037 149020 8 0 10
137037 149020 9 0 10
137037 149020 10 0 10
!sus 7632 137557 0 10 1 attackers:137557;victims:54994;type:3;valid_origin:True;recurrent:True;local:False
7632 137557 1 0 1
7632 137557 2 0 1
7632 137557 3 0 1
7632 137557 4 0 1
7632 137557 5 0 1
7632 137557 6 0 1
7632 137557 7 0 1
7632 137557 8 0 1
7632 137557 9 0 1
7632 137557 10 0 1
!leg 6774 216211 10 0 2 attackers:6774;victims:214731;type:2;valid_origin:True;recurrent:False;local:False
6774 216211 1 2 0
6774 216211 2 2 0
6774 216211 3 2 0
6774 216211 4 2 0
6774 216211 5 2 0
6774 216211 6 2 0
6774 216211 7 2 0
6774 216211 8 2 0
6774 216211 9 2 0
6774 216211 10 2 0
!sus 13335 37119 0 10 7 attackers:37119;victims:13335;type:1;valid_origin:True;recurrent:True;local:False
13335 37119 1 0 7
13335 37119 2 0 7
13335 37119 3 0 7
13335 37119 4 0 7
13335 37119 5 0 7
13335 37119 6 0 7
13335 37119 7 0 7
13335 37119 8 1 6
13335 37119 9 0 7
13335 37119 10 1 6
!sus 399861 401481 2 8 1 attackers:399861;victims:401481;type:1;valid_origin:True;recurrent:True;local:False
399861 401481 1 0 1
399861 401481 2 1 0
399861 401481 3 1 0
399861 401481 4 0 1
399861 401481 5 0 1
399861 401481 6 0 1
399861 401481 7 0 1
399861 401481 8 0 1
399861 401481 9 0 1
399861 401481 10 0 1
!sus 917 25737 0 10 10 attackers:917;victims:25737;type:1;valid_origin:True;recurrent:True;local:False
917 25737 1 1 9
917 25737 2 0 10
917 25737 3 1 9
917 25737 4 1 9
917 25737 5 1 9
917 25737 6 1 9
917 25737 7 1 9
917 25737 8 1 9
917 25737 9 1 9
917 25737 10 1 9
!leg 38158 139968 10 0 17 attackers:38158;victims:139967;type:2;valid_origin:True;recurrent:False;local:False
38158 139968 1 17 0
38158 139968 2 17 0
38158 139968 3 17 0
38158 139968 4 17 0
38158 139968 5 17 0
38158 139968 6 17 0
38158 139968 7 17 0
38158 139968 8 17 0
38158 139968 9 17 0
38158 139968 10 17 0
!sus 8529 139938 8 2 1 attackers:8529;victims:139938;type:1;valid_origin:True;recurrent:True;local:False
8529 139938 1 0 1
8529 139938 2 0 1
8529 139938 3 1 0
8529 139938 4 1 0
8529 139938 5 1 0
8529 139938 6 1 0
8529 139938 7 1 0
8529 139938 8 1 0
8529 139938 9 1 0
8529 139938 10 1 0
!sus 8932 10075 0 10 1 attackers:8932;victims:24389;type:2;valid_origin:True;recurrent:True;local:False
8932 10075 1 0 1
8932 10075 2 0 1
8932 10075 3 0 1
8932 10075 4 0 1
8932 10075 5 0 1
8932 10075 6 0 1
8932 10075 7 0 1
8932 10075 8 0 1
8932 10075 9 0 1
8932 10075 10 0 1
!sus 213737 215242 0 10 16 attackers:213737;victims:215242;type:1;valid_origin:False;recurrent:True;local:False
213737 215242 1 0 16
213737 215242 2 0 16
213737 215242 3 0 16
213737 215242 4 0 16
213737 215242 5 0 16
213737 215242 6 0 16
213737 215242 7 0 16
213737 215242 8 0 16
213737 215242 9 0 16
213737 215242 10 0 16
!sus 152900 214731 0 10 169 attackers:152900;victims:214731;type:1;valid_origin:True;recurrent:True;local:False
152900 214731 1 0 169
152900 214731 2 0 169
152900 214731 3 0 169
152900 214731 4 0 169
152900 214731 5 0 169
152900 214731 6 0 169
152900 214731 7 2 167
152900 214731 8 2 167
152900 214731 9 0 169
152900 214731 10 2 167
!leg 209735 213769 10 0 32 attackers:209735;victims:213769;type:1;valid_origin:True;recurrent:False;local:False
209735 213769 1 32 0
209735 213769 2 32 0
209735 213769 3 32 0
209735 213769 4 32 0
209735 213769 5 32 0
209735 213769 6 32 0
209735 213769 7 32 0
209735 213769 8 32 0
209735 213769 9 32 0
209735 213769 10 32 0
!sus 207841 212895 8 2 9 attackers:207841;victims:212895;type:1;valid_origin:True;recurrent:True;local:False
207841 212895 1 0 9
207841 212895 2 1 8
207841 212895 3 9 0
207841 212895 4 9 0
207841 212895 5 9 0
207841 212895 6 9 0
207841 212895 7 9 0
207841 212895 8 9 0
207841 212895 9 9 0
207841 212895 10 9 0
!leg 9129 329504 10 0 40 attackers:9129;victims:329504,329014;type:1,2;valid_origin:True;recurrent:False;local:False
9129 329504 1 40 0
9129 329504 2 40 0
9129 329504 3 40 0
9129 329504 4 40 0
9129 329504 5 40 0
9129 329504 6 40 0
9129 329504 7 40 0
9129 329504 8 40 0
9129 329504 9 40 0
9129 329504 10 40 0
!sus 200088 214349 3 7 7 attackers:200088;victims:214349;type:1;valid_origin:True;recurrent:True;local:False
200088 214349 1 3 4
200088 214349 2 6 1
200088 214349 3 7 0
200088 214349 4 0 7
200088 214349 5 0 7
200088 214349 6 6 1
200088 214349 7 0 7
200088 214349 8 0 7
200088 214349 9 0 7
200088 214349 10 0 7
!sus 9425 151445 0 10 1 attackers:9425;victims:151445;type:1;valid_origin:True;recurrent:True;local:False
9425 151445 1 0 1
9425 151445 2 0 1
9425 151445 3 0 1
9425 151445 4 0 1
9425 151445 5 0 1
9425 151445 6 0 1
9425 151445 7 0 1
9425 151445 8 0 1
9425 151445 9 0 1
9425 151445 10 0 1
!leg 16735 264158 10 0 6 attackers:16735;victims:264158;type:1;valid_origin:True;recurrent:False;local:False
16735 264158 1 5 1
16735 264158 2 5 1
16735 264158 3 5 1
16735 264158 4 5 1
16735 264158 5 5 1
16735 264158 6 5 1
16735 264158 7 5 1
16735 264158 8 6 0
16735 264158 9 5 1
16735 264158 10 6 0
!leg 138840 141407 10 0 4 attackers:138840;victims:141607;type:2;valid_origin:True;recurrent:False;local:False
138840 141407 1 4 0
138840 141407 2 4 0
138840 141407 3 4 0
138840 141407 4 4 0
138840 141407 5 4 0
138840 141407 6 4 0
138840 141407 7 4 0
138840 141407 8 4 0
138840 141407 9 4 0
138840 141407 10 4 0
!sus 33659 61302 0 10 8 attackers:61302;victims:60539;type:4;valid_origin:True;recurrent:True;local:False
33659 61302 1 0 8
33659 61302 2 0 8
33659 61302 3 0 8
33659 61302 4 0 8
33659 61302 5 0 8
33659 61302 6 0 8
33659 61302 7 0 8
33659 61302 8 0 8
33659 61302 9 0 8
33659 61302 10 0 8
!leg 134952 139901 10 0 482 attackers:139901;victims:134952;type:1;valid_origin:True;recurrent:False;local:False
134952 139901 1 452 30
134952 139901 2 478 4
134952 139901 3 478 4
134952 139901 4 476 6
134952 139901 5 482 0
134952 139901 6 470 12
134952 139901 7 482 0
134952 139901 8 482 0
134952 139901 9 482 0
134952 139901 10 482 0
!sus 41051 213782 7 3 3 attackers:41051;victims:213782;type:1;valid_origin:True;recurrent:True;local:False
41051 213782 1 0 3
41051 213782 2 0 3
41051 213782 3 0 3
41051 213782 4 2 1
41051 213782 5 2 1
41051 213782 6 2 1
41051 213782 7 2 1
41051 213782 8 2 1
41051 213782 9 2 1
41051 213782 10 3 0
!leg 141407 141607 10 0 4 attackers:141407;victims:141607;type:1;valid_origin:True;recurrent:False;local:False
141407 141607 1 4 0
141407 141607 2 4 0
141407 141607 3 4 0
141407 141607 4 4 0
141407 141607 5 4 0
141407 141607 6 4 0
141407 141607 7 4 0
141407 141607 8 4 0
141407 141607 9 4 0
141407 141607 10 4 0
!sus 37645 50300 8 2 1 attackers:50300;victims:37645;type:1;valid_origin:True;recurrent:True;local:True
37645 50300 1 0 1
37645 50300 2 0 1
37645 50300 3 1 0
37645 50300 4 1 0
37645 50300 5 1 0
37645 50300 6 1 0
37645 50300 7 1 0
37645 50300 8 1 0
37645 50300 9 1 0
37645 50300 10 1 0
!sus 52320 272730 0 10 2 attackers:52320;victims:262957;type:4;valid_origin:True;recurrent:True;local:False
52320 272730 1 0 2
52320 272730 2 0 2
52320 272730 3 1 1
52320 272730 4 1 1
52320 272730 5 1 1
52320 272730 6 1 1
52320 272730 7 1 1
52320 272730 8 1 1
52320 272730 9 1 1
52320 272730 10 1 1
!sus 36873 136907 0 10 2 attackers:36873;victims:136907;type:1;valid_origin:True;recurrent:True;local:False
36873 136907 1 0 2
36873 136907 2 0 2
36873 136907 3 0 2
36873 136907 4 0 2
36873 136907 5 0 2
36873 136907 6 0 2
36873 136907 7 0 2
36873 136907 8 0 2
36873 136907 9 0 2
36873 136907 10 0 2
!sus 26617 269927 9 1 5 attackers:26617;victims:269927;type:1;valid_origin:True;recurrent:True;local:False
26617 269927 1 0 5
26617 269927 2 3 2
26617 269927 3 4 1
26617 269927 4 5 0
26617 269927 5 5 0
26617 269927 6 5 0
26617 269927 7 5 0
26617 269927 8 5 0
26617 269927 9 5 0
26617 269927 10 5 0
!leg 174 262847 10 0 83 attackers:174;victims:263949,265104,264393,271087,28285,265164,268413,262334,269639,271527,265473,270523,61681,267607,268511,53119,264236;type:2,3;valid_origin:True;recurrent:True;local:False
174 262847 1 61 22
174 262847 2 62 21
174 262847 3 82 1
174 262847 4 80 3
174 262847 5 81 2
174 262847 6 81 2
174 262847 7 82 1
174 262847 8 82 1
174 262847 9 82 1
174 262847 10 82 1
!sus 152900 200879 0 10 1 attackers:152900;victims:200879;type:1;valid_origin:True;recurrent:True;local:False
152900 200879 1 0 1
152900 200879 2 0 1
152900 200879 3 0 1
152900 200879 4 0 1
152900 200879 5 0 1
152900 200879 6 0 1
152900 200879 7 0 1
152900 200879 8 0 1
152900 200879 9 0 1
152900 200879 10 0 1
!leg 6774 199790 10 0 1 attackers:6774;victims:199790;type:1;valid_origin:True;recurrent:True;local:False
6774 199790 1 1 0
6774 199790 2 1 0
6774 199790 3 1 0
6774 199790 4 1 0
6774 199790 5 1 0
6774 199790 6 1 0
6774 199790 7 1 0
6774 199790 8 1 0
6774 199790 9 1 0
6774 199790 10 1 0
!sus 55707 270564 0 10 3 attackers:55707;victims:270564;type:1;valid_origin:True;recurrent:True;local:False
55707 270564 1 0 3
55707 270564 2 0 3
55707 270564 3 0 3
55707 270564 4 0 3
55707 270564 5 0 3
55707 270564 6 0 3
55707 270564 7 0 3
55707 270564 8 0 3
55707 270564 9 0 3
55707 270564 10 0 3
!sus 4837 137897 0 10 38 attackers:137897;victims:9304;type:3,4;valid_origin:True;recurrent:True;local:False
4837 137897 1 0 38
4837 137897 2 0 38
4837 137897 3 0 38
4837 137897 4 0 38
4837 137897 5 0 38
4837 137897 6 7 31
4837 137897 7 0 38
4837 137897 8 0 38
4837 137897 9 7 31
4837 137897 10 7 31
!sus 399861 401457 0 10 1 attackers:399861;victims:401457;type:1;valid_origin:True;recurrent:True;local:False
399861 401457 1 0 1
399861 401457 2 0 1
399861 401457 3 0 1
399861 401457 4 0 1
399861 401457 5 0 1
399861 401457 6 0 1
399861 401457 7 0 1
399861 401457 8 0 1
399861 401457 9 0 1
399861 401457 10 0 1
!sus 153371 209650 5 5 2 attackers:153371;victims:209650;type:1;valid_origin:True;recurrent:True;local:False
153371 209650 1 0 2
153371 209650 2 0 2
153371 209650 3 0 2
153371 209650 4 1 1
153371 209650 5 2 0
153371 209650 6 2 0
153371 209650 7 0 2
153371 209650 8 2 0
153371 209650 9 2 0
153371 209650 10 2 0
!leg 138004 148975 10 0 2 attackers:138004;victims:148975;type:1;valid_origin:True;recurrent:False;local:False
138004 148975 1 2 0
138004 148975 2 2 0
138004 148975 3 2 0
138004 148975 4 2 0
138004 148975 5 2 0
138004 148975 6 2 0
138004 148975 7 2 0
138004 148975 8 2 0
138004 148975 9 2 0
138004 148975 10 2 0
!sus 262663 268982 6 4 361 attackers:268982;victims:262663;type:1;valid_origin:True;recurrent:True;local:False
262663 268982 1 30 331
262663 268982 2 69 292
262663 268982 3 62 299
262663 268982 4 160 201
262663 268982 5 188 173
262663 268982 6 268 93
262663 268982 7 243 118
262663 268982 8 273 88
262663 268982 9 243 118
262663 268982 10 288 73
!sus 59356 59365 1 9 3 attackers:59356;victims:59365;type:1;valid_origin:False;recurrent:True;local:False
59356 59365 1 0 3
59356 59365 2 0 3
59356 59365 3 0 3
59356 59365 4 0 3
59356 59365 5 0 3
59356 59365 6 0 3
59356 59365 7 0 3
59356 59365 8 1 2
59356 59365 9 0 3
59356 59365 10 2 1
!sus 49276 58010 2 8 32 attackers:58010;victims:49276;type:1;valid_origin:False;recurrent:True;local:False
49276 58010 1 1 31
49276 58010 2 4 28
49276 58010 3 3 29
49276 58010 4 5 27
49276 58010 5 6 26
49276 58010 6 10 22
49276 58010 7 6 26
49276 58010 8 13 19
49276 58010 9 28 4
49276 58010 10 32 0
!leg 30844 61429 10 0 9 attackers:30844;victims:61429;type:1;valid_origin:False;recurrent:False;local:False
30844 61429 1 5 4
30844 61429 2 8 1
30844 61429 3 8 1
30844 61429 4 8 1
30844 61429 5 9 0
30844 61429 6 9 0
30844 61429 7 9 0
30844 61429 8 9 0
30844 61429 9 9 0
30844 61429 10 9 0
!sus 6762 9829 0 10 167 attackers:6762;victims:133287,135139,133715,9829;type:1,2,3;valid_origin:True;recurrent:True;local:False
6762 9829 1 26 141
6762 9829 2 36 131
6762 9829 3 34 133
6762 9829 4 34 133
6762 9829 5 34 133
6762 9829 6 60 107
6762 9829 7 65 102
6762 9829 8 64 103
6762 9829 9 65 102
6762 9829 10 72 95
!leg 4657 51392 10 0 1 attackers:4657;victims:51392;type:1;valid_origin:True;recurrent:False;local:False
4657 51392 1 1 0
4657 51392 2 1 0
4657 51392 3 1 0
4657 51392 4 1 0
4657 51392 5 1 0
4657 51392 6 1 0
4657 51392 7 1 0
4657 51392 8 1 0
4657 51392 9 1 0
4657 51392 10 1 0
!leg 6 197251 10 0 60 attackers:197251;victims:6;type:1;valid_origin:False;recurrent:False;local:False
6 197251 1 32 28
6 197251 2 60 0
6 197251 3 60 0
6 197251 4 60 0
6 197251 5 60 0
6 197251 6 60 0
6 197251 7 60 0
6 197251 8 60 0
6 197251 9 60 0
6 197251 10 60 0
!sus 19905 22894 9 1 9 attackers:19905;victims:22894;type:1;valid_origin:True;recurrent:True;local:False
19905 22894 1 1 8
19905 22894 2 8 1
19905 22894 3 8 1
19905 22894 4 9 0
19905 22894 5 9 0
19905 22894 6 9 0
19905 22894 7 9 0
19905 22894 8 9 0
19905 22894 9 9 0
19905 22894 10 9 0
!leg 328266 329166 10 0 1 attackers:328266;victims:329166;type:1;valid_origin:True;recurrent:False;local:True
328266 329166 1 1 0
328266 329166 2 1 0
328266 329166 3 1 0
328266 329166 4 1 0
328266 329166 5 1 0
328266 329166 6 1 0
328266 329166 7 1 0
328266 329166 8 1 0
328266 329166 9 1 0
328266 329166 10 1 0
!sus 142271 142385 9 1 1 attackers:142271;victims:142385;type:1;valid_origin:True;recurrent:True;local:True
142271 142385 1 0 1
142271 142385 2 1 0
142271 142385 3 1 0
142271 142385 4 1 0
142271 142385 5 1 0
142271 142385 6 1 0
142271 142385 7 1 0
142271 142385 8 1 0
142271 142385 9 1 0
142271 142385 10 1 0
!sus 9498 52873 3 7 18 attackers:52873;victims:138383,138615,140040,150441,800,133643,151711,138551,141873,135881,137662,149501,138549,138782,141155,140073,45609;type:2,3,4;valid_origin:True;recurrent:True;local:False
9498 52873 1 14 4
9498 52873 2 3 15
9498 52873 3 0 18
9498 52873 4 0 18
9498 52873 5 0 18
9498 52873 6 0 18
9498 52873 7 5 13
9498 52873 8 17 1
9498 52873 9 17 1
9498 52873 10 5 13
!sus 25799 262191 9 1 2 attackers:262191;victims:25799;type:1;valid_origin:True;recurrent:True;local:False
25799 262191 1 0 2
25799 262191 2 2 0
25799 262191 3 2 0
25799 262191 4 2 0
25799 262191 5 2 0
25799 262191 6 2 0
25799 262191 7 2 0
25799 262191 8 2 0
25799 262191 9 2 0
25799 262191 10 2 0
!sus 9425 151459 0 10 1 attackers:9425;victims:151459;type:1;valid_origin:True;recurrent:True;local:False
9425 151459 1 0 1
9425 151459 2 0 1
9425 151459 3 0 1
9425 151459 4 0 1
9425 151459 5 0 1
9425 151459 6 0 1
9425 151459 7 0 1
9425 151459 8 0 1
9425 151459 9 0 1
9425 151459 10 0 1
!sus 701 396192 5 5 284 attackers:701;victims:396192;type:1;valid_origin:True;recurrent:True;local:False
701 396192 1 235 49
701 396192 2 191 93
701 396192 3 235 49
701 396192 4 149 135
701 396192 5 89 195
701 396192 6 55 229
701 396192 7 214 70
701 396192 8 87 197
701 396192 9 10 274
701 396192 10 90 194
!sus 38081 139341 2 8 1 attackers:38081;victims:139341;type:1;valid_origin:True;recurrent:True;local:False
38081 139341 1 0 1
38081 139341 2 0 1
38081 139341 3 0 1
38081 139341 4 0 1
38081 139341 5 0 1
38081 139341 6 0 1
38081 139341 7 0 1
38081 139341 8 1 0
38081 139341 9 0 1
38081 139341 10 1 0
!sus 37662 329444 8 2 4 attackers:37662;victims:329444;type:1;valid_origin:True;recurrent:True;local:False
37662 329444 1 0 4
37662 329444 2 0 4
37662 329444 3 4 0
37662 329444 4 4 0
37662 329444 5 4 0
37662 329444 6 4 0
37662 329444 7 4 0
37662 329444 8 4 0
37662 329444 9 4 0
37662 329444 10 4 0
!sus 3342 21217 7 3 3 attackers:3342;victims:21217;type:1;valid_origin:True;recurrent:True;local:False
3342 21217 1 0 3
3342 21217 2 0 3
3342 21217 3 1 2
3342 21217 4 3 0
3342 21217 5 3 0
3342 21217 6 3 0
3342 21217 7 3 0
3342 21217 8 3 0
3342 21217 9 3 0
3342 21217 10 3 0
!sus 15525 204057 8 2 6 attackers:15525;victims:204057;type:1;valid_origin:True;recurrent:True;local:False
15525 204057 1 0 6
15525 204057 2 3 3
15525 204057 3 4 2
15525 204057 4 6 0
15525 204057 5 6 0
15525 204057 6 6 0
15525 204057 7 6 0
15525 204057 8 6 0
15525 204057 9 6 0
15525 204057 10 6 0
!sus 8732 15967 8 2 1 attackers:8732;victims:15967;type:1;valid_origin:True;recurrent:True;local:False
8732 15967 1 0 1
8732 15967 2 0 1
8732 15967 3 1 0
8732 15967 4 1 0
8732 15967 5 1 0
8732 15967 6 1 0
8732 15967 7 1 0
8732 15967 8 1 0
8732 15967 9 1 0
8732 15967 10 1 0
!sus 57463 138077 2 8 10 attackers:57463;victims:138077,396986;type:1,2;valid_origin:True;recurrent:True;local:False
57463 138077 1 2 8
57463 138077 2 2 8
57463 138077 3 2 8
57463 138077 4 2 8
57463 138077 5 3 7
57463 138077 6 5 5
57463 138077 7 3 7
57463 138077 8 3 7
57463 138077 9 7 3
57463 138077 10 7 3
!sus 1653 39362 5 5 2 attackers:1653;victims:39362;type:1;valid_origin:True;recurrent:True;local:False
1653 39362 1 2 0
1653 39362 2 2 0
1653 39362 3 2 0
1653 39362 4 1 1
1653 39362 5 2 0
1653 39362 6 1 1
1653 39362 7 2 0
1653 39362 8 0 2
1653 39362 9 0 2
1653 39362 10 0 2
!sus 33774 36947 6 4 2 attackers:36947;victims:329494;type:2;valid_origin:True;recurrent:True;local:False
33774 36947 1 2 0
33774 36947 2 2 0
33774 36947 3 1 1
33774 36947 4 2 0
33774 36947 5 1 1
33774 36947 6 1 1
33774 36947 7 2 0
33774 36947 8 2 0
33774 36947 9 2 0
33774 36947 10 0 2
!sus 267221 274714 5 5 3 attackers:267221;victims:274714;type:1;valid_origin:True;recurrent:True;local:False
267221 274714 1 3 0
267221 274714 2 3 0
267221 274714 3 3 0
267221 274714 4 0 3
267221 274714 5 3 0
267221 274714 6 2 1
267221 274714 7 0 3
267221 274714 8 0 3
267221 274714 9 0 3
267221 274714 10 0 3
!leg 31549 59441 10 0 70 attackers:31549;victims:59441;type:1;valid_origin:False;recurrent:False;local:False
31549 59441 1 70 0
31549 59441 2 70 0
31549 59441 3 70 0
31549 59441 4 70 0
31549 59441 5 70 0
31549 59441 6 70 0
31549 59441 7 70 0
31549 59441 8 70 0
31549 59441 9 70 0
31549 59441 10 70 0
!sus 63293 133982 0 10 1 attackers:133982;victims:63293;type:1;valid_origin:True;recurrent:True;local:False
63293 133982 1 0 1
63293 133982 2 0 1
63293 133982 3 0 1
63293 133982 4 0 1
63293 133982 5 0 1
63293 133982 6 0 1
63293 133982 7 0 1
63293 133982 8 0 1
63293 133982 9 0 1
63293 133982 10 0 1
!sus 21826 64120 2 8 82 attackers:21826;victims:64120;type:1;valid_origin:True;recurrent:True;local:False
21826 64120 1 0 82
21826 64120 2 0 82
21826 64120 3 0 82
21826 64120 4 1 81
21826 64120 5 3 79
21826 64120 6 25 57
21826 64120 7 23 59
21826 64120 8 20 62
21826 64120 9 63 19
21826 64120 10 72 10
!sus 4657 328366 7 3 1 attackers:4657;victims:328568;type:3;valid_origin:True;recurrent:True;local:False
4657 328366 1 0 1
4657 328366 2 0 1
4657 328366 3 0 1
4657 328366 4 1 0
4657 328366 5 1 0
4657 328366 6 1 0
4657 328366 7 1 0
4657 328366 8 1 0
4657 328366 9 1 0
4657 328366 10 1 0
!sus 20804 29390 7 3 1 attackers:29390;victims:2115;type:2;valid_origin:True;recurrent:True;local:False
20804 29390 1 0 1
20804 29390 2 0 1
20804 29390 3 0 1
20804 29390 4 1 0
20804 29390 5 1 0
20804 29390 6 1 0
20804 29390 7 1 0
20804 29390 8 1 0
20804 29390 9 1 0
20804 29390 10 1 0
!sus 1221 60068 0 10 6 attackers:1221;victims:60068;type:1;valid_origin:True;recurrent:True;local:False
1221 60068 1 0 6
1221 60068 2 0 6
1221 60068 3 0 6
1221 60068 4 0 6
1221 60068 5 0 6
1221 60068 6 0 6
1221 60068 7 0 6
1221 60068 8 0 6
1221 60068 9 0 6
1221 60068 10 0 6
!leg 25374 204554 10 0 32 attackers:25374;victims:204554;type:1;valid_origin:True;recurrent:False;local:False
25374 204554 1 30 2
25374 204554 2 32 0
25374 204554 3 32 0
25374 204554 4 32 0
25374 204554 5 32 0
25374 204554 6 32 0
25374 204554 7 32 0
25374 204554 8 32 0
25374 204554 9 32 0
25374 204554 10 32 0
!sus 13259 16226 6 4 5 attackers:13259;victims:16226;type:1;valid_origin:True;recurrent:True;local:False
13259 16226 1 5 0
13259 16226 2 5 0
13259 16226 3 5 0
13259 16226 4 5 0
13259 16226 5 5 0
13259 16226 6 5 0
13259 16226 7 1 4
13259 16226 8 0 5
13259 16226 9 0 5
13259 16226 10 0 5
!sus 59479 202733 2 8 1 attackers:59479;victims:202733;type:1;valid_origin:True;recurrent:True;local:False
59479 202733 1 0 1
59479 202733 2 1 0
59479 202733 3 1 0
59479 202733 4 0 1
59479 202733 5 0 1
59479 202733 6 0 1
59479 202733 7 0 1
59479 202733 8 0 1
59479 202733 9 0 1
59479 202733 10 0 1
!sus 396295 398647 2 8 6 attackers:396295;victims:398647;type:1;valid_origin:True;recurrent:True;local:False
396295 398647 1 0 6
396295 398647 2 5 1
396295 398647 3 5 1
396295 398647 4 0 6
396295 398647 5 0 6
396295 398647 6 0 6
396295 398647 7 0 6
396295 398647 8 0 6
396295 398647 9 0 6
396295 398647 10 0 6
!sus 24122 151651 7 3 5 attackers:24122;victims:151651;type:1;valid_origin:False;recurrent:True;local:False
24122 151651 1 5 0
24122 151651 2 5 0
24122 151651 3 5 0
24122 151651 4 5 0
24122 151651 5 5 0
24122 151651 6 5 0
24122 151651 7 5 0
24122 151651 8 0 5
24122 151651 9 0 5
24122 151651 10 0 5
!sus 7720 216324 0 10 78 attackers:7720;victims:401386,215617,216324;type:1,2;valid_origin:True;recurrent:False;local:False
7720 216324 1 6 72
7720 216324 2 9 69
7720 216324 3 14 64
7720 216324 4 15 63
7720 216324 5 15 63
7720 216324 6 18 60
7720 216324 7 19 59
7720 216324 8 20 58
7720 216324 9 22 56
7720 216324 10 35 43
!sus 6424 141193 0 10 1 attackers:141193;victims:6424;type:1;valid_origin:True;recurrent:True;local:False
6424 141193 1 0 1
6424 141193 2 0 1
6424 141193 3 0 1
6424 141193 4 0 1
6424 141193 5 0 1
6424 141193 6 0 1
6424 141193 7 0 1
6424 141193 8 0 1
6424 141193 9 0 1
6424 141193 10 0 1
!leg 57324 211181 10 0 150 attackers:211181;victims:57324;type:1;valid_origin:True;recurrent:False;local:False
57324 211181 1 150 0
57324 211181 2 150 0
57324 211181 3 150 0
57324 211181 4 150 0
57324 211181 5 150 0
57324 211181 6 150 0
57324 211181 7 150 0
57324 211181 8 150 0
57324 211181 9 150 0
57324 211181 10 150 0
!sus 9425 151461 0 10 1 attackers:9425;victims:151461;type:1;valid_origin:True;recurrent:True;local:False
9425 151461 1 0 1
9425 151461 2 0 1
9425 151461 3 0 1
9425 151461 4 0 1
9425 151461 5 0 1
9425 151461 6 0 1
9425 151461 7 0 1
9425 151461 8 0 1
9425 151461 9 0 1
9425 151461 10 0 1
!sus 7303 64112 1 9 1 attackers:7303;victims:64112;type:1;valid_origin:True;recurrent:True;local:False
7303 64112 1 0 1
7303 64112 2 0 1
7303 64112 3 0 1
7303 64112 4 0 1
7303 64112 5 0 1
7303 64112 6 0 1
7303 64112 7 0 1
7303 64112 8 0 1
7303 64112 9 0 1
7303 64112 10 1 0
!sus 51202 60742 9 1 4 attackers:51202;victims:60742;type:1;valid_origin:True;recurrent:True;local:False
51202 60742 1 0 4
51202 60742 2 3 1
51202 60742 3 3 1
51202 60742 4 4 0
51202 60742 5 3 1
51202 60742 6 4 0
51202 60742 7 4 0
51202 60742 8 4 0
51202 60742 9 4 0
51202 60742 10 4 0
!leg 198090 207594 10 0 6 attackers:207594;victims:198090,208337,198843;type:1,2,3;valid_origin:True;recurrent:False;local:False
198090 207594 1 6 0
198090 207594 2 6 0
198090 207594 3 6 0
198090 207594 4 6 0
198090 207594 5 6 0
198090 207594 6 6 0
198090 207594 7 6 0
198090 207594 8 6 0
198090 207594 9 6 0
198090 207594 10 6 0
!leg 137409 213808 10 0 1 attackers:137409;victims:64433;type:2;valid_origin:True;recurrent:False;local:False
137409 213808 1 1 0
137409 213808 2 1 0
137409 213808 3 1 0
137409 213808 4 1 0
137409 213808 5 1 0
137409 213808 6 1 0
137409 213808 7 1 0
137409 213808 8 1 0
137409 213808 9 1 0
137409 213808 10 1 0
!leg 44282 198949 10 0 118 attackers:198949;victims:44282;type:1;valid_origin:True;recurrent:True;local:False
44282 198949 1 98 20
44282 198949 2 106 12
44282 198949 3 118 0
44282 198949 4 118 0
44282 198949 5 118 0
44282 198949 6 118 0
44282 198949 7 118 0
44282 198949 8 118 0
44282 198949 9 118 0
44282 198949 10 118 0
!sus 3331 3356 8 2 5 attackers:3356;victims:61377,3331,21173,8956,41213;type:1,2;valid_origin:True;recurrent:True;local:False
3331 3356 1 0 5
3331 3356 2 0 5
3331 3356 3 4 1
3331 3356 4 4 1
3331 3356 5 4 1
3331 3356 6 4 1
3331 3356 7 4 1
3331 3356 8 4 1
3331 3356 9 4 1
3331 3356 10 4 1
!sus 6774 23671 8 2 3 attackers:6774;victims:23671;type:1;valid_origin:True;recurrent:True;local:False
6774 23671 1 1 2
6774 23671 2 1 2
6774 23671 3 2 1
6774 23671 4 3 0
6774 23671 5 2 1
6774 23671 6 3 0
6774 23671 7 3 0
6774 23671 8 3 0
6774 23671 9 3 0
6774 23671 10 3 0
!leg 25184 202269 10 0 7 attackers:25184;victims:202269;type:1;valid_origin:True;recurrent:False;local:False
25184 202269 1 7 0
25184 202269 2 7 0
25184 202269 3 7 0
25184 202269 4 7 0
25184 202269 5 7 0
25184 202269 6 7 0
25184 202269 7 7 0
25184 202269 8 7 0
25184 202269 9 7 0
25184 202269 10 7 0
!sus 207314 212271 7 3 1 attackers:212271;victims:207314;type:1;valid_origin:True;recurrent:True;local:False
207314 212271 1 0 1
207314 212271 2 0 1
207314 212271 3 0 1
207314 212271 4 1 0
207314 212271 5 1 0
207314 212271 6 1 0
207314 212271 7 1 0
207314 212271 8 1 0
207314 212271 9 1 0
207314 212271 10 1 0
!sus 142132 152919 7 3 16 attackers:142132;victims:152919;type:1;valid_origin:True;recurrent:False;local:False
142132 152919 1 0 16
142132 152919 2 0 16
142132 152919 3 0 16
142132 152919 4 16 0
142132 152919 5 16 0
142132 152919 6 16 0
142132 152919 7 16 0
142132 152919 8 16 0
142132 152919 9 16 0
142132 152919 10 16 0
!leg 7195 265975 10 0 1 attackers:7195;victims:265975;type:1;valid_origin:True;recurrent:False;local:False
7195 265975 1 1 0
7195 265975 2 1 0
7195 265975 3 1 0
7195 265975 4 1 0
7195 265975 5 1 0
7195 265975 6 1 0
7195 265975 7 1 0
7195 265975 8 1 0
7195 265975 9 1 0
7195 265975 10 1 0
!sus 6774 199095 9 1 6 attackers:6774;victims:199095;type:1;valid_origin:True;recurrent:True;local:False
6774 199095 1 1 5
6774 199095 2 4 2
6774 199095 3 5 1
6774 199095 4 5 1
6774 199095 5 5 1
6774 199095 6 5 1
6774 199095 7 5 1
6774 199095 8 6 0
6774 199095 9 6 0
6774 199095 10 5 1
!leg 134952 137967 10 0 4 attackers:137967;victims:134952;type:1;valid_origin:True;recurrent:False;local:False
134952 137967 1 4 0
134952 137967 2 4 0
134952 137967 3 4 0
134952 137967 4 4 0
134952 137967 5 4 0
134952 137967 6 4 0
134952 137967 7 4 0
134952 137967 8 4 0
134952 137967 9 4 0
134952 137967 10 4 0
!sus 55329 201053 8 2 1 attackers:55329;victims:196969;type:3;valid_origin:True;recurrent:False;local:False
55329 201053 1 0 1
55329 201053 2 0 1
55329 201053 3 1 0
55329 201053 4 1 0
55329 201053 5 1 0
55329 201053 6 1 0
55329 201053 7 1 0
55329 201053 8 1 0
55329 201053 9 1 0
55329 201053 10 1 0
!leg 35100 52025 10 0 68 attackers:52025;victims:35100;type:1;valid_origin:True;recurrent:True;local:False
35100 52025 1 37 31
35100 52025 2 39 29
35100 52025 3 43 25
35100 52025 4 46 22
35100 52025 5 61 7
35100 52025 6 51 17
35100 52025 7 57 11
35100 52025 8 67 1
35100 52025 9 66 2
35100 52025 10 66 2
!sus 18229 203724 0 10 4 attackers:18229;victims:203724;type:1;valid_origin:True;recurrent:True;local:False
18229 203724 1 0 4
18229 203724 2 0 4
18229 203724 3 0 4
18229 203724 4 0 4
18229 203724 5 0 4
18229 203724 6 0 4
18229 203724 7 0 4
18229 203724 8 1 3
18229 203724 9 1 3
18229 203724 10 1 3
!sus 25184 213682 7 3 273 attackers:25184;victims:213682;type:1;valid_origin:True;recurrent:True;local:False
25184 213682 1 273 0
25184 213682 2 273 0
25184 213682 3 273 0
25184 213682 4 252 21
25184 213682 5 273 0
25184 213682 6 263 10
25184 213682 7 272 1
25184 213682 8 0 273
25184 213682 9 0 273
25184 213682 10 0 273
!sus 135572 142132 8 2 59 attackers:142132;victims:135572;type:1;valid_origin:True;recurrent:True;local:False
135572 142132 1 0 59
135572 142132 2 0 59
135572 142132 3 59 0
135572 142132 4 59 0
135572 142132 5 59 0
135572 142132 6 59 0
135572 142132 7 59 0
135572 142132 8 59 0
135572 142132 9 59 0
135572 142132 10 59 0
!sus 134835 153176 9 1 2 attackers:134835;victims:153176;type:1;valid_origin:True;recurrent:True;local:False
134835 153176 1 0 2
134835 153176 2 2 0
134835 153176 3 2 0
134835 153176 4 2 0
134835 153176 5 2 0
134835 153176 6 2 0
134835 153176 7 2 0
134835 153176 8 2 0
134835 153176 9 2 0
134835 153176 10 2 0
!leg 8563 209657 10 0 1 attackers:8563;victims:209657;type:1;valid_origin:True;recurrent:False;local:False
8563 209657 1 1 0
8563 209657 2 1 0
8563 209657 3 1 0
8563 209657 4 1 0
8563 209657 5 1 0
8563 209657 6 1 0
8563 209657 7 1 0
8563 209657 8 1 0
8563 209657 9 1 0
8563 209657 10 1 0
!sus 60171 329457 1 9 6 attackers:60171;victims:329457;type:1;valid_origin:True;recurrent:True;local:False
60171 329457 1 0 6
60171 329457 2 0 6
60171 329457 3 0 6
60171 329457 4 0 6
60171 329457 5 0 6
60171 329457 6 0 6
60171 329457 7 2 4
60171 329457 8 3 3
60171 329457 9 3 3
60171 329457 10 5 1
!leg 4657 42228 10 0 1 attackers:4657;victims:42228;type:1;valid_origin:True;recurrent:False;local:False
4657 42228 1 1 0
4657 42228 2 1 0
4657 42228 3 1 0
4657 42228 4 1 0
4657 42228 5 1 0
4657 42228 6 1 0
4657 42228 7 1 0
4657 42228 8 1 0
4657 42228 9 1 0
4657 42228 10 1 0
!sus 3204 132647 8 2 1 attackers:3204;victims:132647;type:1;valid_origin:True;recurrent:True;local:False
3204 132647 1 0 1
3204 132647 2 0 1
3204 132647 3 1 0
3204 132647 4 1 0
3204 132647 5 1 0
3204 132647 6 1 0
3204 132647 7 1 0
3204 132647 8 1 0
3204 132647 9 1 0
3204 132647 10 1 0
!sus 9425 151454 0 10 1 attackers:9425;victims:151454;type:1;valid_origin:True;recurrent:True;local:False
9425 151454 1 0 1
9425 151454 2 0 1
9425 151454 3 0 1
9425 151454 4 0 1
9425 151454 5 0 1
9425 151454 6 0 1
9425 151454 7 0 1
9425 151454 8 0 1
9425 151454 9 0 1
9425 151454 10 0 1
!sus 33659 51896 0 10 8 attackers:33659;victims:60539;type:3;valid_origin:True;recurrent:True;local:False
33659 51896 1 0 8
33659 51896 2 0 8
33659 51896 3 0 8
33659 51896 4 0 8
33659 51896 5 0 8
33659 51896 6 0 8
33659 51896 7 0 8
33659 51896 8 0 8
33659 51896 9 0 8
33659 51896 10 0 8
!sus 47272 199691 0 10 4 attackers:47272;victims:199691;type:1;valid_origin:True;recurrent:True;local:False
47272 199691 1 0 4
47272 199691 2 0 4
47272 199691 3 0 4
47272 199691 4 0 4
47272 199691 5 0 4
47272 199691 6 0 4
47272 199691 7 0 4
47272 199691 8 0 4
47272 199691 9 0 4
47272 199691 10 0 4
!leg 136759 137579 10 0 2 attackers:136759;victims:137579;type:1;valid_origin:True;recurrent:False;local:False
136759 137579 1 2 0
136759 137579 2 2 0
136759 137579 3 2 0
136759 137579 4 2 0
136759 137579 5 2 0
136759 137579 6 2 0
136759 137579 7 2 0
136759 137579 8 2 0
136759 137579 9 2 0
136759 137579 10 2 0
!sus 2 273535 0 10 4 attackers:273535;victims:2;type:1;valid_origin:False;recurrent:True;local:False
2 273535 1 0 4
2 273535 2 0 4
2 273535 3 0 4
2 273535 4 0 4
2 273535 5 0 4
2 273535 6 0 4
2 273535 7 0 4
2 273535 8 0 4
2 273535 9 0 4
2 273535 10 0 4
!sus 42337 213732 6 4 73 attackers:42337;victims:213732;type:1;valid_origin:False;recurrent:True;local:False
42337 213732 1 73 0
42337 213732 2 73 0
42337 213732 3 72 1
42337 213732 4 38 35
42337 213732 5 73 0
42337 213732 6 72 1
42337 213732 7 5 68
42337 213732 8 0 73
42337 213732 9 0 73
42337 213732 10 0 73
!sus 264778 273995 5 5 4 attackers:264778;victims:273995;type:1;valid_origin:True;recurrent:True;local:False
264778 273995 1 4 0
264778 273995 2 4 0
264778 273995 3 4 0
264778 273995 4 0 4
264778 273995 5 4 0
264778 273995 6 0 4
264778 273995 7 4 0
264778 273995 8 0 4
264778 273995 9 0 4
264778 273995 10 0 4
!leg 55492 132438 10 0 4 attackers:55492;victims:132438;type:1;valid_origin:True;recurrent:False;local:False
55492 132438 1 4 0
55492 132438 2 4 0
55492 132438 3 4 0
55492 132438 4 4 0
55492 132438 5 4 0
55492 132438 6 4 0
55492 132438 7 4 0
55492 132438 8 4 0
55492 132438 9 4 0
55492 132438 10 4 0
!sus 32787 201293 7 3 3 attackers:32787;victims:201293;type:1;valid_origin:True;recurrent:True;local:False
32787 201293 1 0 3
32787 201293 2 0 3
32787 201293 3 1 2
32787 201293 4 3 0
32787 201293 5 3 0
32787 201293 6 3 0
32787 201293 7 3 0
32787 201293 8 3 0
32787 201293 9 3 0
32787 201293 10 3 0
!sus 329394 329491 6 4 2 attackers:329394;victims:329491;type:1;valid_origin:True;recurrent:True;local:False
329394 329491 1 2 0
329394 329491 2 2 0
329394 329491 3 2 0
329394 329491 4 2 0
329394 329491 5 2 0
329394 329491 6 2 0
329394 329491 7 1 1
329394 329491 8 0 2
329394 329491 9 0 2
329394 329491 10 0 2
!sus 5852 12076 8 2 3 attackers:5852;victims:12076;type:1;valid_origin:True;recurrent:True;local:False
5852 12076 1 0 3
5852 12076 2 2 1
5852 12076 3 2 1
5852 12076 4 2 1
5852 12076 5 2 1
5852 12076 6 0 3
5852 12076 7 2 1
5852 12076 8 2 1
5852 12076 9 2 1
5852 12076 10 2 1
!sus 61138 62435 1 9 6 attackers:61138;victims:62435;type:1;valid_origin:True;recurrent:True;local:False
61138 62435 1 1 5
61138 62435 2 1 5
61138 62435 3 1 5
61138 62435 4 1 5
61138 62435 5 4 2
61138 62435 6 1 5
61138 62435 7 3 3
61138 62435 8 1 5
61138 62435 9 0 6
61138 62435 10 0 6
!sus 213220 213861 6 4 85 attackers:213220;victims:213861;type:1;valid_origin:False;recurrent:True;local:False
213220 213861 1 77 8
213220 213861 2 85 0
213220 213861 3 85 0
213220 213861 4 69 16
213220 213861 5 81 4
213220 213861 6 82 3
213220 213861 7 0 85
213220 213861 8 0 85
213220 213861 9 0 85
213220 213861 10 0 85
!sus 11331 32558 8 2 166 attackers:32558;victims:11331;type:1;valid_origin:False;recurrent:True;local:False
11331 32558 1 165 1
11331 32558 2 166 0
11331 32558 3 166 0
11331 32558 4 162 4
11331 32558 5 165 1
11331 32558 6 165 1
11331 32558 7 164 2
11331 32558 8 0 166
11331 32558 9 119 47
11331 32558 10 0 166
!leg 38158 142340 10 0 97 attackers:38158;victims:142340;type:1;valid_origin:True;recurrent:False;local:False
38158 142340 1 97 0
38158 142340 2 97 0
38158 142340 3 97 0
38158 142340 4 97 0
38158 142340 5 97 0
38158 142340 6 97 0
38158 142340 7 97 0
38158 142340 8 97 0
38158 142340 9 97 0
38158 142340 10 97 0
!sus 35313 212573 9 1 113 attackers:35313;victims:57324;type:4;valid_origin:True;recurrent:True;local:False
35313 212573 1 0 113
35313 212573 2 112 1
35313 212573 3 113 0
35313 212573 4 113 0
35313 212573 5 113 0
35313 212573 6 113 0
35313 212573 7 113 0
35313 212573 8 113 0
35313 212573 9 113 0
35313 212573 10 113 0
!sus 50053 51765 5 5 9 attackers:51765;victims:50053;type:1;valid_origin:False;recurrent:True;local:False
50053 51765 1 0 9
50053 51765 2 0 9
50053 51765 3 4 5
50053 51765 4 4 5
50053 51765 5 4 5
50053 51765 6 9 0
50053 51765 7 9 0
50053 51765 8 9 0
50053 51765 9 9 0
50053 51765 10 9 0
!sus 9425 151447 0 10 1 attackers:9425;victims:151447;type:1;valid_origin:True;recurrent:True;local:False
9425 151447 1 0 1
9425 151447 2 0 1
9425 151447 3 0 1
9425 151447 4 0 1
9425 151447 5 0 1
9425 151447 6 0 1
9425 151447 7 0 1
9425 151447 8 0 1
9425 151447 9 0 1
9425 151447 10 0 1
!leg 39351 211134 10 0 1 attackers:39351;victims:211134;type:1;valid_origin:True;recurrent:False;local:True
39351 211134 1 1 0
39351 211134 2 1 0
39351 211134 3 1 0
39351 211134 4 1 0
39351 211134 5 1 0
39351 211134 6 1 0
39351 211134 7 1 0
39351 211134 8 1 0
39351 211134 9 1 0
39351 211134 10 1 0
!sus 26617 269734 7 3 2 attackers:26617;victims:269734;type:1;valid_origin:True;recurrent:True;local:False
26617 269734 1 0 2
26617 269734 2 1 1
26617 269734 3 1 1
26617 269734 4 2 0
26617 269734 5 2 0
26617 269734 6 2 0
26617 269734 7 2 0
26617 269734 8 2 0
26617 269734 9 2 0
26617 269734 10 2 0
!sus 208972 216064 8 2 1 attackers:208972;victims:216064;type:1;valid_origin:True;recurrent:True;local:False
208972 216064 1 0 1
208972 216064 2 0 1
208972 216064 3 1 0
208972 216064 4 1 0
208972 216064 5 1 0
208972 216064 6 1 0
208972 216064 7 1 0
208972 216064 8 1 0
208972 216064 9 1 0
208972 216064 10 1 0
!sus 9425 151456 0 10 1 attackers:9425;victims:151456;type:1;valid_origin:True;recurrent:True;local:False
9425 151456 1 0 1
9425 151456 2 0 1
9425 151456 3 0 1
9425 151456 4 0 1
9425 151456 5 0 1
9425 151456 6 0 1
9425 151456 7 0 1
9425 151456 8 0 1
9425 151456 9 0 1
9425 151456 10 0 1
!sus 34372 203724 0 10 4 attackers:34372;victims:203724;type:1;valid_origin:True;recurrent:True;local:False
34372 203724 1 0 4
34372 203724 2 0 4
34372 203724 3 0 4
34372 203724 4 0 4
34372 203724 5 0 4
34372 203724 6 0 4
34372 203724 7 0 4
34372 203724 8 0 4
34372 203724 9 0 4
34372 203724 10 0 4
!leg 44324 44354 10 0 3 attackers:44324;victims:44354;type:1;valid_origin:True;recurrent:False;local:False
44324 44354 1 3 0
44324 44354 2 3 0
44324 44354 3 3 0
44324 44354 4 3 0
44324 44354 5 3 0
44324 44354 6 3 0
44324 44354 7 3 0
44324 44354 8 3 0
44324 44354 9 3 0
44324 44354 10 3 0
!leg 211275 215492 10 0 155 attackers:211275;victims:215492;type:1;valid_origin:True;recurrent:False;local:False
211275 215492 1 142 13
211275 215492 2 155 0
211275 215492 3 155 0
211275 215492 4 155 0
211275 215492 5 155 0
211275 215492 6 155 0
211275 215492 7 155 0
211275 215492 8 155 0
211275 215492 9 155 0
211275 215492 10 155 0
!sus 137410 140068 8 2 12 attackers:140068;victims:137410;type:1;valid_origin:True;recurrent:True;local:False
137410 140068 1 12 0
137410 140068 2 12 0
137410 140068 3 12 0
137410 140068 4 12 0
137410 140068 5 12 0
137410 140068 6 12 0
137410 140068 7 12 0
137410 140068 8 0 12
137410 140068 9 9 3
137410 140068 10 0 12
!leg 8636 8732 10 0 1 attackers:8732;victims:202344;type:2;valid_origin:True;recurrent:False;local:False
8636 8732 1 1 0
8636 8732 2 1 0
8636 8732 3 1 0
8636 8732 4 1 0
8636 8732 5 1 0
8636 8732 6 1 0
8636 8732 7 1 0
8636 8732 8 1 0
8636 8732 9 1 0
8636 8732 10 1 0
!sus 1288 15830 1 9 6 attackers:15830;victims:1288;type:1;valid_origin:True;recurrent:True;local:False
1288 15830 1 0 6
1288 15830 2 0 6
1288 15830 3 0 6
1288 15830 4 0 6
1288 15830 5 0 6
1288 15830 6 0 6
1288 15830 7 0 6
1288 15830 8 0 6
1288 15830 9 4 2
1288 15830 10 2 4
!sus 33774 329494 4 6 2 attackers:33774;victims:329494;type:1;valid_origin:True;recurrent:True;local:False
33774 329494 1 2 0
33774 329494 2 2 0
33774 329494 3 2 0
33774 329494 4 0 2
33774 329494 5 0 2
33774 329494 6 2 0
33774 329494 7 0 2
33774 329494 8 0 2
33774 329494 9 0 2
33774 329494 10 0 2
!leg 16611 398044 10 0 3 attackers:16611;victims:398800,398044,400784;type:1,2;valid_origin:True;recurrent:False;local:False
16611 398044 1 3 0
16611 398044 2 3 0
16611 398044 3 3 0
16611 398044 4 3 0
16611 398044 5 3 0
16611 398044 6 3 0
16611 398044 7 3 0
16611 398044 8 3 0
16611 398044 9 3 0
16611 398044 10 3 0
!leg 29670 213997 10 0 9 attackers:29670;victims:213997;type:1;valid_origin:True;recurrent:False;local:False
29670 213997 1 9 0
29670 213997 2 9 0
29670 213997 3 9 0
29670 213997 4 9 0
29670 213997 5 9 0
29670 213997 6 9 0
29670 213997 7 9 0
29670 213997 8 9 0
29670 213997 9 9 0
29670 213997 10 9 0
!sus 23862 23962 9 1 74 attackers:23862;victims:23862;type:2;valid_origin:True;recurrent:True;local:False
23862 23962 1 0 74
23862 23962 2 43 31
23862 23962 3 74 0
23862 23962 4 74 0
23862 23962 5 74 0
23862 23962 6 74 0
23862 23962 7 74 0
23862 23962 8 74 0
23862 23962 9 74 0
23862 23962 10 74 0
!sus 207841 214757 6 4 1 attackers:207841;victims:214757;type:1;valid_origin:True;recurrent:True;local:False
207841 214757 1 0 1
207841 214757 2 0 1
207841 214757 3 0 1
207841 214757 4 0 1
207841 214757 5 1 0
207841 214757 6 1 0
207841 214757 7 1 0
207841 214757 8 1 0
207841 214757 9 1 0
207841 214757 10 1 0
!leg 50873 204333 10 0 874 attackers:50873;victims:204333,200718,202278;type:1,2,3;valid_origin:True;recurrent:False;local:False
50873 204333 1 870 4
50873 204333 2 867 7
50873 204333 3 870 4
50873 204333 4 866 8
50873 204333 5 865 9
50873 204333 6 872 2
50873 204333 7 865 9
50873 204333 8 866 8
50873 204333 9 874 0
50873 204333 10 874 0
!leg 4657 35551 10 0 1 attackers:4657;victims:35551;type:1;valid_origin:True;recurrent:False;local:False
4657 35551 1 1 0
4657 35551 2 1 0
4657 35551 3 1 0
4657 35551 4 1 0
4657 35551 5 1 0
4657 35551 6 1 0
4657 35551 7 1 0
4657 35551 8 1 0
4657 35551 9 1 0
4657 35551 10 1 0
!leg 139967 139968 10 0 17 attackers:139968;victims:139967;type:1;valid_origin:True;recurrent:False;local:False
139967 139968 1 16 1
139967 139968 2 17 0
139967 139968 3 17 0
139967 139968 4 17 0
139967 139968 5 17 0
139967 139968 6 17 0
139967 139968 7 17 0
139967 139968 8 17 0
139967 139968 9 17 0
139967 139968 10 17 0
!leg 133982 133989 10 0 22 attackers:133989;victims:133982;type:1;valid_origin:True;recurrent:False;local:False
133982 133989 1 22 0
133982 133989 2 22 0
133982 133989 3 22 0
133982 133989 4 22 0
133982 133989 5 22 0
133982 133989 6 22 0
133982 133989 7 22 0
133982 133989 8 22 0
133982 133989 9 22 0
133982 133989 10 22 0
