!leg 137449 141731 10 0 2 attackers:137449;victims:139667;type:3;valid_origin:True;recurrent:False;local:False
137449 141731 1 2 0
137449 141731 2 2 0
137449 141731 3 2 0
137449 141731 4 2 0
137449 141731 5 2 0
137449 141731 6 2 0
137449 141731 7 2 0
137449 141731 8 2 0
137449 141731 9 2 0
137449 141731 10 2 0
!leg 138089 141125 10 0 190 attackers:138089;victims:141125;type:1;valid_origin:True;recurrent:False;local:False
138089 141125 1 190 0
138089 141125 2 190 0
138089 141125 3 190 0
138089 141125 4 190 0
138089 141125 5 190 0
138089 141125 6 190 0
138089 141125 7 190 0
138089 141125 8 190 0
138089 141125 9 190 0
138089 141125 10 190 0
!sus 7195 51095 0 10 4 attackers:7195;victims:22822,138915,51095,24429;type:1,2,3;valid_origin:True;recurrent:True;local:False
7195 51095 1 1 3
7195 51095 2 1 3
7195 51095 3 1 3
7195 51095 4 2 2
7195 51095 5 1 3
7195 51095 6 2 2
7195 51095 7 2 2
7195 51095 8 2 2
7195 51095 9 2 2
7195 51095 10 2 2
!sus 58629 152147 4 6 7 attackers:58629;victims:152147;type:1;valid_origin:True;recurrent:True;local:False
58629 152147 1 7 0
58629 152147 2 1 6
58629 152147 3 7 0
58629 152147 4 1 6
58629 152147 5 5 2
58629 152147 6 0 7
58629 152147 7 0 7
58629 152147 8 0 7
58629 152147 9 1 6
58629 152147 10 5 2
!sus 37100 328691 9 1 5 attackers:37100;victims:328691;type:1;valid_origin:True;recurrent:True;local:False
37100 328691 1 0 5
37100 328691 2 4 1
37100 328691 3 5 0
37100 328691 4 5 0
37100 328691 5 5 0
37100 328691 6 5 0
37100 328691 7 5 0
37100 328691 8 5 0
37100 328691 9 5 0
37100 328691 10 5 0
!sus 53356 211849 8 2 3 attackers:53356;victims:211849;type:1;valid_origin:True;recurrent:True;local:False
53356 211849 1 0 3
53356 211849 2 1 2
53356 211849 3 3 0
53356 211849 4 3 0
53356 211849 5 3 0
53356 211849 6 3 0
53356 211849 7 3 0
53356 211849 8 3 0
53356 211849 9 3 0
53356 211849 10 3 0
!sus 57324 210513 4 6 113 attackers:57324;victims:210513;type:1;valid_origin:True;recurrent:True;local:False
57324 210513 1 113 0
57324 210513 2 113 0
57324 210513 3 113 0
57324 210513 4 0 113
57324 210513 5 113 0
57324 210513 6 0 113
57324 210513 7 0 113
57324 210513 8 0 113
57324 210513 9 0 113
57324 210513 10 0 113
!sus 40468 54439 2 8 2 attackers:40468;victims:54439;type:1;valid_origin:True;recurrent:True;local:False
40468 54439 1 2 0
40468 54439 2 0 2
40468 54439 3 0 2
40468 54439 4 0 2
40468 54439 5 2 0
40468 54439 6 0 2
40468 54439 7 0 2
40468 54439 8 0 2
40468 54439 9 0 2
40468 54439 10 0 2
!leg 58820 63490 10 0 160 attackers:58820;victims:63490;type:1;valid_origin:True;recurrent:False;local:False
58820 63490 1 160 0
58820 63490 2 160 0
58820 63490 3 160 0
58820 63490 4 160 0
58820 63490 5 160 0
58820 63490 6 160 0
58820 63490 7 160 0
58820 63490 8 160 0
58820 63490 9 160 0
58820 63490 10 160 0
!sus 20940 395502 0 10 2 attackers:395502;victims:20940;type:1;valid_origin:True;recurrent:True;local:False
20940 395502 1 0 2
20940 395502 2 0 2
20940 395502 3 0 2
20940 395502 4 0 2
20940 395502 5 0 2
20940 395502 6 0 2
20940 395502 7 0 2
20940 395502 8 0 2
20940 395502 9 0 2
20940 395502 10 0 2
!sus 201814 215862 0 10 3 attackers:201814;victims:215862;type:1;valid_origin:True;recurrent:True;local:False
201814 215862 1 0 3
201814 215862 2 0 3
201814 215862 3 0 3
201814 215862 4 0 3
201814 215862 5 0 3
201814 215862 6 0 3
201814 215862 7 0 3
201814 215862 8 0 3
201814 215862 9 0 3
201814 215862 10 0 3
!sus 47152 204508 0 10 2 attackers:47152;victims:204508;type:1;valid_origin:True;recurrent:True;local:False
47152 204508 1 0 2
47152 204508 2 0 2
47152 204508 3 0 2
47152 204508 4 0 2
47152 204508 5 0 2
47152 204508 6 0 2
47152 204508 7 0 2
47152 204508 8 0 2
47152 204508 9 0 2
47152 204508 10 0 2
!leg 23764 61802 10 0 3 attackers:23764;victims:61802;type:1;valid_origin:True;recurrent:True;local:False
23764 61802 1 3 0
23764 61802 2 3 0
23764 61802 3 3 0
23764 61802 4 3 0
23764 61802 5 3 0
23764 61802 6 3 0
23764 61802 7 3 0
23764 61802 8 3 0
23764 61802 9 3 0
23764 61802 10 3 0
!sus 23750 140039 4 6 75 attackers:23750;victims:140039;type:1;valid_origin:True;recurrent:True;local:False
23750 140039 1 75 0
23750 140039 2 57 18
23750 140039 3 63 12
23750 140039 4 0 75
23750 140039 5 48 27
23750 140039 6 0 75
23750 140039 7 0 75
23750 140039 8 0 75
23750 140039 9 0 75
23750 140039 10 0 75
!sus 27059 270593 2 8 2 attackers:270593;victims:270593;type:2;valid_origin:True;recurrent:True;local:False
27059 270593 1 1 1
27059 270593 2 2 0
27059 270593 3 2 0
27059 270593 4 0 2
27059 270593 5 0 2
27059 270593 6 0 2
27059 270593 7 0 2
27059 270593 8 0 2
27059 270593 9 0 2
27059 270593 10 0 2
!sus 23764 269315 0 10 117 attackers:23764;victims:269315;type:1;valid_origin:True;recurrent:True;local:False
23764 269315 1 8 109
23764 269315 2 13 104
23764 269315 3 5 112
23764 269315 4 18 99
23764 269315 5 18 99
23764 269315 6 28 89
23764 269315 7 28 89
23764 269315 8 31 86
23764 269315 9 20 97
23764 269315 10 39 78
!sus 4637 8697 9 1 1 attackers:4637;victims:8376;type:2;valid_origin:True;recurrent:True;local:False
4637 8697 1 0 1
4637 8697 2 1 0
4637 8697 3 1 0
4637 8697 4 1 0
4637 8697 5 1 0
4637 8697 6 1 0
4637 8697 7 1 0
4637 8697 8 1 0
4637 8697 9 1 0
4637 8697 10 1 0
!leg 201053 202626 10 0 15 attackers:201053;victims:202626;type:1;valid_origin:True;recurrent:False;local:False
201053 202626 1 15 0
201053 202626 2 15 0
201053 202626 3 15 0
201053 202626 4 15 0
201053 202626 5 15 0
201053 202626 6 15 0
201053 202626 7 15 0
201053 202626 8 15 0
201053 202626 9 15 0
201053 202626 10 15 0
!leg 34927 216398 10 0 14 attackers:34927;victims:216398;type:1;valid_origin:True;recurrent:False;local:False
34927 216398 1 14 0
34927 216398 2 14 0
34927 216398 3 14 0
34927 216398 4 14 0
34927 216398 5 14 0
34927 216398 6 14 0
34927 216398 7 14 0
34927 216398 8 14 0
34927 216398 9 14 0
34927 216398 10 14 0
!sus 48581 59920 0 10 2 attackers:59920;victims:48581;type:1;valid_origin:True;recurrent:True;local:False
48581 59920 1 0 2
48581 59920 2 0 2
48581 59920 3 0 2
48581 59920 4 0 2
48581 59920 5 0 2
48581 59920 6 0 2
48581 59920 7 0 2
48581 59920 8 0 2
48581 59920 9 0 2
48581 59920 10 0 2
!leg 37468 268624 10 0 2 attackers:268624;victims:53245;type:3;valid_origin:True;recurrent:False;local:False
37468 268624 1 2 0
37468 268624 2 2 0
37468 268624 3 2 0
37468 268624 4 2 0
37468 268624 5 2 0
37468 268624 6 2 0
37468 268624 7 2 0
37468 268624 8 2 0
37468 268624 9 2 0
37468 268624 10 2 0
!sus 34250 199528 3 7 10 attackers:34250;victims:199528;type:1;valid_origin:True;recurrent:True;local:False
34250 199528 1 10 0
34250 199528 2 10 0
34250 199528 3 10 0
34250 199528 4 0 10
34250 199528 5 5 5
34250 199528 6 0 10
34250 199528 7 0 10
34250 199528 8 0 10
34250 199528 9 0 10
34250 199528 10 0 10
!leg 56233 131732 10 0 123 attackers:56233;victims:131732;type:1;valid_origin:False;recurrent:False;local:False
56233 131732 1 123 0
56233 131732 2 123 0
56233 131732 3 123 0
56233 131732 4 123 0
56233 131732 5 123 0
56233 131732 6 123 0
56233 131732 7 123 0
56233 131732 8 123 0
56233 131732 9 123 0
56233 131732 10 123 0
!leg 42337 202319 10 0 33 attackers:42337;victims:202319;type:1;valid_origin:True;recurrent:False;local:False
42337 202319 1 33 0
42337 202319 2 33 0
42337 202319 3 33 0
42337 202319 4 33 0
42337 202319 5 33 0
42337 202319 6 33 0
42337 202319 7 33 0
42337 202319 8 33 0
42337 202319 9 33 0
42337 202319 10 33 0
!leg 12041 21574 10 0 3 attackers:21574;victims:12041;type:1;valid_origin:True;recurrent:True;local:False
12041 21574 1 2 1
12041 21574 2 3 0
12041 21574 3 3 0
12041 21574 4 3 0
12041 21574 5 3 0
12041 21574 6 3 0
12041 21574 7 3 0
12041 21574 8 3 0
12041 21574 9 3 0
12041 21574 10 3 0
!leg 38778 138089 10 0 171 attackers:138089;victims:38778;type:1;valid_origin:True;recurrent:False;local:False
38778 138089 1 171 0
38778 138089 2 171 0
38778 138089 3 171 0
38778 138089 4 171 0
38778 138089 5 171 0
38778 138089 6 171 0
38778 138089 7 171 0
38778 138089 8 171 0
38778 138089 9 171 0
38778 138089 10 171 0
!leg 21574 28148 10 0 7 attackers:21574;victims:9644,1237,9318,109,15562,4557,6250;type:4,5;valid_origin:True;recurrent:False;local:False
21574 28148 1 7 0
21574 28148 2 7 0
21574 28148 3 7 0
21574 28148 4 7 0
21574 28148 5 7 0
21574 28148 6 6 1
21574 28148 7 7 0
21574 28148 8 7 0
21574 28148 9 7 0
21574 28148 10 7 0
!sus 23764 262691 9 1 1 attackers:262691;victims:264425;type:2;valid_origin:True;recurrent:True;local:False
23764 262691 1 0 1
23764 262691 2 1 0
23764 262691 3 1 0
23764 262691 4 1 0
23764 262691 5 1 0
23764 262691 6 1 0
23764 262691 7 1 0
23764 262691 8 1 0
23764 262691 9 1 0
23764 262691 10 1 0
!sus 38077 140223 8 2 397 attackers:140223;victims:38077;type:1;valid_origin:True;recurrent:True;local:False
38077 140223 1 162 235
38077 140223 2 217 180
38077 140223 3 219 178
38077 140223 4 260 137
38077 140223 5 278 119
38077 140223 6 211 186
38077 140223 7 300 97
38077 140223 8 324 73
38077 140223 9 376 21
38077 140223 10 161 236
!sus 269931 273070 4 6 2 attackers:269931;victims:273070;type:1;valid_origin:True;recurrent:True;local:False
269931 273070 1 2 0
269931 273070 2 2 0
269931 273070 3 2 0
269931 273070 4 0 2
269931 273070 5 2 0
269931 273070 6 0 2
269931 273070 7 0 2
269931 273070 8 0 2
269931 273070 9 0 2
269931 273070 10 0 2
!sus 50763 52041 0 10 83 attackers:52041;victims:50763;type:1;valid_origin:True;recurrent:True;local:False
50763 52041 1 0 83
50763 52041 2 0 83
50763 52041 3 0 83
50763 52041 4 0 83
50763 52041 5 0 83
50763 52041 6 0 83
50763 52041 7 0 83
50763 52041 8 0 83
50763 52041 9 0 83
50763 52041 10 0 83
!leg 38506 58820 10 0 114 attackers:58820;victims:38506;type:1;valid_origin:True;recurrent:False;local:False
38506 58820 1 114 0
38506 58820 2 114 0
38506 58820 3 114 0
38506 58820 4 114 0
38506 58820 5 114 0
38506 58820 6 114 0
38506 58820 7 114 0
38506 58820 8 114 0
38506 58820 9 114 0
38506 58820 10 114 0
!sus 57463 200950 9 1 1 attackers:57463;victims:200950;type:1;valid_origin:True;recurrent:True;local:True
57463 200950 1 0 1
57463 200950 2 1 0
57463 200950 3 1 0
57463 200950 4 1 0
57463 200950 5 1 0
57463 200950 6 1 0
57463 200950 7 1 0
57463 200950 8 1 0
57463 200950 9 1 0
57463 200950 10 1 0
!sus 136119 142374 6 4 3 attackers:142374;victims:136119;type:1;valid_origin:True;recurrent:False;local:False
136119 142374 1 0 3
136119 142374 2 1 2
136119 142374 3 2 1
136119 142374 4 3 0
136119 142374 5 1 2
136119 142374 6 2 1
136119 142374 7 0 3
136119 142374 8 3 0
136119 142374 9 3 0
136119 142374 10 3 0
!sus 41157 62443 5 5 10 attackers:62443;victims:41157;type:1;valid_origin:True;recurrent:True;local:False
41157 62443 1 3 7
41157 62443 2 5 5
41157 62443 3 5 5
41157 62443 4 6 4
41157 62443 5 5 5
41157 62443 6 7 3
41157 62443 7 7 3
41157 62443 8 5 5
41157 62443 9 8 2
41157 62443 10 6 4
!sus 150452 151193 0 10 3 attackers:150452;victims:151193;type:1;valid_origin:True;recurrent:True;local:False
150452 151193 1 1 2
150452 151193 2 1 2
150452 151193 3 1 2
150452 151193 4 0 3
150452 151193 5 1 2
150452 151193 6 0 3
150452 151193 7 1 2
150452 151193 8 1 2
150452 151193 9 0 3
150452 151193 10 1 2
!leg 9785 138089 10 0 120 attackers:138089;victims:9785;type:1;valid_origin:True;recurrent:False;local:False
9785 138089 1 120 0
9785 138089 2 120 0
9785 138089 3 120 0
9785 138089 4 120 0
9785 138089 5 120 0
9785 138089 6 120 0
9785 138089 7 120 0
9785 138089 8 120 0
9785 138089 9 120 0
9785 138089 10 120 0
!sus 57695 152156 2 8 1 attackers:57695;victims:152156;type:1;valid_origin:True;recurrent:True;local:False
57695 152156 1 0 1
57695 152156 2 0 1
57695 152156 3 0 1
57695 152156 4 0 1
57695 152156 5 0 1
57695 152156 6 0 1
57695 152156 7 0 1
57695 152156 8 1 0
57695 152156 9 0 1
57695 152156 10 1 0
!sus 48605 216026 7 3 1 attackers:48605;victims:216026;type:1;valid_origin:True;recurrent:True;local:False
48605 216026 1 0 1
48605 216026 2 0 1
48605 216026 3 0 1
48605 216026 4 1 0
48605 216026 5 1 0
48605 216026 6 1 0
48605 216026 7 1 0
48605 216026 8 1 0
48605 216026 9 1 0
48605 216026 10 1 0
!sus 52863 268517 0 10 1 attackers:52863;victims:268517;type:1;valid_origin:True;recurrent:True;local:False
52863 268517 1 0 1
52863 268517 2 0 1
52863 268517 3 0 1
52863 268517 4 0 1
52863 268517 5 0 1
52863 268517 6 0 1
52863 268517 7 0 1
52863 268517 8 0 1
52863 268517 9 0 1
52863 268517 10 0 1
!sus 60858 216132 9 1 2 attackers:60858;victims:198980;type:15;valid_origin:True;recurrent:True;local:False
60858 216132 1 0 2
60858 216132 2 2 0
60858 216132 3 2 0
60858 216132 4 2 0
60858 216132 5 2 0
60858 216132 6 2 0
60858 216132 7 2 0
60858 216132 8 2 0
60858 216132 9 2 0
60858 216132 10 2 0
!sus 50293 327797 0 10 1 attackers:50293;victims:327797;type:1;valid_origin:True;recurrent:True;local:False
50293 327797 1 0 1
50293 327797 2 0 1
50293 327797 3 0 1
50293 327797 4 0 1
50293 327797 5 0 1
50293 327797 6 0 1
50293 327797 7 0 1
50293 327797 8 0 1
50293 327797 9 0 1
50293 327797 10 0 1
!sus 269237 273412 4 6 1 attackers:269237;victims:273412;type:1;valid_origin:True;recurrent:True;local:False
269237 273412 1 1 0
269237 273412 2 1 0
269237 273412 3 1 0
269237 273412 4 0 1
269237 273412 5 1 0
269237 273412 6 0 1
269237 273412 7 0 1
269237 273412 8 0 1
269237 273412 9 0 1
269237 273412 10 0 1
!sus 209533 215912 0 10 2 attackers:209533;victims:215912;type:1;valid_origin:True;recurrent:True;local:False
209533 215912 1 0 2
209533 215912 2 0 2
209533 215912 3 0 2
209533 215912 4 0 2
209533 215912 5 0 2
209533 215912 6 0 2
209533 215912 7 0 2
209533 215912 8 0 2
209533 215912 9 0 2
209533 215912 10 0 2
!sus 45430 396986 1 9 3 attackers:45430;victims:396986;type:1;valid_origin:True;recurrent:True;local:False
45430 396986 1 0 3
45430 396986 2 0 3
45430 396986 3 0 3
45430 396986 4 0 3
45430 396986 5 0 3
45430 396986 6 0 3
45430 396986 7 0 3
45430 396986 8 1 2
45430 396986 9 0 3
45430 396986 10 3 0
!leg 47787 48011 10 0 1 attackers:47787;victims:48011;type:1;valid_origin:True;recurrent:True;local:False
47787 48011 1 1 0
47787 48011 2 1 0
47787 48011 3 1 0
47787 48011 4 1 0
47787 48011 5 1 0
47787 48011 6 1 0
47787 48011 7 1 0
47787 48011 8 1 0
47787 48011 9 1 0
47787 48011 10 1 0
!sus 30205 46844 1 9 1 attackers:46844;victims:30205;type:1;valid_origin:True;recurrent:True;local:False
30205 46844 1 0 1
30205 46844 2 0 1
30205 46844 3 1 0
30205 46844 4 0 1
30205 46844 5 0 1
30205 46844 6 0 1
30205 46844 7 0 1
30205 46844 8 0 1
30205 46844 9 0 1
30205 46844 10 0 1
!sus 23764 272764 8 2 3 attackers:23764;victims:272764;type:1;valid_origin:True;recurrent:True;local:False
23764 272764 1 1 2
23764 272764 2 2 1
23764 272764 3 1 2
23764 272764 4 2 1
23764 272764 5 2 1
23764 272764 6 3 0
23764 272764 7 3 0
23764 272764 8 3 0
23764 272764 9 3 0
23764 272764 10 3 0
!sus 37100 329369 1 9 7 attackers:37100;victims:329369;type:1;valid_origin:True;recurrent:True;local:False
37100 329369 1 4 3
37100 329369 2 0 7
37100 329369 3 0 7
37100 329369 4 0 7
37100 329369 5 0 7
37100 329369 6 0 7
37100 329369 7 0 7
37100 329369 8 0 7
37100 329369 9 0 7
37100 329369 10 0 7
!leg 24195 58820 10 0 122 attackers:58820;victims:24195;type:1;valid_origin:True;recurrent:False;local:False
24195 58820 1 122 0
24195 58820 2 122 0
24195 58820 3 122 0
24195 58820 4 122 0
24195 58820 5 122 0
24195 58820 6 122 0
24195 58820 7 122 0
24195 58820 8 122 0
24195 58820 9 122 0
24195 58820 10 122 0
!sus 25184 216344 4 6 296 attackers:25184;victims:216344;type:1;valid_origin:True;recurrent:True;local:False
25184 216344 1 296 0
25184 216344 2 289 7
25184 216344 3 296 0
25184 216344 4 0 296
25184 216344 5 233 63
25184 216344 6 0 296
25184 216344 7 0 296
25184 216344 8 12 284
25184 216344 9 0 296
25184 216344 10 0 296
!sus 38235 139341 7 3 2 attackers:38235;victims:139341;type:1;valid_origin:True;recurrent:True;local:False
38235 139341 1 0 2
38235 139341 2 0 2
38235 139341 3 1 1
38235 139341 4 2 0
38235 139341 5 2 0
38235 139341 6 2 0
38235 139341 7 2 0
38235 139341 8 2 0
38235 139341 9 2 0
38235 139341 10 2 0
!leg 263099 265436 10 0 14 attackers:263099;victims:272698;type:2;valid_origin:True;recurrent:False;local:False
263099 265436 1 14 0
263099 265436 2 14 0
263099 265436 3 14 0
263099 265436 4 14 0
263099 265436 5 14 0
263099 265436 6 14 0
263099 265436 7 14 0
263099 265436 8 14 0
263099 265436 9 14 0
263099 265436 10 14 0
!sus 43754 64422 3 7 33 attackers:43754;victims:64422;type:1;valid_origin:True;recurrent:True;local:False
43754 64422 1 33 0
43754 64422 2 31 2
43754 64422 3 30 3
43754 64422 4 0 33
43754 64422 5 7 26
43754 64422 6 0 33
43754 64422 7 0 33
43754 64422 8 0 33
43754 64422 9 0 33
43754 64422 10 0 33
!sus 3258 215871 0 10 2 attackers:3258;victims:215871;type:1;valid_origin:True;recurrent:True;local:False
3258 215871 1 0 2
3258 215871 2 0 2
3258 215871 3 0 2
3258 215871 4 0 2
3258 215871 5 0 2
3258 215871 6 0 2
3258 215871 7 0 2
3258 215871 8 0 2
3258 215871 9 0 2
3258 215871 10 0 2
!sus 139620 150285 0 10 26 attackers:139620;victims:150285;type:1;valid_origin:True;recurrent:True;local:False
139620 150285 1 0 26
139620 150285 2 0 26
139620 150285 3 0 26
139620 150285 4 0 26
139620 150285 5 0 26
139620 150285 6 0 26
139620 150285 7 0 26
139620 150285 8 0 26
139620 150285 9 0 26
139620 150285 10 0 26
!sus 135905 149068 4 6 6 attackers:135905;victims:149068;type:1;valid_origin:True;recurrent:True;local:False
135905 149068 1 6 0
135905 149068 2 6 0
135905 149068 3 6 0
135905 149068 4 0 6
135905 149068 5 5 1
135905 149068 6 0 6
135905 149068 7 0 6
135905 149068 8 0 6
135905 149068 9 0 6
135905 149068 10 0 6
!sus 8772 215828 8 2 122 attackers:8772;victims:215828;type:1;valid_origin:True;recurrent:True;local:False
8772 215828 1 11 111
8772 215828 2 39 83
8772 215828 3 76 46
8772 215828 4 97 25
8772 215828 5 91 31
8772 215828 6 105 17
8772 215828 7 110 12
8772 215828 8 92 30
8772 215828 9 112 10
8772 215828 10 121 1
!sus 264974 273341 3 7 8 attackers:264974;victims:273341;type:1;valid_origin:True;recurrent:True;local:False
264974 273341 1 8 0
264974 273341 2 6 2
264974 273341 3 8 0
264974 273341 4 0 8
264974 273341 5 3 5
264974 273341 6 0 8
264974 273341 7 0 8
264974 273341 8 0 8
264974 273341 9 0 8
264974 273341 10 0 8
!sus 209533 215823 5 5 140 attackers:209533;victims:215823;type:1;valid_origin:True;recurrent:True;local:False
209533 215823 1 0 140
209533 215823 2 4 136
209533 215823 3 8 132
209533 215823 4 14 126
209533 215823 5 58 82
209533 215823 6 87 53
209533 215823 7 99 41
209533 215823 8 114 26
209533 215823 9 115 25
209533 215823 10 126 14
!sus 44841 400810 2 8 1 attackers:400810;victims:44841;type:1;valid_origin:True;recurrent:True;local:False
44841 400810 1 1 0
44841 400810 2 0 1
44841 400810 3 0 1
44841 400810 4 0 1
44841 400810 5 1 0
44841 400810 6 0 1
44841 400810 7 0 1
44841 400810 8 0 1
44841 400810 9 0 1
44841 400810 10 0 1
!leg 262403 263099 10 0 13 attackers:263099;victims:262403;type:1;valid_origin:True;recurrent:False;local:False
262403 263099 1 13 0
262403 263099 2 13 0
262403 263099 3 13 0
262403 263099 4 13 0
262403 263099 5 13 0
262403 263099 6 13 0
262403 263099 7 13 0
262403 263099 8 13 0
262403 263099 9 13 0
262403 263099 10 13 0
!leg 36992 328972 10 0 56 attackers:36992;victims:328972;type:1;valid_origin:True;recurrent:False;local:False
36992 328972 1 56 0
36992 328972 2 56 0
36992 328972 3 56 0
36992 328972 4 56 0
36992 328972 5 56 0
36992 328972 6 56 0
36992 328972 7 56 0
36992 328972 8 56 0
36992 328972 9 56 0
36992 328972 10 56 0
!leg 58820 131717 10 0 186 attackers:58820;victims:131717;type:1;valid_origin:True;recurrent:False;local:False
58820 131717 1 186 0
58820 131717 2 186 0
58820 131717 3 186 0
58820 131717 4 186 0
58820 131717 5 186 0
58820 131717 6 186 0
58820 131717 7 186 0
58820 131717 8 186 0
58820 131717 9 186 0
58820 131717 10 186 0
!sus 1 328697 0 10 1 attackers:328697;victims:1;type:1;valid_origin:True;recurrent:True;local:False
1 328697 1 0 1
1 328697 2 0 1
1 328697 3 0 1
1 328697 4 0 1
1 328697 5 0 1
1 328697 6 0 1
1 328697 7 0 1
1 328697 8 0 1
1 328697 9 0 1
1 328697 10 0 1
!sus 52210 202427 1 9 105 attackers:52210;victims:202427;type:1;valid_origin:True;recurrent:True;local:False
52210 202427 1 0 105
52210 202427 2 1 104
52210 202427 3 2 103
52210 202427 4 2 103
52210 202427 5 4 101
52210 202427 6 5 100
52210 202427 7 19 86
52210 202427 8 15 90
52210 202427 9 21 84
52210 202427 10 74 31
!sus 44687 196695 3 7 2 attackers:196695;victims:44687;type:1;valid_origin:True;recurrent:True;local:False
44687 196695 1 2 0
44687 196695 2 0 2
44687 196695 3 2 0
44687 196695 4 0 2
44687 196695 5 2 0
44687 196695 6 0 2
44687 196695 7 0 2
44687 196695 8 0 2
44687 196695 9 0 2
44687 196695 10 0 2
!sus 20473 213007 8 2 68 attackers:20473;victims:213007;type:1;valid_origin:True;recurrent:False;local:False
20473 213007 1 66 2
20473 213007 2 27 41
20473 213007 3 51 17
20473 213007 4 60 8
20473 213007 5 61 7
20473 213007 6 47 21
20473 213007 7 43 25
20473 213007 8 57 11
20473 213007 9 42 26
20473 213007 10 34 34
!sus 23764 263998 7 3 23 attackers:23764;victims:263998,262970,268633,271571,267442,263967;type:1,2,3;valid_origin:True;recurrent:True;local:False
23764 263998 1 3 20
23764 263998 2 4 19
23764 263998 3 11 12
23764 263998 4 15 8
23764 263998 5 18 5
23764 263998 6 18 5
23764 263998 7 18 5
23764 263998 8 18 5
23764 263998 9 19 4
23764 263998 10 19 4
!leg 8452 328405 10 0 77 attackers:8452;victims:328405;type:1;valid_origin:True;recurrent:False;local:False
8452 328405 1 74 3
8452 328405 2 74 3
8452 328405 3 74 3
8452 328405 4 77 0
8452 328405 5 74 3
8452 328405 6 76 1
8452 328405 7 74 3
8452 328405 8 77 0
8452 328405 9 77 0
8452 328405 10 77 0
!sus 9304 9886 9 1 4 attackers:9886;victims:133199;type:2;valid_origin:True;recurrent:True;local:False
9304 9886 1 2 2
9304 9886 2 4 0
9304 9886 3 4 0
9304 9886 4 4 0
9304 9886 5 4 0
9304 9886 6 4 0
9304 9886 7 4 0
9304 9886 8 4 0
9304 9886 9 4 0
9304 9886 10 4 0
!leg 55818 138840 10 0 10 attackers:55818;victims:136887;type:3;valid_origin:True;recurrent:False;local:False
55818 138840 1 10 0
55818 138840 2 10 0
55818 138840 3 10 0
55818 138840 4 10 0
55818 138840 5 10 0
55818 138840 6 10 0
55818 138840 7 10 0
55818 138840 8 10 0
55818 138840 9 10 0
55818 138840 10 10 0
!leg 61580 269194 10 0 22 attackers:269194;victims:61580;type:1;valid_origin:True;recurrent:False;local:False
61580 269194 1 22 0
61580 269194 2 22 0
61580 269194 3 22 0
61580 269194 4 22 0
61580 269194 5 22 0
61580 269194 6 22 0
61580 269194 7 22 0
61580 269194 8 22 0
61580 269194 9 22 0
61580 269194 10 22 0
!sus 42337 60516 1 9 1 attackers:42337;victims:60516;type:1;valid_origin:True;recurrent:True;local:False
42337 60516 1 1 0
42337 60516 2 0 1
42337 60516 3 0 1
42337 60516 4 0 1
42337 60516 5 0 1
42337 60516 6 0 1
42337 60516 7 0 1
42337 60516 8 0 1
42337 60516 9 0 1
42337 60516 10 0 1
!sus 41051 48231 9 1 4 attackers:41051;victims:48231;type:1;valid_origin:True;recurrent:True;local:False
41051 48231 1 0 4
41051 48231 2 3 1
41051 48231 3 4 0
41051 48231 4 4 0
41051 48231 5 4 0
41051 48231 6 4 0
41051 48231 7 4 0
41051 48231 8 4 0
41051 48231 9 4 0
41051 48231 10 4 0
!sus 4637 47794 8 2 2 attackers:4637;victims:47794,48695;type:1,2;valid_origin:True;recurrent:True;local:False
4637 47794 1 0 2
4637 47794 2 1 1
4637 47794 3 2 0
4637 47794 4 2 0
4637 47794 5 2 0
4637 47794 6 2 0
4637 47794 7 2 0
4637 47794 8 2 0
4637 47794 9 2 0
4637 47794 10 2 0
!leg 26318 399226 10 0 1 attackers:399226;victims:26318;type:1;valid_origin:True;recurrent:True;local:False
26318 399226 1 1 0
26318 399226 2 1 0
26318 399226 3 1 0
26318 399226 4 1 0
26318 399226 5 1 0
26318 399226 6 1 0
26318 399226 7 1 0
26318 399226 8 1 0
26318 399226 9 1 0
26318 399226 10 1 0
!sus 209533 215825 0 10 195 attackers:209533;victims:215825;type:1;valid_origin:True;recurrent:True;local:False
209533 215825 1 31 164
209533 215825 2 18 177
209533 215825 3 22 173
209533 215825 4 20 175
209533 215825 5 1 194
209533 215825 6 0 195
209533 215825 7 0 195
209533 215825 8 0 195
209533 215825 9 0 195
209533 215825 10 0 195
!leg 63490 141107 10 0 5 attackers:63490;victims:141107;type:1;valid_origin:True;recurrent:False;local:False
63490 141107 1 5 0
63490 141107 2 5 0
63490 141107 3 5 0
63490 141107 4 5 0
63490 141107 5 5 0
63490 141107 6 5 0
63490 141107 7 5 0
63490 141107 8 5 0
63490 141107 9 5 0
63490 141107 10 5 0
!leg 58820 139993 10 0 172 attackers:58820;victims:139993,4855;type:1,2;valid_origin:True;recurrent:False;local:False
58820 139993 1 172 0
58820 139993 2 172 0
58820 139993 3 172 0
58820 139993 4 172 0
58820 139993 5 172 0
58820 139993 6 172 0
58820 139993 7 172 0
58820 139993 8 172 0
58820 139993 9 172 0
58820 139993 10 172 0
!sus 24940 29535 5 5 22 attackers:29535;victims:57896;type:2;valid_origin:True;recurrent:True;local:False
24940 29535 1 2 20
24940 29535 2 3 19
24940 29535 3 6 16
24940 29535 4 8 14
24940 29535 5 11 11
24940 29535 6 15 7
24940 29535 7 16 6
24940 29535 8 21 1
24940 29535 9 19 3
24940 29535 10 22 0
!leg 28158 263099 10 0 11 attackers:263099;victims:263303;type:2;valid_origin:True;recurrent:False;local:False
28158 263099 1 11 0
28158 263099 2 11 0
28158 263099 3 11 0
28158 263099 4 11 0
28158 263099 5 11 0
28158 263099 6 11 0
28158 263099 7 11 0
28158 263099 8 11 0
28158 263099 9 11 0
28158 263099 10 11 0
!leg 58820 138080 10 0 119 attackers:58820;victims:138080;type:1;valid_origin:True;recurrent:False;local:False
58820 138080 1 119 0
58820 138080 2 119 0
58820 138080 3 119 0
58820 138080 4 119 0
58820 138080 5 119 0
58820 138080 6 119 0
58820 138080 7 119 0
58820 138080 8 119 0
58820 138080 9 119 0
58820 138080 10 119 0
!sus 202262 215799 0 10 168 attackers:202262;victims:215799;type:1;valid_origin:True;recurrent:True;local:False
202262 215799 1 1 167
202262 215799 2 1 167
202262 215799 3 6 162
202262 215799 4 5 163
202262 215799 5 8 160
202262 215799 6 0 168
202262 215799 7 1 167
202262 215799 8 1 167
202262 215799 9 0 168
202262 215799 10 6 162
!sus 37662 328585 0 10 2 attackers:37662;victims:328585;type:1;valid_origin:True;recurrent:True;local:False
37662 328585 1 0 2
37662 328585 2 0 2
37662 328585 3 0 2
37662 328585 4 0 2
37662 328585 5 1 1
37662 328585 6 0 2
37662 328585 7 0 2
37662 328585 8 0 2
37662 328585 9 1 1
37662 328585 10 1 1
!sus 134472 134572 0 10 127 attackers:134572;victims:134572;type:2;valid_origin:True;recurrent:True;local:False
134472 134572 1 1 126
134472 134572 2 1 126
134472 134572 3 2 125
134472 134572 4 1 126
134472 134572 5 1 126
134472 134572 6 3 124
134472 134572 7 11 116
134472 134572 8 11 116
134472 134572 9 2 125
134472 134572 10 12 115
!sus 47311 203686 6 4 5 attackers:47311;victims:203686;type:1;valid_origin:True;recurrent:True;local:False
47311 203686 1 0 5
47311 203686 2 0 5
47311 203686 3 1 4
47311 203686 4 1 4
47311 203686 5 5 0
47311 203686 6 5 0
47311 203686 7 5 0
47311 203686 8 5 0
47311 203686 9 5 0
47311 203686 10 5 0
!sus 5416 139341 3 7 23 attackers:5416;victims:139341;type:1;valid_origin:True;recurrent:True;local:False
5416 139341 1 2 21
5416 139341 2 2 21
5416 139341 3 4 19
5416 139341 4 5 18
5416 139341 5 7 16
5416 139341 6 5 18
5416 139341 7 12 11
5416 139341 8 10 13
5416 139341 9 16 7
5416 139341 10 19 4
!leg 4800 140457 10 0 119 attackers:4800;victims:151516,141615,140457,201862;type:1,2,4;valid_origin:True;recurrent:False;local:False
4800 140457 1 119 0
4800 140457 2 119 0
4800 140457 3 119 0
4800 140457 4 119 0
4800 140457 5 119 0
4800 140457 6 119 0
4800 140457 7 119 0
4800 140457 8 119 0
4800 140457 9 119 0
4800 140457 10 119 0
!sus 2914 28359 9 1 274 attackers:2914;victims:270821,61910,268730,269067,265178,263553,267342,61614,61677,266213,28181,265955,267450,262995,273798,269239,266067,271146,265949,265409,262645,52633,269314,267110,268713,266507,263538,28359,270893,268396,263393,269100,268833,270863;type:1,2,3;valid_origin:True;recurrent:True;local:False
2914 28359 1 87 187
2914 28359 2 167 107
2914 28359 3 178 96
2914 28359 4 197 77
2914 28359 5 163 111
2914 28359 6 214 60
2914 28359 7 235 39
2914 28359 8 237 37
2914 28359 9 233 41
2914 28359 10 232 42
!sus 263099 263625 8 2 5 attackers:263099;victims:269310;type:2;valid_origin:True;recurrent:False;local:False
263099 263625 1 5 0
263099 263625 2 5 0
263099 263625 3 2 3
263099 263625 4 4 1
263099 263625 5 1 4
263099 263625 6 5 0
263099 263625 7 5 0
263099 263625 8 5 0
263099 263625 9 5 0
263099 263625 10 5 0
!leg 58820 149319 10 0 172 attackers:58820;victims:149319;type:1;valid_origin:True;recurrent:False;local:False
58820 149319 1 172 0
58820 149319 2 172 0
58820 149319 3 172 0
58820 149319 4 172 0
58820 149319 5 172 0
58820 149319 6 172 0
58820 149319 7 172 0
58820 149319 8 172 0
58820 149319 9 172 0
58820 149319 10 172 0
!leg 60983 198423 10 0 4 attackers:60983;victims:198423;type:1;valid_origin:True;recurrent:False;local:False
60983 198423 1 4 0
60983 198423 2 4 0
60983 198423 3 4 0
60983 198423 4 4 0
60983 198423 5 4 0
60983 198423 6 4 0
60983 198423 7 4 0
60983 198423 8 4 0
60983 198423 9 4 0
60983 198423 10 4 0
!sus 11665 27373 3 7 2 attackers:27373;victims:11665;type:1;valid_origin:True;recurrent:True;local:False
11665 27373 1 2 0
11665 27373 2 0 2
11665 27373 3 2 0
11665 27373 4 0 2
11665 27373 5 2 0
11665 27373 6 0 2
11665 27373 7 0 2
11665 27373 8 0 2
11665 27373 9 0 2
11665 27373 10 0 2
!leg 9002 44592 10 0 2 attackers:9002;victims:44592;type:1;valid_origin:True;recurrent:False;local:False
9002 44592 1 2 0
9002 44592 2 2 0
9002 44592 3 2 0
9002 44592 4 2 0
9002 44592 5 2 0
9002 44592 6 2 0
9002 44592 7 2 0
9002 44592 8 2 0
9002 44592 9 2 0
9002 44592 10 2 0
!leg 55666 137347 10 0 342 attackers:55666;victims:137347;type:1;valid_origin:True;recurrent:False;local:False
55666 137347 1 342 0
55666 137347 2 342 0
55666 137347 3 342 0
55666 137347 4 342 0
55666 137347 5 342 0
55666 137347 6 342 0
55666 137347 7 342 0
55666 137347 8 342 0
55666 137347 9 342 0
55666 137347 10 342 0
!sus 13335 137491 0 10 190 attackers:137491;victims:13335,133800;type:1,2;valid_origin:True;recurrent:True;local:False
13335 137491 1 2 188
13335 137491 2 2 188
13335 137491 3 2 188
13335 137491 4 3 187
13335 137491 5 3 187
13335 137491 6 3 187
13335 137491 7 3 187
13335 137491 8 3 187
13335 137491 9 4 186
13335 137491 10 10 180
!sus 42 4150 4 6 1 attackers:4150;victims:42;type:1;valid_origin:True;recurrent:True;local:False
42 4150 1 0 1
42 4150 2 0 1
42 4150 3 0 1
42 4150 4 0 1
42 4150 5 0 1
42 4150 6 0 1
42 4150 7 1 0
42 4150 8 1 0
42 4150 9 1 0
42 4150 10 1 0
!sus 2 272711 0 10 6 attackers:272711;victims:2;type:1;valid_origin:True;recurrent:True;local:False
2 272711 1 0 6
2 272711 2 0 6
2 272711 3 0 6
2 272711 4 0 6
2 272711 5 0 6
2 272711 6 0 6
2 272711 7 0 6
2 272711 8 0 6
2 272711 9 0 6
2 272711 10 0 6
!sus 63741 151326 8 2 10 attackers:151326;victims:63741;type:1;valid_origin:True;recurrent:True;local:False
63741 151326 1 0 10
63741 151326 2 0 10
63741 151326 3 7 3
63741 151326 4 8 2
63741 151326 5 9 1
63741 151326 6 10 0
63741 151326 7 10 0
63741 151326 8 10 0
63741 151326 9 10 0
63741 151326 10 10 0
!sus 58689 64201 0 10 113 attackers:58689;victims:64201;type:1;valid_origin:True;recurrent:True;local:False
58689 64201 1 0 113
58689 64201 2 0 113
58689 64201 3 0 113
58689 64201 4 0 113
58689 64201 5 0 113
58689 64201 6 13 100
58689 64201 7 0 113
58689 64201 8 0 113
58689 64201 9 0 113
58689 64201 10 54 59
!leg 38156 58820 10 0 113 attackers:58820;victims:38156;type:1;valid_origin:True;recurrent:False;local:False
38156 58820 1 113 0
38156 58820 2 113 0
38156 58820 3 113 0
38156 58820 4 113 0
38156 58820 5 113 0
38156 58820 6 113 0
38156 58820 7 113 0
38156 58820 8 113 0
38156 58820 9 113 0
38156 58820 10 113 0
!leg 139809 142122 10 0 80 attackers:142122;victims:139809;type:3;valid_origin:True;recurrent:False;local:False
139809 142122 1 80 0
139809 142122 2 80 0
139809 142122 3 80 0
139809 142122 4 80 0
139809 142122 5 80 0
139809 142122 6 80 0
139809 142122 7 80 0
139809 142122 8 80 0
139809 142122 9 80 0
139809 142122 10 80 0
!leg 30456 59993 10 0 99 attackers:30456;victims:59993;type:1;valid_origin:False;recurrent:False;local:False
30456 59993 1 99 0
30456 59993 2 99 0
30456 59993 3 99 0
30456 59993 4 99 0
30456 59993 5 99 0
30456 59993 6 99 0
30456 59993 7 99 0
30456 59993 8 99 0
30456 59993 9 99 0
30456 59993 10 99 0
!sus 136952 141216 4 6 7 attackers:141216;victims:136952;type:1;valid_origin:True;recurrent:True;local:False
136952 141216 1 7 0
136952 141216 2 6 1
136952 141216 3 7 0
136952 141216 4 0 7
136952 141216 5 7 0
136952 141216 6 0 7
136952 141216 7 0 7
136952 141216 8 0 7
136952 141216 9 0 7
136952 141216 10 0 7
!leg 41051 215828 10 0 126 attackers:41051;victims:215828;type:1;valid_origin:True;recurrent:True;local:False
41051 215828 1 126 0
41051 215828 2 126 0
41051 215828 3 126 0
41051 215828 4 126 0
41051 215828 5 126 0
41051 215828 6 126 0
41051 215828 7 126 0
41051 215828 8 126 0
41051 215828 9 126 0
41051 215828 10 126 0
!sus 197402 199052 9 1 2 attackers:197402;victims:198980;type:13;valid_origin:True;recurrent:True;local:False
197402 199052 1 0 2
197402 199052 2 2 0
197402 199052 3 2 0
197402 199052 4 2 0
197402 199052 5 2 0
197402 199052 6 2 0
197402 199052 7 2 0
197402 199052 8 2 0
197402 199052 9 2 0
197402 199052 10 2 0
!leg 24522 138089 10 0 183 attackers:138089;victims:24522;type:1;valid_origin:True;recurrent:False;local:False
24522 138089 1 183 0
24522 138089 2 183 0
24522 138089 3 183 0
24522 138089 4 183 0
24522 138089 5 183 0
24522 138089 6 183 0
24522 138089 7 183 0
24522 138089 8 183 0
24522 138089 9 183 0
24522 138089 10 183 0
!sus 199545 200993 8 2 24 attackers:199545;victims:200993;type:1;valid_origin:True;recurrent:True;local:False
199545 200993 1 0 24
199545 200993 2 9 15
199545 200993 3 24 0
199545 200993 4 24 0
199545 200993 5 24 0
199545 200993 6 24 0
199545 200993 7 24 0
199545 200993 8 24 0
199545 200993 9 24 0
199545 200993 10 24 0
!sus 38149 327814 0 10 67 attackers:327814;victims:38149;type:1;valid_origin:True;recurrent:True;local:False
38149 327814 1 0 67
38149 327814 2 0 67
38149 327814 3 0 67
38149 327814 4 0 67
38149 327814 5 0 67
38149 327814 6 1 66
38149 327814 7 0 67
38149 327814 8 0 67
38149 327814 9 3 64
38149 327814 10 1 66
!sus 17665 203345 0 10 1 attackers:203345;victims:203345;type:2;valid_origin:True;recurrent:True;local:False
17665 203345 1 0 1
17665 203345 2 0 1
17665 203345 3 0 1
17665 203345 4 0 1
17665 203345 5 0 1
17665 203345 6 0 1
17665 203345 7 0 1
17665 203345 8 0 1
17665 203345 9 0 1
17665 203345 10 0 1
!sus 136557 140543 8 2 1 attackers:136557;victims:140543;type:1;valid_origin:True;recurrent:True;local:False
136557 140543 1 0 1
136557 140543 2 0 1
136557 140543 3 1 0
136557 140543 4 1 0
136557 140543 5 1 0
136557 140543 6 1 0
136557 140543 7 1 0
136557 140543 8 1 0
136557 140543 9 1 0
136557 140543 10 1 0
!sus 209533 216375 9 1 51 attackers:209533;victims:216375;type:1;valid_origin:True;recurrent:True;local:False
209533 216375 1 4 47
209533 216375 2 27 24
209533 216375 3 51 0
209533 216375 4 51 0
209533 216375 5 51 0
209533 216375 6 51 0
209533 216375 7 51 0
209533 216375 8 51 0
209533 216375 9 51 0
209533 216375 10 51 0
!sus 27569 400885 1 9 1 attackers:27569;victims:400885;type:1;valid_origin:True;recurrent:True;local:False
27569 400885 1 0 1
27569 400885 2 0 1
27569 400885 3 1 0
27569 400885 4 0 1
27569 400885 5 0 1
27569 400885 6 0 1
27569 400885 7 0 1
27569 400885 8 0 1
27569 400885 9 0 1
27569 400885 10 0 1
!sus 262403 262977 6 4 15 attackers:262977;victims:262403;type:1;valid_origin:True;recurrent:False;local:False
262403 262977 1 3 12
262403 262977 2 3 12
262403 262977 3 5 10
262403 262977 4 5 10
262403 262977 5 13 2
262403 262977 6 11 4
262403 262977 7 13 2
262403 262977 8 15 0
262403 262977 9 15 0
262403 262977 10 15 0
!leg 61745 262977 10 0 7 attackers:262977;victims:52865;type:2;valid_origin:True;recurrent:False;local:False
61745 262977 1 7 0
61745 262977 2 7 0
61745 262977 3 7 0
61745 262977 4 7 0
61745 262977 5 7 0
61745 262977 6 7 0
61745 262977 7 7 0
61745 262977 8 7 0
61745 262977 9 7 0
61745 262977 10 7 0
!sus 12831 61319 0 10 10 attackers:12831;victims:61319;type:1;valid_origin:True;recurrent:True;local:False
12831 61319 1 0 10
12831 61319 2 0 10
12831 61319 3 0 10
12831 61319 4 0 10
12831 61319 5 0 10
12831 61319 6 0 10
12831 61319 7 0 10
12831 61319 8 0 10
12831 61319 9 0 10
12831 61319 10 0 10
!sus 203521 209533 9 1 35 attackers:209533;victims:203521;type:1;valid_origin:True;recurrent:False;local:False
203521 209533 1 11 24
203521 209533 2 31 4
203521 209533 3 32 3
203521 209533 4 34 1
203521 209533 5 35 0
203521 209533 6 35 0
203521 209533 7 35 0
203521 209533 8 35 0
203521 209533 9 35 0
203521 209533 10 35 0
!leg 3450 11686 10 0 5 attackers:3450;victims:11686;type:1;valid_origin:True;recurrent:False;local:False
3450 11686 1 5 0
3450 11686 2 5 0
3450 11686 3 5 0
3450 11686 4 5 0
3450 11686 5 5 0
3450 11686 6 5 0
3450 11686 7 5 0
3450 11686 8 5 0
3450 11686 9 5 0
3450 11686 10 5 0
!sus 24550 152178 8 2 1 attackers:24550;victims:152178;type:1;valid_origin:True;recurrent:True;local:False
24550 152178 1 1 0
24550 152178 2 1 0
24550 152178 3 1 0
24550 152178 4 1 0
24550 152178 5 1 0
24550 152178 6 1 0
24550 152178 7 0 1
24550 152178 8 0 1
24550 152178 9 1 0
24550 152178 10 1 0
!leg 138089 140454 10 0 176 attackers:138089;victims:140454;type:1;valid_origin:True;recurrent:False;local:False
138089 140454 1 176 0
138089 140454 2 176 0
138089 140454 3 176 0
138089 140454 4 176 0
138089 140454 5 176 0
138089 140454 6 176 0
138089 140454 7 176 0
138089 140454 8 176 0
138089 140454 9 176 0
138089 140454 10 176 0
!sus 168 1249 0 10 1 attackers:1249;victims:168;type:1;valid_origin:True;recurrent:True;local:False
168 1249 1 0 1
168 1249 2 0 1
168 1249 3 0 1
168 1249 4 0 1
168 1249 5 0 1
168 1249 6 0 1
168 1249 7 0 1
168 1249 8 0 1
168 1249 9 0 1
168 1249 10 0 1
!sus 10158 18160 0 10 1 attackers:10158;victims:18160;type:1;valid_origin:True;recurrent:True;local:False
10158 18160 1 0 1
10158 18160 2 0 1
10158 18160 3 0 1
10158 18160 4 0 1
10158 18160 5 0 1
10158 18160 6 0 1
10158 18160 7 0 1
10158 18160 8 0 1
10158 18160 9 0 1
10158 18160 10 0 1
!sus 262977 263292 2 8 14 attackers:262977;victims:263292;type:1;valid_origin:True;recurrent:False;local:False
262977 263292 1 4 10
262977 263292 2 5 9
262977 263292 3 7 7
262977 263292 4 7 7
262977 263292 5 3 11
262977 263292 6 2 12
262977 263292 7 2 12
262977 263292 8 7 7
262977 263292 9 13 1
262977 263292 10 14 0
!leg 20940 267278 10 0 3 attackers:267278;victims:16625;type:2;valid_origin:True;recurrent:False;local:False
20940 267278 1 3 0
20940 267278 2 3 0
20940 267278 3 3 0
20940 267278 4 3 0
20940 267278 5 3 0
20940 267278 6 3 0
20940 267278 7 3 0
20940 267278 8 3 0
20940 267278 9 3 0
20940 267278 10 3 0
!sus 13335 58820 0 10 1 attackers:58820;victims:13335;type:1;valid_origin:True;recurrent:False;local:False
13335 58820 1 0 1
13335 58820 2 0 1
13335 58820 3 0 1
13335 58820 4 0 1
13335 58820 5 0 1
13335 58820 6 0 1
13335 58820 7 0 1
13335 58820 8 0 1
13335 58820 9 0 1
13335 58820 10 0 1
!leg 50607 202626 10 0 42 attackers:50607;victims:202626;type:1;valid_origin:True;recurrent:False;local:False
50607 202626 1 42 0
50607 202626 2 42 0
50607 202626 3 42 0
50607 202626 4 42 0
50607 202626 5 42 0
50607 202626 6 42 0
50607 202626 7 42 0
50607 202626 8 42 0
50607 202626 9 42 0
50607 202626 10 42 0
!sus 60539 398343 7 3 26 attackers:60539;victims:398343;type:1,3;valid_origin:True;recurrent:True;local:False
60539 398343 1 0 26
60539 398343 2 0 26
60539 398343 3 24 2
60539 398343 4 0 26
60539 398343 5 26 0
60539 398343 6 25 1
60539 398343 7 25 1
60539 398343 8 26 0
60539 398343 9 26 0
60539 398343 10 26 0
!sus 23951 138089 9 1 209 attackers:138089;victims:23951;type:1;valid_origin:True;recurrent:False;local:False
23951 138089 1 0 209
23951 138089 2 209 0
23951 138089 3 209 0
23951 138089 4 209 0
23951 138089 5 209 0
23951 138089 6 209 0
23951 138089 7 209 0
23951 138089 8 209 0
23951 138089 9 209 0
23951 138089 10 209 0
!leg 30815 42333 10 0 25 attackers:30815;victims:42333;type:1;valid_origin:False;recurrent:False;local:False
30815 42333 1 25 0
30815 42333 2 25 0
30815 42333 3 25 0
30815 42333 4 25 0
30815 42333 5 25 0
30815 42333 6 25 0
30815 42333 7 25 0
30815 42333 8 25 0
30815 42333 9 25 0
30815 42333 10 25 0
!sus 8772 216056 8 2 130 attackers:8772;victims:216056;type:1;valid_origin:True;recurrent:True;local:False
8772 216056 1 12 118
8772 216056 2 26 104
8772 216056 3 71 59
8772 216056 4 85 45
8772 216056 5 79 51
8772 216056 6 120 10
8772 216056 7 123 7
8772 216056 8 117 13
8772 216056 9 127 3
8772 216056 10 129 1
!leg 174 58212 10 0 17 attackers:174;victims:58212;type:1;valid_origin:True;recurrent:False;local:False
174 58212 1 17 0
174 58212 2 17 0
174 58212 3 17 0
174 58212 4 17 0
174 58212 5 17 0
174 58212 6 17 0
174 58212 7 17 0
174 58212 8 17 0
174 58212 9 17 0
174 58212 10 17 0
!sus 206075 215960 4 6 178 attackers:206075;victims:215960;type:1;valid_origin:True;recurrent:True;local:False
206075 215960 1 178 0
206075 215960 2 144 34
206075 215960 3 178 0
206075 215960 4 33 145
206075 215960 5 163 15
206075 215960 6 0 178
206075 215960 7 10 168
206075 215960 8 0 178
206075 215960 9 7 171
206075 215960 10 30 148
!leg 58820 142370 10 0 156 attackers:58820;victims:142370;type:1;valid_origin:True;recurrent:False;local:False
58820 142370 1 156 0
58820 142370 2 156 0
58820 142370 3 156 0
58820 142370 4 156 0
58820 142370 5 156 0
58820 142370 6 156 0
58820 142370 7 156 0
58820 142370 8 156 0
58820 142370 9 156 0
58820 142370 10 156 0
!sus 24940 57896 8 2 22 attackers:24940;victims:57896;type:1;valid_origin:True;recurrent:True;local:False
24940 57896 1 7 15
24940 57896 2 11 11
24940 57896 3 22 0
24940 57896 4 22 0
24940 57896 5 22 0
24940 57896 6 22 0
24940 57896 7 22 0
24940 57896 8 22 0
24940 57896 9 22 0
24940 57896 10 22 0
!sus 13335 150748 0 10 24 attackers:150748;victims:137048;type:2;valid_origin:True;recurrent:True;local:False
13335 150748 1 0 24
13335 150748 2 0 24
13335 150748 3 0 24
13335 150748 4 1 23
13335 150748 5 1 23
13335 150748 6 1 23
13335 150748 7 1 23
13335 150748 8 2 22
13335 150748 9 7 17
13335 150748 10 11 13
!sus 25184 203694 4 6 118 attackers:25184;victims:203694;type:1;valid_origin:True;recurrent:True;local:False
25184 203694 1 118 0
25184 203694 2 117 1
25184 203694 3 116 2
25184 203694 4 0 118
25184 203694 5 118 0
25184 203694 6 0 118
25184 203694 7 0 118
25184 203694 8 8 110
25184 203694 9 0 118
25184 203694 10 0 118
!sus 135330 152179 4 6 3 attackers:135330;victims:152179;type:1;valid_origin:True;recurrent:True;local:False
135330 152179 1 3 0
135330 152179 2 3 0
135330 152179 3 3 0
135330 152179 4 0 3
135330 152179 5 3 0
135330 152179 6 0 3
135330 152179 7 0 3
135330 152179 8 0 3
135330 152179 9 0 3
135330 152179 10 0 3
!sus 52739 273407 4 6 1 attackers:52739;victims:273407;type:1;valid_origin:True;recurrent:True;local:False
52739 273407 1 1 0
52739 273407 2 1 0
52739 273407 3 1 0
52739 273407 4 0 1
52739 273407 5 1 0
52739 273407 6 0 1
52739 273407 7 0 1
52739 273407 8 0 1
52739 273407 9 0 1
52739 273407 10 0 1
!sus 138915 203214 0 10 559 attackers:203214;victims:63139;type:2;valid_origin:True;recurrent:True;local:False
138915 203214 1 0 559
138915 203214 2 0 559
138915 203214 3 0 559
138915 203214 4 0 559
138915 203214 5 0 559
138915 203214 6 0 559
138915 203214 7 125 434
138915 203214 8 145 414
138915 203214 9 169 390
138915 203214 10 145 414
!leg 46026 138089 10 0 166 attackers:138089;victims:46026;type:1;valid_origin:True;recurrent:False;local:False
46026 138089 1 166 0
46026 138089 2 166 0
46026 138089 3 166 0
46026 138089 4 166 0
46026 138089 5 166 0
46026 138089 6 166 0
46026 138089 7 166 0
46026 138089 8 166 0
46026 138089 9 166 0
46026 138089 10 166 0
!sus 2597 2598 4 6 5 attackers:2597;victims:2598;type:1;valid_origin:True;recurrent:True;local:False
2597 2598 1 5 0
2597 2598 2 5 0
2597 2598 3 5 0
2597 2598 4 0 5
2597 2598 5 5 0
2597 2598 6 0 5
2597 2598 7 1 4
2597 2598 8 0 5
2597 2598 9 2 3
2597 2598 10 1 4
!sus 136142 138423 4 6 166 attackers:138423;victims:136142;type:1;valid_origin:True;recurrent:False;local:False
136142 138423 1 166 0
136142 138423 2 93 73
136142 138423 3 159 7
136142 138423 4 0 166
136142 138423 5 166 0
136142 138423 6 1 165
136142 138423 7 0 166
136142 138423 8 32 134
136142 138423 9 0 166
136142 138423 10 0 166
!sus 52900 273397 2 8 1 attackers:52900;victims:273397;type:1;valid_origin:True;recurrent:True;local:False
52900 273397 1 1 0
52900 273397 2 0 1
52900 273397 3 1 0
52900 273397 4 0 1
52900 273397 5 0 1
52900 273397 6 0 1
52900 273397 7 0 1
52900 273397 8 0 1
52900 273397 9 0 1
52900 273397 10 0 1
!leg 42337 202368 10 0 52 attackers:42337;victims:202368;type:1;valid_origin:True;recurrent:False;local:False
42337 202368 1 52 0
42337 202368 2 52 0
42337 202368 3 52 0
42337 202368 4 52 0
42337 202368 5 52 0
42337 202368 6 52 0
42337 202368 7 52 0
42337 202368 8 52 0
42337 202368 9 52 0
42337 202368 10 52 0
!sus 56630 200250 0 10 8 attackers:56630;victims:200250;type:1;valid_origin:True;recurrent:True;local:False
56630 200250 1 0 8
56630 200250 2 0 8
56630 200250 3 0 8
56630 200250 4 0 8
56630 200250 5 0 8
56630 200250 6 0 8
56630 200250 7 0 8
56630 200250 8 0 8
56630 200250 9 0 8
56630 200250 10 0 8
!leg 24206 138089 10 0 196 attackers:138089;victims:24206;type:1;valid_origin:True;recurrent:False;local:False
24206 138089 1 196 0
24206 138089 2 196 0
24206 138089 3 196 0
24206 138089 4 196 0
24206 138089 5 196 0
24206 138089 6 196 0
24206 138089 7 196 0
24206 138089 8 196 0
24206 138089 9 196 0
24206 138089 10 196 0
!sus 44677 209024 0 10 1 attackers:209024;victims:44677;type:1;valid_origin:True;recurrent:True;local:False
44677 209024 1 0 1
44677 209024 2 0 1
44677 209024 3 0 1
44677 209024 4 0 1
44677 209024 5 0 1
44677 209024 6 0 1
44677 209024 7 0 1
44677 209024 8 0 1
44677 209024 9 0 1
44677 209024 10 0 1
!leg 38896 58820 10 0 151 attackers:58820;victims:38896;type:1;valid_origin:True;recurrent:False;local:False
38896 58820 1 151 0
38896 58820 2 151 0
38896 58820 3 151 0
38896 58820 4 151 0
38896 58820 5 151 0
38896 58820 6 151 0
38896 58820 7 151 0
38896 58820 8 151 0
38896 58820 9 151 0
38896 58820 10 151 0
!leg 63862 138089 10 0 213 attackers:138089;victims:63862;type:1;valid_origin:True;recurrent:False;local:False
63862 138089 1 213 0
63862 138089 2 213 0
63862 138089 3 213 0
63862 138089 4 213 0
63862 138089 5 213 0
63862 138089 6 213 0
63862 138089 7 213 0
63862 138089 8 213 0
63862 138089 9 213 0
63862 138089 10 213 0
!sus 54082 263725 8 2 3 attackers:54082;victims:263725,54043;type:1,3;valid_origin:True;recurrent:True;local:False
54082 263725 1 3 0
54082 263725 2 3 0
54082 263725 3 3 0
54082 263725 4 2 1
54082 263725 5 2 1
54082 263725 6 2 1
54082 263725 7 2 1
54082 263725 8 2 1
54082 263725 9 0 3
54082 263725 10 0 3
!sus 208753 209735 0 10 2 attackers:209735;victims:208753;type:1;valid_origin:True;recurrent:True;local:False
208753 209735 1 0 2
208753 209735 2 0 2
208753 209735 3 0 2
208753 209735 4 0 2
208753 209735 5 0 2
208753 209735 6 0 2
208753 209735 7 0 2
208753 209735 8 0 2
208753 209735 9 0 2
208753 209735 10 0 2
!sus 64026 149360 4 6 2 attackers:149360;victims:64026;type:1;valid_origin:True;recurrent:False;local:False
64026 149360 1 2 0
64026 149360 2 2 0
64026 149360 3 2 0
64026 149360 4 2 0
64026 149360 5 0 2
64026 149360 6 0 2
64026 149360 7 0 2
64026 149360 8 1 1
64026 149360 9 0 2
64026 149360 10 1 1
!sus 29632 205255 0 10 1 attackers:29632;victims:205255;type:1;valid_origin:True;recurrent:True;local:False
29632 205255 1 0 1
29632 205255 2 0 1
29632 205255 3 0 1
29632 205255 4 0 1
29632 205255 5 0 1
29632 205255 6 0 1
29632 205255 7 0 1
29632 205255 8 0 1
29632 205255 9 0 1
29632 205255 10 0 1
!sus 151841 206075 7 3 200 attackers:206075;victims:151841;type:1;valid_origin:True;recurrent:False;local:False
151841 206075 1 0 200
151841 206075 2 0 200
151841 206075 3 71 129
151841 206075 4 130 70
151841 206075 5 200 0
151841 206075 6 182 18
151841 206075 7 199 1
151841 206075 8 200 0
151841 206075 9 197 3
151841 206075 10 200 0
!sus 31549 216131 4 6 117 attackers:31549;victims:216131;type:1;valid_origin:True;recurrent:True;local:False
31549 216131 1 117 0
31549 216131 2 114 3
31549 216131 3 113 4
31549 216131 4 0 117
31549 216131 5 114 3
31549 216131 6 0 117
31549 216131 7 0 117
31549 216131 8 0 117
31549 216131 9 0 117
31549 216131 10 0 117
!leg 58817 138089 10 0 118 attackers:138089;victims:58817;type:1;valid_origin:True;recurrent:False;local:False
58817 138089 1 118 0
58817 138089 2 118 0
58817 138089 3 118 0
58817 138089 4 118 0
58817 138089 5 118 0
58817 138089 6 118 0
58817 138089 7 118 0
58817 138089 8 118 0
58817 138089 9 118 0
58817 138089 10 118 0
!leg 28260 263966 10 0 16 attackers:28260;victims:263966;type:1;valid_origin:True;recurrent:False;local:False
28260 263966 1 16 0
28260 263966 2 16 0
28260 263966 3 16 0
28260 263966 4 16 0
28260 263966 5 16 0
28260 263966 6 16 0
28260 263966 7 16 0
28260 263966 8 16 0
28260 263966 9 16 0
28260 263966 10 16 0
!sus 13786 267942 8 2 2 attackers:267942;victims:269211,264229;type:3;valid_origin:True;recurrent:True;local:False
13786 267942 1 0 2
13786 267942 2 0 2
13786 267942 3 2 0
13786 267942 4 2 0
13786 267942 5 2 0
13786 267942 6 2 0
13786 267942 7 2 0
13786 267942 8 2 0
13786 267942 9 2 0
13786 267942 10 2 0
!leg 4787 58558 10 0 47 attackers:4787;victims:58558;type:1;valid_origin:True;recurrent:False;local:False
4787 58558 1 47 0
4787 58558 2 47 0
4787 58558 3 47 0
4787 58558 4 47 0
4787 58558 5 47 0
4787 58558 6 47 0
4787 58558 7 47 0
4787 58558 8 47 0
4787 58558 9 47 0
4787 58558 10 47 0
!sus 57785 196695 0 10 2 attackers:196695;victims:57785;type:1;valid_origin:True;recurrent:True;local:False
57785 196695 1 0 2
57785 196695 2 0 2
57785 196695 3 0 2
57785 196695 4 0 2
57785 196695 5 0 2
57785 196695 6 0 2
57785 196695 7 0 2
57785 196695 8 0 2
57785 196695 9 0 2
57785 196695 10 0 2
!sus 202984 215895 4 6 1 attackers:202984;victims:215895;type:1;valid_origin:True;recurrent:True;local:False
202984 215895 1 1 0
202984 215895 2 1 0
202984 215895 3 1 0
202984 215895 4 1 0
202984 215895 5 0 1
202984 215895 6 0 1
202984 215895 7 0 1
202984 215895 8 0 1
202984 215895 9 0 1
202984 215895 10 0 1
!sus 2 136999 0 10 54 attackers:136999;victims:2;type:1;valid_origin:False;recurrent:True;local:False
2 136999 1 0 54
2 136999 2 0 54
2 136999 3 0 54
2 136999 4 0 54
2 136999 5 0 54
2 136999 6 0 54
2 136999 7 0 54
2 136999 8 0 54
2 136999 9 0 54
2 136999 10 0 54
!sus 50263 62081 0 10 94 attackers:62081;victims:202538,35588,48557,50305,41871,31685,56907,48385,204384,39230,212048,44294,45022,60812,39513,212761,39908,212375,204685,210896,44921,56899;type:2,3;valid_origin:True;recurrent:True;local:False
50263 62081 1 0 94
50263 62081 2 0 94
50263 62081 3 0 94
50263 62081 4 0 94
50263 62081 5 0 94
50263 62081 6 0 94
50263 62081 7 0 94
50263 62081 8 0 94
50263 62081 9 0 94
50263 62081 10 0 94
!leg 55701 58820 10 0 5 attackers:58820;victims:139457;type:2;valid_origin:True;recurrent:False;local:False
55701 58820 1 5 0
55701 58820 2 5 0
55701 58820 3 5 0
55701 58820 4 5 0
55701 58820 5 5 0
55701 58820 6 5 0
55701 58820 7 5 0
55701 58820 8 5 0
55701 58820 9 5 0
55701 58820 10 5 0
!sus 40545 55181 5 5 2 attackers:40545;victims:55181;type:1;valid_origin:True;recurrent:True;local:False
40545 55181 1 2 0
40545 55181 2 2 0
40545 55181 3 2 0
40545 55181 4 1 1
40545 55181 5 2 0
40545 55181 6 0 2
40545 55181 7 0 2
40545 55181 8 0 2
40545 55181 9 0 2
40545 55181 10 2 0
!leg 62081 202626 10 0 53 attackers:62081;victims:202626;type:1;valid_origin:True;recurrent:False;local:False
62081 202626 1 53 0
62081 202626 2 53 0
62081 202626 3 53 0
62081 202626 4 53 0
62081 202626 5 53 0
62081 202626 6 53 0
62081 202626 7 53 0
62081 202626 8 53 0
62081 202626 9 53 0
62081 202626 10 53 0
!leg 63516 139952 10 0 3 attackers:139952;victims:139983;type:3;valid_origin:True;recurrent:False;local:False
63516 139952 1 3 0
63516 139952 2 3 0
63516 139952 3 3 0
63516 139952 4 3 0
63516 139952 5 3 0
63516 139952 6 3 0
63516 139952 7 3 0
63516 139952 8 3 0
63516 139952 9 3 0
63516 139952 10 3 0
!sus 3216 9121 0 10 59 attackers:9121;victims:3235,8402;type:2;valid_origin:True;recurrent:True;local:False
3216 9121 1 0 59
3216 9121 2 0 59
3216 9121 3 0 59
3216 9121 4 0 59
3216 9121 5 0 59
3216 9121 6 1 58
3216 9121 7 0 59
3216 9121 8 1 58
3216 9121 9 3 56
3216 9121 10 1 58
!sus 4 139952 0 10 1 attackers:139952;victims:4;type:1;valid_origin:False;recurrent:True;local:False
4 139952 1 0 1
4 139952 2 0 1
4 139952 3 0 1
4 139952 4 0 1
4 139952 5 0 1
4 139952 6 0 1
4 139952 7 0 1
4 139952 8 0 1
4 139952 9 0 1
4 139952 10 0 1
!sus 58655 152160 4 6 4 attackers:58655;victims:152160;type:1;valid_origin:True;recurrent:True;local:False
58655 152160 1 4 0
58655 152160 2 4 0
58655 152160 3 4 0
58655 152160 4 0 4
58655 152160 5 3 1
58655 152160 6 0 4
58655 152160 7 0 4
58655 152160 8 0 4
58655 152160 9 0 4
58655 152160 10 0 4
!sus 264096 273404 5 5 6 attackers:264096;victims:273404;type:1;valid_origin:True;recurrent:True;local:False
264096 273404 1 6 0
264096 273404 2 6 0
264096 273404 3 6 0
264096 273404 4 4 2
264096 273404 5 6 0
264096 273404 6 0 6
264096 273404 7 0 6
264096 273404 8 2 4
264096 273404 9 1 5
264096 273404 10 0 6
!leg 24532 138089 10 0 159 attackers:138089;victims:24532;type:1;valid_origin:True;recurrent:False;local:False
24532 138089 1 159 0
24532 138089 2 159 0
24532 138089 3 159 0
24532 138089 4 159 0
24532 138089 5 159 0
24532 138089 6 159 0
24532 138089 7 159 0
24532 138089 8 159 0
24532 138089 9 159 0
24532 138089 10 159 0
!sus 24555 63528 8 2 84 attackers:63528;victims:24555;type:1;valid_origin:True;recurrent:True;local:False
24555 63528 1 0 84
24555 63528 2 27 57
24555 63528 3 80 4
24555 63528 4 84 0
24555 63528 5 84 0
24555 63528 6 84 0
24555 63528 7 84 0
24555 63528 8 84 0
24555 63528 9 84 0
24555 63528 10 84 0
!sus 131476 151603 1 9 3 attackers:131476;victims:151603;type:1;valid_origin:True;recurrent:True;local:False
131476 151603 1 3 0
131476 151603 2 1 2
131476 151603 3 0 3
131476 151603 4 0 3
131476 151603 5 0 3
131476 151603 6 0 3
131476 151603 7 0 3
131476 151603 8 0 3
131476 151603 9 0 3
131476 151603 10 0 3
!sus 28656 262977 6 4 16 attackers:262977;victims:264228;type:2;valid_origin:True;recurrent:False;local:False
28656 262977 1 0 16
28656 262977 2 3 13
28656 262977 3 9 7
28656 262977 4 16 0
28656 262977 5 15 1
28656 262977 6 4 12
28656 262977 7 9 7
28656 262977 8 10 6
28656 262977 9 4 12
28656 262977 10 16 0
!leg 38156 138089 10 0 113 attackers:138089;victims:38156;type:1;valid_origin:True;recurrent:False;local:False
38156 138089 1 113 0
38156 138089 2 113 0
38156 138089 3 113 0
38156 138089 4 113 0
38156 138089 5 113 0
38156 138089 6 113 0
38156 138089 7 113 0
38156 138089 8 113 0
38156 138089 9 113 0
38156 138089 10 113 0
!sus 26042 215898 2 8 2 attackers:26042;victims:215898;type:1;valid_origin:True;recurrent:True;local:False
26042 215898 1 2 0
26042 215898 2 1 1
26042 215898 3 0 2
26042 215898 4 0 2
26042 215898 5 2 0
26042 215898 6 0 2
26042 215898 7 0 2
26042 215898 8 0 2
26042 215898 9 0 2
26042 215898 10 0 2
!leg 18112 138089 10 0 214 attackers:138089;victims:18112;type:1;valid_origin:True;recurrent:False;local:False
18112 138089 1 214 0
18112 138089 2 214 0
18112 138089 3 214 0
18112 138089 4 214 0
18112 138089 5 214 0
18112 138089 6 214 0
18112 138089 7 214 0
18112 138089 8 214 0
18112 138089 9 214 0
18112 138089 10 214 0
!sus 13645 32903 1 9 1 attackers:13645;victims:32903;type:1;valid_origin:True;recurrent:True;local:False
13645 32903 1 0 1
13645 32903 2 0 1
13645 32903 3 1 0
13645 32903 4 0 1
13645 32903 5 0 1
13645 32903 6 0 1
13645 32903 7 0 1
13645 32903 8 0 1
13645 32903 9 0 1
13645 32903 10 0 1
!leg 58820 131713 10 0 4 attackers:58820;victims:131713;type:1;valid_origin:True;recurrent:False;local:False
58820 131713 1 4 0
58820 131713 2 4 0
58820 131713 3 4 0
58820 131713 4 4 0
58820 131713 5 4 0
58820 131713 6 4 0
58820 131713 7 4 0
58820 131713 8 4 0
58820 131713 9 4 0
58820 131713 10 4 0
!sus 3269 198462 2 8 1 attackers:3269;victims:198462;type:1;valid_origin:True;recurrent:True;local:False
3269 198462 1 1 0
3269 198462 2 1 0
3269 198462 3 0 1
3269 198462 4 0 1
3269 198462 5 0 1
3269 198462 6 0 1
3269 198462 7 0 1
3269 198462 8 0 1
3269 198462 9 0 1
3269 198462 10 0 1
!sus 57695 210041 4 6 4 attackers:57695;victims:210041;type:1;valid_origin:True;recurrent:True;local:False
57695 210041 1 0 4
57695 210041 2 0 4
57695 210041 3 0 4
57695 210041 4 0 4
57695 210041 5 0 4
57695 210041 6 3 1
57695 210041 7 4 0
57695 210041 8 4 0
57695 210041 9 4 0
57695 210041 10 1 3
!leg 58404 138089 10 0 250 attackers:138089;victims:58404;type:1;valid_origin:True;recurrent:False;local:False
58404 138089 1 250 0
58404 138089 2 250 0
58404 138089 3 250 0
58404 138089 4 250 0
58404 138089 5 250 0
58404 138089 6 250 0
58404 138089 7 250 0
58404 138089 8 250 0
58404 138089 9 250 0
58404 138089 10 250 0
!sus 28 51019 0 10 4 attackers:51019;victims:28;type:1;valid_origin:True;recurrent:True;local:False
28 51019 1 0 4
28 51019 2 0 4
28 51019 3 0 4
28 51019 4 0 4
28 51019 5 0 4
28 51019 6 0 4
28 51019 7 0 4
28 51019 8 0 4
28 51019 9 0 4
28 51019 10 0 4
!leg 266409 2664092 10 0 38 attackers:266409;victims:268952,267281,267971,265972,263874;type:3,4,5;valid_origin:True;recurrent:False;local:False
266409 2664092 1 38 0
266409 2664092 2 38 0
266409 2664092 3 38 0
266409 2664092 4 38 0
266409 2664092 5 38 0
266409 2664092 6 38 0
266409 2664092 7 38 0
266409 2664092 8 38 0
266409 2664092 9 38 0
266409 2664092 10 38 0
!leg 56258 131719 10 0 250 attackers:56258;victims:131719;type:1;valid_origin:True;recurrent:False;local:False
56258 131719 1 250 0
56258 131719 2 250 0
56258 131719 3 250 0
56258 131719 4 249 1
56258 131719 5 250 0
56258 131719 6 250 0
56258 131719 7 250 0
56258 131719 8 250 0
56258 131719 9 250 0
56258 131719 10 250 0
!sus 37002 136106 5 5 1 attackers:136106;victims:13335;type:2;valid_origin:True;recurrent:False;local:False
37002 136106 1 0 1
37002 136106 2 0 1
37002 136106 3 0 1
37002 136106 4 0 1
37002 136106 5 0 1
37002 136106 6 1 0
37002 136106 7 1 0
37002 136106 8 1 0
37002 136106 9 1 0
37002 136106 10 1 0
!sus 36944 329376 0 10 8 attackers:36944;victims:329376;type:1;valid_origin:True;recurrent:True;local:False
36944 329376 1 1 7
36944 329376 2 0 8
36944 329376 3 0 8
36944 329376 4 0 8
36944 329376 5 0 8
36944 329376 6 0 8
36944 329376 7 0 8
36944 329376 8 0 8
36944 329376 9 0 8
36944 329376 10 0 8
!leg 58820 150262 10 0 182 attackers:58820;victims:150262;type:1;valid_origin:True;recurrent:False;local:False
58820 150262 1 182 0
58820 150262 2 182 0
58820 150262 3 182 0
58820 150262 4 182 0
58820 150262 5 182 0
58820 150262 6 182 0
58820 150262 7 182 0
58820 150262 8 182 0
58820 150262 9 182 0
58820 150262 10 182 0
!sus 4538 140570 6 4 3 attackers:140570;victims:4538;type:1;valid_origin:True;recurrent:True;local:False
4538 140570 1 1 2
4538 140570 2 1 2
4538 140570 3 1 2
4538 140570 4 2 1
4538 140570 5 1 2
4538 140570 6 2 1
4538 140570 7 2 1
4538 140570 8 2 1
4538 140570 9 2 1
4538 140570 10 2 1
!leg 6939 215887 10 0 40 attackers:6939;victims:215887;type:1;valid_origin:True;recurrent:False;local:False
6939 215887 1 40 0
6939 215887 2 40 0
6939 215887 3 40 0
6939 215887 4 40 0
6939 215887 5 40 0
6939 215887 6 40 0
6939 215887 7 40 0
6939 215887 8 40 0
6939 215887 9 40 0
6939 215887 10 40 0
!sus 39176 216329 0 10 1 attackers:39176;victims:216329;type:1;valid_origin:True;recurrent:True;local:False
39176 216329 1 0 1
39176 216329 2 0 1
39176 216329 3 0 1
39176 216329 4 0 1
39176 216329 5 0 1
39176 216329 6 0 1
39176 216329 7 0 1
39176 216329 8 0 1
39176 216329 9 0 1
39176 216329 10 0 1
!sus 208753 393577 0 10 143 attackers:393577;victims:208753;type:1;valid_origin:True;recurrent:True;local:False
208753 393577 1 1 142
208753 393577 2 1 142
208753 393577 3 1 142
208753 393577 4 1 142
208753 393577 5 1 142
208753 393577 6 1 142
208753 393577 7 1 142
208753 393577 8 1 142
208753 393577 9 3 140
208753 393577 10 3 140
!leg 58820 137329 10 0 175 attackers:58820;victims:137329;type:1;valid_origin:True;recurrent:False;local:False
58820 137329 1 175 0
58820 137329 2 175 0
58820 137329 3 175 0
58820 137329 4 175 0
58820 137329 5 175 0
58820 137329 6 175 0
58820 137329 7 175 0
58820 137329 8 175 0
58820 137329 9 175 0
58820 137329 10 175 0
!leg 45302 142360 10 0 101 attackers:45302;victims:137347;type:2;valid_origin:True;recurrent:False;local:False
45302 142360 1 101 0
45302 142360 2 101 0
45302 142360 3 101 0
45302 142360 4 101 0
45302 142360 5 101 0
45302 142360 6 101 0
45302 142360 7 101 0
45302 142360 8 101 0
45302 142360 9 101 0
45302 142360 10 101 0
!leg 9498 151685 10 0 76 attackers:9498;victims:151685;type:1;valid_origin:False;recurrent:False;local:False
9498 151685 1 74 2
9498 151685 2 71 5
9498 151685 3 72 4
9498 151685 4 76 0
9498 151685 5 70 6
9498 151685 6 74 2
9498 151685 7 68 8
9498 151685 8 73 3
9498 151685 9 73 3
9498 151685 10 70 6
!sus 4229 41494 0 10 1 attackers:41494;victims:21859;type:2;valid_origin:True;recurrent:True;local:False
4229 41494 1 0 1
4229 41494 2 0 1
4229 41494 3 0 1
4229 41494 4 0 1
4229 41494 5 0 1
4229 41494 6 0 1
4229 41494 7 0 1
4229 41494 8 0 1
4229 41494 9 0 1
4229 41494 10 0 1
!sus 13335 38442 0 10 3 attackers:38442;victims:13335;type:1;valid_origin:True;recurrent:True;local:False
13335 38442 1 0 3
13335 38442 2 0 3
13335 38442 3 0 3
13335 38442 4 0 3
13335 38442 5 0 3
13335 38442 6 0 3
13335 38442 7 0 3
13335 38442 8 0 3
13335 38442 9 0 3
13335 38442 10 0 3
!sus 47152 211411 0 10 2 attackers:47152;victims:211411;type:1;valid_origin:True;recurrent:True;local:False
47152 211411 1 0 2
47152 211411 2 0 2
47152 211411 3 0 2
47152 211411 4 0 2
47152 211411 5 0 2
47152 211411 6 0 2
47152 211411 7 0 2
47152 211411 8 0 2
47152 211411 9 0 2
47152 211411 10 0 2
!sus 2 135636 0 10 7 attackers:135636;victims:2;type:1;valid_origin:False;recurrent:True;local:False
2 135636 1 0 7
2 135636 2 0 7
2 135636 3 0 7
2 135636 4 0 7
2 135636 5 0 7
2 135636 6 0 7
2 135636 7 0 7
2 135636 8 0 7
2 135636 9 0 7
2 135636 10 0 7
!sus 44889 215850 4 6 234 attackers:44889;victims:215850;type:1;valid_origin:True;recurrent:True;local:False
44889 215850 1 234 0
44889 215850 2 218 16
44889 215850 3 234 0
44889 215850 4 0 234
44889 215850 5 123 111
44889 215850 6 0 234
44889 215850 7 0 234
44889 215850 8 0 234
44889 215850 9 0 234
44889 215850 10 0 234
!sus 23764 264570 6 4 10 attackers:23764;victims:264570;type:1;valid_origin:True;recurrent:True;local:False
23764 264570 1 0 10
23764 264570 2 5 5
23764 264570 3 0 10
23764 264570 4 5 5
23764 264570 5 6 4
23764 264570 6 6 4
23764 264570 7 6 4
23764 264570 8 6 4
23764 264570 9 6 4
23764 264570 10 6 4
!leg 58820 149398 10 0 208 attackers:58820;victims:149398;type:1;valid_origin:True;recurrent:False;local:False
58820 149398 1 208 0
58820 149398 2 208 0
58820 149398 3 208 0
58820 149398 4 208 0
58820 149398 5 208 0
58820 149398 6 208 0
58820 149398 7 208 0
58820 149398 8 208 0
58820 149398 9 208 0
58820 149398 10 208 0
!sus 23520 54082 0 10 3 attackers:23520;victims:263725,54043;type:2,4;valid_origin:True;recurrent:True;local:False
23520 54082 1 0 3
23520 54082 2 0 3
23520 54082 3 0 3
23520 54082 4 0 3
23520 54082 5 0 3
23520 54082 6 0 3
23520 54082 7 0 3
23520 54082 8 0 3
23520 54082 9 0 3
23520 54082 10 0 3
!sus 33452 46886 5 5 34 attackers:46886;victims:33452;type:1;valid_origin:True;recurrent:False;local:False
33452 46886 1 34 0
33452 46886 2 34 0
33452 46886 3 34 0
33452 46886 4 34 0
33452 46886 5 34 0
33452 46886 6 15 19
33452 46886 7 4 30
33452 46886 8 13 21
33452 46886 9 2 32
33452 46886 10 15 19
!sus 24239 38255 0 10 2 attackers:24239;victims:209300;type:2;valid_origin:True;recurrent:True;local:False
24239 38255 1 0 2
24239 38255 2 0 2
24239 38255 3 0 2
24239 38255 4 0 2
24239 38255 5 0 2
24239 38255 6 0 2
24239 38255 7 0 2
24239 38255 8 0 2
24239 38255 9 0 2
24239 38255 10 0 2
!sus 38074 150325 9 1 182 attackers:38074;victims:150325;type:1;valid_origin:True;recurrent:True;local:False
38074 150325 1 58 124
38074 150325 2 164 18
38074 150325 3 181 1
38074 150325 4 182 0
38074 150325 5 180 2
38074 150325 6 177 5
38074 150325 7 182 0
38074 150325 8 182 0
38074 150325 9 182 0
38074 150325 10 182 0
!leg 35625 57734 10 0 1 attackers:35625;victims:57734;type:1;valid_origin:True;recurrent:False;local:False
35625 57734 1 1 0
35625 57734 2 1 0
35625 57734 3 1 0
35625 57734 4 1 0
35625 57734 5 1 0
35625 57734 6 1 0
35625 57734 7 1 0
35625 57734 8 1 0
35625 57734 9 1 0
35625 57734 10 1 0
!leg 135451 138089 10 0 208 attackers:138089;victims:135451;type:1;valid_origin:True;recurrent:False;local:False
135451 138089 1 208 0
135451 138089 2 208 0
135451 138089 3 208 0
135451 138089 4 208 0
135451 138089 5 208 0
135451 138089 6 208 0
135451 138089 7 208 0
135451 138089 8 208 0
135451 138089 9 208 0
135451 138089 10 208 0
!leg 38320 138089 10 0 178 attackers:138089;victims:38320;type:1;valid_origin:True;recurrent:False;local:False
38320 138089 1 178 0
38320 138089 2 178 0
38320 138089 3 178 0
38320 138089 4 178 0
38320 138089 5 178 0
38320 138089 6 178 0
38320 138089 7 178 0
38320 138089 8 178 0
38320 138089 9 178 0
38320 138089 10 178 0
!sus 204866 210031 1 9 4 attackers:204866;victims:210031;type:1;valid_origin:True;recurrent:True;local:False
204866 210031 1 3 1
204866 210031 2 0 4
204866 210031 3 1 3
204866 210031 4 0 4
204866 210031 5 0 4
204866 210031 6 0 4
204866 210031 7 0 4
204866 210031 8 0 4
204866 210031 9 0 4
204866 210031 10 0 4
!sus 56286 147049 0 10 3 attackers:56286;victims:147049;type:1;valid_origin:True;recurrent:True;local:False
56286 147049 1 0 3
56286 147049 2 0 3
56286 147049 3 0 3
56286 147049 4 0 3
56286 147049 5 0 3
56286 147049 6 0 3
56286 147049 7 0 3
56286 147049 8 0 3
56286 147049 9 0 3
56286 147049 10 0 3
!sus 59318 137491 6 4 1 attackers:59318;victims:13335;type:2;valid_origin:True;recurrent:True;local:True
59318 137491 1 0 1
59318 137491 2 0 1
59318 137491 3 0 1
59318 137491 4 1 0
59318 137491 5 1 0
59318 137491 6 0 1
59318 137491 7 1 0
59318 137491 8 1 0
59318 137491 9 1 0
59318 137491 10 1 0
!leg 22356 28277 10 0 2 attackers:22356;victims:28277;type:1;valid_origin:True;recurrent:False;local:False
22356 28277 1 2 0
22356 28277 2 2 0
22356 28277 3 2 0
22356 28277 4 2 0
22356 28277 5 2 0
22356 28277 6 2 0
22356 28277 7 2 0
22356 28277 8 2 0
22356 28277 9 2 0
22356 28277 10 2 0
!leg 4842 151338 10 0 5 attackers:151338;victims:4842;type:1;valid_origin:True;recurrent:True;local:False
4842 151338 1 5 0
4842 151338 2 5 0
4842 151338 3 5 0
4842 151338 4 5 0
4842 151338 5 5 0
4842 151338 6 5 0
4842 151338 7 5 0
4842 151338 8 5 0
4842 151338 9 5 0
4842 151338 10 5 0
!sus 44302 196970 0 10 2 attackers:44302;victims:196970;type:1;valid_origin:True;recurrent:True;local:False
44302 196970 1 0 2
44302 196970 2 0 2
44302 196970 3 0 2
44302 196970 4 0 2
44302 196970 5 0 2
44302 196970 6 0 2
44302 196970 7 0 2
44302 196970 8 0 2
44302 196970 9 0 2
44302 196970 10 0 2
!sus 266922 273350 1 9 3 attackers:266922;victims:273350;type:1;valid_origin:True;recurrent:True;local:False
266922 273350 1 3 0
266922 273350 2 1 2
266922 273350 3 1 2
266922 273350 4 0 3
266922 273350 5 0 3
266922 273350 6 0 3
266922 273350 7 0 3
266922 273350 8 0 3
266922 273350 9 0 3
266922 273350 10 0 3
!leg 9340 138089 10 0 225 attackers:138089;victims:9340;type:1;valid_origin:True;recurrent:False;local:False
9340 138089 1 225 0
9340 138089 2 225 0
9340 138089 3 225 0
9340 138089 4 225 0
9340 138089 5 225 0
9340 138089 6 225 0
9340 138089 7 225 0
9340 138089 8 225 0
9340 138089 9 225 0
9340 138089 10 225 0
!sus 205192 215812 4 6 2 attackers:205192;victims:215812;type:1;valid_origin:True;recurrent:True;local:False
205192 215812 1 2 0
205192 215812 2 2 0
205192 215812 3 2 0
205192 215812 4 0 2
205192 215812 5 2 0
205192 215812 6 0 2
205192 215812 7 0 2
205192 215812 8 1 1
205192 215812 9 0 2
205192 215812 10 0 2
!sus 38255 209300 0 10 2 attackers:38255;victims:209300;type:1;valid_origin:True;recurrent:True;local:False
38255 209300 1 0 2
38255 209300 2 0 2
38255 209300 3 0 2
38255 209300 4 0 2
38255 209300 5 0 2
38255 209300 6 0 2
38255 209300 7 0 2
38255 209300 8 0 2
38255 209300 9 0 2
38255 209300 10 0 2
!sus 8849 200250 0 10 92 attackers:8849;victims:200250;type:1;valid_origin:True;recurrent:True;local:False
8849 200250 1 0 92
8849 200250 2 0 92
8849 200250 3 0 92
8849 200250 4 0 92
8849 200250 5 0 92
8849 200250 6 0 92
8849 200250 7 0 92
8849 200250 8 0 92
8849 200250 9 0 92
8849 200250 10 0 92
!leg 55685 138122 10 0 2 attackers:55685;victims:138122;type:1;valid_origin:True;recurrent:False;local:False
55685 138122 1 2 0
55685 138122 2 2 0
55685 138122 3 2 0
55685 138122 4 2 0
55685 138122 5 2 0
55685 138122 6 2 0
55685 138122 7 2 0
55685 138122 8 2 0
55685 138122 9 2 0
55685 138122 10 2 0
!sus 53616 199518 0 10 2 attackers:53616;victims:199518;type:1;valid_origin:True;recurrent:True;local:False
53616 199518 1 0 2
53616 199518 2 0 2
53616 199518 3 1 1
53616 199518 4 1 1
53616 199518 5 1 1
53616 199518 6 1 1
53616 199518 7 1 1
53616 199518 8 1 1
53616 199518 9 1 1
53616 199518 10 1 1
!sus 138423 151365 4 6 311 attackers:138423;victims:151365;type:1;valid_origin:True;recurrent:True;local:False
138423 151365 1 311 0
138423 151365 2 311 0
138423 151365 3 311 0
138423 151365 4 0 311
138423 151365 5 306 5
138423 151365 6 0 311
138423 151365 7 0 311
138423 151365 8 5 306
138423 151365 9 0 311
138423 151365 10 0 311
!leg 31708 38158 10 0 1 attackers:38158;victims:201862;type:2;valid_origin:True;recurrent:False;local:False
31708 38158 1 1 0
31708 38158 2 1 0
31708 38158 3 1 0
31708 38158 4 1 0
31708 38158 5 1 0
31708 38158 6 1 0
31708 38158 7 1 0
31708 38158 8 1 0
31708 38158 9 1 0
31708 38158 10 1 0
!leg 25098 57483 10 0 27 attackers:25098;victims:57483;type:1;valid_origin:True;recurrent:False;local:False
25098 57483 1 27 0
25098 57483 2 27 0
25098 57483 3 27 0
25098 57483 4 27 0
25098 57483 5 27 0
25098 57483 6 27 0
25098 57483 7 27 0
25098 57483 8 27 0
25098 57483 9 27 0
25098 57483 10 27 0
!sus 134517 152093 0 10 4 attackers:134517;victims:152093;type:1;valid_origin:True;recurrent:True;local:False
134517 152093 1 1 3
134517 152093 2 0 4
134517 152093 3 2 2
134517 152093 4 0 4
134517 152093 5 0 4
134517 152093 6 0 4
134517 152093 7 0 4
134517 152093 8 0 4
134517 152093 9 0 4
134517 152093 10 0 4
!sus 24534 151993 4 6 21 attackers:24534;victims:151993;type:1;valid_origin:True;recurrent:True;local:False
24534 151993 1 21 0
24534 151993 2 21 0
24534 151993 3 20 1
24534 151993 4 5 16
24534 151993 5 20 1
24534 151993 6 0 21
24534 151993 7 0 21
24534 151993 8 8 13
24534 151993 9 0 21
24534 151993 10 0 21
!leg 132673 138089 10 0 184 attackers:138089;victims:132673;type:1;valid_origin:True;recurrent:False;local:False
132673 138089 1 184 0
132673 138089 2 184 0
132673 138089 3 184 0
132673 138089 4 184 0
132673 138089 5 184 0
132673 138089 6 184 0
132673 138089 7 184 0
132673 138089 8 184 0
132673 138089 9 184 0
132673 138089 10 184 0
!leg 58820 141123 10 0 55 attackers:58820;victims:141123;type:1;valid_origin:True;recurrent:False;local:False
58820 141123 1 55 0
58820 141123 2 55 0
58820 141123 3 55 0
58820 141123 4 55 0
58820 141123 5 55 0
58820 141123 6 55 0
58820 141123 7 55 0
58820 141123 8 55 0
58820 141123 9 55 0
58820 141123 10 55 0
!leg 215828 393577 10 0 153 attackers:393577;victims:215849,215828;type:1,2;valid_origin:True;recurrent:False;local:False
215828 393577 1 153 0
215828 393577 2 153 0
215828 393577 3 153 0
215828 393577 4 153 0
215828 393577 5 153 0
215828 393577 6 153 0
215828 393577 7 153 0
215828 393577 8 153 0
215828 393577 9 153 0
215828 393577 10 153 0
!leg 37282 37308 10 0 68 attackers:37282;victims:3;type:2;valid_origin:False;recurrent:False;local:False
37282 37308 1 68 0
37282 37308 2 68 0
37282 37308 3 68 0
37282 37308 4 68 0
37282 37308 5 68 0
37282 37308 6 68 0
37282 37308 7 68 0
37282 37308 8 68 0
37282 37308 9 68 0
37282 37308 10 68 0
!sus 39364 49228 0 10 211 attackers:39364;victims:49228;type:1;valid_origin:True;recurrent:True;local:False
39364 49228 1 58 153
39364 49228 2 0 211
39364 49228 3 0 211
39364 49228 4 0 211
39364 49228 5 0 211
39364 49228 6 0 211
39364 49228 7 0 211
39364 49228 8 0 211
39364 49228 9 0 211
39364 49228 10 0 211
!sus 20940 61135 2 8 24 attackers:61135;victims:36183;type:2;valid_origin:True;recurrent:True;local:False
20940 61135 1 0 24
20940 61135 2 0 24
20940 61135 3 1 23
20940 61135 4 1 23
20940 61135 5 4 20
20940 61135 6 8 16
20940 61135 7 10 14
20940 61135 8 10 14
20940 61135 9 19 5
20940 61135 10 15 9
!leg 17665 151700 10 0 94 attackers:17665;victims:151700;type:1;valid_origin:True;recurrent:False;local:False
17665 151700 1 94 0
17665 151700 2 94 0
17665 151700 3 94 0
17665 151700 4 94 0
17665 151700 5 94 0
17665 151700 6 94 0
17665 151700 7 94 0
17665 151700 8 94 0
17665 151700 9 94 0
17665 151700 10 94 0
!sus 41051 215980 8 2 4 attackers:41051;victims:215980;type:1;valid_origin:True;recurrent:True;local:False
41051 215980 1 0 4
41051 215980 2 1 3
41051 215980 3 4 0
41051 215980 4 3 1
41051 215980 5 4 0
41051 215980 6 4 0
41051 215980 7 4 0
41051 215980 8 4 0
41051 215980 9 4 0
41051 215980 10 4 0
!sus 36902 37343 1 9 42 attackers:37343;victims:36902;type:1;valid_origin:True;recurrent:True;local:False
36902 37343 1 25 17
36902 37343 2 0 42
36902 37343 3 0 42
36902 37343 4 0 42
36902 37343 5 0 42
36902 37343 6 0 42
36902 37343 7 0 42
36902 37343 8 0 42
36902 37343 9 0 42
36902 37343 10 0 42
!leg 29632 215828 10 0 122 attackers:29632;victims:215828;type:1;valid_origin:True;recurrent:True;local:False
29632 215828 1 122 0
29632 215828 2 110 12
29632 215828 3 122 0
29632 215828 4 122 0
29632 215828 5 122 0
29632 215828 6 121 1
29632 215828 7 122 0
29632 215828 8 122 0
29632 215828 9 122 0
29632 215828 10 122 0
