!sus 7195 51095 0 10 35 attackers:7195;victims:22822,138915,139057,24429,51095,21859;type:1,2,3;valid_origin:True;recurrent:True;local:False
7195 51095 1 7 28
7195 51095 2 11 24
7195 51095 3 12 23
7195 51095 4 11 24
7195 51095 5 12 23
7195 51095 6 15 20
7195 51095 7 15 20
7195 51095 8 16 19
7195 51095 9 16 19
7195 51095 10 15 20
!leg 58453 328874 10 0 2 attackers:58453;victims:328874;type:1;valid_origin:True;recurrent:False;local:False
58453 328874 1 2 0
58453 328874 2 2 0
58453 328874 3 2 0
58453 328874 4 2 0
58453 328874 5 2 0
58453 328874 6 2 0
58453 328874 7 2 0
58453 328874 8 2 0
58453 328874 9 2 0
58453 328874 10 2 0
!sus 5483 215920 0 10 9 attackers:5483;victims:100;type:2;valid_origin:True;recurrent:True;local:False
5483 215920 1 0 9
5483 215920 2 0 9
5483 215920 3 1 8
5483 215920 4 3 6
5483 215920 5 3 6
5483 215920 6 3 6
5483 215920 7 3 6
5483 215920 8 3 6
5483 215920 9 4 5
5483 215920 10 3 6
!sus 37100 328691 9 1 12 attackers:37100;victims:328691;type:1;valid_origin:True;recurrent:True;local:False
37100 328691 1 3 9
37100 328691 2 11 1
37100 328691 3 12 0
37100 328691 4 12 0
37100 328691 5 12 0
37100 328691 6 12 0
37100 328691 7 12 0
37100 328691 8 12 0
37100 328691 9 12 0
37100 328691 10 12 0
!leg 3326 62663 10 0 1 attackers:62663;victims:25500;type:2;valid_origin:True;recurrent:False;local:False
3326 62663 1 1 0
3326 62663 2 1 0
3326 62663 3 1 0
3326 62663 4 1 0
3326 62663 5 1 0
3326 62663 6 1 0
3326 62663 7 1 0
3326 62663 8 1 0
3326 62663 9 1 0
3326 62663 10 1 0
!sus 53356 211849 7 3 10 attackers:53356;victims:211849;type:1;valid_origin:True;recurrent:True;local:False
53356 211849 1 0 10
53356 211849 2 0 10
53356 211849 3 1 9
53356 211849 4 7 3
53356 211849 5 7 3
53356 211849 6 10 0
53356 211849 7 10 0
53356 211849 8 10 0
53356 211849 9 10 0
53356 211849 10 10 0
!sus 57324 210513 6 4 9 attackers:57324;victims:210513;type:1;valid_origin:True;recurrent:True;local:False
57324 210513 1 9 0
57324 210513 2 9 0
57324 210513 3 9 0
57324 210513 4 9 0
57324 210513 5 1 8
57324 210513 6 7 2
57324 210513 7 9 0
57324 210513 8 0 9
57324 210513 9 0 9
57324 210513 10 0 9
!leg 265329 267613 10 0 1 attackers:267613;victims:265329;type:1;valid_origin:True;recurrent:False;local:False
265329 267613 1 1 0
265329 267613 2 1 0
265329 267613 3 1 0
265329 267613 4 1 0
265329 267613 5 1 0
265329 267613 6 1 0
265329 267613 7 1 0
265329 267613 8 1 0
265329 267613 9 1 0
265329 267613 10 1 0
!leg 132116 132960 10 0 768 attackers:132960;victims:137609,134017,132754,134046;type:2,3;valid_origin:True;recurrent:False;local:False
132116 132960 1 768 0
132116 132960 2 768 0
132116 132960 3 768 0
132116 132960 4 768 0
132116 132960 5 768 0
132116 132960 6 768 0
132116 132960 7 768 0
132116 132960 8 768 0
132116 132960 9 768 0
132116 132960 10 768 0
!sus 3 135523 0 10 9 attackers:135523;victims:3;type:1;valid_origin:True;recurrent:True;local:False
3 135523 1 0 9
3 135523 2 0 9
3 135523 3 0 9
3 135523 4 0 9
3 135523 5 0 9
3 135523 6 0 9
3 135523 7 0 9
3 135523 8 0 9
3 135523 9 0 9
3 135523 10 0 9
!sus 266348 271387 3 7 14 attackers:266348;victims:271387;type:1;valid_origin:True;recurrent:False;local:False
266348 271387 1 4 10
266348 271387 2 7 7
266348 271387 3 6 8
266348 271387 4 5 9
266348 271387 5 6 8
266348 271387 6 11 3
266348 271387 7 9 5
266348 271387 8 7 7
266348 271387 9 5 9
266348 271387 10 12 2
!leg 35280 132529 10 0 1 attackers:35280;victims:132529;type:1;valid_origin:True;recurrent:True;local:False
35280 132529 1 1 0
35280 132529 2 1 0
35280 132529 3 1 0
35280 132529 4 1 0
35280 132529 5 1 0
35280 132529 6 1 0
35280 132529 7 1 0
35280 132529 8 1 0
35280 132529 9 1 0
35280 132529 10 1 0
!sus 40468 54439 3 7 7 attackers:40468;victims:54439;type:1;valid_origin:True;recurrent:True;local:False
40468 54439 1 7 0
40468 54439 2 1 6
40468 54439 3 4 3
40468 54439 4 3 4
40468 54439 5 0 7
40468 54439 6 5 2
40468 54439 7 0 7
40468 54439 8 0 7
40468 54439 9 0 7
40468 54439 10 0 7
!sus 138274 151140 3 7 91 attackers:138274;victims:151140;type:1;valid_origin:True;recurrent:True;local:False
138274 151140 1 91 0
138274 151140 2 2 89
138274 151140 3 50 41
138274 151140 4 91 0
138274 151140 5 0 91
138274 151140 6 1 90
138274 151140 7 0 91
138274 151140 8 0 91
138274 151140 9 0 91
138274 151140 10 0 91
!leg 265463 267613 10 0 1 attackers:267613;victims:265463;type:1;valid_origin:True;recurrent:False;local:False
265463 267613 1 1 0
265463 267613 2 1 0
265463 267613 3 1 0
265463 267613 4 1 0
265463 267613 5 1 0
265463 267613 6 1 0
265463 267613 7 1 0
265463 267613 8 1 0
265463 267613 9 1 0
265463 267613 10 1 0
!sus 20940 395502 0 10 9 attackers:395502;victims:20940;type:1;valid_origin:True;recurrent:True;local:False
20940 395502 1 0 9
20940 395502 2 0 9
20940 395502 3 0 9
20940 395502 4 0 9
20940 395502 5 0 9
20940 395502 6 0 9
20940 395502 7 0 9
20940 395502 8 0 9
20940 395502 9 0 9
20940 395502 10 0 9
!sus 201814 215862 0 10 9 attackers:201814;victims:215862;type:1;valid_origin:True;recurrent:True;local:False
201814 215862 1 0 9
201814 215862 2 0 9
201814 215862 3 0 9
201814 215862 4 0 9
201814 215862 5 0 9
201814 215862 6 0 9
201814 215862 7 0 9
201814 215862 8 0 9
201814 215862 9 0 9
201814 215862 10 0 9
!sus 47152 204508 2 8 7 attackers:47152;victims:204508;type:1;valid_origin:True;recurrent:True;local:False
47152 204508 1 0 7
47152 204508 2 0 7
47152 204508 3 2 5
47152 204508 4 2 5
47152 204508 5 4 3
47152 204508 6 2 5
47152 204508 7 2 5
47152 204508 8 4 3
47152 204508 9 3 4
47152 204508 10 3 4
!sus 9304 137897 0 10 69 attackers:137897;victims:9304;type:1;valid_origin:True;recurrent:True;local:False
9304 137897 1 0 69
9304 137897 2 0 69
9304 137897 3 0 69
9304 137897 4 0 69
9304 137897 5 0 69
9304 137897 6 0 69
9304 137897 7 0 69
9304 137897 8 0 69
9304 137897 9 0 69
9304 137897 10 0 69
!sus 23750 140039 4 6 5 attackers:23750;victims:140039;type:1;valid_origin:True;recurrent:True;local:False
23750 140039 1 5 0
23750 140039 2 0 5
23750 140039 3 3 2
23750 140039 4 5 0
23750 140039 5 0 5
23750 140039 6 5 0
23750 140039 7 0 5
23750 140039 8 0 5
23750 140039 9 0 5
23750 140039 10 0 5
!sus 41221 216137 4 6 158 attackers:41221;victims:216137;type:1;valid_origin:False;recurrent:True;local:False
41221 216137 1 158 0
41221 216137 2 44 114
41221 216137 3 116 42
41221 216137 4 154 4
41221 216137 5 0 158
41221 216137 6 80 78
41221 216137 7 0 158
41221 216137 8 0 158
41221 216137 9 0 158
41221 216137 10 0 158
!sus 27059 270593 3 7 9 attackers:270593;victims:270593;type:2;valid_origin:True;recurrent:True;local:False
27059 270593 1 9 0
27059 270593 2 9 0
27059 270593 3 7 2
27059 270593 4 2 7
27059 270593 5 1 8
27059 270593 6 0 9
27059 270593 7 0 9
27059 270593 8 0 9
27059 270593 9 0 9
27059 270593 10 0 9
!sus 23764 269315 0 10 51 attackers:23764;victims:269315;type:1;valid_origin:True;recurrent:True;local:False
23764 269315 1 0 51
23764 269315 2 1 50
23764 269315 3 5 46
23764 269315 4 13 38
23764 269315 5 16 35
23764 269315 6 15 36
23764 269315 7 17 34
23764 269315 8 17 34
23764 269315 9 20 31
23764 269315 10 22 29
!sus 41160 197440 8 2 1 attackers:41160;victims:197440;type:1;valid_origin:True;recurrent:True;local:False
41160 197440 1 0 1
41160 197440 2 0 1
41160 197440 3 1 0
41160 197440 4 1 0
41160 197440 5 1 0
41160 197440 6 1 0
41160 197440 7 1 0
41160 197440 8 1 0
41160 197440 9 1 0
41160 197440 10 1 0
!leg 53087 263466 10 0 1 attackers:53087;victims:263466;type:1;valid_origin:True;recurrent:False;local:False
53087 263466 1 1 0
53087 263466 2 1 0
53087 263466 3 1 0
53087 263466 4 1 0
53087 263466 5 1 0
53087 263466 6 1 0
53087 263466 7 1 0
53087 263466 8 1 0
53087 263466 9 1 0
53087 263466 10 1 0
!leg 262977 269396 10 0 7 attackers:262977;victims:270315;type:2;valid_origin:True;recurrent:False;local:False
262977 269396 1 7 0
262977 269396 2 7 0
262977 269396 3 7 0
262977 269396 4 7 0
262977 269396 5 7 0
262977 269396 6 7 0
262977 269396 7 7 0
262977 269396 8 7 0
262977 269396 9 7 0
262977 269396 10 7 0
!sus 2906 132960 0 10 146 attackers:132960;victims:2906;type:1;valid_origin:True;recurrent:False;local:False
2906 132960 1 0 146
2906 132960 2 0 146
2906 132960 3 0 146
2906 132960 4 0 146
2906 132960 5 0 146
2906 132960 6 0 146
2906 132960 7 0 146
2906 132960 8 0 146
2906 132960 9 0 146
2906 132960 10 0 146
!leg 60171 62663 10 0 2 attackers:62663;victims:37638,37714;type:2,3;valid_origin:True;recurrent:False;local:False
60171 62663 1 2 0
60171 62663 2 2 0
60171 62663 3 2 0
60171 62663 4 2 0
60171 62663 5 2 0
60171 62663 6 2 0
60171 62663 7 2 0
60171 62663 8 2 0
60171 62663 9 2 0
60171 62663 10 2 0
!leg 132960 133986 10 0 139 attackers:132960;victims:133986;type:1;valid_origin:True;recurrent:False;local:False
132960 133986 1 139 0
132960 133986 2 139 0
132960 133986 3 139 0
132960 133986 4 139 0
132960 133986 5 139 0
132960 133986 6 139 0
132960 133986 7 139 0
132960 133986 8 139 0
132960 133986 9 139 0
132960 133986 10 139 0
!sus 48581 59920 0 10 8 attackers:59920;victims:48581;type:1;valid_origin:True;recurrent:True;local:False
48581 59920 1 0 8
48581 59920 2 1 7
48581 59920 3 1 7
48581 59920 4 2 6
48581 59920 5 1 7
48581 59920 6 1 7
48581 59920 7 1 7
48581 59920 8 1 7
48581 59920 9 1 7
48581 59920 10 1 7
!sus 38732 151873 4 6 8 attackers:38732;victims:151873;type:1;valid_origin:True;recurrent:True;local:False
38732 151873 1 8 0
38732 151873 2 2 6
38732 151873 3 8 0
38732 151873 4 8 0
38732 151873 5 0 8
38732 151873 6 7 1
38732 151873 7 0 8
38732 151873 8 0 8
38732 151873 9 0 8
38732 151873 10 0 8
!leg 27895 61512 10 0 2 attackers:27895;victims:27727;type:5;valid_origin:True;recurrent:False;local:False
27895 61512 1 2 0
27895 61512 2 2 0
27895 61512 3 2 0
27895 61512 4 2 0
27895 61512 5 2 0
27895 61512 6 2 0
27895 61512 7 2 0
27895 61512 8 2 0
27895 61512 9 2 0
27895 61512 10 2 0
!leg 132960 133275 10 0 26 attackers:132960;victims:151688;type:2;valid_origin:True;recurrent:False;local:False
132960 133275 1 26 0
132960 133275 2 26 0
132960 133275 3 26 0
132960 133275 4 26 0
132960 133275 5 26 0
132960 133275 6 26 0
132960 133275 7 26 0
132960 133275 8 26 0
132960 133275 9 26 0
132960 133275 10 26 0
!sus 138926 396998 8 2 127 attackers:396998;victims:138926;type:1;valid_origin:True;recurrent:True;local:False
138926 396998 1 37 90
138926 396998 2 57 70
138926 396998 3 78 49
138926 396998 4 79 48
138926 396998 5 100 27
138926 396998 6 111 16
138926 396998 7 121 6
138926 396998 8 124 3
138926 396998 9 123 4
138926 396998 10 126 1
!sus 34250 199528 5 5 34 attackers:34250;victims:199528;type:1;valid_origin:True;recurrent:True;local:False
34250 199528 1 34 0
34250 199528 2 29 5
34250 199528 3 34 0
34250 199528 4 34 0
34250 199528 5 0 34
34250 199528 6 33 1
34250 199528 7 0 34
34250 199528 8 0 34
34250 199528 9 0 34
34250 199528 10 0 34
!leg 24554 132960 10 0 139 attackers:132960;victims:141324;type:2;valid_origin:True;recurrent:False;local:False
24554 132960 1 139 0
24554 132960 2 139 0
24554 132960 3 139 0
24554 132960 4 139 0
24554 132960 5 139 0
24554 132960 6 139 0
24554 132960 7 139 0
24554 132960 8 139 0
24554 132960 9 139 0
24554 132960 10 139 0
!sus 19551 132960 1 9 68 attackers:132960;victims:7483,134729,9435,133158,11857;type:2;valid_origin:True;recurrent:False;local:False
19551 132960 1 0 68
19551 132960 2 0 68
19551 132960 3 2 66
19551 132960 4 2 66
19551 132960 5 2 66
19551 132960 6 7 61
19551 132960 7 20 48
19551 132960 8 29 39
19551 132960 9 26 42
19551 132960 10 38 30
!sus 135905 149068 5 5 24 attackers:135905;victims:149068;type:1;valid_origin:True;recurrent:True;local:False
135905 149068 1 24 0
135905 149068 2 19 5
135905 149068 3 24 0
135905 149068 4 24 0
135905 149068 5 0 24
135905 149068 6 17 7
135905 149068 7 1 23
135905 149068 8 0 24
135905 149068 9 0 24
135905 149068 10 0 24
!leg 135076 140684 10 0 15 attackers:140684;victims:137540,136145;type:3;valid_origin:True;recurrent:False;local:False
135076 140684 1 15 0
135076 140684 2 15 0
135076 140684 3 15 0
135076 140684 4 15 0
135076 140684 5 15 0
135076 140684 6 15 0
135076 140684 7 15 0
135076 140684 8 15 0
135076 140684 9 15 0
135076 140684 10 15 0
!sus 23764 262691 9 1 1 attackers:262691;victims:264425;type:2;valid_origin:True;recurrent:True;local:False
23764 262691 1 0 1
23764 262691 2 1 0
23764 262691 3 1 0
23764 262691 4 1 0
23764 262691 5 1 0
23764 262691 6 1 0
23764 262691 7 1 0
23764 262691 8 1 0
23764 262691 9 1 0
23764 262691 10 1 0
!sus 49565 205192 4 6 99 attackers:205192;victims:49565;type:1;valid_origin:True;recurrent:True;local:False
49565 205192 1 99 0
49565 205192 2 99 0
49565 205192 3 99 0
49565 205192 4 99 0
49565 205192 5 0 99
49565 205192 6 13 86
49565 205192 7 10 89
49565 205192 8 0 99
49565 205192 9 0 99
49565 205192 10 0 99
!sus 132960 139901 8 2 7 attackers:132960;victims:137967;type:2;valid_origin:True;recurrent:False;local:False
132960 139901 1 0 7
132960 139901 2 1 6
132960 139901 3 6 1
132960 139901 4 6 1
132960 139901 5 7 0
132960 139901 6 7 0
132960 139901 7 7 0
132960 139901 8 7 0
132960 139901 9 7 0
132960 139901 10 7 0
!leg 13559 35661 10 0 184 attackers:35661;victims:13559;type:1;valid_origin:True;recurrent:False;local:False
13559 35661 1 103 81
13559 35661 2 180 4
13559 35661 3 179 5
13559 35661 4 184 0
13559 35661 5 184 0
13559 35661 6 184 0
13559 35661 7 184 0
13559 35661 8 184 0
13559 35661 9 184 0
13559 35661 10 184 0
!sus 38077 140223 5 5 565 attackers:140223;victims:38077;type:1;valid_origin:True;recurrent:True;local:False
38077 140223 1 129 436
38077 140223 2 195 370
38077 140223 3 338 227
38077 140223 4 333 232
38077 140223 5 347 218
38077 140223 6 347 218
38077 140223 7 244 321
38077 140223 8 345 220
38077 140223 9 268 297
38077 140223 10 198 367
!sus 12764 216287 6 4 17 attackers:12764;victims:216287;type:1;valid_origin:True;recurrent:True;local:False
12764 216287 1 17 0
12764 216287 2 16 1
12764 216287 3 17 0
12764 216287 4 17 0
12764 216287 5 0 17
12764 216287 6 15 2
12764 216287 7 9 8
12764 216287 8 0 17
12764 216287 9 0 17
12764 216287 10 0 17
!sus 50763 52041 0 10 86 attackers:52041;victims:50763;type:1;valid_origin:True;recurrent:True;local:False
50763 52041 1 0 86
50763 52041 2 0 86
50763 52041 3 0 86
50763 52041 4 0 86
50763 52041 5 0 86
50763 52041 6 0 86
50763 52041 7 1 85
50763 52041 8 1 85
50763 52041 9 1 85
50763 52041 10 1 85
!sus 60068 196860 9 1 30 attackers:60068;victims:196860;type:1;valid_origin:True;recurrent:True;local:False
60068 196860 1 14 16
60068 196860 2 24 6
60068 196860 3 24 6
60068 196860 4 24 6
60068 196860 5 30 0
60068 196860 6 30 0
60068 196860 7 30 0
60068 196860 8 30 0
60068 196860 9 30 0
60068 196860 10 30 0
!sus 48214 52209 0 10 10 attackers:52209;victims:48214;type:1;valid_origin:True;recurrent:True;local:False
48214 52209 1 0 10
48214 52209 2 0 10
48214 52209 3 0 10
48214 52209 4 0 10
48214 52209 5 0 10
48214 52209 6 0 10
48214 52209 7 0 10
48214 52209 8 0 10
48214 52209 9 0 10
48214 52209 10 0 10
!sus 150452 151193 0 10 11 attackers:150452;victims:151193;type:1;valid_origin:True;recurrent:True;local:False
150452 151193 1 0 11
150452 151193 2 0 11
150452 151193 3 0 11
150452 151193 4 0 11
150452 151193 5 0 11
150452 151193 6 0 11
150452 151193 7 0 11
150452 151193 8 0 11
150452 151193 9 0 11
150452 151193 10 1 10
!sus 14840 263922 6 4 20 attackers:263922;victims:267625;type:2;valid_origin:True;recurrent:True;local:False
14840 263922 1 0 20
14840 263922 2 4 16
14840 263922 3 9 11
14840 263922 4 8 12
14840 263922 5 16 4
14840 263922 6 19 1
14840 263922 7 18 2
14840 263922 8 19 1
14840 263922 9 19 1
14840 263922 10 16 4
!sus 48605 216026 7 3 64 attackers:48605;victims:216026;type:1;valid_origin:True;recurrent:True;local:False
48605 216026 1 0 64
48605 216026 2 7 57
48605 216026 3 17 47
48605 216026 4 34 30
48605 216026 5 60 4
48605 216026 6 60 4
48605 216026 7 60 4
48605 216026 8 64 0
48605 216026 9 64 0
48605 216026 10 63 1
!sus 52863 268517 9 1 11 attackers:52863;victims:268517;type:1;valid_origin:True;recurrent:True;local:False
52863 268517 1 5 6
52863 268517 2 8 3
52863 268517 3 9 2
52863 268517 4 9 2
52863 268517 5 10 1
52863 268517 6 10 1
52863 268517 7 9 2
52863 268517 8 10 1
52863 268517 9 11 0
52863 268517 10 10 1
!sus 51396 215870 5 5 11 attackers:51396;victims:215870;type:1;valid_origin:True;recurrent:True;local:False
51396 215870 1 11 0
51396 215870 2 7 4
51396 215870 3 11 0
51396 215870 4 11 0
51396 215870 5 0 11
51396 215870 6 8 3
51396 215870 7 0 11
51396 215870 8 0 11
51396 215870 9 0 11
51396 215870 10 0 11
!sus 60858 216132 7 3 5 attackers:60858;victims:198980;type:15;valid_origin:True;recurrent:True;local:False
60858 216132 1 5 0
60858 216132 2 0 5
60858 216132 3 0 5
60858 216132 4 0 5
60858 216132 5 5 0
60858 216132 6 5 0
60858 216132 7 5 0
60858 216132 8 5 0
60858 216132 9 5 0
60858 216132 10 5 0
!sus 50293 327797 0 10 12 attackers:50293;victims:327797;type:1;valid_origin:True;recurrent:True;local:False
50293 327797 1 4 8
50293 327797 2 0 12
50293 327797 3 0 12
50293 327797 4 0 12
50293 327797 5 0 12
50293 327797 6 0 12
50293 327797 7 0 12
50293 327797 8 0 12
50293 327797 9 0 12
50293 327797 10 0 12
!leg 6204 216157 10 0 77 attackers:6204;victims:216157;type:1;valid_origin:True;recurrent:False;local:False
6204 216157 1 75 2
6204 216157 2 77 0
6204 216157 3 77 0
6204 216157 4 77 0
6204 216157 5 77 0
6204 216157 6 77 0
6204 216157 7 77 0
6204 216157 8 77 0
6204 216157 9 77 0
6204 216157 10 77 0
!sus 269237 273412 6 4 36 attackers:269237;victims:273412;type:1;valid_origin:True;recurrent:True;local:False
269237 273412 1 36 0
269237 273412 2 36 0
269237 273412 3 36 0
269237 273412 4 36 0
269237 273412 5 0 36
269237 273412 6 36 0
269237 273412 7 0 36
269237 273412 8 1 35
269237 273412 9 28 8
269237 273412 10 0 36
!sus 209533 215912 0 10 1 attackers:209533;victims:215912;type:1;valid_origin:True;recurrent:True;local:False
209533 215912 1 0 1
209533 215912 2 0 1
209533 215912 3 0 1
209533 215912 4 0 1
209533 215912 5 0 1
209533 215912 6 0 1
209533 215912 7 0 1
209533 215912 8 0 1
209533 215912 9 0 1
209533 215912 10 0 1
!leg 132960 147195 10 0 136 attackers:132960;victims:137652;type:2;valid_origin:True;recurrent:False;local:False
132960 147195 1 136 0
132960 147195 2 136 0
132960 147195 3 136 0
132960 147195 4 136 0
132960 147195 5 136 0
132960 147195 6 136 0
132960 147195 7 136 0
132960 147195 8 136 0
132960 147195 9 136 0
132960 147195 10 136 0
!sus 45430 396986 6 4 11 attackers:45430;victims:396986;type:1;valid_origin:True;recurrent:True;local:False
45430 396986 1 4 7
45430 396986 2 5 6
45430 396986 3 5 6
45430 396986 4 6 5
45430 396986 5 5 6
45430 396986 6 6 5
45430 396986 7 7 4
45430 396986 8 7 4
45430 396986 9 7 4
45430 396986 10 10 1
!sus 6 133738 0 10 61 attackers:133738;victims:6;type:1;valid_origin:False;recurrent:False;local:False
6 133738 1 0 61
6 133738 2 0 61
6 133738 3 0 61
6 133738 4 0 61
6 133738 5 0 61
6 133738 6 0 61
6 133738 7 0 61
6 133738 8 0 61
6 133738 9 0 61
6 133738 10 0 61
!sus 30205 46844 4 6 147 attackers:46844;victims:30205;type:1;valid_origin:True;recurrent:True;local:False
30205 46844 1 138 9
30205 46844 2 21 126
30205 46844 3 115 32
30205 46844 4 145 2
30205 46844 5 15 132
30205 46844 6 1 146
30205 46844 7 35 112
30205 46844 8 0 147
30205 46844 9 101 46
30205 46844 10 0 147
!sus 23764 272764 0 10 32 attackers:23764;victims:272764;type:1;valid_origin:True;recurrent:True;local:False
23764 272764 1 0 32
23764 272764 2 0 32
23764 272764 3 1 31
23764 272764 4 2 30
23764 272764 5 2 30
23764 272764 6 3 29
23764 272764 7 3 29
23764 272764 8 4 28
23764 272764 9 6 26
23764 272764 10 9 23
!leg 52772 262977 10 0 9 attackers:262977;victims:265256;type:2;valid_origin:True;recurrent:False;local:False
52772 262977 1 9 0
52772 262977 2 9 0
52772 262977 3 9 0
52772 262977 4 9 0
52772 262977 5 9 0
52772 262977 6 9 0
52772 262977 7 9 0
52772 262977 8 9 0
52772 262977 9 9 0
52772 262977 10 9 0
!sus 29802 132960 4 6 106 attackers:132960;victims:210542;type:2;valid_origin:True;recurrent:False;local:False
29802 132960 1 0 106
29802 132960 2 0 106
29802 132960 3 2 104
29802 132960 4 3 103
29802 132960 5 8 98
29802 132960 6 26 80
29802 132960 7 73 33
29802 132960 8 106 0
29802 132960 9 83 23
29802 132960 10 105 1
!sus 37100 329369 0 10 13 attackers:37100;victims:329369;type:1;valid_origin:True;recurrent:True;local:False
37100 329369 1 5 8
37100 329369 2 4 9
37100 329369 3 0 13
37100 329369 4 0 13
37100 329369 5 0 13
37100 329369 6 0 13
37100 329369 7 2 11
37100 329369 8 0 13
37100 329369 9 0 13
37100 329369 10 0 13
!leg 137532 139008 10 0 14 attackers:137532;victims:140544;type:4;valid_origin:True;recurrent:False;local:False
137532 139008 1 14 0
137532 139008 2 14 0
137532 139008 3 14 0
137532 139008 4 14 0
137532 139008 5 14 0
137532 139008 6 14 0
137532 139008 7 14 0
137532 139008 8 14 0
137532 139008 9 14 0
137532 139008 10 14 0
!sus 25184 216344 5 5 15 attackers:25184;victims:216344;type:1;valid_origin:True;recurrent:True;local:False
25184 216344 1 15 0
25184 216344 2 8 7
25184 216344 3 15 0
25184 216344 4 15 0
25184 216344 5 0 15
25184 216344 6 14 1
25184 216344 7 6 9
25184 216344 8 0 15
25184 216344 9 0 15
25184 216344 10 0 15
!sus 38235 139341 9 1 27 attackers:38235;victims:139341;type:1;valid_origin:True;recurrent:True;local:False
38235 139341 1 6 21
38235 139341 2 16 11
38235 139341 3 25 2
38235 139341 4 27 0
38235 139341 5 27 0
38235 139341 6 27 0
38235 139341 7 27 0
38235 139341 8 27 0
38235 139341 9 27 0
38235 139341 10 27 0
!leg 267613 269573 10 0 1 attackers:267613;victims:269573;type:1;valid_origin:True;recurrent:False;local:False
267613 269573 1 1 0
267613 269573 2 1 0
267613 269573 3 1 0
267613 269573 4 1 0
267613 269573 5 1 0
267613 269573 6 1 0
267613 269573 7 1 0
267613 269573 8 1 0
267613 269573 9 1 0
267613 269573 10 1 0
!sus 41720 212508 5 5 9 attackers:212508;victims:41720;type:1;valid_origin:True;recurrent:True;local:False
41720 212508 1 0 9
41720 212508 2 2 7
41720 212508 3 2 7
41720 212508 4 2 7
41720 212508 5 4 5
41720 212508 6 7 2
41720 212508 7 7 2
41720 212508 8 7 2
41720 212508 9 7 2
41720 212508 10 7 2
!sus 8772 215828 8 2 187 attackers:8772;victims:215828;type:1,3;valid_origin:True;recurrent:True;local:False
8772 215828 1 20 167
8772 215828 2 41 146
8772 215828 3 163 24
8772 215828 4 163 24
8772 215828 5 161 26
8772 215828 6 158 29
8772 215828 7 164 23
8772 215828 8 173 14
8772 215828 9 172 15
8772 215828 10 182 5
!sus 139620 150285 0 10 22 attackers:139620;victims:150285;type:1;valid_origin:True;recurrent:True;local:False
139620 150285 1 0 22
139620 150285 2 0 22
139620 150285 3 0 22
139620 150285 4 0 22
139620 150285 5 0 22
139620 150285 6 0 22
139620 150285 7 0 22
139620 150285 8 0 22
139620 150285 9 0 22
139620 150285 10 0 22
!sus 43754 64422 3 7 24 attackers:43754;victims:64422;type:1;valid_origin:True;recurrent:True;local:False
43754 64422 1 24 0
43754 64422 2 10 14
43754 64422 3 8 16
43754 64422 4 24 0
43754 64422 5 0 24
43754 64422 6 23 1
43754 64422 7 5 19
43754 64422 8 0 24
43754 64422 9 0 24
43754 64422 10 0 24
!sus 3258 215871 0 10 5 attackers:3258;victims:215871;type:1;valid_origin:True;recurrent:True;local:False
3258 215871 1 0 5
3258 215871 2 0 5
3258 215871 3 0 5
3258 215871 4 0 5
3258 215871 5 0 5
3258 215871 6 0 5
3258 215871 7 0 5
3258 215871 8 0 5
3258 215871 9 0 5
3258 215871 10 0 5
!sus 264974 273341 3 7 26 attackers:264974;victims:273341;type:1;valid_origin:True;recurrent:True;local:False
264974 273341 1 26 0
264974 273341 2 12 14
264974 273341 3 17 9
264974 273341 4 26 0
264974 273341 5 0 26
264974 273341 6 13 13
264974 273341 7 0 26
264974 273341 8 0 26
264974 273341 9 0 26
264974 273341 10 0 26
!sus 209533 215823 2 8 131 attackers:209533;victims:215823;type:1;valid_origin:True;recurrent:True;local:False
209533 215823 1 0 131
209533 215823 2 4 127
209533 215823 3 0 131
209533 215823 4 6 125
209533 215823 5 17 114
209533 215823 6 49 82
209533 215823 7 49 82
209533 215823 8 33 98
209533 215823 9 88 43
209533 215823 10 121 10
!leg 132770 132960 10 0 558 attackers:132960;victims:138232,138795,146945,134871,150599,141832,134885,138796;type:2,3;valid_origin:True;recurrent:False;local:False
132770 132960 1 558 0
132770 132960 2 558 0
132770 132960 3 558 0
132770 132960 4 558 0
132770 132960 5 558 0
132770 132960 6 558 0
132770 132960 7 558 0
132770 132960 8 558 0
132770 132960 9 558 0
132770 132960 10 558 0
!leg 12389 50586 10 0 48 attackers:12389;victims:50586;type:1;valid_origin:True;recurrent:False;local:False
12389 50586 1 48 0
12389 50586 2 48 0
12389 50586 3 48 0
12389 50586 4 48 0
12389 50586 5 48 0
12389 50586 6 48 0
12389 50586 7 48 0
12389 50586 8 48 0
12389 50586 9 48 0
12389 50586 10 48 0
!leg 21497 31148 10 0 11 attackers:21497;victims:20971,31148;type:1,2;valid_origin:True;recurrent:False;local:False
21497 31148 1 11 0
21497 31148 2 11 0
21497 31148 3 11 0
21497 31148 4 11 0
21497 31148 5 11 0
21497 31148 6 11 0
21497 31148 7 11 0
21497 31148 8 11 0
21497 31148 9 11 0
21497 31148 10 11 0
!sus 1 328697 0 10 9 attackers:328697;victims:1;type:1;valid_origin:True;recurrent:True;local:False
1 328697 1 0 9
1 328697 2 0 9
1 328697 3 0 9
1 328697 4 0 9
1 328697 5 0 9
1 328697 6 0 9
1 328697 7 0 9
1 328697 8 0 9
1 328697 9 0 9
1 328697 10 0 9
!leg 267613 268462 10 0 1 attackers:267613;victims:268462;type:1;valid_origin:True;recurrent:False;local:False
267613 268462 1 1 0
267613 268462 2 1 0
267613 268462 3 1 0
267613 268462 4 1 0
267613 268462 5 1 0
267613 268462 6 1 0
267613 268462 7 1 0
267613 268462 8 1 0
267613 268462 9 1 0
267613 268462 10 1 0
!sus 44687 196695 6 4 10 attackers:196695;victims:44687;type:1;valid_origin:True;recurrent:True;local:False
44687 196695 1 10 0
44687 196695 2 10 0
44687 196695 3 10 0
44687 196695 4 10 0
44687 196695 5 1 9
44687 196695 6 0 10
44687 196695 7 8 2
44687 196695 8 0 10
44687 196695 9 9 1
44687 196695 10 0 10
!leg 10075 132960 10 0 58 attackers:132960;victims:141404,17469,63957,135597,149860,17641,139720,63890;type:2,3,4;valid_origin:True;recurrent:False;local:False
10075 132960 1 58 0
10075 132960 2 58 0
10075 132960 3 58 0
10075 132960 4 58 0
10075 132960 5 58 0
10075 132960 6 58 0
10075 132960 7 58 0
10075 132960 8 58 0
10075 132960 9 58 0
10075 132960 10 58 0
!sus 206244 211726 0 10 8 attackers:206244;victims:211726;type:1;valid_origin:True;recurrent:True;local:False
206244 211726 1 0 8
206244 211726 2 0 8
206244 211726 3 0 8
206244 211726 4 0 8
206244 211726 5 0 8
206244 211726 6 0 8
206244 211726 7 0 8
206244 211726 8 0 8
206244 211726 9 0 8
206244 211726 10 0 8
!leg 20473 213007 10 0 7 attackers:20473;victims:213007;type:1;valid_origin:True;recurrent:True;local:False
20473 213007 1 7 0
20473 213007 2 6 1
20473 213007 3 7 0
20473 213007 4 7 0
20473 213007 5 7 0
20473 213007 6 7 0
20473 213007 7 7 0
20473 213007 8 6 1
20473 213007 9 7 0
20473 213007 10 6 1
!sus 23764 263998 5 5 60 attackers:23764;victims:268829,263998,266940,269386,269598,269614,267936,267121,52684,52606,263967,269275,267133,268047,267358,262970,269114,268633,270961,268909,271571,267442,28267;type:1,2,3;valid_origin:True;recurrent:True;local:False
23764 263998 1 7 53
23764 263998 2 7 53
23764 263998 3 9 51
23764 263998 4 28 32
23764 263998 5 33 27
23764 263998 6 28 32
23764 263998 7 37 23
23764 263998 8 36 24
23764 263998 9 44 16
23764 263998 10 44 16
!leg 9340 45296 10 0 284 attackers:45296;victims:9340,139386;type:1,2;valid_origin:True;recurrent:False;local:False
9340 45296 1 284 0
9340 45296 2 284 0
9340 45296 3 284 0
9340 45296 4 284 0
9340 45296 5 284 0
9340 45296 6 284 0
9340 45296 7 284 0
9340 45296 8 284 0
9340 45296 9 284 0
9340 45296 10 284 0
!leg 132960 136360 10 0 238 attackers:132960;victims:141818;type:4;valid_origin:True;recurrent:False;local:False
132960 136360 1 238 0
132960 136360 2 238 0
132960 136360 3 238 0
132960 136360 4 238 0
132960 136360 5 238 0
132960 136360 6 238 0
132960 136360 7 238 0
132960 136360 8 238 0
132960 136360 9 238 0
132960 136360 10 238 0
!sus 39686 56368 9 1 1 attackers:39686;victims:56368;type:1;valid_origin:True;recurrent:False;local:False
39686 56368 1 0 1
39686 56368 2 1 0
39686 56368 3 1 0
39686 56368 4 1 0
39686 56368 5 1 0
39686 56368 6 1 0
39686 56368 7 1 0
39686 56368 8 1 0
39686 56368 9 1 0
39686 56368 10 1 0
!sus 42337 60516 4 6 12 attackers:42337;victims:60516;type:1;valid_origin:True;recurrent:True;local:False
42337 60516 1 12 0
42337 60516 2 5 7
42337 60516 3 9 3
42337 60516 4 8 4
42337 60516 5 0 12
42337 60516 6 8 4
42337 60516 7 2 10
42337 60516 8 0 12
42337 60516 9 0 12
42337 60516 10 0 12
!sus 41051 48231 8 2 9 attackers:41051;victims:48231;type:1;valid_origin:True;recurrent:True;local:False
41051 48231 1 2 7
41051 48231 2 4 5
41051 48231 3 5 4
41051 48231 4 6 3
41051 48231 5 8 1
41051 48231 6 7 2
41051 48231 7 9 0
41051 48231 8 9 0
41051 48231 9 9 0
41051 48231 10 9 0
!sus 44841 400810 4 6 5 attackers:400810;victims:44841;type:1;valid_origin:True;recurrent:True;local:False
44841 400810 1 5 0
44841 400810 2 5 0
44841 400810 3 4 1
44841 400810 4 5 0
44841 400810 5 0 5
44841 400810 6 0 5
44841 400810 7 0 5
44841 400810 8 0 5
44841 400810 9 0 5
44841 400810 10 0 5
!leg 7473 40339 10 0 9 attackers:7473;victims:40339;type:1;valid_origin:True;recurrent:False;local:False
7473 40339 1 9 0
7473 40339 2 9 0
7473 40339 3 9 0
7473 40339 4 9 0
7473 40339 5 9 0
7473 40339 6 9 0
7473 40339 7 9 0
7473 40339 8 9 0
7473 40339 9 9 0
7473 40339 10 9 0
!sus 58682 132960 9 1 9 attackers:132960;victims:142050;type:2;valid_origin:True;recurrent:False;local:False
58682 132960 1 0 9
58682 132960 2 9 0
58682 132960 3 9 0
58682 132960 4 9 0
58682 132960 5 9 0
58682 132960 6 9 0
58682 132960 7 9 0
58682 132960 8 9 0
58682 132960 9 9 0
58682 132960 10 9 0
!sus 209533 215825 1 9 29 attackers:209533;victims:215825;type:1;valid_origin:True;recurrent:True;local:False
209533 215825 1 15 14
209533 215825 2 0 29
209533 215825 3 9 20
209533 215825 4 1 28
209533 215825 5 0 29
209533 215825 6 14 15
209533 215825 7 0 29
209533 215825 8 0 29
209533 215825 9 0 29
209533 215825 10 0 29
!sus 6984 58428 0 10 7 attackers:58428;victims:6984;type:1;valid_origin:True;recurrent:True;local:False
6984 58428 1 0 7
6984 58428 2 0 7
6984 58428 3 0 7
6984 58428 4 0 7
6984 58428 5 0 7
6984 58428 6 0 7
6984 58428 7 0 7
6984 58428 8 0 7
6984 58428 9 0 7
6984 58428 10 0 7
!sus 9299 328832 1 9 1 attackers:328832;victims:9299;type:1;valid_origin:True;recurrent:True;local:False
9299 328832 1 0 1
9299 328832 2 0 1
9299 328832 3 0 1
9299 328832 4 0 1
9299 328832 5 0 1
9299 328832 6 0 1
9299 328832 7 0 1
9299 328832 8 0 1
9299 328832 9 0 1
9299 328832 10 1 0
!sus 24940 29535 6 4 14 attackers:29535;victims:57896;type:2;valid_origin:True;recurrent:True;local:False
24940 29535 1 1 13
24940 29535 2 2 12
24940 29535 3 4 10
24940 29535 4 5 9
24940 29535 5 9 5
24940 29535 6 12 2
24940 29535 7 14 0
24940 29535 8 14 0
24940 29535 9 14 0
24940 29535 10 14 0
!leg 267164 267613 10 0 1 attackers:267613;victims:267164;type:1;valid_origin:True;recurrent:False;local:False
267164 267613 1 1 0
267164 267613 2 1 0
267164 267613 3 1 0
267164 267613 4 1 0
267164 267613 5 1 0
267164 267613 6 1 0
267164 267613 7 1 0
267164 267613 8 1 0
267164 267613 9 1 0
267164 267613 10 1 0
!sus 202262 215799 0 10 14 attackers:202262;victims:215799;type:1;valid_origin:True;recurrent:True;local:False
202262 215799 1 1 13
202262 215799 2 5 9
202262 215799 3 0 14
202262 215799 4 0 14
202262 215799 5 0 14
202262 215799 6 0 14
202262 215799 7 0 14
202262 215799 8 0 14
202262 215799 9 0 14
202262 215799 10 0 14
!sus 37662 328585 0 10 9 attackers:37662;victims:328585;type:1;valid_origin:True;recurrent:True;local:False
37662 328585 1 0 9
37662 328585 2 0 9
37662 328585 3 0 9
37662 328585 4 0 9
37662 328585 5 0 9
37662 328585 6 4 5
37662 328585 7 2 7
37662 328585 8 3 6
37662 328585 9 2 7
37662 328585 10 2 7
!sus 134472 134572 0 10 167 attackers:134572;victims:134572;type:2;valid_origin:True;recurrent:True;local:False
134472 134572 1 1 166
134472 134572 2 2 165
134472 134572 3 3 164
134472 134572 4 2 165
134472 134572 5 4 163
134472 134572 6 10 157
134472 134572 7 10 157
134472 134572 8 10 157
134472 134572 9 10 157
134472 134572 10 38 129
!leg 38203 135076 10 0 13 attackers:135076;victims:137540;type:2;valid_origin:True;recurrent:False;local:False
38203 135076 1 13 0
38203 135076 2 13 0
38203 135076 3 13 0
38203 135076 4 13 0
38203 135076 5 13 0
38203 135076 6 13 0
38203 135076 7 13 0
38203 135076 8 13 0
38203 135076 9 13 0
38203 135076 10 13 0
!sus 5416 139341 3 7 49 attackers:5416;victims:139341;type:1;valid_origin:True;recurrent:True;local:False
5416 139341 1 1 48
5416 139341 2 12 37
5416 139341 3 16 33
5416 139341 4 14 35
5416 139341 5 16 33
5416 139341 6 18 31
5416 139341 7 15 34
5416 139341 8 31 18
5416 139341 9 26 23
5416 139341 10 32 17
!sus 47311 203686 6 4 90 attackers:47311;victims:203686;type:1;valid_origin:True;recurrent:True;local:False
47311 203686 1 0 90
47311 203686 2 0 90
47311 203686 3 0 90
47311 203686 4 3 87
47311 203686 5 83 7
47311 203686 6 88 2
47311 203686 7 89 1
47311 203686 8 90 0
47311 203686 9 90 0
47311 203686 10 90 0
!leg 13786 267278 10 0 1 attackers:267278;victims:7005;type:5;valid_origin:True;recurrent:False;local:False
13786 267278 1 1 0
13786 267278 2 1 0
13786 267278 3 1 0
13786 267278 4 1 0
13786 267278 5 1 0
13786 267278 6 1 0
13786 267278 7 1 0
13786 267278 8 1 0
13786 267278 9 1 0
13786 267278 10 1 0
!sus 11665 27373 3 7 14 attackers:27373;victims:11665;type:1;valid_origin:True;recurrent:True;local:False
11665 27373 1 13 1
11665 27373 2 14 0
11665 27373 3 5 9
11665 27373 4 14 0
11665 27373 5 0 14
11665 27373 6 0 14
11665 27373 7 0 14
11665 27373 8 0 14
11665 27373 9 0 14
11665 27373 10 0 14
!sus 132960 199524 0 10 232 attackers:132960;victims:199524;type:1;valid_origin:True;recurrent:False;local:False
132960 199524 1 0 232
132960 199524 2 0 232
132960 199524 3 0 232
132960 199524 4 0 232
132960 199524 5 0 232
132960 199524 6 0 232
132960 199524 7 0 232
132960 199524 8 0 232
132960 199524 9 0 232
132960 199524 10 0 232
!leg 174 61808 10 0 36 attackers:174;victims:61808;type:1;valid_origin:True;recurrent:False;local:False
174 61808 1 36 0
174 61808 2 36 0
174 61808 3 36 0
174 61808 4 36 0
174 61808 5 36 0
174 61808 6 36 0
174 61808 7 36 0
174 61808 8 36 0
174 61808 9 36 0
174 61808 10 36 0
!leg 14840 52742 10 0 3 attackers:52742;victims:267420;type:3;valid_origin:True;recurrent:False;local:False
14840 52742 1 3 0
14840 52742 2 3 0
14840 52742 3 3 0
14840 52742 4 3 0
14840 52742 5 3 0
14840 52742 6 3 0
14840 52742 7 3 0
14840 52742 8 3 0
14840 52742 9 3 0
14840 52742 10 3 0
!leg 132960 133720 10 0 342 attackers:132960;victims:138710,146908;type:2;valid_origin:True;recurrent:False;local:False
132960 133720 1 342 0
132960 133720 2 342 0
132960 133720 3 342 0
132960 133720 4 342 0
132960 133720 5 342 0
132960 133720 6 342 0
132960 133720 7 342 0
132960 133720 8 342 0
132960 133720 9 342 0
132960 133720 10 342 0
!sus 13335 137491 0 10 168 attackers:137491;victims:13335,133800;type:1,2;valid_origin:True;recurrent:True;local:False
13335 137491 1 2 166
13335 137491 2 2 166
13335 137491 3 3 165
13335 137491 4 3 165
13335 137491 5 3 165
13335 137491 6 3 165
13335 137491 7 4 164
13335 137491 8 7 161
13335 137491 9 11 157
13335 137491 10 9 159
!sus 42 4150 4 6 1 attackers:4150;victims:42;type:1;valid_origin:True;recurrent:True;local:False
42 4150 1 0 1
42 4150 2 0 1
42 4150 3 0 1
42 4150 4 0 1
42 4150 5 0 1
42 4150 6 1 0
42 4150 7 0 1
42 4150 8 1 0
42 4150 9 1 0
42 4150 10 1 0
!sus 2 272711 0 10 13 attackers:272711;victims:2;type:1;valid_origin:True;recurrent:True;local:False
2 272711 1 0 13
2 272711 2 0 13
2 272711 3 0 13
2 272711 4 0 13
2 272711 5 0 13
2 272711 6 0 13
2 272711 7 0 13
2 272711 8 0 13
2 272711 9 0 13
2 272711 10 0 13
!sus 63741 151326 7 3 16 attackers:151326;victims:63741;type:1;valid_origin:True;recurrent:True;local:False
63741 151326 1 0 16
63741 151326 2 2 14
63741 151326 3 0 16
63741 151326 4 9 7
63741 151326 5 16 0
63741 151326 6 15 1
63741 151326 7 16 0
63741 151326 8 16 0
63741 151326 9 16 0
63741 151326 10 16 0
!sus 58689 64201 0 10 107 attackers:58689;victims:64201;type:1;valid_origin:True;recurrent:True;local:False
58689 64201 1 0 107
58689 64201 2 0 107
58689 64201 3 0 107
58689 64201 4 0 107
58689 64201 5 0 107
58689 64201 6 0 107
58689 64201 7 0 107
58689 64201 8 0 107
58689 64201 9 0 107
58689 64201 10 0 107
!leg 267613 268887 10 0 1 attackers:267613;victims:268887;type:1;valid_origin:True;recurrent:False;local:False
267613 268887 1 1 0
267613 268887 2 1 0
267613 268887 3 1 0
267613 268887 4 1 0
267613 268887 5 1 0
267613 268887 6 1 0
267613 268887 7 1 0
267613 268887 8 1 0
267613 268887 9 1 0
267613 268887 10 1 0
!sus 136952 141216 4 6 24 attackers:141216;victims:136952;type:1;valid_origin:True;recurrent:True;local:False
136952 141216 1 24 0
136952 141216 2 24 0
136952 141216 3 24 0
136952 141216 4 24 0
136952 141216 5 0 24
136952 141216 6 0 24
136952 141216 7 0 24
136952 141216 8 0 24
136952 141216 9 0 24
136952 141216 10 0 24
!sus 60000 149848 3 7 1 attackers:149848;victims:60000;type:1;valid_origin:False;recurrent:True;local:False
60000 149848 1 1 0
60000 149848 2 1 0
60000 149848 3 1 0
60000 149848 4 0 1
60000 149848 5 0 1
60000 149848 6 0 1
60000 149848 7 0 1
60000 149848 8 0 1
60000 149848 9 0 1
60000 149848 10 0 1
!sus 59282 150279 0 10 228 attackers:150279;victims:150249;type:2;valid_origin:True;recurrent:True;local:False
59282 150279 1 42 186
59282 150279 2 51 177
59282 150279 3 53 175
59282 150279 4 51 177
59282 150279 5 57 171
59282 150279 6 63 165
59282 150279 7 73 155
59282 150279 8 40 188
59282 150279 9 73 155
59282 150279 10 59 169
!sus 10201 146887 4 6 8 attackers:146887;victims:10201;type:1;valid_origin:True;recurrent:True;local:False
10201 146887 1 8 0
10201 146887 2 7 1
10201 146887 3 5 3
10201 146887 4 8 0
10201 146887 5 0 8
10201 146887 6 0 8
10201 146887 7 0 8
10201 146887 8 0 8
10201 146887 9 0 8
10201 146887 10 0 8
!sus 199545 200993 9 1 69 attackers:199545;victims:200993;type:1;valid_origin:True;recurrent:True;local:False
199545 200993 1 0 69
199545 200993 2 36 33
199545 200993 3 67 2
199545 200993 4 69 0
199545 200993 5 69 0
199545 200993 6 69 0
199545 200993 7 69 0
199545 200993 8 69 0
199545 200993 9 69 0
199545 200993 10 69 0
!sus 38149 327814 1 9 6 attackers:327814;victims:38149;type:1;valid_origin:True;recurrent:True;local:False
38149 327814 1 0 6
38149 327814 2 0 6
38149 327814 3 0 6
38149 327814 4 0 6
38149 327814 5 0 6
38149 327814 6 0 6
38149 327814 7 5 1
38149 327814 8 0 6
38149 327814 9 0 6
38149 327814 10 0 6
!sus 100 215920 0 10 9 attackers:215920;victims:100;type:1;valid_origin:True;recurrent:True;local:False
100 215920 1 0 9
100 215920 2 0 9
100 215920 3 0 9
100 215920 4 0 9
100 215920 5 1 8
100 215920 6 0 9
100 215920 7 0 9
100 215920 8 0 9
100 215920 9 0 9
100 215920 10 0 9
!sus 135235 151769 2 8 9 attackers:135235;victims:151769;type:1;valid_origin:True;recurrent:True;local:False
135235 151769 1 9 0
135235 151769 2 2 7
135235 151769 3 4 5
135235 151769 4 8 1
135235 151769 5 0 9
135235 151769 6 0 9
135235 151769 7 0 9
135235 151769 8 0 9
135235 151769 9 0 9
135235 151769 10 0 9
!sus 201409 208046 0 10 20 attackers:208046;victims:201409;type:1;valid_origin:False;recurrent:True;local:False
201409 208046 1 0 20
201409 208046 2 0 20
201409 208046 3 0 20
201409 208046 4 0 20
201409 208046 5 0 20
201409 208046 6 0 20
201409 208046 7 0 20
201409 208046 8 0 20
201409 208046 9 0 20
201409 208046 10 0 20
!leg 132960 138225 10 0 288 attackers:132960;victims:138225;type:1;valid_origin:True;recurrent:False;local:False
132960 138225 1 288 0
132960 138225 2 288 0
132960 138225 3 288 0
132960 138225 4 288 0
132960 138225 5 288 0
132960 138225 6 288 0
132960 138225 7 288 0
132960 138225 8 288 0
132960 138225 9 288 0
132960 138225 10 288 0
!sus 17665 203345 0 10 7 attackers:203345;victims:203345;type:2;valid_origin:True;recurrent:True;local:False
17665 203345 1 0 7
17665 203345 2 0 7
17665 203345 3 0 7
17665 203345 4 0 7
17665 203345 5 0 7
17665 203345 6 0 7
17665 203345 7 0 7
17665 203345 8 0 7
17665 203345 9 0 7
17665 203345 10 0 7
!sus 136557 140543 7 3 7 attackers:136557;victims:140543;type:1;valid_origin:True;recurrent:True;local:False
136557 140543 1 1 6
136557 140543 2 2 5
136557 140543 3 3 4
136557 140543 4 6 1
136557 140543 5 6 1
136557 140543 6 7 0
136557 140543 7 6 1
136557 140543 8 6 1
136557 140543 9 7 0
136557 140543 10 7 0
!sus 9730 151698 3 7 8 attackers:9730;victims:151698;type:1;valid_origin:True;recurrent:True;local:False
9730 151698 1 8 0
9730 151698 2 1 7
9730 151698 3 4 4
9730 151698 4 5 3
9730 151698 5 0 8
9730 151698 6 7 1
9730 151698 7 0 8
9730 151698 8 0 8
9730 151698 9 0 8
9730 151698 10 0 8
!sus 209533 216375 9 1 11 attackers:209533;victims:216375;type:1;valid_origin:True;recurrent:True;local:False
209533 216375 1 2 9
209533 216375 2 11 0
209533 216375 3 11 0
209533 216375 4 11 0
209533 216375 5 11 0
209533 216375 6 11 0
209533 216375 7 11 0
209533 216375 8 11 0
209533 216375 9 11 0
209533 216375 10 11 0
!sus 27569 400885 0 10 108 attackers:27569;victims:400885;type:1;valid_origin:True;recurrent:True;local:False
27569 400885 1 0 108
27569 400885 2 0 108
27569 400885 3 0 108
27569 400885 4 0 108
27569 400885 5 0 108
27569 400885 6 0 108
27569 400885 7 0 108
27569 400885 8 0 108
27569 400885 9 0 108
27569 400885 10 0 108
!sus 174 138926 0 10 2 attackers:138926;victims:174;type:1;valid_origin:True;recurrent:True;local:False
174 138926 1 0 2
174 138926 2 0 2
174 138926 3 0 2
174 138926 4 0 2
174 138926 5 0 2
174 138926 6 0 2
174 138926 7 0 2
174 138926 8 0 2
174 138926 9 0 2
174 138926 10 0 2
!sus 12831 61319 0 10 13 attackers:12831;victims:61319;type:1;valid_origin:True;recurrent:True;local:False
12831 61319 1 0 13
12831 61319 2 0 13
12831 61319 3 0 13
12831 61319 4 0 13
12831 61319 5 0 13
12831 61319 6 0 13
12831 61319 7 0 13
12831 61319 8 0 13
12831 61319 9 0 13
12831 61319 10 0 13
!sus 24550 152178 9 1 13 attackers:24550;victims:152178;type:1;valid_origin:True;recurrent:True;local:False
24550 152178 1 13 0
24550 152178 2 13 0
24550 152178 3 13 0
24550 152178 4 13 0
24550 152178 5 13 0
24550 152178 6 13 0
24550 152178 7 13 0
24550 152178 8 13 0
24550 152178 9 13 0
24550 152178 10 2 11
!leg 132960 137651 10 0 56 attackers:132960;victims:134052;type:2;valid_origin:True;recurrent:False;local:False
132960 137651 1 56 0
132960 137651 2 56 0
132960 137651 3 56 0
132960 137651 4 56 0
132960 137651 5 56 0
132960 137651 6 56 0
132960 137651 7 56 0
132960 137651 8 56 0
132960 137651 9 56 0
132960 137651 10 56 0
!sus 62425 216018 4 6 8 attackers:62425;victims:216018;type:1;valid_origin:True;recurrent:True;local:False
62425 216018 1 8 0
62425 216018 2 6 2
62425 216018 3 4 4
62425 216018 4 8 0
62425 216018 5 0 8
62425 216018 6 6 2
62425 216018 7 0 8
62425 216018 8 0 8
62425 216018 9 0 8
62425 216018 10 0 8
!sus 168 1249 0 10 1 attackers:1249;victims:168;type:1;valid_origin:True;recurrent:True;local:False
168 1249 1 0 1
168 1249 2 0 1
168 1249 3 0 1
168 1249 4 0 1
168 1249 5 0 1
168 1249 6 0 1
168 1249 7 0 1
168 1249 8 0 1
168 1249 9 0 1
168 1249 10 0 1
!sus 10158 18160 0 10 13 attackers:10158;victims:18160;type:1;valid_origin:True;recurrent:True;local:False
10158 18160 1 0 13
10158 18160 2 0 13
10158 18160 3 4 9
10158 18160 4 0 13
10158 18160 5 0 13
10158 18160 6 1 12
10158 18160 7 0 13
10158 18160 8 0 13
10158 18160 9 0 13
10158 18160 10 0 13
!leg 58678 132960 10 0 78 attackers:132960;victims:135715,150021;type:2;valid_origin:True;recurrent:False;local:False
58678 132960 1 78 0
58678 132960 2 78 0
58678 132960 3 78 0
58678 132960 4 78 0
58678 132960 5 78 0
58678 132960 6 78 0
58678 132960 7 78 0
58678 132960 8 78 0
58678 132960 9 78 0
58678 132960 10 78 0
!leg 201978 208972 10 0 2 attackers:208972;victims:208425;type:2;valid_origin:True;recurrent:False;local:False
201978 208972 1 2 0
201978 208972 2 2 0
201978 208972 3 2 0
201978 208972 4 2 0
201978 208972 5 2 0
201978 208972 6 2 0
201978 208972 7 2 0
201978 208972 8 2 0
201978 208972 9 2 0
201978 208972 10 2 0
!sus 138890 152044 5 5 15 attackers:138890;victims:152044;type:1;valid_origin:True;recurrent:True;local:False
138890 152044 1 15 0
138890 152044 2 12 3
138890 152044 3 14 1
138890 152044 4 15 0
138890 152044 5 0 15
138890 152044 6 10 5
138890 152044 7 0 15
138890 152044 8 0 15
138890 152044 9 0 15
138890 152044 10 0 15
!sus 60539 398343 6 4 29 attackers:60539;victims:398343;type:1,3;valid_origin:True;recurrent:True;local:False
60539 398343 1 0 29
60539 398343 2 0 29
60539 398343 3 0 29
60539 398343 4 1 28
60539 398343 5 27 2
60539 398343 6 29 0
60539 398343 7 29 0
60539 398343 8 29 0
60539 398343 9 29 0
60539 398343 10 29 0
!leg 4657 48297 10 0 1 attackers:4657;victims:48297;type:1;valid_origin:True;recurrent:False;local:False
4657 48297 1 1 0
4657 48297 2 1 0
4657 48297 3 1 0
4657 48297 4 1 0
4657 48297 5 1 0
4657 48297 6 1 0
4657 48297 7 1 0
4657 48297 8 1 0
4657 48297 9 1 0
4657 48297 10 1 0
!leg 64116 272848 10 0 1 attackers:64116;victims:272848;type:1;valid_origin:False;recurrent:False;local:False
64116 272848 1 1 0
64116 272848 2 1 0
64116 272848 3 1 0
64116 272848 4 1 0
64116 272848 5 1 0
64116 272848 6 1 0
64116 272848 7 1 0
64116 272848 8 1 0
64116 272848 9 1 0
64116 272848 10 1 0
!sus 206075 215960 5 5 42 attackers:206075;victims:215960;type:1;valid_origin:True;recurrent:True;local:False
206075 215960 1 42 0
206075 215960 2 32 10
206075 215960 3 41 1
206075 215960 4 42 0
206075 215960 5 0 42
206075 215960 6 42 0
206075 215960 7 0 42
206075 215960 8 0 42
206075 215960 9 7 35
206075 215960 10 0 42
!sus 62663 207841 7 3 1 attackers:62663;victims:207841;type:1;valid_origin:True;recurrent:False;local:False
62663 207841 1 1 0
62663 207841 2 0 1
62663 207841 3 1 0
62663 207841 4 0 1
62663 207841 5 0 1
62663 207841 6 1 0
62663 207841 7 1 0
62663 207841 8 1 0
62663 207841 9 1 0
62663 207841 10 1 0
!leg 41798 58453 10 0 1532 attackers:58453;victims:43873,56419,41798,42017,39231,201179,207507,41284,204106,200532,48096,61019,39824,200590,208946,34557,43606,60757,29046,58172,34897,51162,48979,43030,34250,200349,197686,43370,205516,49424,8193,212999,35682,39318,208448,24722,35576,202763,202660,208450,41007,42447,39188,35104,43197,61367,212189,199755,48716,198803,41371,205667,57016,41124,212086,59583,57764,60411,213048,207966,50025,57784,44027,51346,57013,49472;type:1,2,3,5,6,7,8;valid_origin:True;recurrent:False;local:False
41798 58453 1 1218 314
41798 58453 2 1332 200
41798 58453 3 1417 115
41798 58453 4 1429 103
41798 58453 5 1395 137
41798 58453 6 1450 82
41798 58453 7 1459 73
41798 58453 8 1471 61
41798 58453 9 1480 52
41798 58453 10 1457 75
!sus 24940 57896 8 2 14 attackers:24940;victims:57896;type:1;valid_origin:True;recurrent:True;local:False
24940 57896 1 4 10
24940 57896 2 7 7
24940 57896 3 14 0
24940 57896 4 14 0
24940 57896 5 14 0
24940 57896 6 14 0
24940 57896 7 14 0
24940 57896 8 14 0
24940 57896 9 14 0
24940 57896 10 14 0
!sus 13335 150748 5 5 14 attackers:150748;victims:137048;type:2;valid_origin:True;recurrent:True;local:False
13335 150748 1 0 14
13335 150748 2 1 13
13335 150748 3 2 12
13335 150748 4 2 12
13335 150748 5 8 6
13335 150748 6 6 8
13335 150748 7 8 6
13335 150748 8 8 6
13335 150748 9 8 6
13335 150748 10 8 6
!sus 25184 203694 4 6 93 attackers:25184;victims:203694;type:1;valid_origin:True;recurrent:True;local:False
25184 203694 1 93 0
25184 203694 2 36 57
25184 203694 3 93 0
25184 203694 4 93 0
25184 203694 5 0 93
25184 203694 6 61 32
25184 203694 7 11 82
25184 203694 8 0 93
25184 203694 9 0 93
25184 203694 10 0 93
!leg 263099 270905 10 0 6 attackers:263099;victims:270905;type:1;valid_origin:True;recurrent:False;local:False
263099 270905 1 6 0
263099 270905 2 6 0
263099 270905 3 6 0
263099 270905 4 6 0
263099 270905 5 6 0
263099 270905 6 6 0
263099 270905 7 6 0
263099 270905 8 6 0
263099 270905 9 6 0
263099 270905 10 6 0
!sus 135330 152179 4 6 99 attackers:135330;victims:152179;type:1;valid_origin:True;recurrent:True;local:False
135330 152179 1 73 26
135330 152179 2 86 13
135330 152179 3 45 54
135330 152179 4 85 14
135330 152179 5 0 99
135330 152179 6 57 42
135330 152179 7 0 99
135330 152179 8 0 99
135330 152179 9 0 99
135330 152179 10 0 99
!sus 138915 203214 0 10 208 attackers:203214;victims:63139;type:2;valid_origin:True;recurrent:True;local:False
138915 203214 1 0 208
138915 203214 2 0 208
138915 203214 3 0 208
138915 203214 4 0 208
138915 203214 5 0 208
138915 203214 6 0 208
138915 203214 7 0 208
138915 203214 8 0 208
138915 203214 9 0 208
138915 203214 10 0 208
!sus 2597 2598 5 5 26 attackers:2597;victims:2598;type:1;valid_origin:True;recurrent:True;local:False
2597 2598 1 26 0
2597 2598 2 26 0
2597 2598 3 26 0
2597 2598 4 26 0
2597 2598 5 1 25
2597 2598 6 26 0
2597 2598 7 1 25
2597 2598 8 0 26
2597 2598 9 13 13
2597 2598 10 0 26
!leg 52320 262977 10 0 13 attackers:262977;victims:273770;type:4;valid_origin:True;recurrent:False;local:False
52320 262977 1 13 0
52320 262977 2 13 0
52320 262977 3 13 0
52320 262977 4 13 0
52320 262977 5 13 0
52320 262977 6 13 0
52320 262977 7 13 0
52320 262977 8 13 0
52320 262977 9 13 0
52320 262977 10 13 0
!sus 58050 61372 4 6 6 attackers:61372;victims:58050;type:1;valid_origin:True;recurrent:True;local:False
58050 61372 1 5 1
58050 61372 2 6 0
58050 61372 3 6 0
58050 61372 4 6 0
58050 61372 5 0 6
58050 61372 6 0 6
58050 61372 7 0 6
58050 61372 8 0 6
58050 61372 9 0 6
58050 61372 10 0 6
!sus 136142 138423 5 5 5 attackers:138423;victims:136142;type:1;valid_origin:True;recurrent:True;local:False
136142 138423 1 5 0
136142 138423 2 5 0
136142 138423 3 5 0
136142 138423 4 5 0
136142 138423 5 0 5
136142 138423 6 1 4
136142 138423 7 3 2
136142 138423 8 0 5
136142 138423 9 0 5
136142 138423 10 0 5
!leg 267613 271024 10 0 1 attackers:267613;victims:271024;type:1;valid_origin:True;recurrent:False;local:False
267613 271024 1 1 0
267613 271024 2 1 0
267613 271024 3 1 0
267613 271024 4 1 0
267613 271024 5 1 0
267613 271024 6 1 0
267613 271024 7 1 0
267613 271024 8 1 0
267613 271024 9 1 0
267613 271024 10 1 0
!leg 42910 208972 10 0 2 attackers:208972;victims:42910;type:1;valid_origin:True;recurrent:False;local:False
42910 208972 1 2 0
42910 208972 2 2 0
42910 208972 3 2 0
42910 208972 4 2 0
42910 208972 5 2 0
42910 208972 6 2 0
42910 208972 7 2 0
42910 208972 8 2 0
42910 208972 9 2 0
42910 208972 10 2 0
!sus 52900 273397 2 8 19 attackers:52900;victims:273397;type:1;valid_origin:True;recurrent:True;local:False
52900 273397 1 19 0
52900 273397 2 3 16
52900 273397 3 9 10
52900 273397 4 19 0
52900 273397 5 0 19
52900 273397 6 9 10
52900 273397 7 3 16
52900 273397 8 0 19
52900 273397 9 0 19
52900 273397 10 0 19
!sus 56630 200250 0 10 9 attackers:56630;victims:200250;type:1;valid_origin:True;recurrent:True;local:False
56630 200250 1 0 9
56630 200250 2 0 9
56630 200250 3 0 9
56630 200250 4 0 9
56630 200250 5 0 9
56630 200250 6 0 9
56630 200250 7 0 9
56630 200250 8 0 9
56630 200250 9 0 9
56630 200250 10 0 9
!leg 50629 60111 10 0 1 attackers:50629;victims:60111;type:1;valid_origin:True;recurrent:False;local:True
50629 60111 1 1 0
50629 60111 2 1 0
50629 60111 3 1 0
50629 60111 4 1 0
50629 60111 5 1 0
50629 60111 6 1 0
50629 60111 7 1 0
50629 60111 8 1 0
50629 60111 9 1 0
50629 60111 10 1 0
!sus 44677 209024 1 9 16 attackers:209024;victims:44677;type:1;valid_origin:True;recurrent:True;local:False
44677 209024 1 2 14
44677 209024 2 5 11
44677 209024 3 0 16
44677 209024 4 16 0
44677 209024 5 0 16
44677 209024 6 0 16
44677 209024 7 0 16
44677 209024 8 0 16
44677 209024 9 0 16
44677 209024 10 0 16
!sus 7642 132960 0 10 27 attackers:132960;victims:7642,137056;type:1,2;valid_origin:True;recurrent:False;local:False
7642 132960 1 0 27
7642 132960 2 0 27
7642 132960 3 0 27
7642 132960 4 0 27
7642 132960 5 4 23
7642 132960 6 3 24
7642 132960 7 0 27
7642 132960 8 6 21
7642 132960 9 6 21
7642 132960 10 6 21
!leg 6939 211286 10 0 6 attackers:6939;victims:211286;type:1;valid_origin:True;recurrent:False;local:False
6939 211286 1 6 0
6939 211286 2 6 0
6939 211286 3 6 0
6939 211286 4 6 0
6939 211286 5 6 0
6939 211286 6 6 0
6939 211286 7 6 0
6939 211286 8 6 0
6939 211286 9 6 0
6939 211286 10 6 0
!leg 17665 132960 10 0 541 attackers:132960;victims:150619,134264,135811,55879;type:2,3;valid_origin:True;recurrent:False;local:False
17665 132960 1 541 0
17665 132960 2 541 0
17665 132960 3 541 0
17665 132960 4 541 0
17665 132960 5 541 0
17665 132960 6 541 0
17665 132960 7 541 0
17665 132960 8 541 0
17665 132960 9 541 0
17665 132960 10 541 0
!sus 132960 137491 0 10 409 attackers:132960;victims:134236,150665,136429,136425,137491,137034,138536,133331,136428,134601,141351,132298,138385;type:1,2;valid_origin:True;recurrent:False;local:False
132960 137491 1 5 404
132960 137491 2 136 273
132960 137491 3 140 269
132960 137491 4 140 269
132960 137491 5 140 269
132960 137491 6 141 268
132960 137491 7 141 268
132960 137491 8 141 268
132960 137491 9 141 268
132960 137491 10 141 268
!sus 42 41160 0 10 2 attackers:41160;victims:187,42;type:1,2;valid_origin:True;recurrent:True;local:False
42 41160 1 0 2
42 41160 2 1 1
42 41160 3 1 1
42 41160 4 1 1
42 41160 5 1 1
42 41160 6 1 1
42 41160 7 1 1
42 41160 8 1 1
42 41160 9 1 1
42 41160 10 1 1
!sus 262607 262977 2 8 15 attackers:262977;victims:262607;type:1;valid_origin:True;recurrent:False;local:False
262607 262977 1 3 12
262607 262977 2 8 7
262607 262977 3 2 13
262607 262977 4 7 8
262607 262977 5 2 13
262607 262977 6 4 11
262607 262977 7 8 7
262607 262977 8 7 8
262607 262977 9 4 11
262607 262977 10 6 9
!sus 262977 265475 1 9 15 attackers:262977;victims:265475;type:1;valid_origin:True;recurrent:False;local:False
262977 265475 1 0 15
262977 265475 2 7 8
262977 265475 3 2 13
262977 265475 4 4 11
262977 265475 5 2 13
262977 265475 6 2 13
262977 265475 7 7 8
262977 265475 8 7 8
262977 265475 9 2 13
262977 265475 10 8 7
!leg 53087 263154 10 0 1 attackers:53087;victims:263154;type:1;valid_origin:True;recurrent:False;local:False
53087 263154 1 1 0
53087 263154 2 1 0
53087 263154 3 1 0
53087 263154 4 1 0
53087 263154 5 1 0
53087 263154 6 1 0
53087 263154 7 1 0
53087 263154 8 1 0
53087 263154 9 1 0
53087 263154 10 1 0
!sus 132960 133372 9 1 94 attackers:132960;victims:136908;type:4;valid_origin:True;recurrent:False;local:False
132960 133372 1 0 94
132960 133372 2 94 0
132960 133372 3 94 0
132960 133372 4 94 0
132960 133372 5 94 0
132960 133372 6 94 0
132960 133372 7 94 0
132960 133372 8 94 0
132960 133372 9 94 0
132960 133372 10 94 0
!leg 1433 132960 10 0 29 attackers:132960;victims:139482,139507;type:3;valid_origin:True;recurrent:False;local:False
1433 132960 1 29 0
1433 132960 2 29 0
1433 132960 3 29 0
1433 132960 4 29 0
1433 132960 5 29 0
1433 132960 6 29 0
1433 132960 7 29 0
1433 132960 8 29 0
1433 132960 9 29 0
1433 132960 10 29 0
!sus 50272 59720 4 6 2 attackers:50272;victims:59720;type:1;valid_origin:True;recurrent:True;local:False
50272 59720 1 0 2
50272 59720 2 0 2
50272 59720 3 0 2
50272 59720 4 1 1
50272 59720 5 0 2
50272 59720 6 0 2
50272 59720 7 2 0
50272 59720 8 2 0
50272 59720 9 2 0
50272 59720 10 2 0
!sus 29632 205255 0 10 3 attackers:29632;victims:205255;type:1;valid_origin:True;recurrent:True;local:False
29632 205255 1 0 3
29632 205255 2 0 3
29632 205255 3 0 3
29632 205255 4 0 3
29632 205255 5 0 3
29632 205255 6 0 3
29632 205255 7 0 3
29632 205255 8 0 3
29632 205255 9 0 3
29632 205255 10 0 3
!sus 42 132960 0 10 133 attackers:132960;victims:42;type:1;valid_origin:True;recurrent:False;local:False
42 132960 1 0 133
42 132960 2 0 133
42 132960 3 0 133
42 132960 4 0 133
42 132960 5 0 133
42 132960 6 0 133
42 132960 7 0 133
42 132960 8 0 133
42 132960 9 0 133
42 132960 10 0 133
!sus 151841 206075 8 2 193 attackers:206075;victims:151841;type:1;valid_origin:True;recurrent:True;local:False
151841 206075 1 0 193
151841 206075 2 1 192
151841 206075 3 137 56
151841 206075 4 131 62
151841 206075 5 193 0
151841 206075 6 171 22
151841 206075 7 192 1
151841 206075 8 193 0
151841 206075 9 193 0
151841 206075 10 193 0
!sus 31549 216131 6 4 123 attackers:31549;victims:216131;type:1;valid_origin:True;recurrent:True;local:False
31549 216131 1 123 0
31549 216131 2 111 12
31549 216131 3 123 0
31549 216131 4 123 0
31549 216131 5 0 123
31549 216131 6 123 0
31549 216131 7 96 27
31549 216131 8 0 123
31549 216131 9 0 123
31549 216131 10 0 123
!leg 24323 135076 10 0 2 attackers:135076;victims:136145;type:2;valid_origin:True;recurrent:False;local:False
24323 135076 1 2 0
24323 135076 2 2 0
24323 135076 3 2 0
24323 135076 4 2 0
24323 135076 5 2 0
24323 135076 6 2 0
24323 135076 7 2 0
24323 135076 8 2 0
24323 135076 9 2 0
24323 135076 10 2 0
!leg 132960 136334 10 0 120 attackers:132960;victims:140206,140177;type:2;valid_origin:True;recurrent:False;local:False
132960 136334 1 120 0
132960 136334 2 120 0
132960 136334 3 120 0
132960 136334 4 120 0
132960 136334 5 120 0
132960 136334 6 120 0
132960 136334 7 120 0
132960 136334 8 120 0
132960 136334 9 120 0
132960 136334 10 120 0
!sus 13335 132960 0 10 354 attackers:132960;victims:197387,9090,17289,41839,33627,398271,140079,13283,394169,266836,54172,328486,393985,4927,54023,13267,62371,17275,209772,29689,17351,9022,62248,17163,201651,4892,197208,9011,33619,823,136169,45946,205615,136133,17350,50152,13335;type:1,2;valid_origin:True;recurrent:False;local:False
13335 132960 1 36 318
13335 132960 2 36 318
13335 132960 3 36 318
13335 132960 4 37 317
13335 132960 5 82 272
13335 132960 6 86 268
13335 132960 7 119 235
13335 132960 8 84 270
13335 132960 9 84 270
13335 132960 10 84 270
!sus 43391 208972 8 2 4 attackers:208972;victims:201928,43391;type:1,2;valid_origin:True;recurrent:False;local:False
43391 208972 1 2 2
43391 208972 2 2 2
43391 208972 3 3 1
43391 208972 4 3 1
43391 208972 5 3 1
43391 208972 6 3 1
43391 208972 7 3 1
43391 208972 8 3 1
43391 208972 9 3 1
43391 208972 10 3 1
!sus 7018 64295 6 4 7 attackers:7018;victims:64295;type:1;valid_origin:True;recurrent:True;local:False
7018 64295 1 7 0
7018 64295 2 4 3
7018 64295 3 7 0
7018 64295 4 6 1
7018 64295 5 0 7
7018 64295 6 4 3
7018 64295 7 6 1
7018 64295 8 0 7
7018 64295 9 0 7
7018 64295 10 0 7
!sus 13786 267942 7 3 6 attackers:267942;victims:269211,264229;type:3;valid_origin:True;recurrent:True;local:False
13786 267942 1 0 6
13786 267942 2 0 6
13786 267942 3 4 2
13786 267942 4 2 4
13786 267942 5 6 0
13786 267942 6 6 0
13786 267942 7 6 0
13786 267942 8 6 0
13786 267942 9 6 0
13786 267942 10 6 0
!leg 132960 135806 10 0 317 attackers:132960;victims:135806;type:1;valid_origin:True;recurrent:False;local:False
132960 135806 1 317 0
132960 135806 2 317 0
132960 135806 3 269 48
132960 135806 4 317 0
132960 135806 5 317 0
132960 135806 6 316 1
132960 135806 7 312 5
132960 135806 8 214 103
132960 135806 9 317 0
132960 135806 10 254 63
!sus 265823 273116 4 6 8 attackers:265823;victims:273116;type:1;valid_origin:True;recurrent:True;local:False
265823 273116 1 8 0
265823 273116 2 8 0
265823 273116 3 8 0
265823 273116 4 8 0
265823 273116 5 0 8
265823 273116 6 3 5
265823 273116 7 0 8
265823 273116 8 0 8
265823 273116 9 0 8
265823 273116 10 0 8
!sus 134111 134311 0 10 14 attackers:134311;victims:134111;type:1;valid_origin:False;recurrent:False;local:False
134111 134311 1 0 14
134111 134311 2 0 14
134111 134311 3 0 14
134111 134311 4 0 14
134111 134311 5 0 14
134111 134311 6 0 14
134111 134311 7 0 14
134111 134311 8 0 14
134111 134311 9 0 14
134111 134311 10 0 14
!sus 57785 196695 0 10 10 attackers:196695;victims:57785;type:1;valid_origin:True;recurrent:True;local:False
57785 196695 1 0 10
57785 196695 2 0 10
57785 196695 3 0 10
57785 196695 4 0 10
57785 196695 5 0 10
57785 196695 6 0 10
57785 196695 7 0 10
57785 196695 8 0 10
57785 196695 9 0 10
57785 196695 10 0 10
!sus 209 399513 1 9 6 attackers:209;victims:399513;type:1;valid_origin:True;recurrent:True;local:False
209 399513 1 5 1
209 399513 2 1 5
209 399513 3 3 3
209 399513 4 3 3
209 399513 5 0 6
209 399513 6 0 6
209 399513 7 1 5
209 399513 8 0 6
209 399513 9 0 6
209 399513 10 0 6
!sus 202984 215895 7 3 9 attackers:202984;victims:215895;type:1;valid_origin:True;recurrent:True;local:False
202984 215895 1 9 0
202984 215895 2 9 0
202984 215895 3 9 0
202984 215895 4 9 0
202984 215895 5 1 8
202984 215895 6 9 0
202984 215895 7 0 9
202984 215895 8 5 4
202984 215895 9 5 4
202984 215895 10 0 9
!sus 16 199986 7 3 4 attackers:16;victims:199986;type:1;valid_origin:True;recurrent:True;local:False
16 199986 1 4 0
16 199986 2 3 1
16 199986 3 3 1
16 199986 4 4 0
16 199986 5 2 2
16 199986 6 2 2
16 199986 7 4 0
16 199986 8 2 2
16 199986 9 4 0
16 199986 10 4 0
!sus 58945 152168 4 6 9 attackers:58945;victims:152168;type:1;valid_origin:True;recurrent:True;local:False
58945 152168 1 9 0
58945 152168 2 3 6
58945 152168 3 9 0
58945 152168 4 9 0
58945 152168 5 0 9
58945 152168 6 9 0
58945 152168 7 0 9
58945 152168 8 2 7
58945 152168 9 2 7
58945 152168 10 0 9
!leg 31133 62663 10 0 2 attackers:62663;victims:8369,43197;type:2;valid_origin:True;recurrent:False;local:False
31133 62663 1 2 0
31133 62663 2 2 0
31133 62663 3 2 0
31133 62663 4 2 0
31133 62663 5 2 0
31133 62663 6 2 0
31133 62663 7 2 0
31133 62663 8 2 0
31133 62663 9 2 0
31133 62663 10 2 0
!sus 50263 62081 0 10 243 attackers:62081;victims:202538,35588,41871,50305,48557,31685,56907,41084,48385,204384,212048,39230,44294,211332,45022,60812,48964,39513,212761,39908,212375,204685,210896,39056,44921,56899;type:2,3;valid_origin:True;recurrent:True;local:False
50263 62081 1 0 243
50263 62081 2 0 243
50263 62081 3 0 243
50263 62081 4 0 243
50263 62081 5 0 243
50263 62081 6 0 243
50263 62081 7 0 243
50263 62081 8 0 243
50263 62081 9 0 243
50263 62081 10 0 243
!sus 51964 216134 5 5 11 attackers:51964;victims:216134;type:1;valid_origin:True;recurrent:True;local:False
51964 216134 1 11 0
51964 216134 2 8 3
51964 216134 3 11 0
51964 216134 4 11 0
51964 216134 5 0 11
51964 216134 6 9 2
51964 216134 7 0 11
51964 216134 8 0 11
51964 216134 9 0 11
51964 216134 10 0 11
!sus 62663 137367 9 1 1 attackers:62663;victims:59275;type:11;valid_origin:True;recurrent:False;local:False
62663 137367 1 0 1
62663 137367 2 1 0
62663 137367 3 1 0
62663 137367 4 1 0
62663 137367 5 1 0
62663 137367 6 1 0
62663 137367 7 1 0
62663 137367 8 1 0
62663 137367 9 1 0
62663 137367 10 1 0
!leg 269194 271021 10 0 20 attackers:271021;victims:271084;type:3;valid_origin:True;recurrent:False;local:False
269194 271021 1 20 0
269194 271021 2 20 0
269194 271021 3 20 0
269194 271021 4 20 0
269194 271021 5 20 0
269194 271021 6 20 0
269194 271021 7 20 0
269194 271021 8 20 0
269194 271021 9 20 0
269194 271021 10 20 0
!sus 17494 62663 9 1 2 attackers:62663;victims:132408,58695;type:3,4;valid_origin:True;recurrent:False;local:False
17494 62663 1 1 1
17494 62663 2 2 0
17494 62663 3 2 0
17494 62663 4 2 0
17494 62663 5 2 0
17494 62663 6 2 0
17494 62663 7 2 0
17494 62663 8 2 0
17494 62663 9 2 0
17494 62663 10 2 0
!sus 40545 55181 5 5 6 attackers:40545;victims:55181;type:1;valid_origin:True;recurrent:True;local:False
40545 55181 1 6 0
40545 55181 2 6 0
40545 55181 3 6 0
40545 55181 4 6 0
40545 55181 5 3 3
40545 55181 6 6 0
40545 55181 7 0 6
40545 55181 8 0 6
40545 55181 9 2 4
40545 55181 10 0 6
!sus 140607 149283 3 7 3 attackers:140607;victims:149283;type:1;valid_origin:True;recurrent:True;local:False
140607 149283 1 3 0
140607 149283 2 0 3
140607 149283 3 1 2
140607 149283 4 3 0
140607 149283 5 0 3
140607 149283 6 2 1
140607 149283 7 0 3
140607 149283 8 0 3
140607 149283 9 0 3
140607 149283 10 0 3
!leg 267613 270372 10 0 1 attackers:267613;victims:270372;type:1;valid_origin:True;recurrent:False;local:False
267613 270372 1 1 0
267613 270372 2 1 0
267613 270372 3 1 0
267613 270372 4 1 0
267613 270372 5 1 0
267613 270372 6 1 0
267613 270372 7 1 0
267613 270372 8 1 0
267613 270372 9 1 0
267613 270372 10 1 0
!leg 59191 132960 10 0 130 attackers:132960;victims:150625;type:3;valid_origin:True;recurrent:False;local:False
59191 132960 1 130 0
59191 132960 2 130 0
59191 132960 3 130 0
59191 132960 4 130 0
59191 132960 5 130 0
59191 132960 6 130 0
59191 132960 7 130 0
59191 132960 8 130 0
59191 132960 9 130 0
59191 132960 10 130 0
!sus 3216 9121 0 10 91 attackers:9121;victims:3235,8402;type:2;valid_origin:True;recurrent:True;local:False
3216 9121 1 0 91
3216 9121 2 0 91
3216 9121 3 1 90
3216 9121 4 0 91
3216 9121 5 1 90
3216 9121 6 1 90
3216 9121 7 1 90
3216 9121 8 1 90
3216 9121 9 1 90
3216 9121 10 7 84
!sus 4 139952 0 10 1 attackers:139952;victims:4;type:1;valid_origin:False;recurrent:True;local:False
4 139952 1 0 1
4 139952 2 0 1
4 139952 3 0 1
4 139952 4 0 1
4 139952 5 0 1
4 139952 6 0 1
4 139952 7 0 1
4 139952 8 0 1
4 139952 9 0 1
4 139952 10 0 1
!sus 58655 152160 5 5 483 attackers:58655;victims:152160;type:1;valid_origin:True;recurrent:True;local:False
58655 152160 1 483 0
58655 152160 2 374 109
58655 152160 3 438 45
58655 152160 4 474 9
58655 152160 5 9 474
58655 152160 6 483 0
58655 152160 7 0 483
58655 152160 8 39 444
58655 152160 9 83 400
58655 152160 10 0 483
!sus 264096 273404 5 5 6 attackers:264096;victims:273404;type:1;valid_origin:True;recurrent:True;local:False
264096 273404 1 6 0
264096 273404 2 6 0
264096 273404 3 6 0
264096 273404 4 6 0
264096 273404 5 0 6
264096 273404 6 6 0
264096 273404 7 0 6
264096 273404 8 0 6
264096 273404 9 3 3
264096 273404 10 0 6
!leg 45296 55685 10 0 2 attackers:45296;victims:139456;type:2;valid_origin:True;recurrent:False;local:False
45296 55685 1 2 0
45296 55685 2 2 0
45296 55685 3 2 0
45296 55685 4 2 0
45296 55685 5 2 0
45296 55685 6 2 0
45296 55685 7 2 0
45296 55685 8 2 0
45296 55685 9 2 0
45296 55685 10 2 0
!leg 33891 200149 10 0 46 attackers:33891;victims:200149;type:1;valid_origin:True;recurrent:False;local:False
33891 200149 1 46 0
33891 200149 2 46 0
33891 200149 3 46 0
33891 200149 4 46 0
33891 200149 5 46 0
33891 200149 6 46 0
33891 200149 7 46 0
33891 200149 8 46 0
33891 200149 9 46 0
33891 200149 10 46 0
!sus 24555 63528 8 2 100 attackers:63528;victims:24555;type:1;valid_origin:True;recurrent:True;local:False
24555 63528 1 0 100
24555 63528 2 10 90
24555 63528 3 96 4
24555 63528 4 98 2
24555 63528 5 100 0
24555 63528 6 100 0
24555 63528 7 99 1
24555 63528 8 100 0
24555 63528 9 99 1
24555 63528 10 100 0
!sus 132960 134014 8 2 322 attackers:132960;victims:134014;type:1;valid_origin:True;recurrent:False;local:False
132960 134014 1 322 0
132960 134014 2 322 0
132960 134014 3 297 25
132960 134014 4 180 142
132960 134014 5 322 0
132960 134014 6 232 90
132960 134014 7 203 119
132960 134014 8 103 219
132960 134014 9 159 163
132960 134014 10 252 70
!leg 132960 133001 10 0 50 attackers:132960;victims:133310;type:2;valid_origin:True;recurrent:False;local:False
132960 133001 1 50 0
132960 133001 2 50 0
132960 133001 3 50 0
132960 133001 4 50 0
132960 133001 5 50 0
132960 133001 6 50 0
132960 133001 7 50 0
132960 133001 8 50 0
132960 133001 9 50 0
132960 133001 10 50 0
!leg 18229 132960 10 0 177 attackers:132960;victims:135691,150611;type:2;valid_origin:True;recurrent:False;local:False
18229 132960 1 177 0
18229 132960 2 177 0
18229 132960 3 177 0
18229 132960 4 177 0
18229 132960 5 177 0
18229 132960 6 177 0
18229 132960 7 177 0
18229 132960 8 177 0
18229 132960 9 177 0
18229 132960 10 177 0
!leg 55352 132960 10 0 484 attackers:132960;victims:24554,151415,141271;type:2;valid_origin:False;recurrent:False;local:False
55352 132960 1 484 0
55352 132960 2 484 0
55352 132960 3 484 0
55352 132960 4 484 0
55352 132960 5 484 0
55352 132960 6 484 0
55352 132960 7 484 0
55352 132960 8 484 0
55352 132960 9 484 0
55352 132960 10 484 0
!sus 26042 215898 4 6 13 attackers:26042;victims:215898;type:1;valid_origin:True;recurrent:True;local:False
26042 215898 1 13 0
26042 215898 2 0 13
26042 215898 3 8 5
26042 215898 4 12 1
26042 215898 5 0 13
26042 215898 6 8 5
26042 215898 7 0 13
26042 215898 8 0 13
26042 215898 9 0 13
26042 215898 10 0 13
!sus 13645 32903 2 8 3 attackers:13645;victims:32903;type:1;valid_origin:True;recurrent:True;local:False
13645 32903 1 2 1
13645 32903 2 1 2
13645 32903 3 0 3
13645 32903 4 2 1
13645 32903 5 0 3
13645 32903 6 0 3
13645 32903 7 0 3
13645 32903 8 0 3
13645 32903 9 0 3
13645 32903 10 0 3
!leg 267613 271503 10 0 1 attackers:267613;victims:271503;type:1;valid_origin:True;recurrent:False;local:False
267613 271503 1 1 0
267613 271503 2 1 0
267613 271503 3 1 0
267613 271503 4 1 0
267613 271503 5 1 0
267613 271503 6 1 0
267613 271503 7 1 0
267613 271503 8 1 0
267613 271503 9 1 0
267613 271503 10 1 0
!leg 58715 136014 10 0 14 attackers:58715;victims:140544;type:2;valid_origin:True;recurrent:False;local:False
58715 136014 1 14 0
58715 136014 2 14 0
58715 136014 3 14 0
58715 136014 4 14 0
58715 136014 5 14 0
58715 136014 6 14 0
58715 136014 7 14 0
58715 136014 8 14 0
58715 136014 9 14 0
58715 136014 10 14 0
!leg 262977 264112 10 0 5 attackers:262977;victims:267415;type:2;valid_origin:True;recurrent:False;local:False
262977 264112 1 5 0
262977 264112 2 5 0
262977 264112 3 5 0
262977 264112 4 5 0
262977 264112 5 5 0
262977 264112 6 5 0
262977 264112 7 5 0
262977 264112 8 5 0
262977 264112 9 5 0
262977 264112 10 5 0
!sus 57695 210041 0 10 10 attackers:57695;victims:210041;type:1;valid_origin:True;recurrent:True;local:False
57695 210041 1 0 10
57695 210041 2 0 10
57695 210041 3 1 9
57695 210041 4 3 7
57695 210041 5 0 10
57695 210041 6 1 9
57695 210041 7 4 6
57695 210041 8 2 8
57695 210041 9 0 10
57695 210041 10 2 8
!sus 3269 198462 4 6 9 attackers:3269;victims:198462;type:1;valid_origin:True;recurrent:True;local:False
3269 198462 1 9 0
3269 198462 2 4 5
3269 198462 3 6 3
3269 198462 4 9 0
3269 198462 5 0 9
3269 198462 6 9 0
3269 198462 7 1 8
3269 198462 8 0 9
3269 198462 9 0 9
3269 198462 10 0 9
!sus 28 51019 0 10 3 attackers:51019;victims:28;type:1;valid_origin:True;recurrent:True;local:False
28 51019 1 0 3
28 51019 2 0 3
28 51019 3 0 3
28 51019 4 0 3
28 51019 5 0 3
28 51019 6 0 3
28 51019 7 0 3
28 51019 8 0 3
28 51019 9 0 3
28 51019 10 0 3
!leg 268568 270600 10 0 1 attackers:268568;victims:270600;type:1;valid_origin:True;recurrent:False;local:False
268568 270600 1 1 0
268568 270600 2 1 0
268568 270600 3 1 0
268568 270600 4 1 0
268568 270600 5 1 0
268568 270600 6 1 0
268568 270600 7 1 0
268568 270600 8 1 0
268568 270600 9 1 0
268568 270600 10 1 0
!leg 270416 270867 10 0 5 attackers:270867;victims:270416;type:6;valid_origin:True;recurrent:False;local:False
270416 270867 1 5 0
270416 270867 2 5 0
270416 270867 3 5 0
270416 270867 4 5 0
270416 270867 5 5 0
270416 270867 6 5 0
270416 270867 7 5 0
270416 270867 8 5 0
270416 270867 9 5 0
270416 270867 10 5 0
!leg 39686 63473 10 0 1 attackers:39686;victims:63473;type:1;valid_origin:True;recurrent:False;local:False
39686 63473 1 1 0
39686 63473 2 1 0
39686 63473 3 1 0
39686 63473 4 1 0
39686 63473 5 1 0
39686 63473 6 1 0
39686 63473 7 1 0
39686 63473 8 1 0
39686 63473 9 1 0
39686 63473 10 1 0
!sus 203363 208046 5 5 12 attackers:208046;victims:203363;type:1;valid_origin:True;recurrent:True;local:False
203363 208046 1 8 4
203363 208046 2 0 12
203363 208046 3 2 10
203363 208046 4 7 5
203363 208046 5 9 3
203363 208046 6 0 12
203363 208046 7 1 11
203363 208046 8 7 5
203363 208046 9 3 9
203363 208046 10 8 4
!sus 7018 19412 6 4 7 attackers:7018;victims:19412;type:1;valid_origin:True;recurrent:True;local:False
7018 19412 1 7 0
7018 19412 2 4 3
7018 19412 3 7 0
7018 19412 4 6 1
7018 19412 5 0 7
7018 19412 6 4 3
7018 19412 7 6 1
7018 19412 8 0 7
7018 19412 9 0 7
7018 19412 10 0 7
!leg 45804 132960 10 0 212 attackers:132960;victims:136633,134270;type:2;valid_origin:True;recurrent:False;local:False
45804 132960 1 212 0
45804 132960 2 212 0
45804 132960 3 212 0
45804 132960 4 212 0
45804 132960 5 212 0
45804 132960 6 212 0
45804 132960 7 212 0
45804 132960 8 212 0
45804 132960 9 212 0
45804 132960 10 212 0
!sus 36944 329376 0 10 14 attackers:36944;victims:329376;type:1;valid_origin:True;recurrent:True;local:False
36944 329376 1 1 13
36944 329376 2 0 14
36944 329376 3 0 14
36944 329376 4 0 14
36944 329376 5 0 14
36944 329376 6 0 14
36944 329376 7 0 14
36944 329376 8 0 14
36944 329376 9 0 14
36944 329376 10 0 14
!sus 4538 140570 0 10 24 attackers:140570;victims:4538;type:1;valid_origin:True;recurrent:True;local:False
4538 140570 1 4 20
4538 140570 2 4 20
4538 140570 3 5 19
4538 140570 4 4 20
4538 140570 5 5 19
4538 140570 6 5 19
4538 140570 7 5 19
4538 140570 8 5 19
4538 140570 9 5 19
4538 140570 10 5 19
!sus 54998 62844 1 9 7 attackers:62844;victims:54998;type:1;valid_origin:True;recurrent:True;local:False
54998 62844 1 0 7
54998 62844 2 0 7
54998 62844 3 0 7
54998 62844 4 4 3
54998 62844 5 0 7
54998 62844 6 0 7
54998 62844 7 0 7
54998 62844 8 0 7
54998 62844 9 0 7
54998 62844 10 0 7
!sus 8772 205255 1 9 1 attackers:8772;victims:205255;type:1;valid_origin:True;recurrent:True;local:False
8772 205255 1 0 1
8772 205255 2 0 1
8772 205255 3 0 1
8772 205255 4 0 1
8772 205255 5 0 1
8772 205255 6 0 1
8772 205255 7 0 1
8772 205255 8 0 1
8772 205255 9 1 0
8772 205255 10 0 1
!sus 39176 216329 0 10 8 attackers:39176;victims:216329;type:1;valid_origin:True;recurrent:True;local:False
39176 216329 1 0 8
39176 216329 2 0 8
39176 216329 3 0 8
39176 216329 4 0 8
39176 216329 5 0 8
39176 216329 6 0 8
39176 216329 7 0 8
39176 216329 8 0 8
39176 216329 9 0 8
39176 216329 10 0 8
!sus 201492 210819 0 10 8 attackers:201492;victims:210819;type:1;valid_origin:True;recurrent:True;local:False
201492 210819 1 0 8
201492 210819 2 0 8
201492 210819 3 0 8
201492 210819 4 0 8
201492 210819 5 0 8
201492 210819 6 0 8
201492 210819 7 0 8
201492 210819 8 0 8
201492 210819 9 0 8
201492 210819 10 0 8
!sus 17806 132960 9 1 81 attackers:132960;victims:24432;type:2;valid_origin:True;recurrent:False;local:False
17806 132960 1 23 58
17806 132960 2 80 1
17806 132960 3 81 0
17806 132960 4 81 0
17806 132960 5 81 0
17806 132960 6 81 0
17806 132960 7 81 0
17806 132960 8 81 0
17806 132960 9 81 0
17806 132960 10 81 0
!sus 208753 393577 0 10 106 attackers:393577;victims:208753;type:1;valid_origin:True;recurrent:True;local:False
208753 393577 1 1 105
208753 393577 2 3 103
208753 393577 3 4 102
208753 393577 4 4 102
208753 393577 5 4 102
208753 393577 6 5 101
208753 393577 7 4 102
208753 393577 8 5 101
208753 393577 9 5 101
208753 393577 10 9 97
!leg 62663 208972 10 0 4 attackers:62663;victims:210178,208972,51559;type:1,2;valid_origin:True;recurrent:False;local:False
62663 208972 1 4 0
62663 208972 2 4 0
62663 208972 3 4 0
62663 208972 4 4 0
62663 208972 5 4 0
62663 208972 6 4 0
62663 208972 7 4 0
62663 208972 8 4 0
62663 208972 9 4 0
62663 208972 10 4 0
!sus 4229 41494 0 10 3 attackers:41494;victims:21859;type:2;valid_origin:True;recurrent:True;local:False
4229 41494 1 0 3
4229 41494 2 0 3
4229 41494 3 0 3
4229 41494 4 0 3
4229 41494 5 0 3
4229 41494 6 0 3
4229 41494 7 0 3
4229 41494 8 0 3
4229 41494 9 0 3
4229 41494 10 0 3
!sus 13335 38442 0 10 9 attackers:38442;victims:13335;type:1;valid_origin:True;recurrent:True;local:False
13335 38442 1 0 9
13335 38442 2 0 9
13335 38442 3 0 9
13335 38442 4 0 9
13335 38442 5 0 9
13335 38442 6 0 9
13335 38442 7 0 9
13335 38442 8 0 9
13335 38442 9 0 9
13335 38442 10 0 9
!leg 9583 132960 10 0 141 attackers:132960;victims:17817,55764,140687,18229;type:2;valid_origin:True;recurrent:False;local:False
9583 132960 1 141 0
9583 132960 2 141 0
9583 132960 3 141 0
9583 132960 4 141 0
9583 132960 5 141 0
9583 132960 6 141 0
9583 132960 7 141 0
9583 132960 8 141 0
9583 132960 9 141 0
9583 132960 10 141 0
!sus 47152 211411 8 2 5 attackers:47152;victims:211411;type:1;valid_origin:True;recurrent:True;local:False
47152 211411 1 1 4
47152 211411 2 1 4
47152 211411 3 3 2
47152 211411 4 3 2
47152 211411 5 3 2
47152 211411 6 3 2
47152 211411 7 3 2
47152 211411 8 3 2
47152 211411 9 3 2
47152 211411 10 3 2
!leg 5523 8966 10 0 1 attackers:8966;victims:211587;type:2;valid_origin:True;recurrent:False;local:False
5523 8966 1 1 0
5523 8966 2 1 0
5523 8966 3 1 0
5523 8966 4 1 0
5523 8966 5 1 0
5523 8966 6 1 0
5523 8966 7 1 0
5523 8966 8 1 0
5523 8966 9 1 0
5523 8966 10 1 0
!sus 2 135636 0 10 4 attackers:135636;victims:2;type:1;valid_origin:False;recurrent:True;local:False
2 135636 1 0 4
2 135636 2 0 4
2 135636 3 0 4
2 135636 4 0 4
2 135636 5 0 4
2 135636 6 0 4
2 135636 7 0 4
2 135636 8 0 4
2 135636 9 0 4
2 135636 10 0 4
!sus 44889 215850 4 6 7 attackers:44889;victims:215850;type:1;valid_origin:True;recurrent:True;local:False
44889 215850 1 7 0
44889 215850 2 2 5
44889 215850 3 7 0
44889 215850 4 7 0
44889 215850 5 0 7
44889 215850 6 7 0
44889 215850 7 0 7
44889 215850 8 0 7
44889 215850 9 0 7
44889 215850 10 0 7
!sus 23764 264570 0 10 25 attackers:23764;victims:264570;type:1;valid_origin:True;recurrent:True;local:False
23764 264570 1 0 25
23764 264570 2 0 25
23764 264570 3 0 25
23764 264570 4 5 20
23764 264570 5 0 25
23764 264570 6 7 18
23764 264570 7 0 25
23764 264570 8 6 19
23764 264570 9 11 14
23764 264570 10 0 25
!sus 13768 43541 7 3 5 attackers:13768;victims:43541;type:1;valid_origin:True;recurrent:True;local:False
13768 43541 1 0 5
13768 43541 2 0 5
13768 43541 3 0 5
13768 43541 4 4 1
13768 43541 5 4 1
13768 43541 6 4 1
13768 43541 7 5 0
13768 43541 8 5 0
13768 43541 9 5 0
13768 43541 10 5 0
!sus 24239 38255 0 10 5 attackers:24239;victims:209300;type:2;valid_origin:True;recurrent:True;local:False
24239 38255 1 0 5
24239 38255 2 0 5
24239 38255 3 0 5
24239 38255 4 0 5
24239 38255 5 0 5
24239 38255 6 0 5
24239 38255 7 0 5
24239 38255 8 0 5
24239 38255 9 1 4
24239 38255 10 0 5
!sus 262765 262977 4 6 41 attackers:262977;victims:262765;type:1;valid_origin:True;recurrent:False;local:False
262765 262977 1 1 40
262765 262977 2 28 13
262765 262977 3 3 38
262765 262977 4 10 31
262765 262977 5 3 38
262765 262977 6 12 29
262765 262977 7 35 6
262765 262977 8 33 8
262765 262977 9 7 34
262765 262977 10 31 10
!sus 38074 150325 9 1 6 attackers:38074;victims:150325;type:1;valid_origin:True;recurrent:True;local:False
38074 150325 1 1 5
38074 150325 2 4 2
38074 150325 3 6 0
38074 150325 4 5 1
38074 150325 5 6 0
38074 150325 6 6 0
38074 150325 7 6 0
38074 150325 8 6 0
38074 150325 9 6 0
38074 150325 10 6 0
!leg 35625 47608 10 0 1 attackers:35625;victims:47608;type:1;valid_origin:True;recurrent:False;local:False
35625 47608 1 1 0
35625 47608 2 1 0
35625 47608 3 1 0
35625 47608 4 1 0
35625 47608 5 1 0
35625 47608 6 1 0
35625 47608 7 1 0
35625 47608 8 1 0
35625 47608 9 1 0
35625 47608 10 1 0
!sus 49304 131640 0 10 24 attackers:49304;victims:131640;type:1;valid_origin:True;recurrent:True;local:False
49304 131640 1 4 20
49304 131640 2 0 24
49304 131640 3 0 24
49304 131640 4 0 24
49304 131640 5 0 24
49304 131640 6 0 24
49304 131640 7 0 24
49304 131640 8 0 24
49304 131640 9 0 24
49304 131640 10 0 24
!sus 204866 210031 0 10 11 attackers:204866;victims:210031;type:1;valid_origin:True;recurrent:True;local:False
204866 210031 1 3 8
204866 210031 2 1 10
204866 210031 3 0 11
204866 210031 4 3 8
204866 210031 5 0 11
204866 210031 6 0 11
204866 210031 7 0 11
204866 210031 8 0 11
204866 210031 9 0 11
204866 210031 10 0 11
!leg 45296 45298 10 0 234 attackers:45296;victims:139386;type:2;valid_origin:True;recurrent:False;local:False
45296 45298 1 234 0
45296 45298 2 234 0
45296 45298 3 234 0
45296 45298 4 234 0
45296 45298 5 234 0
45296 45298 6 234 0
45296 45298 7 234 0
45296 45298 8 234 0
45296 45298 9 234 0
45296 45298 10 234 0
!leg 35625 62856 10 0 1 attackers:35625;victims:62856;type:1;valid_origin:True;recurrent:False;local:False
35625 62856 1 1 0
35625 62856 2 1 0
35625 62856 3 1 0
35625 62856 4 1 0
35625 62856 5 1 0
35625 62856 6 1 0
35625 62856 7 1 0
35625 62856 8 1 0
35625 62856 9 1 0
35625 62856 10 1 0
!sus 59318 137491 8 2 1 attackers:59318;victims:13335;type:2;valid_origin:True;recurrent:True;local:True
59318 137491 1 0 1
59318 137491 2 0 1
59318 137491 3 1 0
59318 137491 4 1 0
59318 137491 5 1 0
59318 137491 6 1 0
59318 137491 7 1 0
59318 137491 8 1 0
59318 137491 9 1 0
59318 137491 10 1 0
!sus 56286 147049 0 10 10 attackers:56286;victims:147049;type:1;valid_origin:True;recurrent:True;local:False
56286 147049 1 0 10
56286 147049 2 0 10
56286 147049 3 0 10
56286 147049 4 0 10
56286 147049 5 0 10
56286 147049 6 0 10
56286 147049 7 0 10
56286 147049 8 0 10
56286 147049 9 0 10
56286 147049 10 0 10
!sus 266922 273350 1 9 37 attackers:266922;victims:273350;type:1;valid_origin:True;recurrent:True;local:False
266922 273350 1 37 0
266922 273350 2 15 22
266922 273350 3 2 35
266922 273350 4 8 29
266922 273350 5 11 26
266922 273350 6 6 31
266922 273350 7 3 34
266922 273350 8 0 37
266922 273350 9 0 37
266922 273350 10 0 37
!sus 8849 200250 0 10 374 attackers:8849;victims:200250;type:1;valid_origin:True;recurrent:True;local:False
8849 200250 1 0 374
8849 200250 2 0 374
8849 200250 3 0 374
8849 200250 4 0 374
8849 200250 5 0 374
8849 200250 6 0 374
8849 200250 7 0 374
8849 200250 8 0 374
8849 200250 9 0 374
8849 200250 10 0 374
!sus 205192 215812 5 5 8 attackers:205192;victims:215812;type:1;valid_origin:True;recurrent:True;local:False
205192 215812 1 8 0
205192 215812 2 7 1
205192 215812 3 8 0
205192 215812 4 8 0
205192 215812 5 0 8
205192 215812 6 8 0
205192 215812 7 0 8
205192 215812 8 0 8
205192 215812 9 0 8
205192 215812 10 0 8
!sus 38255 209300 0 10 5 attackers:38255;victims:209300;type:1;valid_origin:True;recurrent:True;local:False
38255 209300 1 0 5
38255 209300 2 0 5
38255 209300 3 0 5
38255 209300 4 0 5
38255 209300 5 0 5
38255 209300 6 0 5
38255 209300 7 0 5
38255 209300 8 0 5
38255 209300 9 0 5
38255 209300 10 0 5
!sus 3 64018 0 10 46 attackers:64018;victims:3;type:1;valid_origin:False;recurrent:False;local:False
3 64018 1 0 46
3 64018 2 0 46
3 64018 3 0 46
3 64018 4 0 46
3 64018 5 0 46
3 64018 6 0 46
3 64018 7 1 45
3 64018 8 2 44
3 64018 9 0 46
3 64018 10 1 45
!leg 3786 4670 10 0 1 attackers:3786;victims:9848;type:2;valid_origin:True;recurrent:False;local:False
3786 4670 1 1 0
3786 4670 2 1 0
3786 4670 3 1 0
3786 4670 4 1 0
3786 4670 5 1 0
3786 4670 6 1 0
3786 4670 7 1 0
3786 4670 8 1 0
3786 4670 9 1 0
3786 4670 10 1 0
!sus 138423 151365 5 5 259 attackers:138423;victims:151365;type:1;valid_origin:True;recurrent:True;local:False
138423 151365 1 259 0
138423 151365 2 250 9
138423 151365 3 259 0
138423 151365 4 259 0
138423 151365 5 0 259
138423 151365 6 258 1
138423 151365 7 118 141
138423 151365 8 0 259
138423 151365 9 0 259
138423 151365 10 0 259
!leg 56534 62663 10 0 2 attackers:62663;victims:56886;type:3;valid_origin:True;recurrent:False;local:False
56534 62663 1 2 0
56534 62663 2 2 0
56534 62663 3 2 0
56534 62663 4 2 0
56534 62663 5 2 0
56534 62663 6 2 0
56534 62663 7 2 0
56534 62663 8 2 0
56534 62663 9 2 0
56534 62663 10 2 0
!sus 263431 270888 5 5 11 attackers:263431;victims:270888;type:1;valid_origin:True;recurrent:False;local:False
263431 270888 1 11 0
263431 270888 2 11 0
263431 270888 3 4 7
263431 270888 4 3 8
263431 270888 5 7 4
263431 270888 6 6 5
263431 270888 7 3 8
263431 270888 8 3 8
263431 270888 9 5 6
263431 270888 10 6 5
!sus 134517 152093 0 10 18 attackers:134517;victims:152093;type:1;valid_origin:True;recurrent:True;local:False
134517 152093 1 2 16
134517 152093 2 0 18
134517 152093 3 0 18
134517 152093 4 8 10
134517 152093 5 0 18
134517 152093 6 0 18
134517 152093 7 0 18
134517 152093 8 0 18
134517 152093 9 0 18
134517 152093 10 0 18
!sus 24534 151993 6 4 150 attackers:24534;victims:151993;type:1;valid_origin:True;recurrent:True;local:False
24534 151993 1 148 2
24534 151993 2 111 39
24534 151993 3 119 31
24534 151993 4 118 32
24534 151993 5 9 141
24534 151993 6 140 10
24534 151993 7 0 150
24534 151993 8 2 148
24534 151993 9 105 45
24534 151993 10 0 150
!leg 266518 267613 10 0 1 attackers:267613;victims:266518;type:1;valid_origin:True;recurrent:False;local:False
266518 267613 1 1 0
266518 267613 2 1 0
266518 267613 3 1 0
266518 267613 4 1 0
266518 267613 5 1 0
266518 267613 6 1 0
266518 267613 7 1 0
266518 267613 8 1 0
266518 267613 9 1 0
266518 267613 10 1 0
!leg 812 40439 10 0 54 attackers:812;victims:40439;type:1;valid_origin:True;recurrent:False;local:False
812 40439 1 54 0
812 40439 2 54 0
812 40439 3 54 0
812 40439 4 54 0
812 40439 5 54 0
812 40439 6 54 0
812 40439 7 54 0
812 40439 8 54 0
812 40439 9 54 0
812 40439 10 54 0
!leg 263099 272529 10 0 2 attackers:263099;victims:272529;type:1;valid_origin:True;recurrent:False;local:False
263099 272529 1 2 0
263099 272529 2 2 0
263099 272529 3 2 0
263099 272529 4 2 0
263099 272529 5 2 0
263099 272529 6 2 0
263099 272529 7 2 0
263099 272529 8 2 0
263099 272529 9 2 0
263099 272529 10 2 0
!sus 39364 49228 2 8 112 attackers:39364;victims:49228;type:1;valid_origin:True;recurrent:True;local:False
39364 49228 1 57 55
39364 49228 2 0 112
39364 49228 3 0 112
39364 49228 4 62 50
39364 49228 5 0 112
39364 49228 6 0 112
39364 49228 7 0 112
39364 49228 8 0 112
39364 49228 9 0 112
39364 49228 10 0 112
!sus 20940 61135 1 9 38 attackers:61135;victims:36183,16625,20940,21342;type:1,2;valid_origin:True;recurrent:True;local:False
20940 61135 1 0 38
20940 61135 2 0 38
20940 61135 3 0 38
20940 61135 4 0 38
20940 61135 5 7 31
20940 61135 6 5 33
20940 61135 7 15 23
20940 61135 8 9 29
20940 61135 9 19 19
20940 61135 10 24 14
!leg 132960 150178 10 0 15 attackers:132960;victims:134424;type:3;valid_origin:True;recurrent:False;local:False
132960 150178 1 15 0
132960 150178 2 15 0
132960 150178 3 15 0
132960 150178 4 15 0
132960 150178 5 15 0
132960 150178 6 15 0
132960 150178 7 15 0
132960 150178 8 15 0
132960 150178 9 15 0
132960 150178 10 15 0
!sus 48090 215845 0 10 8 attackers:48090;victims:215845;type:1;valid_origin:True;recurrent:True;local:False
48090 215845 1 0 8
48090 215845 2 0 8
48090 215845 3 0 8
48090 215845 4 0 8
48090 215845 5 0 8
48090 215845 6 0 8
48090 215845 7 0 8
48090 215845 8 0 8
48090 215845 9 0 8
48090 215845 10 0 8
!sus 41051 215980 7 3 5 attackers:41051;victims:215980;type:1;valid_origin:True;recurrent:True;local:False
41051 215980 1 0 5
41051 215980 2 1 4
41051 215980 3 0 5
41051 215980 4 3 2
41051 215980 5 4 1
41051 215980 6 5 0
41051 215980 7 5 0
41051 215980 8 5 0
41051 215980 9 5 0
41051 215980 10 5 0
!sus 57851 208453 0 10 3 attackers:208453;victims:57851;type:1;valid_origin:True;recurrent:True;local:False
57851 208453 1 0 3
57851 208453 2 0 3
57851 208453 3 1 2
57851 208453 4 1 2
57851 208453 5 1 2
57851 208453 6 0 3
57851 208453 7 0 3
57851 208453 8 1 2
57851 208453 9 1 2
57851 208453 10 1 2
!sus 36902 37343 1 9 94 attackers:37343;victims:36902;type:1;valid_origin:True;recurrent:True;local:False
36902 37343 1 87 7
36902 37343 2 7 87
36902 37343 3 0 94
36902 37343 4 0 94
36902 37343 5 21 73
36902 37343 6 0 94
36902 37343 7 0 94
36902 37343 8 0 94
36902 37343 9 0 94
36902 37343 10 0 94
!sus 208680 209533 8 2 3 attackers:209533;victims:208680;type:1;valid_origin:True;recurrent:True;local:False
208680 209533 1 0 3
208680 209533 2 0 3
208680 209533 3 3 0
208680 209533 4 3 0
208680 209533 5 3 0
208680 209533 6 3 0
208680 209533 7 3 0
208680 209533 8 3 0
208680 209533 9 3 0
208680 209533 10 3 0
