!sus 33387 211358 1 9 4 attackers:33387;victims:211358;type:1;valid_origin:True;recurrent:True;local:False
33387 211358 1 0 4
33387 211358 2 0 4
33387 211358 3 0 4
33387 211358 4 0 4
33387 211358 5 0 4
33387 211358 6 2 2
33387 211358 7 4 0
33387 211358 8 2 2
33387 211358 9 2 2
33387 211358 10 2 2
!sus 9425 151449 1 9 1 attackers:9425;victims:151449;type:1;valid_origin:True;recurrent:True;local:False
9425 151449 1 0 1
9425 151449 2 1 0
9425 151449 3 0 1
9425 151449 4 0 1
9425 151449 5 0 1
9425 151449 6 0 1
9425 151449 7 0 1
9425 151449 8 0 1
9425 151449 9 0 1
9425 151449 10 0 1
!sus 6774 212123 8 2 2 attackers:6774;victims:212123;type:1;valid_origin:True;recurrent:True;local:False
6774 212123 1 1 1
6774 212123 2 1 1
6774 212123 3 2 0
6774 212123 4 2 0
6774 212123 5 2 0
6774 212123 6 2 0
6774 212123 7 2 0
6774 212123 8 2 0
6774 212123 9 2 0
6774 212123 10 2 0
!sus 2 134884 9 1 75 attackers:2;victims:134884;type:3;valid_origin:True;recurrent:False;local:False
2 134884 1 0 75
2 134884 2 75 0
2 134884 3 75 0
2 134884 4 75 0
2 134884 5 75 0
2 134884 6 75 0
2 134884 7 75 0
2 134884 8 75 0
2 134884 9 75 0
2 134884 10 75 0
!sus 138423 153390 9 1 78 attackers:138423;victims:153390;type:1;valid_origin:True;recurrent:True;local:False
138423 153390 1 78 0
138423 153390 2 73 5
138423 153390 3 78 0
138423 153390 4 76 2
138423 153390 5 76 2
138423 153390 6 78 0
138423 153390 7 78 0
138423 153390 8 78 0
138423 153390 9 24 54
138423 153390 10 78 0
!leg 35271 39351 10 0 1 attackers:39351;victims:35271;type:1;valid_origin:True;recurrent:False;local:True
35271 39351 1 1 0
35271 39351 2 1 0
35271 39351 3 1 0
35271 39351 4 1 0
35271 39351 5 1 0
35271 39351 6 1 0
35271 39351 7 1 0
35271 39351 8 1 0
35271 39351 9 1 0
35271 39351 10 1 0
!leg 151629 152147 10 0 158 attackers:151629;victims:152147;type:1;valid_origin:True;recurrent:False;local:False
151629 152147 1 158 0
151629 152147 2 158 0
151629 152147 3 158 0
151629 152147 4 158 0
151629 152147 5 158 0
151629 152147 6 158 0
151629 152147 7 158 0
151629 152147 8 158 0
151629 152147 9 158 0
151629 152147 10 158 0
!sus 9425 151458 1 9 1 attackers:9425;victims:151458;type:1;valid_origin:True;recurrent:True;local:False
9425 151458 1 0 1
9425 151458 2 1 0
9425 151458 3 0 1
9425 151458 4 0 1
9425 151458 5 0 1
9425 151458 6 0 1
9425 151458 7 0 1
9425 151458 8 0 1
9425 151458 9 0 1
9425 151458 10 0 1
!leg 28359 267974 10 0 4 attackers:267974;victims:262388;type:4;valid_origin:True;recurrent:False;local:False
28359 267974 1 4 0
28359 267974 2 4 0
28359 267974 3 4 0
28359 267974 4 4 0
28359 267974 5 4 0
28359 267974 6 4 0
28359 267974 7 4 0
28359 267974 8 4 0
28359 267974 9 4 0
28359 267974 10 4 0
!leg 149107 150850 10 0 62 attackers:149107;victims:150850;type:1;valid_origin:True;recurrent:False;local:False
149107 150850 1 62 0
149107 150850 2 62 0
149107 150850 3 62 0
149107 150850 4 62 0
149107 150850 5 62 0
149107 150850 6 62 0
149107 150850 7 62 0
149107 150850 8 62 0
149107 150850 9 62 0
149107 150850 10 62 0
!sus 20473 37195 0 10 1 attackers:37195;victims:40138;type:2;valid_origin:True;recurrent:True;local:False
20473 37195 1 0 1
20473 37195 2 0 1
20473 37195 3 0 1
20473 37195 4 0 1
20473 37195 5 0 1
20473 37195 6 0 1
20473 37195 7 0 1
20473 37195 8 0 1
20473 37195 9 0 1
20473 37195 10 0 1
!sus 10229 10233 0 10 37 attackers:10233;victims:10233;type:2;valid_origin:True;recurrent:False;local:False
10229 10233 1 3 34
10229 10233 2 2 35
10229 10233 3 5 32
10229 10233 4 1 36
10229 10233 5 1 36
10229 10233 6 2 35
10229 10233 7 3 34
10229 10233 8 4 33
10229 10233 9 5 32
10229 10233 10 3 34
!sus 262179 263812 1 9 6 attackers:262179;victims:263812;type:1;valid_origin:True;recurrent:True;local:False
262179 263812 1 0 6
262179 263812 2 0 6
262179 263812 3 0 6
262179 263812 4 0 6
262179 263812 5 2 4
262179 263812 6 1 5
262179 263812 7 0 6
262179 263812 8 0 6
262179 263812 9 4 2
262179 263812 10 1 5
!leg 49436 60316 10 0 65 attackers:49436;victims:60316;type:1;valid_origin:True;recurrent:False;local:False
49436 60316 1 65 0
49436 60316 2 65 0
49436 60316 3 65 0
49436 60316 4 65 0
49436 60316 5 65 0
49436 60316 6 65 0
49436 60316 7 65 0
49436 60316 8 65 0
49436 60316 9 65 0
49436 60316 10 65 0
!sus 272073 273909 7 3 133 attackers:272073;victims:273909;type:1;valid_origin:True;recurrent:True;local:False
272073 273909 1 133 0
272073 273909 2 133 0
272073 273909 3 133 0
272073 273909 4 113 20
272073 273909 5 0 133
272073 273909 6 9 124
272073 273909 7 0 133
272073 273909 8 68 65
272073 273909 9 108 25
272073 273909 10 111 22
!sus 135905 139057 0 10 5 attackers:135905;victims:139057;type:1;valid_origin:True;recurrent:True;local:False
135905 139057 1 0 5
135905 139057 2 0 5
135905 139057 3 0 5
135905 139057 4 0 5
135905 139057 5 0 5
135905 139057 6 0 5
135905 139057 7 0 5
135905 139057 8 0 5
135905 139057 9 0 5
135905 139057 10 0 5
!sus 41051 213758 0 10 2 attackers:41051;victims:213758;type:1;valid_origin:True;recurrent:True;local:False
41051 213758 1 0 2
41051 213758 2 0 2
41051 213758 3 0 2
41051 213758 4 0 2
41051 213758 5 0 2
41051 213758 6 0 2
41051 213758 7 0 2
41051 213758 8 0 2
41051 213758 9 0 2
41051 213758 10 0 2
!sus 44324 134835 0 10 2 attackers:134835;victims:44324;type:1;valid_origin:True;recurrent:True;local:False
44324 134835 1 0 2
44324 134835 2 0 2
44324 134835 3 0 2
44324 134835 4 0 2
44324 134835 5 0 2
44324 134835 6 0 2
44324 134835 7 0 2
44324 134835 8 0 2
44324 134835 9 0 2
44324 134835 10 0 2
!sus 202425 214295 0 10 2 attackers:202425;victims:214295;type:1;valid_origin:True;recurrent:True;local:False
202425 214295 1 0 2
202425 214295 2 0 2
202425 214295 3 0 2
202425 214295 4 0 2
202425 214295 5 0 2
202425 214295 6 0 2
202425 214295 7 0 2
202425 214295 8 0 2
202425 214295 9 0 2
202425 214295 10 0 2
!leg 136275 138336 10 0 239 attackers:138336;victims:136275;type:1;valid_origin:True;recurrent:False;local:False
136275 138336 1 239 0
136275 138336 2 239 0
136275 138336 3 239 0
136275 138336 4 239 0
136275 138336 5 239 0
136275 138336 6 239 0
136275 138336 7 239 0
136275 138336 8 239 0
136275 138336 9 239 0
136275 138336 10 239 0
!sus 270026 273851 7 3 2 attackers:270026;victims:273851;type:1;valid_origin:True;recurrent:True;local:False
270026 273851 1 2 0
270026 273851 2 2 0
270026 273851 3 2 0
270026 273851 4 2 0
270026 273851 5 1 1
270026 273851 6 2 0
270026 273851 7 1 1
270026 273851 8 2 0
270026 273851 9 0 2
270026 273851 10 2 0
!sus 51896 61302 0 10 222 attackers:61302;victims:60539;type:4;valid_origin:True;recurrent:True;local:False
51896 61302 1 0 222
51896 61302 2 0 222
51896 61302 3 0 222
51896 61302 4 0 222
51896 61302 5 0 222
51896 61302 6 0 222
51896 61302 7 0 222
51896 61302 8 0 222
51896 61302 9 0 222
51896 61302 10 0 222
!leg 35598 198981 10 0 7 attackers:198981;victims:198981;type:5;valid_origin:True;recurrent:False;local:False
35598 198981 1 7 0
35598 198981 2 7 0
35598 198981 3 7 0
35598 198981 4 7 0
35598 198981 5 7 0
35598 198981 6 7 0
35598 198981 7 7 0
35598 198981 8 7 0
35598 198981 9 7 0
35598 198981 10 7 0
!sus 9425 151451 0 10 2 attackers:9425;victims:151451;type:1;valid_origin:True;recurrent:True;local:False
9425 151451 1 0 2
9425 151451 2 1 1
9425 151451 3 0 2
9425 151451 4 0 2
9425 151451 5 0 2
9425 151451 6 0 2
9425 151451 7 0 2
9425 151451 8 0 2
9425 151451 9 0 2
9425 151451 10 0 2
!sus 20804 207336 8 2 2 attackers:207336;victims:2115;type:2;valid_origin:True;recurrent:True;local:False
20804 207336 1 0 2
20804 207336 2 1 1
20804 207336 3 2 0
20804 207336 4 2 0
20804 207336 5 2 0
20804 207336 6 2 0
20804 207336 7 2 0
20804 207336 8 2 0
20804 207336 9 2 0
20804 207336 10 2 0
!sus 142395 328140 7 3 140 attackers:142395;victims:328140;type:1;valid_origin:True;recurrent:False;local:False
142395 328140 1 7 133
142395 328140 2 63 77
142395 328140 3 81 59
142395 328140 4 94 46
142395 328140 5 88 52
142395 328140 6 51 89
142395 328140 7 121 19
142395 328140 8 130 10
142395 328140 9 113 27
142395 328140 10 127 13
!sus 49367 136258 9 1 11 attackers:49367;victims:136258;type:1;valid_origin:True;recurrent:True;local:False
49367 136258 1 0 11
49367 136258 2 6 5
49367 136258 3 7 4
49367 136258 4 11 0
49367 136258 5 11 0
49367 136258 6 11 0
49367 136258 7 11 0
49367 136258 8 11 0
49367 136258 9 11 0
49367 136258 10 11 0
!sus 9425 151460 1 9 1 attackers:9425;victims:151460;type:1;valid_origin:True;recurrent:True;local:False
9425 151460 1 0 1
9425 151460 2 1 0
9425 151460 3 0 1
9425 151460 4 0 1
9425 151460 5 0 1
9425 151460 6 0 1
9425 151460 7 0 1
9425 151460 8 0 1
9425 151460 9 0 1
9425 151460 10 0 1
!leg 7 17665 10 0 2 attackers:17665;victims:139497;type:5;valid_origin:True;recurrent:False;local:False
7 17665 1 2 0
7 17665 2 2 0
7 17665 3 2 0
7 17665 4 2 0
7 17665 5 2 0
7 17665 6 2 0
7 17665 7 2 0
7 17665 8 2 0
7 17665 9 2 0
7 17665 10 2 0
!sus 7470 26937 7 3 8 attackers:7470;victims:26937;type:1;valid_origin:True;recurrent:True;local:False
7470 26937 1 0 8
7470 26937 2 0 8
7470 26937 3 0 8
7470 26937 4 8 0
7470 26937 5 8 0
7470 26937 6 8 0
7470 26937 7 8 0
7470 26937 8 8 0
7470 26937 9 8 0
7470 26937 10 8 0
!leg 1031 262773 10 0 2 attackers:262773;victims:267670;type:4;valid_origin:True;recurrent:False;local:False
1031 262773 1 2 0
1031 262773 2 2 0
1031 262773 3 2 0
1031 262773 4 2 0
1031 262773 5 2 0
1031 262773 6 2 0
1031 262773 7 2 0
1031 262773 8 2 0
1031 262773 9 2 0
1031 262773 10 2 0
!sus 9812 146762 7 3 9 attackers:146762;victims:9812;type:1;valid_origin:True;recurrent:True;local:False
9812 146762 1 0 9
9812 146762 2 0 9
9812 146762 3 0 9
9812 146762 4 7 2
9812 146762 5 9 0
9812 146762 6 9 0
9812 146762 7 9 0
9812 146762 8 9 0
9812 146762 9 9 0
9812 146762 10 9 0
!leg 52687 269530 10 0 1 attackers:269530;victims:269256;type:4;valid_origin:True;recurrent:False;local:False
52687 269530 1 1 0
52687 269530 2 1 0
52687 269530 3 1 0
52687 269530 4 1 0
52687 269530 5 1 0
52687 269530 6 1 0
52687 269530 7 1 0
52687 269530 8 1 0
52687 269530 9 1 0
52687 269530 10 1 0
!sus 41051 213870 6 4 43 attackers:41051;victims:213870;type:1;valid_origin:True;recurrent:True;local:False
41051 213870 1 0 43
41051 213870 2 2 41
41051 213870 3 9 34
41051 213870 4 7 36
41051 213870 5 29 14
41051 213870 6 37 6
41051 213870 7 36 7
41051 213870 8 40 3
41051 213870 9 40 3
41051 213870 10 40 3
!sus 28910 131284 4 6 185 attackers:28910;victims:131284;type:1;valid_origin:True;recurrent:True;local:False
28910 131284 1 15 170
28910 131284 2 128 57
28910 131284 3 54 131
28910 131284 4 0 185
28910 131284 5 5 180
28910 131284 6 0 185
28910 131284 7 126 59
28910 131284 8 67 118
28910 131284 9 150 35
28910 131284 10 128 57
!sus 13378 63567 8 2 5 attackers:13378;victims:63567;type:1;valid_origin:False;recurrent:True;local:False
13378 63567 1 5 0
13378 63567 2 5 0
13378 63567 3 5 0
13378 63567 4 1 4
13378 63567 5 5 0
13378 63567 6 5 0
13378 63567 7 5 0
13378 63567 8 5 0
13378 63567 9 0 5
13378 63567 10 5 0
!leg 9251 149391 10 0 19 attackers:9251;victims:149391;type:1;valid_origin:False;recurrent:False;local:False
9251 149391 1 19 0
9251 149391 2 19 0
9251 149391 3 19 0
9251 149391 4 19 0
9251 149391 5 19 0
9251 149391 6 19 0
9251 149391 7 19 0
9251 149391 8 19 0
9251 149391 9 19 0
9251 149391 10 19 0
!sus 262589 273905 0 10 11 attackers:262589;victims:273905;type:1;valid_origin:True;recurrent:True;local:False
262589 273905 1 4 7
262589 273905 2 1 10
262589 273905 3 0 11
262589 273905 4 0 11
262589 273905 5 0 11
262589 273905 6 0 11
262589 273905 7 0 11
262589 273905 8 0 11
262589 273905 9 0 11
262589 273905 10 0 11
!sus 23061 49592 0 10 4 attackers:49592;victims:23061;type:1;valid_origin:True;recurrent:True;local:False
23061 49592 1 0 4
23061 49592 2 0 4
23061 49592 3 0 4
23061 49592 4 0 4
23061 49592 5 0 4
23061 49592 6 0 4
23061 49592 7 0 4
23061 49592 8 0 4
23061 49592 9 0 4
23061 49592 10 0 4
!sus 9425 151444 1 9 1 attackers:9425;victims:151444;type:1;valid_origin:True;recurrent:True;local:False
9425 151444 1 0 1
9425 151444 2 1 0
9425 151444 3 0 1
9425 151444 4 0 1
9425 151444 5 0 1
9425 151444 6 0 1
9425 151444 7 0 1
9425 151444 8 0 1
9425 151444 9 0 1
9425 151444 10 0 1
!sus 53133 262907 2 8 4 attackers:53133;victims:262907;type:1;valid_origin:True;recurrent:False;local:False
53133 262907 1 2 2
53133 262907 2 2 2
53133 262907 3 2 2
53133 262907 4 2 2
53133 262907 5 2 2
53133 262907 6 2 2
53133 262907 7 2 2
53133 262907 8 2 2
53133 262907 9 4 0
53133 262907 10 3 1
!sus 9425 151453 0 10 2 attackers:9425;victims:151453;type:1;valid_origin:True;recurrent:True;local:False
9425 151453 1 0 2
9425 151453 2 1 1
9425 151453 3 0 2
9425 151453 4 0 2
9425 151453 5 0 2
9425 151453 6 0 2
9425 151453 7 0 2
9425 151453 8 0 2
9425 151453 9 0 2
9425 151453 10 0 2
!sus 37100 328750 8 2 1 attackers:37100;victims:328750;type:1;valid_origin:True;recurrent:True;local:False
37100 328750 1 0 1
37100 328750 2 0 1
37100 328750 3 1 0
37100 328750 4 1 0
37100 328750 5 1 0
37100 328750 6 1 0
37100 328750 7 1 0
37100 328750 8 1 0
37100 328750 9 1 0
37100 328750 10 1 0
!sus 56048 151284 9 1 1 attackers:56048;victims:151284;type:1;valid_origin:True;recurrent:True;local:False
56048 151284 1 1 0
56048 151284 2 1 0
56048 151284 3 1 0
56048 151284 4 1 0
56048 151284 5 1 0
56048 151284 6 1 0
56048 151284 7 1 0
56048 151284 8 1 0
56048 151284 9 0 1
56048 151284 10 1 0
!sus 9425 151462 1 9 1 attackers:9425;victims:151462;type:1;valid_origin:True;recurrent:True;local:False
9425 151462 1 0 1
9425 151462 2 1 0
9425 151462 3 0 1
9425 151462 4 0 1
9425 151462 5 0 1
9425 151462 6 0 1
9425 151462 7 0 1
9425 151462 8 0 1
9425 151462 9 0 1
9425 151462 10 0 1
!leg 138840 152825 10 0 3 attackers:138840;victims:152825;type:1;valid_origin:True;recurrent:False;local:False
138840 152825 1 3 0
138840 152825 2 3 0
138840 152825 3 3 0
138840 152825 4 3 0
138840 152825 5 3 0
138840 152825 6 3 0
138840 152825 7 3 0
138840 152825 8 3 0
138840 152825 9 3 0
138840 152825 10 3 0
!sus 138195 153453 9 1 89 attackers:138195;victims:153453;type:1;valid_origin:True;recurrent:True;local:False
138195 153453 1 88 1
138195 153453 2 56 33
138195 153453 3 89 0
138195 153453 4 84 5
138195 153453 5 72 17
138195 153453 6 89 0
138195 153453 7 89 0
138195 153453 8 89 0
138195 153453 9 38 51
138195 153453 10 89 0
!sus 52758 274660 7 3 5 attackers:52758;victims:274660;type:1;valid_origin:True;recurrent:True;local:False
52758 274660 1 5 0
52758 274660 2 0 5
52758 274660 3 5 0
52758 274660 4 5 0
52758 274660 5 4 1
52758 274660 6 5 0
52758 274660 7 0 5
52758 274660 8 5 0
52758 274660 9 0 5
52758 274660 10 5 0
!sus 13004 44477 9 1 19 attackers:13004;victims:44477;type:1;valid_origin:True;recurrent:True;local:False
13004 44477 1 5 14
13004 44477 2 11 8
13004 44477 3 14 5
13004 44477 4 14 5
13004 44477 5 14 5
13004 44477 6 15 4
13004 44477 7 15 4
13004 44477 8 16 3
13004 44477 9 19 0
13004 44477 10 19 0
!sus 6939 11664 6 4 52 attackers:6939;victims:3573,20002,11664,263729,263812,267852,269909,267798,270015,52405,52308,271798,28073;type:1,2,3;valid_origin:True;recurrent:True;local:False
6939 11664 1 9 43
6939 11664 2 9 43
6939 11664 3 19 33
6939 11664 4 16 36
6939 11664 5 36 16
6939 11664 6 30 22
6939 11664 7 33 19
6939 11664 8 32 20
6939 11664 9 38 14
6939 11664 10 35 17
!sus 1 197251 0 10 2 attackers:197251;victims:1;type:1;valid_origin:False;recurrent:True;local:False
1 197251 1 0 2
1 197251 2 0 2
1 197251 3 0 2
1 197251 4 0 2
1 197251 5 0 2
1 197251 6 0 2
1 197251 7 0 2
1 197251 8 0 2
1 197251 9 1 1
1 197251 10 1 1
!sus 34872 153176 8 2 1 attackers:34872;victims:153176;type:1;valid_origin:True;recurrent:True;local:False
34872 153176 1 0 1
34872 153176 2 0 1
34872 153176 3 1 0
34872 153176 4 1 0
34872 153176 5 1 0
34872 153176 6 1 0
34872 153176 7 1 0
34872 153176 8 1 0
34872 153176 9 1 0
34872 153176 10 1 0
!leg 6939 216425 10 0 24 attackers:6939;victims:216425;type:1;valid_origin:True;recurrent:False;local:False
6939 216425 1 24 0
6939 216425 2 24 0
6939 216425 3 24 0
6939 216425 4 24 0
6939 216425 5 24 0
6939 216425 6 24 0
6939 216425 7 24 0
6939 216425 8 24 0
6939 216425 9 24 0
6939 216425 10 24 0
!sus 21859 270776 0 10 1 attackers:270776;victims:24409;type:2;valid_origin:True;recurrent:True;local:False
21859 270776 1 0 1
21859 270776 2 0 1
21859 270776 3 0 1
21859 270776 4 0 1
21859 270776 5 0 1
21859 270776 6 0 1
21859 270776 7 0 1
21859 270776 8 0 1
21859 270776 9 0 1
21859 270776 10 0 1
!sus 54994 55410 0 10 16 attackers:55410;victims:54994;type:1;valid_origin:True;recurrent:True;local:False
54994 55410 1 0 16
54994 55410 2 0 16
54994 55410 3 0 16
54994 55410 4 0 16
54994 55410 5 1 15
54994 55410 6 1 15
54994 55410 7 1 15
54994 55410 8 1 15
54994 55410 9 1 15
54994 55410 10 1 15
!sus 9425 151446 1 9 1 attackers:9425;victims:151446;type:1;valid_origin:True;recurrent:True;local:False
9425 151446 1 0 1
9425 151446 2 1 0
9425 151446 3 0 1
9425 151446 4 0 1
9425 151446 5 0 1
9425 151446 6 0 1
9425 151446 7 0 1
9425 151446 8 0 1
9425 151446 9 0 1
9425 151446 10 0 1
!sus 209533 213928 1 9 2 attackers:209533;victims:213928;type:1;valid_origin:True;recurrent:True;local:False
209533 213928 1 0 2
209533 213928 2 0 2
209533 213928 3 0 2
209533 213928 4 0 2
209533 213928 5 1 1
209533 213928 6 1 1
209533 213928 7 1 1
209533 213928 8 2 0
209533 213928 9 0 2
209533 213928 10 1 1
!sus 64264 209533 2 8 533 attackers:209533;victims:64264;type:1;valid_origin:True;recurrent:True;local:False
64264 209533 1 519 14
64264 209533 2 287 246
64264 209533 3 129 404
64264 209533 4 137 396
64264 209533 5 108 425
64264 209533 6 28 505
64264 209533 7 38 495
64264 209533 8 89 444
64264 209533 9 28 505
64264 209533 10 152 381
!sus 213691 216334 7 3 4 attackers:216334;victims:213691;type:1;valid_origin:True;recurrent:True;local:False
213691 216334 1 4 0
213691 216334 2 4 0
213691 216334 3 3 1
213691 216334 4 4 0
213691 216334 5 0 4
213691 216334 6 1 3
213691 216334 7 0 4
213691 216334 8 4 0
213691 216334 9 4 0
213691 216334 10 4 0
!sus 9425 151455 0 10 2 attackers:9425;victims:151455;type:1;valid_origin:True;recurrent:True;local:False
9425 151455 1 0 2
9425 151455 2 1 1
9425 151455 3 0 2
9425 151455 4 0 2
9425 151455 5 0 2
9425 151455 6 0 2
9425 151455 7 0 2
9425 151455 8 0 2
9425 151455 9 0 2
9425 151455 10 0 2
!leg 6939 137908 10 0 46 attackers:6939;victims:137908;type:1;valid_origin:True;recurrent:False;local:False
6939 137908 1 46 0
6939 137908 2 46 0
6939 137908 3 46 0
6939 137908 4 46 0
6939 137908 5 46 0
6939 137908 6 46 0
6939 137908 7 46 0
6939 137908 8 46 0
6939 137908 9 46 0
6939 137908 10 46 0
!sus 202425 213725 7 3 1 attackers:202425;victims:213725;type:1;valid_origin:False;recurrent:True;local:False
202425 213725 1 1 0
202425 213725 2 1 0
202425 213725 3 1 0
202425 213725 4 1 0
202425 213725 5 1 0
202425 213725 6 1 0
202425 213725 7 0 1
202425 213725 8 0 1
202425 213725 9 0 1
202425 213725 10 1 0
!sus 212888 212895 9 1 73 attackers:212895;victims:212888;type:1;valid_origin:True;recurrent:True;local:False
212888 212895 1 0 73
212888 212895 2 73 0
212888 212895 3 73 0
212888 212895 4 73 0
212888 212895 5 73 0
212888 212895 6 73 0
212888 212895 7 73 0
212888 212895 8 73 0
212888 212895 9 73 0
212888 212895 10 73 0
!leg 3216 57724 10 0 156 attackers:3216;victims:50131,204544,39433,63567,33962,57510,6694,61306,205952,57724,12616,39548,51178,393960,50214,50340,50867,47724,216154,48108,204891,44094,44128,57530,979,49505,39134,44653,209520,12722,135343,197695,50448,35278,202963,53587,200436,43740,137962,204343,210079,153398,205433,29182,198390,3175,44310,204601,395681,211056,201745,61293,41718,8706,8641,197553,216139,57271,47577,51698,59601,39561,58349,9123,57268,211806,8904,59692,57043,202984,48347,208161,13378,3327,35387,44112,56565,56694,205822,210753,50113,63895,49352,29226,29076,50002,198770,198255,25532,38478,211642,49612,59399;type:1,2,3,4,5;valid_origin:False;recurrent:False;local:False
3216 57724 1 154 2
3216 57724 2 153 3
3216 57724 3 155 1
3216 57724 4 156 0
3216 57724 5 156 0
3216 57724 6 154 2
3216 57724 7 156 0
3216 57724 8 156 0
3216 57724 9 156 0
3216 57724 10 156 0
!sus 328543 400018 0 10 18 attackers:328543;victims:55933;type:2;valid_origin:False;recurrent:True;local:False
328543 400018 1 0 18
328543 400018 2 0 18
328543 400018 3 0 18
328543 400018 4 0 18
328543 400018 5 0 18
328543 400018 6 0 18
328543 400018 7 0 18
328543 400018 8 0 18
328543 400018 9 0 18
328543 400018 10 0 18
!sus 13335 267056 0 10 1 attackers:267056;victims:13335;type:1;valid_origin:True;recurrent:True;local:False
13335 267056 1 0 1
13335 267056 2 0 1
13335 267056 3 0 1
13335 267056 4 0 1
13335 267056 5 0 1
13335 267056 6 0 1
13335 267056 7 0 1
13335 267056 8 0 1
13335 267056 9 0 1
13335 267056 10 0 1
!sus 62113 205235 0 10 2 attackers:205235;victims:62113;type:1;valid_origin:True;recurrent:True;local:False
62113 205235 1 0 2
62113 205235 2 0 2
62113 205235 3 0 2
62113 205235 4 0 2
62113 205235 5 0 2
62113 205235 6 0 2
62113 205235 7 0 2
62113 205235 8 0 2
62113 205235 9 0 2
62113 205235 10 0 2
!leg 8932 57162 10 0 1 attackers:8932;victims:57162;type:1;valid_origin:True;recurrent:True;local:False
8932 57162 1 1 0
8932 57162 2 1 0
8932 57162 3 1 0
8932 57162 4 1 0
8932 57162 5 1 0
8932 57162 6 1 0
8932 57162 7 1 0
8932 57162 8 1 0
8932 57162 9 1 0
8932 57162 10 1 0
!leg 7162 268874 10 0 52 attackers:7162;victims:269144;type:2;valid_origin:True;recurrent:False;local:False
7162 268874 1 52 0
7162 268874 2 52 0
7162 268874 3 52 0
7162 268874 4 52 0
7162 268874 5 52 0
7162 268874 6 52 0
7162 268874 7 52 0
7162 268874 8 52 0
7162 268874 9 52 0
7162 268874 10 52 0
!sus 29049 50959 3 7 43 attackers:29049;victims:203971,204986,205367,50959;type:1,2,3;valid_origin:True;recurrent:True;local:False
29049 50959 1 0 43
29049 50959 2 17 26
29049 50959 3 1 42
29049 50959 4 0 43
29049 50959 5 34 9
29049 50959 6 0 43
29049 50959 7 0 43
29049 50959 8 38 5
29049 50959 9 16 27
29049 50959 10 41 2
!leg 28669 214331 10 0 1 attackers:28669;victims:198057;type:2;valid_origin:True;recurrent:False;local:False
28669 214331 1 1 0
28669 214331 2 1 0
28669 214331 3 1 0
28669 214331 4 1 0
28669 214331 5 1 0
28669 214331 6 1 0
28669 214331 7 1 0
28669 214331 8 1 0
28669 214331 9 1 0
28669 214331 10 1 0
!sus 151194 198025 8 2 9 attackers:151194;victims:198025;type:1;valid_origin:True;recurrent:True;local:False
151194 198025 1 0 9
151194 198025 2 0 9
151194 198025 3 9 0
151194 198025 4 8 1
151194 198025 5 9 0
151194 198025 6 9 0
151194 198025 7 9 0
151194 198025 8 9 0
151194 198025 9 9 0
151194 198025 10 9 0
!sus 56264 133496 9 1 16 attackers:56264;victims:133496;type:1;valid_origin:True;recurrent:True;local:False
56264 133496 1 16 0
56264 133496 2 16 0
56264 133496 3 12 4
56264 133496 4 2 14
56264 133496 5 16 0
56264 133496 6 16 0
56264 133496 7 16 0
56264 133496 8 16 0
56264 133496 9 16 0
56264 133496 10 16 0
!sus 52154 214952 3 7 2 attackers:52154;victims:214952;type:1;valid_origin:True;recurrent:True;local:False
52154 214952 1 2 0
52154 214952 2 2 0
52154 214952 3 2 0
52154 214952 4 0 2
52154 214952 5 0 2
52154 214952 6 0 2
52154 214952 7 0 2
52154 214952 8 1 1
52154 214952 9 0 2
52154 214952 10 1 1
!leg 139901 140077 10 0 95 attackers:139901;victims:140077;type:1;valid_origin:True;recurrent:False;local:False
139901 140077 1 95 0
139901 140077 2 95 0
139901 140077 3 95 0
139901 140077 4 95 0
139901 140077 5 95 0
139901 140077 6 95 0
139901 140077 7 95 0
139901 140077 8 95 0
139901 140077 9 95 0
139901 140077 10 95 0
!sus 152900 200169 0 10 2 attackers:152900;victims:200169;type:1;valid_origin:True;recurrent:True;local:False
152900 200169 1 0 2
152900 200169 2 0 2
152900 200169 3 0 2
152900 200169 4 0 2
152900 200169 5 0 2
152900 200169 6 0 2
152900 200169 7 0 2
152900 200169 8 0 2
152900 200169 9 0 2
152900 200169 10 0 2
!sus 399765 401104 7 3 2 attackers:401104;victims:399765;type:1;valid_origin:True;recurrent:True;local:False
399765 401104 1 2 0
399765 401104 2 2 0
399765 401104 3 2 0
399765 401104 4 1 1
399765 401104 5 0 2
399765 401104 6 0 2
399765 401104 7 2 0
399765 401104 8 2 0
399765 401104 9 2 0
399765 401104 10 2 0
!leg 3 17665 10 0 8 attackers:17665;victims:134884,139497;type:4,5;valid_origin:True;recurrent:False;local:False
3 17665 1 8 0
3 17665 2 8 0
3 17665 3 8 0
3 17665 4 8 0
3 17665 5 8 0
3 17665 6 8 0
3 17665 7 8 0
3 17665 8 8 0
3 17665 9 8 0
3 17665 10 8 0
!leg 20764 198981 10 0 1 attackers:198981;victims:198981;type:4;valid_origin:True;recurrent:False;local:False
20764 198981 1 1 0
20764 198981 2 1 0
20764 198981 3 1 0
20764 198981 4 1 0
20764 198981 5 1 0
20764 198981 6 1 0
20764 198981 7 1 0
20764 198981 8 1 0
20764 198981 9 1 0
20764 198981 10 1 0
!sus 23470 152698 8 2 6 attackers:23470;victims:152698;type:1;valid_origin:False;recurrent:True;local:False
23470 152698 1 0 6
23470 152698 2 0 6
23470 152698 3 5 1
23470 152698 4 6 0
23470 152698 5 6 0
23470 152698 6 6 0
23470 152698 7 6 0
23470 152698 8 6 0
23470 152698 9 6 0
23470 152698 10 6 0
!sus 211275 214618 9 1 4 attackers:214618;victims:215492;type:2;valid_origin:True;recurrent:True;local:False
211275 214618 1 0 4
211275 214618 2 4 0
211275 214618 3 4 0
211275 214618 4 4 0
211275 214618 5 4 0
211275 214618 6 4 0
211275 214618 7 4 0
211275 214618 8 4 0
211275 214618 9 4 0
211275 214618 10 4 0
!sus 9425 151448 1 9 1 attackers:9425;victims:151448;type:1;valid_origin:True;recurrent:True;local:False
9425 151448 1 0 1
9425 151448 2 1 0
9425 151448 3 0 1
9425 151448 4 0 1
9425 151448 5 0 1
9425 151448 6 0 1
9425 151448 7 0 1
9425 151448 8 0 1
9425 151448 9 0 1
9425 151448 10 0 1
!leg 149107 150895 10 0 63 attackers:149107;victims:150895;type:1;valid_origin:True;recurrent:False;local:False
149107 150895 1 63 0
149107 150895 2 63 0
149107 150895 3 63 0
149107 150895 4 63 0
149107 150895 5 63 0
149107 150895 6 63 0
149107 150895 7 63 0
149107 150895 8 63 0
149107 150895 9 63 0
149107 150895 10 63 0
!sus 9425 151457 1 9 1 attackers:9425;victims:151457;type:1;valid_origin:True;recurrent:True;local:False
9425 151457 1 0 1
9425 151457 2 1 0
9425 151457 3 0 1
9425 151457 4 0 1
9425 151457 5 0 1
9425 151457 6 0 1
9425 151457 7 0 1
9425 151457 8 0 1
9425 151457 9 0 1
9425 151457 10 0 1
!leg 31167 37463 10 0 63 attackers:31167;victims:37463;type:1;valid_origin:True;recurrent:False;local:False
31167 37463 1 63 0
31167 37463 2 63 0
31167 37463 3 63 0
31167 37463 4 63 0
31167 37463 5 63 0
31167 37463 6 63 0
31167 37463 7 63 0
31167 37463 8 63 0
31167 37463 9 63 0
31167 37463 10 63 0
!sus 265038 268860 0 10 1 attackers:265038;victims:13335;type:3;valid_origin:True;recurrent:True;local:False
265038 268860 1 0 1
265038 268860 2 0 1
265038 268860 3 0 1
265038 268860 4 0 1
265038 268860 5 0 1
265038 268860 6 0 1
265038 268860 7 0 1
265038 268860 8 0 1
265038 268860 9 0 1
265038 268860 10 0 1
!sus 31529 270776 2 8 1 attackers:270776;victims:25354;type:2;valid_origin:True;recurrent:True;local:False
31529 270776 1 0 1
31529 270776 2 0 1
31529 270776 3 0 1
31529 270776 4 0 1
31529 270776 5 0 1
31529 270776 6 0 1
31529 270776 7 0 1
31529 270776 8 0 1
31529 270776 9 1 0
31529 270776 10 1 0
!sus 3300 212565 0 10 2 attackers:3300;victims:212565;type:1;valid_origin:True;recurrent:True;local:False
3300 212565 1 0 2
3300 212565 2 0 2
3300 212565 3 0 2
3300 212565 4 0 2
3300 212565 5 0 2
3300 212565 6 0 2
3300 212565 7 0 2
3300 212565 8 0 2
3300 212565 9 0 2
3300 212565 10 0 2
!sus 60068 401408 0 10 4 attackers:60068;victims:401408;type:1;valid_origin:True;recurrent:True;local:False
60068 401408 1 2 2
60068 401408 2 1 3
60068 401408 3 2 2
60068 401408 4 1 3
60068 401408 5 1 3
60068 401408 6 1 3
60068 401408 7 1 3
60068 401408 8 1 3
60068 401408 9 1 3
60068 401408 10 1 3
!sus 7721 215364 0 10 6 attackers:215364;victims:7721;type:1;valid_origin:True;recurrent:True;local:False
7721 215364 1 0 6
7721 215364 2 1 5
7721 215364 3 1 5
7721 215364 4 1 5
7721 215364 5 1 5
7721 215364 6 1 5
7721 215364 7 1 5
7721 215364 8 1 5
7721 215364 9 1 5
7721 215364 10 1 5
!sus 3356 401427 8 2 1 attackers:3356;victims:401427;type:1;valid_origin:True;recurrent:True;local:False
3356 401427 1 1 0
3356 401427 2 1 0
3356 401427 3 1 0
3356 401427 4 0 1
3356 401427 5 1 0
3356 401427 6 1 0
3356 401427 7 1 0
3356 401427 8 1 0
3356 401427 9 0 1
3356 401427 10 1 0
!sus 10233 27768 0 10 37 attackers:10233;victims:10233;type:2;valid_origin:True;recurrent:False;local:False
10233 27768 1 0 37
10233 27768 2 0 37
10233 27768 3 0 37
10233 27768 4 0 37
10233 27768 5 0 37
10233 27768 6 0 37
10233 27768 7 0 37
10233 27768 8 0 37
10233 27768 9 0 37
10233 27768 10 0 37
!leg 30936 51051 10 0 139 attackers:30936;victims:51051;type:1;valid_origin:True;recurrent:False;local:False
30936 51051 1 139 0
30936 51051 2 139 0
30936 51051 3 139 0
30936 51051 4 139 0
30936 51051 5 139 0
30936 51051 6 139 0
30936 51051 7 139 0
30936 51051 8 139 0
30936 51051 9 139 0
30936 51051 10 139 0
!sus 42337 214586 7 3 137 attackers:42337;victims:214586;type:1;valid_origin:True;recurrent:True;local:False
42337 214586 1 137 0
42337 214586 2 7 130
42337 214586 3 137 0
42337 214586 4 137 0
42337 214586 5 94 43
42337 214586 6 137 0
42337 214586 7 9 128
42337 214586 8 137 0
42337 214586 9 0 137
42337 214586 10 137 0
!leg 137871 140684 10 0 1 attackers:140684;victims:137871;type:1;valid_origin:True;recurrent:False;local:True
137871 140684 1 1 0
137871 140684 2 1 0
137871 140684 3 1 0
137871 140684 4 1 0
137871 140684 5 1 0
137871 140684 6 1 0
137871 140684 7 1 0
137871 140684 8 1 0
137871 140684 9 1 0
137871 140684 10 1 0
!leg 8359 207288 10 0 59 attackers:8359;victims:207288;type:1;valid_origin:True;recurrent:False;local:False
8359 207288 1 59 0
8359 207288 2 59 0
8359 207288 3 59 0
8359 207288 4 59 0
8359 207288 5 59 0
8359 207288 6 59 0
8359 207288 7 59 0
8359 207288 8 59 0
8359 207288 9 59 0
8359 207288 10 59 0
!sus 135709 152144 8 2 2 attackers:135709;victims:24550,137580;type:3;valid_origin:True;recurrent:True;local:False
135709 152144 1 0 2
135709 152144 2 0 2
135709 152144 3 2 0
135709 152144 4 2 0
135709 152144 5 2 0
135709 152144 6 2 0
135709 152144 7 2 0
135709 152144 8 2 0
135709 152144 9 2 0
135709 152144 10 2 0
!leg 52468 264659 10 0 19 attackers:52468;victims:264659;type:1;valid_origin:True;recurrent:True;local:False
52468 264659 1 11 8
52468 264659 2 14 5
52468 264659 3 16 3
52468 264659 4 17 2
52468 264659 5 18 1
52468 264659 6 19 0
52468 264659 7 19 0
52468 264659 8 19 0
52468 264659 9 19 0
52468 264659 10 19 0
!sus 14868 274628 7 3 1 attackers:14868;victims:274628;type:1;valid_origin:True;recurrent:True;local:False
14868 274628 1 1 0
14868 274628 2 1 0
14868 274628 3 1 0
14868 274628 4 0 1
14868 274628 5 1 0
14868 274628 6 0 1
14868 274628 7 1 0
14868 274628 8 0 1
14868 274628 9 1 0
14868 274628 10 1 0
!sus 9425 151450 0 10 2 attackers:9425;victims:151450;type:1;valid_origin:True;recurrent:True;local:False
9425 151450 1 0 2
9425 151450 2 1 1
9425 151450 3 0 2
9425 151450 4 0 2
9425 151450 5 0 2
9425 151450 6 0 2
9425 151450 7 0 2
9425 151450 8 0 2
9425 151450 9 0 2
9425 151450 10 0 2
!sus 34872 214139 3 7 2 attackers:34872;victims:214139;type:1;valid_origin:True;recurrent:True;local:False
34872 214139 1 2 0
34872 214139 2 0 2
34872 214139 3 2 0
34872 214139 4 0 2
34872 214139 5 0 2
34872 214139 6 2 0
34872 214139 7 0 2
34872 214139 8 0 2
34872 214139 9 0 2
34872 214139 10 0 2
!leg 197790 200534 10 0 3 attackers:197790;victims:200534;type:1;valid_origin:True;recurrent:True;local:False
197790 200534 1 3 0
197790 200534 2 3 0
197790 200534 3 3 0
197790 200534 4 3 0
197790 200534 5 3 0
197790 200534 6 3 0
197790 200534 7 3 0
197790 200534 8 3 0
197790 200534 9 3 0
197790 200534 10 3 0
!sus 135660 152333 3 7 37 attackers:152333;victims:135660;type:1;valid_origin:False;recurrent:True;local:False
135660 152333 1 25 12
135660 152333 2 35 2
135660 152333 3 23 14
135660 152333 4 16 21
135660 152333 5 0 37
135660 152333 6 0 37
135660 152333 7 0 37
135660 152333 8 18 19
135660 152333 9 4 33
135660 152333 10 15 22
!sus 214331 214569 0 10 3 attackers:214331;victims:214569;type:1;valid_origin:True;recurrent:True;local:False
214331 214569 1 0 3
214331 214569 2 0 3
214331 214569 3 0 3
214331 214569 4 0 3
214331 214569 5 0 3
214331 214569 6 0 3
214331 214569 7 0 3
214331 214569 8 0 3
214331 214569 9 0 3
214331 214569 10 0 3
!sus 20118 60539 4 6 1 attackers:60539;victims:20118;type:1;valid_origin:True;recurrent:True;local:False
20118 60539 1 0 1
20118 60539 2 0 1
20118 60539 3 0 1
20118 60539 4 0 1
20118 60539 5 0 1
20118 60539 6 0 1
20118 60539 7 1 0
20118 60539 8 1 0
20118 60539 9 1 0
20118 60539 10 1 0
!leg 28252 263327 10 0 2 attackers:28252;victims:52890;type:3;valid_origin:True;recurrent:False;local:False
28252 263327 1 2 0
28252 263327 2 2 0
28252 263327 3 2 0
28252 263327 4 2 0
28252 263327 5 2 0
28252 263327 6 2 0
28252 263327 7 2 0
28252 263327 8 2 0
28252 263327 9 2 0
28252 263327 10 2 0
!leg 7 134884 10 0 2 attackers:7;victims:139497;type:4;valid_origin:True;recurrent:False;local:False
7 134884 1 2 0
7 134884 2 2 0
7 134884 3 2 0
7 134884 4 2 0
7 134884 5 2 0
7 134884 6 2 0
7 134884 7 2 0
7 134884 8 2 0
7 134884 9 2 0
7 134884 10 2 0
!sus 262589 273822 7 3 14 attackers:262589;victims:273822;type:1;valid_origin:True;recurrent:True;local:False
262589 273822 1 0 14
262589 273822 2 5 9
262589 273822 3 5 9
262589 273822 4 11 3
262589 273822 5 12 2
262589 273822 6 14 0
262589 273822 7 14 0
262589 273822 8 14 0
262589 273822 9 14 0
262589 273822 10 14 0
!sus 24406 33071 5 5 6 attackers:33071;victims:24406;type:1;valid_origin:True;recurrent:True;local:False
24406 33071 1 0 6
24406 33071 2 0 6
24406 33071 3 1 5
24406 33071 4 1 5
24406 33071 5 3 3
24406 33071 6 5 1
24406 33071 7 6 0
24406 33071 8 6 0
24406 33071 9 6 0
24406 33071 10 6 0
!sus 15353 62836 7 3 6 attackers:15353;victims:62836;type:1;valid_origin:True;recurrent:True;local:False
15353 62836 1 6 0
15353 62836 2 0 6
15353 62836 3 6 0
15353 62836 4 6 0
15353 62836 5 5 1
15353 62836 6 6 0
15353 62836 7 2 4
15353 62836 8 4 2
15353 62836 9 0 6
15353 62836 10 5 1
!sus 42298 214178 5 5 4 attackers:42298;victims:214178;type:1;valid_origin:True;recurrent:True;local:False
42298 214178 1 4 0
42298 214178 2 4 0
42298 214178 3 2 2
42298 214178 4 3 1
42298 214178 5 0 4
42298 214178 6 0 4
42298 214178 7 0 4
42298 214178 8 4 0
42298 214178 9 1 3
42298 214178 10 4 0
!leg 3462 9299 10 0 1 attackers:9299;victims:3462;type:1;valid_origin:True;recurrent:False;local:False
3462 9299 1 1 0
3462 9299 2 1 0
3462 9299 3 1 0
3462 9299 4 1 0
3462 9299 5 1 0
3462 9299 6 1 0
3462 9299 7 1 0
3462 9299 8 1 0
3462 9299 9 1 0
3462 9299 10 1 0
!leg 138336 150384 10 0 241 attackers:138336;victims:150384;type:1;valid_origin:True;recurrent:False;local:False
138336 150384 1 241 0
138336 150384 2 241 0
138336 150384 3 241 0
138336 150384 4 241 0
138336 150384 5 241 0
138336 150384 6 241 0
138336 150384 7 241 0
138336 150384 8 241 0
138336 150384 9 241 0
138336 150384 10 241 0
!sus 38082 57344 6 4 2 attackers:38082;victims:13335;type:6;valid_origin:True;recurrent:True;local:False
38082 57344 1 0 2
38082 57344 2 0 2
38082 57344 3 0 2
38082 57344 4 0 2
38082 57344 5 2 0
38082 57344 6 2 0
38082 57344 7 2 0
38082 57344 8 2 0
38082 57344 9 2 0
38082 57344 10 2 0
!sus 48300 64457 4 6 3 attackers:64457;victims:48300;type:1;valid_origin:True;recurrent:True;local:False
48300 64457 1 3 0
48300 64457 2 3 0
48300 64457 3 0 3
48300 64457 4 3 0
48300 64457 5 0 3
48300 64457 6 0 3
48300 64457 7 0 3
48300 64457 8 0 3
48300 64457 9 3 0
48300 64457 10 0 3
!sus 13378 149304 8 2 1 attackers:13378;victims:149304;type:1;valid_origin:False;recurrent:True;local:False
13378 149304 1 1 0
13378 149304 2 1 0
13378 149304 3 1 0
13378 149304 4 0 1
13378 149304 5 1 0
13378 149304 6 1 0
13378 149304 7 1 0
13378 149304 8 1 0
13378 149304 9 0 1
13378 149304 10 1 0
!sus 9425 151443 1 9 1 attackers:9425;victims:151443;type:1;valid_origin:True;recurrent:True;local:False
9425 151443 1 0 1
9425 151443 2 1 0
9425 151443 3 0 1
9425 151443 4 0 1
9425 151443 5 0 1
9425 151443 6 0 1
9425 151443 7 0 1
9425 151443 8 0 1
9425 151443 9 0 1
9425 151443 10 0 1
!sus 9425 151452 0 10 2 attackers:9425;victims:151452;type:1;valid_origin:True;recurrent:True;local:False
9425 151452 1 0 2
9425 151452 2 1 1
9425 151452 3 0 2
9425 151452 4 0 2
9425 151452 5 0 2
9425 151452 6 0 2
9425 151452 7 0 2
9425 151452 8 0 2
9425 151452 9 0 2
9425 151452 10 0 2
!leg 3356 34154 10 0 20 attackers:3356;victims:34154,61430;type:1,2;valid_origin:True;recurrent:False;local:False
3356 34154 1 15 5
3356 34154 2 15 5
3356 34154 3 19 1
3356 34154 4 20 0
3356 34154 5 20 0
3356 34154 6 20 0
3356 34154 7 20 0
3356 34154 8 20 0
3356 34154 9 20 0
3356 34154 10 20 0
!sus 35280 142066 7 3 4 attackers:35280;victims:142066;type:1;valid_origin:True;recurrent:True;local:False
35280 142066 1 1 3
35280 142066 2 1 3
35280 142066 3 3 1
35280 142066 4 1 3
35280 142066 5 4 0
35280 142066 6 3 1
35280 142066 7 3 1
35280 142066 8 4 0
35280 142066 9 3 1
35280 142066 10 4 0
!sus 34872 215288 9 1 2 attackers:34872;victims:215288;type:1;valid_origin:True;recurrent:True;local:False
34872 215288 1 0 2
34872 215288 2 2 0
34872 215288 3 2 0
34872 215288 4 2 0
34872 215288 5 2 0
34872 215288 6 2 0
34872 215288 7 2 0
34872 215288 8 2 0
34872 215288 9 2 0
34872 215288 10 2 0
!leg 149815 149994 10 0 4 attackers:149994;victims:149815;type:1;valid_origin:True;recurrent:False;local:False
149815 149994 1 4 0
149815 149994 2 4 0
149815 149994 3 4 0
149815 149994 4 4 0
149815 149994 5 4 0
149815 149994 6 4 0
149815 149994 7 4 0
149815 149994 8 4 0
149815 149994 9 4 0
149815 149994 10 4 0
!sus 137037 149020 2 8 12 attackers:149020;victims:137037;type:1;valid_origin:True;recurrent:True;local:False
137037 149020 1 12 0
137037 149020 2 12 0
137037 149020 3 0 12
137037 149020 4 0 12
137037 149020 5 0 12
137037 149020 6 0 12
137037 149020 7 0 12
137037 149020 8 0 12
137037 149020 9 1 11
137037 149020 10 0 12
!leg 52941 262995 10 0 18 attackers:52941;victims:262995;type:1;valid_origin:True;recurrent:False;local:False
52941 262995 1 18 0
52941 262995 2 18 0
52941 262995 3 18 0
52941 262995 4 18 0
52941 262995 5 18 0
52941 262995 6 18 0
52941 262995 7 18 0
52941 262995 8 18 0
52941 262995 9 18 0
52941 262995 10 18 0
!sus 399861 401481 2 8 2 attackers:399861;victims:401481;type:1;valid_origin:True;recurrent:True;local:False
399861 401481 1 2 0
399861 401481 2 2 0
399861 401481 3 1 1
399861 401481 4 0 2
399861 401481 5 0 2
399861 401481 6 0 2
399861 401481 7 0 2
399861 401481 8 0 2
399861 401481 9 0 2
399861 401481 10 0 2
!sus 8529 139938 8 2 1 attackers:8529;victims:139938;type:1;valid_origin:True;recurrent:True;local:False
8529 139938 1 0 1
8529 139938 2 0 1
8529 139938 3 1 0
8529 139938 4 1 0
8529 139938 5 1 0
8529 139938 6 1 0
8529 139938 7 1 0
8529 139938 8 1 0
8529 139938 9 1 0
8529 139938 10 1 0
!leg 138840 139455 10 0 4 attackers:138840;victims:139455;type:1;valid_origin:True;recurrent:False;local:False
138840 139455 1 4 0
138840 139455 2 4 0
138840 139455 3 4 0
138840 139455 4 4 0
138840 139455 5 4 0
138840 139455 6 4 0
138840 139455 7 4 0
138840 139455 8 4 0
138840 139455 9 4 0
138840 139455 10 4 0
!leg 15924 214095 10 0 4 attackers:15924;victims:214095;type:1;valid_origin:True;recurrent:False;local:False
15924 214095 1 4 0
15924 214095 2 4 0
15924 214095 3 4 0
15924 214095 4 4 0
15924 214095 5 4 0
15924 214095 6 4 0
15924 214095 7 4 0
15924 214095 8 4 0
15924 214095 9 4 0
15924 214095 10 4 0
!sus 917 25737 0 10 11 attackers:917;victims:25737;type:1;valid_origin:True;recurrent:True;local:False
917 25737 1 0 11
917 25737 2 1 10
917 25737 3 1 10
917 25737 4 1 10
917 25737 5 3 8
917 25737 6 2 9
917 25737 7 1 10
917 25737 8 4 7
917 25737 9 1 10
917 25737 10 4 7
!sus 213737 215242 0 10 20 attackers:213737;victims:215242;type:1;valid_origin:False;recurrent:True;local:False
213737 215242 1 0 20
213737 215242 2 0 20
213737 215242 3 0 20
213737 215242 4 0 20
213737 215242 5 0 20
213737 215242 6 0 20
213737 215242 7 0 20
213737 215242 8 0 20
213737 215242 9 0 20
213737 215242 10 0 20
!sus 152900 214731 0 10 4 attackers:152900;victims:214731;type:1;valid_origin:True;recurrent:True;local:False
152900 214731 1 0 4
152900 214731 2 0 4
152900 214731 3 0 4
152900 214731 4 0 4
152900 214731 5 0 4
152900 214731 6 0 4
152900 214731 7 0 4
152900 214731 8 0 4
152900 214731 9 0 4
152900 214731 10 1 3
!sus 63731 153428 9 1 142 attackers:63731;victims:153428;type:1;valid_origin:True;recurrent:False;local:False
63731 153428 1 142 0
63731 153428 2 137 5
63731 153428 3 142 0
63731 153428 4 138 4
63731 153428 5 131 11
63731 153428 6 142 0
63731 153428 7 142 0
63731 153428 8 142 0
63731 153428 9 43 99
63731 153428 10 142 0
!sus 17561 263681 1 9 4 attackers:263681;victims:17561;type:1;valid_origin:True;recurrent:True;local:False
17561 263681 1 0 4
17561 263681 2 0 4
17561 263681 3 0 4
17561 263681 4 0 4
17561 263681 5 0 4
17561 263681 6 0 4
17561 263681 7 0 4
17561 263681 8 0 4
17561 263681 9 0 4
17561 263681 10 3 1
!sus 207841 212895 7 3 5 attackers:207841;victims:212895;type:1;valid_origin:True;recurrent:True;local:False
207841 212895 1 0 5
207841 212895 2 0 5
207841 212895 3 0 5
207841 212895 4 5 0
207841 212895 5 5 0
207841 212895 6 5 0
207841 212895 7 5 0
207841 212895 8 5 0
207841 212895 9 5 0
207841 212895 10 5 0
!leg 55836 142509 10 0 1 attackers:55836;victims:142509;type:1;valid_origin:True;recurrent:False;local:False
55836 142509 1 1 0
55836 142509 2 1 0
55836 142509 3 1 0
55836 142509 4 1 0
55836 142509 5 1 0
55836 142509 6 1 0
55836 142509 7 1 0
55836 142509 8 1 0
55836 142509 9 1 0
55836 142509 10 1 0
!leg 135341 139771 10 0 229 attackers:135341;victims:139839;type:2;valid_origin:True;recurrent:False;local:False
135341 139771 1 229 0
135341 139771 2 229 0
135341 139771 3 229 0
135341 139771 4 229 0
135341 139771 5 229 0
135341 139771 6 229 0
135341 139771 7 229 0
135341 139771 8 229 0
135341 139771 9 229 0
135341 139771 10 229 0
!leg 136969 139824 10 0 153 attackers:136969;victims:139824;type:1;valid_origin:False;recurrent:True;local:False
136969 139824 1 153 0
136969 139824 2 148 5
136969 139824 3 153 0
136969 139824 4 118 35
136969 139824 5 125 28
136969 139824 6 145 8
136969 139824 7 153 0
136969 139824 8 143 10
136969 139824 9 80 73
136969 139824 10 153 0
!sus 13023 29390 0 10 1 attackers:29390;victims:13023;type:1;valid_origin:True;recurrent:True;local:False
13023 29390 1 0 1
13023 29390 2 0 1
13023 29390 3 0 1
13023 29390 4 0 1
13023 29390 5 0 1
13023 29390 6 0 1
13023 29390 7 0 1
13023 29390 8 0 1
13023 29390 9 0 1
13023 29390 10 0 1
!leg 53133 61512 10 0 2 attackers:53133;victims:269932;type:3;valid_origin:True;recurrent:False;local:False
53133 61512 1 2 0
53133 61512 2 2 0
53133 61512 3 2 0
53133 61512 4 2 0
53133 61512 5 2 0
53133 61512 6 2 0
53133 61512 7 2 0
53133 61512 8 2 0
53133 61512 9 2 0
53133 61512 10 2 0
!sus 9425 151445 1 9 1 attackers:9425;victims:151445;type:1;valid_origin:True;recurrent:True;local:False
9425 151445 1 0 1
9425 151445 2 1 0
9425 151445 3 0 1
9425 151445 4 0 1
9425 151445 5 0 1
9425 151445 6 0 1
9425 151445 7 0 1
9425 151445 8 0 1
9425 151445 9 0 1
9425 151445 10 0 1
!sus 33659 61302 0 10 222 attackers:61302;victims:60539;type:4;valid_origin:True;recurrent:True;local:False
33659 61302 1 0 222
33659 61302 2 0 222
33659 61302 3 0 222
33659 61302 4 0 222
33659 61302 5 0 222
33659 61302 6 0 222
33659 61302 7 0 222
33659 61302 8 0 222
33659 61302 9 0 222
33659 61302 10 0 222
!sus 22381 266216 8 2 6 attackers:266216;victims:269446;type:2;valid_origin:True;recurrent:False;local:False
22381 266216 1 1 5
22381 266216 2 3 3
22381 266216 3 4 2
22381 266216 4 5 1
22381 266216 5 6 0
22381 266216 6 5 1
22381 266216 7 6 0
22381 266216 8 6 0
22381 266216 9 6 0
22381 266216 10 6 0
!sus 41051 213782 4 6 2 attackers:41051;victims:213782;type:1;valid_origin:True;recurrent:True;local:False
41051 213782 1 0 2
41051 213782 2 1 1
41051 213782 3 1 1
41051 213782 4 1 1
41051 213782 5 2 0
41051 213782 6 1 1
41051 213782 7 2 0
41051 213782 8 1 1
41051 213782 9 2 0
41051 213782 10 2 0
!sus 26617 269927 9 1 1 attackers:26617;victims:269927;type:1;valid_origin:True;recurrent:True;local:False
26617 269927 1 0 1
26617 269927 2 1 0
26617 269927 3 1 0
26617 269927 4 1 0
26617 269927 5 1 0
26617 269927 6 1 0
26617 269927 7 1 0
26617 269927 8 1 0
26617 269927 9 1 0
26617 269927 10 1 0
!sus 152900 200879 0 10 1 attackers:152900;victims:200879;type:1;valid_origin:True;recurrent:True;local:False
152900 200879 1 0 1
152900 200879 2 0 1
152900 200879 3 0 1
152900 200879 4 0 1
152900 200879 5 0 1
152900 200879 6 0 1
152900 200879 7 0 1
152900 200879 8 0 1
152900 200879 9 0 1
152900 200879 10 0 1
!leg 138192 140898 10 0 1 attackers:138192;victims:140898;type:1;valid_origin:True;recurrent:False;local:False
138192 140898 1 1 0
138192 140898 2 1 0
138192 140898 3 1 0
138192 140898 4 1 0
138192 140898 5 1 0
138192 140898 6 1 0
138192 140898 7 1 0
138192 140898 8 1 0
138192 140898 9 1 0
138192 140898 10 1 0
!sus 55707 270564 0 10 2 attackers:55707;victims:270564;type:1;valid_origin:True;recurrent:True;local:False
55707 270564 1 0 2
55707 270564 2 0 2
55707 270564 3 0 2
55707 270564 4 0 2
55707 270564 5 0 2
55707 270564 6 0 2
55707 270564 7 0 2
55707 270564 8 0 2
55707 270564 9 0 2
55707 270564 10 0 2
!leg 8732 13094 10 0 1 attackers:8732;victims:5387;type:3;valid_origin:True;recurrent:True;local:False
8732 13094 1 1 0
8732 13094 2 1 0
8732 13094 3 1 0
8732 13094 4 1 0
8732 13094 5 1 0
8732 13094 6 1 0
8732 13094 7 1 0
8732 13094 8 1 0
8732 13094 9 1 0
8732 13094 10 1 0
!sus 153371 209650 6 4 11 attackers:153371;victims:209650;type:1;valid_origin:True;recurrent:True;local:False
153371 209650 1 0 11
153371 209650 2 0 11
153371 209650 3 0 11
153371 209650 4 9 2
153371 209650 5 0 11
153371 209650 6 7 4
153371 209650 7 9 2
153371 209650 8 9 2
153371 209650 9 9 2
153371 209650 10 9 2
!sus 42192 64050 8 2 67 attackers:64050;victims:42192;type:1;valid_origin:True;recurrent:True;local:False
42192 64050 1 0 67
42192 64050 2 28 39
42192 64050 3 66 1
42192 64050 4 66 1
42192 64050 5 67 0
42192 64050 6 67 0
42192 64050 7 67 0
42192 64050 8 67 0
42192 64050 9 67 0
42192 64050 10 67 0
!sus 15830 59204 8 2 2 attackers:15830;victims:59204;type:1;valid_origin:True;recurrent:True;local:False
15830 59204 1 0 2
15830 59204 2 1 1
15830 59204 3 2 0
15830 59204 4 2 0
15830 59204 5 2 0
15830 59204 6 2 0
15830 59204 7 2 0
15830 59204 8 2 0
15830 59204 9 2 0
15830 59204 10 2 0
!leg 3 134884 10 0 8 attackers:3;victims:134884,139497;type:3,4;valid_origin:True;recurrent:False;local:False
3 134884 1 8 0
3 134884 2 8 0
3 134884 3 8 0
3 134884 4 8 0
3 134884 5 8 0
3 134884 6 8 0
3 134884 7 8 0
3 134884 8 8 0
3 134884 9 8 0
3 134884 10 8 0
!sus 59356 59365 0 10 1 attackers:59356;victims:59365;type:1;valid_origin:False;recurrent:True;local:False
59356 59365 1 0 1
59356 59365 2 0 1
59356 59365 3 0 1
59356 59365 4 0 1
59356 59365 5 0 1
59356 59365 6 0 1
59356 59365 7 0 1
59356 59365 8 0 1
59356 59365 9 0 1
59356 59365 10 0 1
!sus 262663 268982 8 2 408 attackers:268982;victims:262663;type:1;valid_origin:True;recurrent:True;local:False
262663 268982 1 68 340
262663 268982 2 171 237
262663 268982 3 226 182
262663 268982 4 216 192
262663 268982 5 230 178
262663 268982 6 271 137
262663 268982 7 298 110
262663 268982 8 256 152
262663 268982 9 332 76
262663 268982 10 220 188
!sus 49276 58010 5 5 6 attackers:58010;victims:49276;type:1;valid_origin:False;recurrent:True;local:False
49276 58010 1 0 6
49276 58010 2 0 6
49276 58010 3 2 4
49276 58010 4 1 5
49276 58010 5 3 3
49276 58010 6 6 0
49276 58010 7 6 0
49276 58010 8 4 2
49276 58010 9 6 0
49276 58010 10 6 0
!sus 5 270336 0 10 2 attackers:270336;victims:5;type:1;valid_origin:False;recurrent:True;local:False
5 270336 1 0 2
5 270336 2 0 2
5 270336 3 0 2
5 270336 4 0 2
5 270336 5 0 2
5 270336 6 0 2
5 270336 7 0 2
5 270336 8 0 2
5 270336 9 0 2
5 270336 10 0 2
!sus 6762 9829 2 8 55 attackers:6762;victims:133287,135139,9829;type:1,2;valid_origin:True;recurrent:True;local:False
6762 9829 1 9 46
6762 9829 2 10 45
6762 9829 3 11 44
6762 9829 4 14 41
6762 9829 5 16 39
6762 9829 6 22 33
6762 9829 7 26 29
6762 9829 8 21 34
6762 9829 9 30 25
6762 9829 10 36 19
!sus 25152 43100 0 10 1 attackers:43100;victims:25152;type:1;valid_origin:True;recurrent:True;local:True
25152 43100 1 0 1
25152 43100 2 0 1
25152 43100 3 0 1
25152 43100 4 0 1
25152 43100 5 0 1
25152 43100 6 0 1
25152 43100 7 0 1
25152 43100 8 0 1
25152 43100 9 0 1
25152 43100 10 0 1
!sus 19905 22894 8 2 13 attackers:19905;victims:22894;type:1;valid_origin:True;recurrent:True;local:False
19905 22894 1 0 13
19905 22894 2 0 13
19905 22894 3 13 0
19905 22894 4 13 0
19905 22894 5 13 0
19905 22894 6 13 0
19905 22894 7 13 0
19905 22894 8 13 0
19905 22894 9 13 0
19905 22894 10 13 0
!leg 2 17665 10 0 75 attackers:17665;victims:134884;type:4;valid_origin:True;recurrent:True;local:False
2 17665 1 75 0
2 17665 2 75 0
2 17665 3 75 0
2 17665 4 75 0
2 17665 5 75 0
2 17665 6 75 0
2 17665 7 75 0
2 17665 8 75 0
2 17665 9 75 0
2 17665 10 75 0
!leg 17494 138575 10 0 282 attackers:17494;victims:138575;type:1;valid_origin:True;recurrent:False;local:False
17494 138575 1 282 0
17494 138575 2 282 0
17494 138575 3 282 0
17494 138575 4 282 0
17494 138575 5 282 0
17494 138575 6 282 0
17494 138575 7 282 0
17494 138575 8 282 0
17494 138575 9 282 0
17494 138575 10 282 0
!sus 9498 52873 2 8 20 attackers:52873;victims:17465,138575,138320,138550,152500,139715,138022,45148,45609,151809,151500,136377,38210,139680,45767,55470,133643,135266,133255;type:2,3,4;valid_origin:True;recurrent:True;local:False
9498 52873 1 2 18
9498 52873 2 2 18
9498 52873 3 5 15
9498 52873 4 0 20
9498 52873 5 0 20
9498 52873 6 0 20
9498 52873 7 13 7
9498 52873 8 4 16
9498 52873 9 3 17
9498 52873 10 16 4
!sus 25799 262191 8 2 159 attackers:262191;victims:25799;type:1;valid_origin:True;recurrent:True;local:False
25799 262191 1 0 159
25799 262191 2 61 98
25799 262191 3 158 1
25799 262191 4 154 5
25799 262191 5 158 1
25799 262191 6 158 1
25799 262191 7 159 0
25799 262191 8 159 0
25799 262191 9 159 0
25799 262191 10 159 0
!sus 9425 151459 1 9 1 attackers:9425;victims:151459;type:1;valid_origin:True;recurrent:True;local:False
9425 151459 1 0 1
9425 151459 2 1 0
9425 151459 3 0 1
9425 151459 4 0 1
9425 151459 5 0 1
9425 151459 6 0 1
9425 151459 7 0 1
9425 151459 8 0 1
9425 151459 9 0 1
9425 151459 10 0 1
!sus 37662 329444 9 1 3 attackers:37662;victims:329444;type:1;valid_origin:True;recurrent:True;local:False
37662 329444 1 0 3
37662 329444 2 3 0
37662 329444 3 3 0
37662 329444 4 3 0
37662 329444 5 3 0
37662 329444 6 3 0
37662 329444 7 3 0
37662 329444 8 3 0
37662 329444 9 3 0
37662 329444 10 3 0
!sus 3342 21217 7 3 1 attackers:3342;victims:21217;type:1;valid_origin:True;recurrent:True;local:False
3342 21217 1 0 1
3342 21217 2 0 1
3342 21217 3 0 1
3342 21217 4 1 0
3342 21217 5 1 0
3342 21217 6 1 0
3342 21217 7 1 0
3342 21217 8 1 0
3342 21217 9 1 0
3342 21217 10 1 0
!sus 15525 204057 8 2 7 attackers:15525;victims:204057;type:1;valid_origin:True;recurrent:True;local:False
15525 204057 1 0 7
15525 204057 2 1 6
15525 204057 3 7 0
15525 204057 4 7 0
15525 204057 5 7 0
15525 204057 6 7 0
15525 204057 7 7 0
15525 204057 8 7 0
15525 204057 9 7 0
15525 204057 10 7 0
!sus 8732 15967 8 2 1 attackers:8732;victims:15967;type:1;valid_origin:True;recurrent:True;local:False
8732 15967 1 0 1
8732 15967 2 0 1
8732 15967 3 1 0
8732 15967 4 1 0
8732 15967 5 1 0
8732 15967 6 1 0
8732 15967 7 1 0
8732 15967 8 1 0
8732 15967 9 1 0
8732 15967 10 1 0
!sus 57463 138077 0 10 10 attackers:57463;victims:984,138077,396986;type:1,2;valid_origin:True;recurrent:True;local:False
57463 138077 1 2 8
57463 138077 2 2 8
57463 138077 3 2 8
57463 138077 4 2 8
57463 138077 5 3 7
57463 138077 6 3 7
57463 138077 7 3 7
57463 138077 8 4 6
57463 138077 9 5 5
57463 138077 10 4 6
!sus 44324 59105 0 10 1 attackers:59105;victims:44324;type:1;valid_origin:True;recurrent:True;local:False
44324 59105 1 0 1
44324 59105 2 0 1
44324 59105 3 0 1
44324 59105 4 0 1
44324 59105 5 0 1
44324 59105 6 0 1
44324 59105 7 0 1
44324 59105 8 0 1
44324 59105 9 0 1
44324 59105 10 0 1
!sus 1653 39362 9 1 2 attackers:1653;victims:39362;type:1;valid_origin:True;recurrent:True;local:False
1653 39362 1 2 0
1653 39362 2 2 0
1653 39362 3 2 0
1653 39362 4 2 0
1653 39362 5 2 0
1653 39362 6 2 0
1653 39362 7 2 0
1653 39362 8 2 0
1653 39362 9 1 1
1653 39362 10 2 0
!leg 8540 39560 10 0 2 attackers:8540;victims:39560;type:1;valid_origin:True;recurrent:False;local:False
8540 39560 1 2 0
8540 39560 2 2 0
8540 39560 3 2 0
8540 39560 4 2 0
8540 39560 5 2 0
8540 39560 6 2 0
8540 39560 7 2 0
8540 39560 8 2 0
8540 39560 9 2 0
8540 39560 10 2 0
!sus 198057 214331 9 1 77 attackers:214331;victims:198057;type:1;valid_origin:True;recurrent:False;local:False
198057 214331 1 34 43
198057 214331 2 76 1
198057 214331 3 77 0
198057 214331 4 77 0
198057 214331 5 77 0
198057 214331 6 77 0
198057 214331 7 77 0
198057 214331 8 77 0
198057 214331 9 77 0
198057 214331 10 77 0
!leg 17727 141607 10 0 3 attackers:141607;victims:152422;type:4;valid_origin:True;recurrent:False;local:False
17727 141607 1 3 0
17727 141607 2 3 0
17727 141607 3 3 0
17727 141607 4 3 0
17727 141607 5 3 0
17727 141607 6 3 0
17727 141607 7 3 0
17727 141607 8 3 0
17727 141607 9 3 0
17727 141607 10 3 0
!leg 149107 152983 10 0 46 attackers:149107;victims:152983;type:1;valid_origin:True;recurrent:False;local:False
149107 152983 1 46 0
149107 152983 2 46 0
149107 152983 3 46 0
149107 152983 4 46 0
149107 152983 5 46 0
149107 152983 6 46 0
149107 152983 7 46 0
149107 152983 8 46 0
149107 152983 9 46 0
149107 152983 10 46 0
!sus 267221 274714 7 3 3 attackers:267221;victims:274714;type:1;valid_origin:True;recurrent:True;local:False
267221 274714 1 3 0
267221 274714 2 0 3
267221 274714 3 3 0
267221 274714 4 3 0
267221 274714 5 2 1
267221 274714 6 3 0
267221 274714 7 1 2
267221 274714 8 3 0
267221 274714 9 0 3
267221 274714 10 3 0
!leg 135341 138509 10 0 26 attackers:135341;victims:138509;type:1;valid_origin:True;recurrent:False;local:False
135341 138509 1 26 0
135341 138509 2 26 0
135341 138509 3 26 0
135341 138509 4 26 0
135341 138509 5 26 0
135341 138509 6 26 0
135341 138509 7 26 0
135341 138509 8 26 0
135341 138509 9 26 0
135341 138509 10 26 0
!sus 63293 133982 0 10 2 attackers:133982;victims:63293;type:1;valid_origin:True;recurrent:True;local:False
63293 133982 1 0 2
63293 133982 2 0 2
63293 133982 3 0 2
63293 133982 4 0 2
63293 133982 5 0 2
63293 133982 6 0 2
63293 133982 7 0 2
63293 133982 8 0 2
63293 133982 9 0 2
63293 133982 10 0 2
!sus 21826 64120 4 6 2 attackers:21826;victims:64120;type:1;valid_origin:True;recurrent:True;local:False
21826 64120 1 0 2
21826 64120 2 0 2
21826 64120 3 0 2
21826 64120 4 0 2
21826 64120 5 0 2
21826 64120 6 2 0
21826 64120 7 1 1
21826 64120 8 2 0
21826 64120 9 2 0
21826 64120 10 2 0
!sus 20804 29390 9 1 1 attackers:29390;victims:2115;type:2;valid_origin:True;recurrent:True;local:False
20804 29390 1 0 1
20804 29390 2 1 0
20804 29390 3 1 0
20804 29390 4 1 0
20804 29390 5 1 0
20804 29390 6 1 0
20804 29390 7 1 0
20804 29390 8 1 0
20804 29390 9 1 0
20804 29390 10 1 0
!sus 22356 34872 7 3 7 attackers:22356;victims:35100;type:2;valid_origin:True;recurrent:False;local:False
22356 34872 1 0 7
22356 34872 2 3 4
22356 34872 3 3 4
22356 34872 4 4 3
22356 34872 5 4 3
22356 34872 6 4 3
22356 34872 7 4 3
22356 34872 8 4 3
22356 34872 9 4 3
22356 34872 10 4 3
!sus 1221 60068 0 10 1 attackers:1221;victims:60068;type:1;valid_origin:True;recurrent:True;local:False
1221 60068 1 0 1
1221 60068 2 0 1
1221 60068 3 0 1
1221 60068 4 0 1
1221 60068 5 0 1
1221 60068 6 0 1
1221 60068 7 0 1
1221 60068 8 0 1
1221 60068 9 0 1
1221 60068 10 0 1
!leg 56655 215248 10 0 95 attackers:56655;victims:215248;type:1;valid_origin:True;recurrent:False;local:False
56655 215248 1 53 42
56655 215248 2 93 2
56655 215248 3 95 0
56655 215248 4 95 0
56655 215248 5 95 0
56655 215248 6 95 0
56655 215248 7 95 0
56655 215248 8 95 0
56655 215248 9 95 0
56655 215248 10 95 0
!sus 13259 16226 9 1 1 attackers:13259;victims:16226;type:1;valid_origin:True;recurrent:True;local:False
13259 16226 1 1 0
13259 16226 2 1 0
13259 16226 3 1 0
13259 16226 4 1 0
13259 16226 5 1 0
13259 16226 6 1 0
13259 16226 7 1 0
13259 16226 8 1 0
13259 16226 9 0 1
13259 16226 10 1 0
!sus 59479 202733 3 7 2 attackers:59479;victims:202733;type:1;valid_origin:True;recurrent:True;local:False
59479 202733 1 2 0
59479 202733 2 2 0
59479 202733 3 2 0
59479 202733 4 1 1
59479 202733 5 0 2
59479 202733 6 0 2
59479 202733 7 0 2
59479 202733 8 1 1
59479 202733 9 0 2
59479 202733 10 1 1
!sus 396295 398647 3 7 7 attackers:396295;victims:398647;type:1;valid_origin:True;recurrent:True;local:False
396295 398647 1 6 1
396295 398647 2 7 0
396295 398647 3 5 2
396295 398647 4 0 7
396295 398647 5 0 7
396295 398647 6 0 7
396295 398647 7 0 7
396295 398647 8 0 7
396295 398647 9 0 7
396295 398647 10 0 7
!leg 7720 216324 10 0 83 attackers:7720;victims:401386,215617,216324;type:1,2;valid_origin:True;recurrent:True;local:False
7720 216324 1 47 36
7720 216324 2 47 36
7720 216324 3 49 34
7720 216324 4 49 34
7720 216324 5 49 34
7720 216324 6 49 34
7720 216324 7 49 34
7720 216324 8 49 34
7720 216324 9 50 33
7720 216324 10 50 33
!sus 6424 141193 0 10 1 attackers:141193;victims:6424;type:1;valid_origin:True;recurrent:True;local:False
6424 141193 1 0 1
6424 141193 2 0 1
6424 141193 3 0 1
6424 141193 4 0 1
6424 141193 5 0 1
6424 141193 6 0 1
6424 141193 7 0 1
6424 141193 8 0 1
6424 141193 9 0 1
6424 141193 10 0 1
!sus 9425 151461 1 9 1 attackers:9425;victims:151461;type:1;valid_origin:True;recurrent:True;local:False
9425 151461 1 0 1
9425 151461 2 1 0
9425 151461 3 0 1
9425 151461 4 0 1
9425 151461 5 0 1
9425 151461 6 0 1
9425 151461 7 0 1
9425 151461 8 0 1
9425 151461 9 0 1
9425 151461 10 0 1
!sus 29049 213881 2 8 31 attackers:29049;victims:213881;type:1;valid_origin:True;recurrent:True;local:False
29049 213881 1 19 12
29049 213881 2 2 29
29049 213881 3 8 23
29049 213881 4 17 14
29049 213881 5 3 28
29049 213881 6 14 17
29049 213881 7 0 31
29049 213881 8 7 24
29049 213881 9 0 31
29049 213881 10 4 27
!leg 8717 47288 10 0 19 attackers:8717;victims:216145;type:2;valid_origin:True;recurrent:True;local:False
8717 47288 1 12 7
8717 47288 2 19 0
8717 47288 3 19 0
8717 47288 4 19 0
8717 47288 5 19 0
8717 47288 6 19 0
8717 47288 7 19 0
8717 47288 8 19 0
8717 47288 9 19 0
8717 47288 10 19 0
!sus 7303 64112 2 8 1 attackers:7303;victims:64112;type:1;valid_origin:True;recurrent:True;local:False
7303 64112 1 0 1
7303 64112 2 0 1
7303 64112 3 0 1
7303 64112 4 0 1
7303 64112 5 0 1
7303 64112 6 0 1
7303 64112 7 0 1
7303 64112 8 1 0
7303 64112 9 1 0
7303 64112 10 0 1
!sus 51202 60742 5 5 6 attackers:51202;victims:60742;type:1;valid_origin:True;recurrent:True;local:False
51202 60742 1 0 6
51202 60742 2 0 6
51202 60742 3 2 4
51202 60742 4 3 3
51202 60742 5 3 3
51202 60742 6 6 0
51202 60742 7 6 0
51202 60742 8 6 0
51202 60742 9 6 0
51202 60742 10 6 0
!sus 199414 214365 9 1 206 attackers:199414;victims:214365;type:1;valid_origin:True;recurrent:True;local:False
199414 214365 1 52 154
199414 214365 2 205 1
199414 214365 3 206 0
199414 214365 4 206 0
199414 214365 5 206 0
199414 214365 6 206 0
199414 214365 7 206 0
199414 214365 8 206 0
199414 214365 9 206 0
199414 214365 10 206 0
!sus 6774 199095 9 1 4 attackers:6774;victims:199095;type:1;valid_origin:True;recurrent:True;local:False
6774 199095 1 1 3
6774 199095 2 3 1
6774 199095 3 4 0
6774 199095 4 4 0
6774 199095 5 4 0
6774 199095 6 4 0
6774 199095 7 4 0
6774 199095 8 4 0
6774 199095 9 4 0
6774 199095 10 4 0
!sus 25184 213682 8 2 22 attackers:25184;victims:213682;type:1;valid_origin:True;recurrent:True;local:False
25184 213682 1 22 0
25184 213682 2 9 13
25184 213682 3 22 0
25184 213682 4 22 0
25184 213682 5 22 0
25184 213682 6 22 0
25184 213682 7 22 0
25184 213682 8 22 0
25184 213682 9 8 14
25184 213682 10 22 0
!sus 18229 203724 0 10 6 attackers:18229;victims:203724;type:1;valid_origin:True;recurrent:True;local:False
18229 203724 1 0 6
18229 203724 2 0 6
18229 203724 3 0 6
18229 203724 4 0 6
18229 203724 5 1 5
18229 203724 6 0 6
18229 203724 7 1 5
18229 203724 8 1 5
18229 203724 9 0 6
18229 203724 10 1 5
!leg 53133 265187 10 0 5 attackers:53133;victims:268824;type:3;valid_origin:True;recurrent:False;local:False
53133 265187 1 5 0
53133 265187 2 5 0
53133 265187 3 5 0
53133 265187 4 5 0
53133 265187 5 5 0
53133 265187 6 5 0
53133 265187 7 5 0
53133 265187 8 5 0
53133 265187 9 5 0
53133 265187 10 5 0
!sus 60171 329457 2 8 4 attackers:60171;victims:329457;type:1;valid_origin:True;recurrent:True;local:False
60171 329457 1 0 4
60171 329457 2 0 4
60171 329457 3 1 3
60171 329457 4 0 4
60171 329457 5 0 4
60171 329457 6 1 3
60171 329457 7 2 2
60171 329457 8 3 1
60171 329457 9 2 2
60171 329457 10 4 0
!sus 9425 151454 0 10 2 attackers:9425;victims:151454;type:1;valid_origin:True;recurrent:True;local:False
9425 151454 1 0 2
9425 151454 2 1 1
9425 151454 3 0 2
9425 151454 4 0 2
9425 151454 5 0 2
9425 151454 6 0 2
9425 151454 7 0 2
9425 151454 8 0 2
9425 151454 9 0 2
9425 151454 10 0 2
!leg 6204 202432 10 0 1 attackers:6204;victims:202432;type:1;valid_origin:True;recurrent:False;local:False
6204 202432 1 1 0
6204 202432 2 1 0
6204 202432 3 1 0
6204 202432 4 1 0
6204 202432 5 1 0
6204 202432 6 1 0
6204 202432 7 1 0
6204 202432 8 1 0
6204 202432 9 1 0
6204 202432 10 1 0
!sus 47272 199691 0 10 2 attackers:47272;victims:199691;type:1;valid_origin:True;recurrent:True;local:False
47272 199691 1 0 2
47272 199691 2 0 2
47272 199691 3 0 2
47272 199691 4 0 2
47272 199691 5 0 2
47272 199691 6 0 2
47272 199691 7 0 2
47272 199691 8 0 2
47272 199691 9 0 2
47272 199691 10 0 2
!sus 33659 51896 0 10 222 attackers:33659;victims:60539;type:3;valid_origin:True;recurrent:True;local:False
33659 51896 1 0 222
33659 51896 2 0 222
33659 51896 3 0 222
33659 51896 4 0 222
33659 51896 5 0 222
33659 51896 6 0 222
33659 51896 7 0 222
33659 51896 8 0 222
33659 51896 9 0 222
33659 51896 10 0 222
!sus 42337 213732 7 3 135 attackers:42337;victims:213732;type:1;valid_origin:False;recurrent:True;local:False
42337 213732 1 135 0
42337 213732 2 7 128
42337 213732 3 135 0
42337 213732 4 130 5
42337 213732 5 84 51
42337 213732 6 133 2
42337 213732 7 24 111
42337 213732 8 135 0
42337 213732 9 0 135
42337 213732 10 135 0
!sus 2 273535 0 10 10 attackers:273535;victims:2;type:1;valid_origin:False;recurrent:True;local:False
2 273535 1 0 10
2 273535 2 0 10
2 273535 3 0 10
2 273535 4 0 10
2 273535 5 0 10
2 273535 6 0 10
2 273535 7 0 10
2 273535 8 0 10
2 273535 9 0 10
2 273535 10 0 10
!leg 52965 268968 10 0 104 attackers:52965;victims:268968;type:1;valid_origin:True;recurrent:False;local:False
52965 268968 1 104 0
52965 268968 2 104 0
52965 268968 3 104 0
52965 268968 4 104 0
52965 268968 5 104 0
52965 268968 6 104 0
52965 268968 7 104 0
52965 268968 8 104 0
52965 268968 9 104 0
52965 268968 10 104 0
!leg 53133 267484 10 0 4 attackers:53133;victims:28349;type:2;valid_origin:True;recurrent:False;local:False
53133 267484 1 4 0
53133 267484 2 4 0
53133 267484 3 4 0
53133 267484 4 4 0
53133 267484 5 4 0
53133 267484 6 4 0
53133 267484 7 4 0
53133 267484 8 4 0
53133 267484 9 4 0
53133 267484 10 4 0
!sus 10233 12880 0 10 37 attackers:10233;victims:10233;type:2;valid_origin:True;recurrent:False;local:False
10233 12880 1 0 37
10233 12880 2 0 37
10233 12880 3 0 37
10233 12880 4 0 37
10233 12880 5 0 37
10233 12880 6 0 37
10233 12880 7 0 37
10233 12880 8 0 37
10233 12880 9 0 37
10233 12880 10 0 37
!sus 264778 273995 8 2 3 attackers:264778;victims:273995;type:1;valid_origin:True;recurrent:True;local:False
264778 273995 1 3 0
264778 273995 2 3 0
264778 273995 3 3 0
264778 273995 4 3 0
264778 273995 5 0 3
264778 273995 6 3 0
264778 273995 7 3 0
264778 273995 8 3 0
264778 273995 9 0 3
264778 273995 10 3 0
!leg 200078 216324 10 0 3 attackers:216324;victims:200078;type:1;valid_origin:True;recurrent:False;local:False
200078 216324 1 3 0
200078 216324 2 3 0
200078 216324 3 3 0
200078 216324 4 3 0
200078 216324 5 3 0
200078 216324 6 3 0
200078 216324 7 3 0
200078 216324 8 3 0
200078 216324 9 3 0
200078 216324 10 3 0
!sus 32787 201293 6 4 3 attackers:32787;victims:201293;type:1;valid_origin:True;recurrent:True;local:False
32787 201293 1 0 3
32787 201293 2 0 3
32787 201293 3 0 3
32787 201293 4 1 2
32787 201293 5 3 0
32787 201293 6 3 0
32787 201293 7 3 0
32787 201293 8 3 0
32787 201293 9 3 0
32787 201293 10 3 0
!leg 6939 37722 10 0 3 attackers:6939;victims:37722;type:1;valid_origin:True;recurrent:False;local:False
6939 37722 1 3 0
6939 37722 2 3 0
6939 37722 3 3 0
6939 37722 4 3 0
6939 37722 5 3 0
6939 37722 6 3 0
6939 37722 7 3 0
6939 37722 8 3 0
6939 37722 9 3 0
6939 37722 10 3 0
!sus 329394 329491 9 1 196 attackers:329394;victims:329491;type:1;valid_origin:True;recurrent:True;local:False
329394 329491 1 196 0
329394 329491 2 196 0
329394 329491 3 196 0
329394 329491 4 173 23
329394 329491 5 155 41
329394 329491 6 177 19
329394 329491 7 196 0
329394 329491 8 195 1
329394 329491 9 90 106
329394 329491 10 196 0
!sus 5852 12076 0 10 7 attackers:5852;victims:12076;type:1;valid_origin:True;recurrent:True;local:False
5852 12076 1 0 7
5852 12076 2 0 7
5852 12076 3 0 7
5852 12076 4 0 7
5852 12076 5 0 7
5852 12076 6 0 7
5852 12076 7 0 7
5852 12076 8 0 7
5852 12076 9 0 7
5852 12076 10 0 7
!sus 8674 270776 0 10 2 attackers:270776;victims:29216;type:2;valid_origin:True;recurrent:False;local:False
8674 270776 1 0 2
8674 270776 2 0 2
8674 270776 3 0 2
8674 270776 4 0 2
8674 270776 5 0 2
8674 270776 6 0 2
8674 270776 7 0 2
8674 270776 8 0 2
8674 270776 9 0 2
8674 270776 10 0 2
!sus 61138 62435 8 2 4 attackers:61138;victims:62435;type:1;valid_origin:True;recurrent:True;local:False
61138 62435 1 4 0
61138 62435 2 1 3
61138 62435 3 4 0
61138 62435 4 4 0
61138 62435 5 4 0
61138 62435 6 1 3
61138 62435 7 4 0
61138 62435 8 4 0
61138 62435 9 3 1
61138 62435 10 4 0
!sus 213220 213861 6 4 6 attackers:213220;victims:213861;type:1;valid_origin:False;recurrent:True;local:False
213220 213861 1 6 0
213220 213861 2 6 0
213220 213861 3 6 0
213220 213861 4 5 1
213220 213861 5 0 6
213220 213861 6 0 6
213220 213861 7 0 6
213220 213861 8 6 0
213220 213861 9 3 3
213220 213861 10 5 1
!sus 35313 212573 9 1 101 attackers:35313;victims:57324;type:4;valid_origin:True;recurrent:True;local:False
35313 212573 1 0 101
35313 212573 2 69 32
35313 212573 3 101 0
35313 212573 4 101 0
35313 212573 5 101 0
35313 212573 6 101 0
35313 212573 7 101 0
35313 212573 8 101 0
35313 212573 9 101 0
35313 212573 10 101 0
!sus 11331 32558 6 4 161 attackers:32558;victims:11331;type:1;valid_origin:False;recurrent:True;local:False
11331 32558 1 161 0
11331 32558 2 161 0
11331 32558 3 49 112
11331 32558 4 159 2
11331 32558 5 6 155
11331 32558 6 44 117
11331 32558 7 35 126
11331 32558 8 161 0
11331 32558 9 161 0
11331 32558 10 159 2
!sus 50053 51765 7 3 5 attackers:51765;victims:50053;type:1;valid_origin:False;recurrent:True;local:False
50053 51765 1 0 5
50053 51765 2 0 5
50053 51765 3 0 5
50053 51765 4 4 1
50053 51765 5 5 0
50053 51765 6 5 0
50053 51765 7 5 0
50053 51765 8 5 0
50053 51765 9 5 0
50053 51765 10 5 0
!sus 9425 151447 1 9 1 attackers:9425;victims:151447;type:1;valid_origin:True;recurrent:True;local:False
9425 151447 1 0 1
9425 151447 2 1 0
9425 151447 3 0 1
9425 151447 4 0 1
9425 151447 5 0 1
9425 151447 6 0 1
9425 151447 7 0 1
9425 151447 8 0 1
9425 151447 9 0 1
9425 151447 10 0 1
!sus 21995 22950 2 8 3 attackers:22950;victims:21995;type:1;valid_origin:True;recurrent:True;local:False
21995 22950 1 3 0
21995 22950 2 3 0
21995 22950 3 1 2
21995 22950 4 0 3
21995 22950 5 0 3
21995 22950 6 0 3
21995 22950 7 0 3
21995 22950 8 0 3
21995 22950 9 1 2
21995 22950 10 0 3
!sus 199275 206014 2 8 6 attackers:199275;victims:206014;type:1;valid_origin:True;recurrent:True;local:False
199275 206014 1 0 6
199275 206014 2 0 6
199275 206014 3 1 5
199275 206014 4 1 5
199275 206014 5 1 5
199275 206014 6 1 5
199275 206014 7 1 5
199275 206014 8 1 5
199275 206014 9 4 2
199275 206014 10 5 1
!sus 9425 151456 1 9 1 attackers:9425;victims:151456;type:1;valid_origin:True;recurrent:True;local:False
9425 151456 1 0 1
9425 151456 2 1 0
9425 151456 3 0 1
9425 151456 4 0 1
9425 151456 5 0 1
9425 151456 6 0 1
9425 151456 7 0 1
9425 151456 8 0 1
9425 151456 9 0 1
9425 151456 10 0 1
!sus 209533 214365 9 1 17 attackers:209533;victims:214365;type:1;valid_origin:True;recurrent:False;local:False
209533 214365 1 0 17
209533 214365 2 11 6
209533 214365 3 14 3
209533 214365 4 17 0
209533 214365 5 17 0
209533 214365 6 17 0
209533 214365 7 17 0
209533 214365 8 17 0
209533 214365 9 17 0
209533 214365 10 17 0
!sus 137410 140068 7 3 16 attackers:140068;victims:137410;type:1;valid_origin:True;recurrent:True;local:False
137410 140068 1 16 0
137410 140068 2 16 0
137410 140068 3 15 1
137410 140068 4 16 0
137410 140068 5 5 11
137410 140068 6 1 15
137410 140068 7 2 14
137410 140068 8 16 0
137410 140068 9 16 0
137410 140068 10 16 0
!sus 1288 15830 0 10 2 attackers:15830;victims:1288;type:1;valid_origin:True;recurrent:True;local:False
1288 15830 1 0 2
1288 15830 2 0 2
1288 15830 3 0 2
1288 15830 4 0 2
1288 15830 5 0 2
1288 15830 6 1 1
1288 15830 7 1 1
1288 15830 8 1 1
1288 15830 9 1 1
1288 15830 10 1 1
!leg 262669 266389 10 0 15 attackers:266389;victims:262669;type:1;valid_origin:True;recurrent:False;local:False
262669 266389 1 15 0
262669 266389 2 15 0
262669 266389 3 15 0
262669 266389 4 15 0
262669 266389 5 15 0
262669 266389 6 15 0
262669 266389 7 15 0
262669 266389 8 15 0
262669 266389 9 15 0
262669 266389 10 15 0
!sus 13876 401231 9 1 1 attackers:13876;victims:401231;type:1;valid_origin:True;recurrent:True;local:False
13876 401231 1 1 0
13876 401231 2 1 0
13876 401231 3 1 0
13876 401231 4 1 0
13876 401231 5 0 1
13876 401231 6 1 0
13876 401231 7 1 0
13876 401231 8 1 0
13876 401231 9 1 0
13876 401231 10 1 0
!sus 23862 23962 9 1 18 attackers:23862;victims:23862;type:2;valid_origin:True;recurrent:True;local:False
23862 23962 1 0 18
23862 23962 2 17 1
23862 23962 3 18 0
23862 23962 4 18 0
23862 23962 5 18 0
23862 23962 6 18 0
23862 23962 7 18 0
23862 23962 8 18 0
23862 23962 9 18 0
23862 23962 10 18 0
!leg 57324 212280 10 0 100 attackers:57324;victims:212280;type:1;valid_origin:False;recurrent:False;local:False
57324 212280 1 100 0
57324 212280 2 100 0
57324 212280 3 100 0
57324 212280 4 100 0
57324 212280 5 100 0
57324 212280 6 100 0
57324 212280 7 100 0
57324 212280 8 100 0
57324 212280 9 100 0
57324 212280 10 100 0
!sus 207841 214757 8 2 1 attackers:207841;victims:214757;type:1;valid_origin:True;recurrent:True;local:False
207841 214757 1 0 1
207841 214757 2 0 1
207841 214757 3 1 0
207841 214757 4 1 0
207841 214757 5 1 0
207841 214757 6 1 0
207841 214757 7 1 0
207841 214757 8 1 0
207841 214757 9 1 0
207841 214757 10 1 0
!leg 269965 273836 10 0 1 attackers:269965;victims:273836;type:1;valid_origin:True;recurrent:True;local:False
269965 273836 1 1 0
269965 273836 2 1 0
269965 273836 3 1 0
269965 273836 4 1 0
269965 273836 5 1 0
269965 273836 6 1 0
269965 273836 7 1 0
269965 273836 8 1 0
269965 273836 9 1 0
269965 273836 10 1 0
!leg 139675 150178 10 0 20 attackers:150178;victims:139675;type:1;valid_origin:True;recurrent:False;local:False
139675 150178 1 20 0
139675 150178 2 20 0
139675 150178 3 20 0
139675 150178 4 20 0
139675 150178 5 20 0
139675 150178 6 20 0
139675 150178 7 20 0
139675 150178 8 20 0
139675 150178 9 20 0
139675 150178 10 20 0
!leg 30844 60345 10 0 1 attackers:30844;victims:60345;type:1;valid_origin:False;recurrent:False;local:False
30844 60345 1 1 0
30844 60345 2 1 0
30844 60345 3 1 0
30844 60345 4 1 0
30844 60345 5 1 0
30844 60345 6 1 0
30844 60345 7 1 0
30844 60345 8 1 0
30844 60345 9 1 0
30844 60345 10 1 0
!sus 399861 401457 0 10 2 attackers:399861;victims:401457;type:1;valid_origin:True;recurrent:True;local:False
399861 401457 1 1 1
399861 401457 2 0 2
399861 401457 3 1 1
399861 401457 4 0 2
399861 401457 5 0 2
399861 401457 6 0 2
399861 401457 7 1 1
399861 401457 8 1 1
399861 401457 9 1 1
399861 401457 10 1 1
!sus 138915 140666 0 10 126 attackers:140666;victims:138915;type:1;valid_origin:True;recurrent:True;local:False
138915 140666 1 0 126
138915 140666 2 0 126
138915 140666 3 0 126
138915 140666 4 4 122
138915 140666 5 5 121
138915 140666 6 5 121
138915 140666 7 9 117
138915 140666 8 6 120
138915 140666 9 5 121
138915 140666 10 5 121
