!leg 266598 271660 10 0 2 attackers:271660;victims:266598;type:1;valid_origin:True;recurrent:False;local:False
266598 271660 1 2 0
266598 271660 2 2 0
266598 271660 3 2 0
266598 271660 4 2 0
266598 271660 5 2 0
266598 271660 6 2 0
266598 271660 7 2 0
266598 271660 8 2 0
266598 271660 9 2 0
266598 271660 10 2 0
!sus 38146 134640 0 10 6 attackers:38146;victims:396986;type:2;valid_origin:True;recurrent:True;local:False
38146 134640 1 0 6
38146 134640 2 0 6
38146 134640 3 0 6
38146 134640 4 0 6
38146 134640 5 0 6
38146 134640 6 0 6
38146 134640 7 0 6
38146 134640 8 0 6
38146 134640 9 0 6
38146 134640 10 0 6
!sus 32787 262791 6 4 14 attackers:262791;victims:29954,27545,10100,11740,13628,206450,32787,34216,49758,202917,6307,15515,329214,30572;type:1,2;valid_origin:True;recurrent:True;local:True
32787 262791 1 0 14
32787 262791 2 1 13
32787 262791 3 1 13
32787 262791 4 1 13
32787 262791 5 14 0
32787 262791 6 14 0
32787 262791 7 14 0
32787 262791 8 14 0
32787 262791 9 14 0
32787 262791 10 14 0
!sus 57695 262791 0 10 1 attackers:262791;victims:12654;type:2;valid_origin:True;recurrent:True;local:True
57695 262791 1 0 1
57695 262791 2 0 1
57695 262791 3 0 1
57695 262791 4 0 1
57695 262791 5 0 1
57695 262791 6 0 1
57695 262791 7 0 1
57695 262791 8 0 1
57695 262791 9 0 1
57695 262791 10 0 1
!sus 4818 10030 0 10 1 attackers:4818;victims:10030;type:1;valid_origin:True;recurrent:True;local:False
4818 10030 1 0 1
4818 10030 2 0 1
4818 10030 3 0 1
4818 10030 4 0 1
4818 10030 5 0 1
4818 10030 6 0 1
4818 10030 7 0 1
4818 10030 8 0 1
4818 10030 9 0 1
4818 10030 10 0 1
!sus 206216 262287 0 10 1 attackers:262287;victims:44477;type:4;valid_origin:True;recurrent:True;local:False
206216 262287 1 0 1
206216 262287 2 0 1
206216 262287 3 0 1
206216 262287 4 0 1
206216 262287 5 0 1
206216 262287 6 0 1
206216 262287 7 0 1
206216 262287 8 0 1
206216 262287 9 0 1
206216 262287 10 0 1
!leg 28590 40850 10 0 1 attackers:28590;victims:28590;type:4;valid_origin:True;recurrent:False;local:False
28590 40850 1 1 0
28590 40850 2 1 0
28590 40850 3 1 0
28590 40850 4 1 0
28590 40850 5 1 0
28590 40850 6 1 0
28590 40850 7 1 0
28590 40850 8 1 0
28590 40850 9 1 0
28590 40850 10 1 0
!leg 15830 27205 10 0 5 attackers:15830;victims:27205;type:1;valid_origin:True;recurrent:False;local:False
15830 27205 1 4 1
15830 27205 2 4 1
15830 27205 3 4 1
15830 27205 4 5 0
15830 27205 5 5 0
15830 27205 6 5 0
15830 27205 7 5 0
15830 27205 8 5 0
15830 27205 9 5 0
15830 27205 10 5 0
!leg 38008 134160 10 0 1 attackers:38008;victims:151824;type:2;valid_origin:True;recurrent:False;local:False
38008 134160 1 1 0
38008 134160 2 1 0
38008 134160 3 1 0
38008 134160 4 1 0
38008 134160 5 1 0
38008 134160 6 1 0
38008 134160 7 1 0
38008 134160 8 1 0
38008 134160 9 1 0
38008 134160 10 1 0
!sus 20473 28128 0 10 2 attackers:28128;victims:20473;type:1;valid_origin:True;recurrent:True;local:False
20473 28128 1 0 2
20473 28128 2 0 2
20473 28128 3 0 2
20473 28128 4 0 2
20473 28128 5 0 2
20473 28128 6 0 2
20473 28128 7 0 2
20473 28128 8 0 2
20473 28128 9 0 2
20473 28128 10 0 2
!sus 13335 29614 0 10 6 attackers:29614;victims:13335;type:1;valid_origin:True;recurrent:True;local:False
13335 29614 1 1 5
13335 29614 2 1 5
13335 29614 3 1 5
13335 29614 4 1 5
13335 29614 5 1 5
13335 29614 6 1 5
13335 29614 7 1 5
13335 29614 8 1 5
13335 29614 9 1 5
13335 29614 10 1 5
!leg 210233 214223 10 0 1 attackers:210233;victims:214223;type:1;valid_origin:True;recurrent:True;local:False
210233 214223 1 1 0
210233 214223 2 1 0
210233 214223 3 1 0
210233 214223 4 1 0
210233 214223 5 1 0
210233 214223 6 1 0
210233 214223 7 1 0
210233 214223 8 1 0
210233 214223 9 1 0
210233 214223 10 1 0
!sus 37164 56630 0 10 3 attackers:56630;victims:37164;type:1;valid_origin:True;recurrent:True;local:False
37164 56630 1 0 3
37164 56630 2 0 3
37164 56630 3 0 3
37164 56630 4 0 3
37164 56630 5 0 3
37164 56630 6 0 3
37164 56630 7 0 3
37164 56630 8 0 3
37164 56630 9 0 3
37164 56630 10 0 3
!leg 28669 265491 10 0 1 attackers:28669;victims:265491;type:1;valid_origin:True;recurrent:False;local:False
28669 265491 1 1 0
28669 265491 2 1 0
28669 265491 3 1 0
28669 265491 4 1 0
28669 265491 5 1 0
28669 265491 6 1 0
28669 265491 7 1 0
28669 265491 8 1 0
28669 265491 9 1 0
28669 265491 10 1 0
!sus 15830 23733 3 7 4 attackers:15830;victims:23733;type:1;valid_origin:True;recurrent:True;local:False
15830 23733 1 0 4
15830 23733 2 4 0
15830 23733 3 2 2
15830 23733 4 0 4
15830 23733 5 0 4
15830 23733 6 4 0
15830 23733 7 0 4
15830 23733 8 4 0
15830 23733 9 2 2
15830 23733 10 2 2
!leg 6774 37150 10 0 3 attackers:6774;victims:37150;type:1;valid_origin:True;recurrent:False;local:False
6774 37150 1 3 0
6774 37150 2 3 0
6774 37150 3 3 0
6774 37150 4 3 0
6774 37150 5 3 0
6774 37150 6 3 0
6774 37150 7 3 0
6774 37150 8 3 0
6774 37150 9 3 0
6774 37150 10 3 0
!leg 5405 208208 10 0 296 attackers:5405;victims:208208;type:1;valid_origin:True;recurrent:False;local:False
5405 208208 1 271 25
5405 208208 2 282 14
5405 208208 3 293 3
5405 208208 4 291 5
5405 208208 5 290 6
5405 208208 6 295 1
5405 208208 7 289 7
5405 208208 8 295 1
5405 208208 9 295 1
5405 208208 10 296 0
!leg 7195 61449 10 0 2 attackers:7195;victims:61449;type:1;valid_origin:True;recurrent:False;local:False
7195 61449 1 2 0
7195 61449 2 2 0
7195 61449 3 2 0
7195 61449 4 2 0
7195 61449 5 2 0
7195 61449 6 2 0
7195 61449 7 2 0
7195 61449 8 2 0
7195 61449 9 2 0
7195 61449 10 2 0
!leg 23470 214478 10 0 98 attackers:23470;victims:214478;type:1;valid_origin:True;recurrent:False;local:False
23470 214478 1 96 2
23470 214478 2 98 0
23470 214478 3 98 0
23470 214478 4 98 0
23470 214478 5 98 0
23470 214478 6 98 0
23470 214478 7 98 0
23470 214478 8 98 0
23470 214478 9 98 0
23470 214478 10 98 0
!leg 10029 55836 10 0 418 attackers:55836;victims:10029;type:1;valid_origin:True;recurrent:False;local:False
10029 55836 1 418 0
10029 55836 2 418 0
10029 55836 3 418 0
10029 55836 4 418 0
10029 55836 5 418 0
10029 55836 6 418 0
10029 55836 7 418 0
10029 55836 8 418 0
10029 55836 9 418 0
10029 55836 10 418 0
!sus 37721 60150 9 1 1 attackers:37721;victims:60150;type:1;valid_origin:True;recurrent:True;local:True
37721 60150 1 0 1
37721 60150 2 1 0
37721 60150 3 1 0
37721 60150 4 1 0
37721 60150 5 1 0
37721 60150 6 1 0
37721 60150 7 1 0
37721 60150 8 1 0
37721 60150 9 1 0
37721 60150 10 1 0
!sus 3257 270735 7 3 897 attackers:3257;victims:269441,265111,270352,265324,22177,263284,265053,263104,265405,268622,271208,267079,267264,264208,263459,264269,268876,267499,273480,263144,271007,271562,266071,267564,263614,268199,61851,263043;type:2,3;valid_origin:True;recurrent:True;local:False
3257 270735 1 186 711
3257 270735 2 274 623
3257 270735 3 365 532
3257 270735 4 562 335
3257 270735 5 458 439
3257 270735 6 523 374
3257 270735 7 719 178
3257 270735 8 724 173
3257 270735 9 743 154
3257 270735 10 820 77
!sus 54994 262791 8 2 1 attackers:262791;victims:54994;type:1;valid_origin:True;recurrent:True;local:True
54994 262791 1 0 1
54994 262791 2 0 1
54994 262791 3 1 0
54994 262791 4 1 0
54994 262791 5 1 0
54994 262791 6 1 0
54994 262791 7 1 0
54994 262791 8 1 0
54994 262791 9 1 0
54994 262791 10 1 0
!leg 58655 149453 10 0 23 attackers:58655;victims:149453;type:1;valid_origin:True;recurrent:False;local:False
58655 149453 1 23 0
58655 149453 2 23 0
58655 149453 3 23 0
58655 149453 4 23 0
58655 149453 5 23 0
58655 149453 6 23 0
58655 149453 7 23 0
58655 149453 8 23 0
58655 149453 9 23 0
58655 149453 10 23 0
!sus 2 271662 0 10 1 attackers:271662;victims:2;type:1;valid_origin:True;recurrent:True;local:False
2 271662 1 0 1
2 271662 2 0 1
2 271662 3 0 1
2 271662 4 0 1
2 271662 5 0 1
2 271662 6 0 1
2 271662 7 0 1
2 271662 8 0 1
2 271662 9 0 1
2 271662 10 0 1
!leg 43754 48434 10 0 147 attackers:48434;victims:204955;type:2;valid_origin:True;recurrent:False;local:False
43754 48434 1 147 0
43754 48434 2 147 0
43754 48434 3 147 0
43754 48434 4 147 0
43754 48434 5 147 0
43754 48434 6 147 0
43754 48434 7 147 0
43754 48434 8 147 0
43754 48434 9 147 0
43754 48434 10 147 0
!leg 63996 148993 10 0 422 attackers:63996;victims:148993;type:1;valid_origin:True;recurrent:False;local:False
63996 148993 1 422 0
63996 148993 2 422 0
63996 148993 3 422 0
63996 148993 4 422 0
63996 148993 5 422 0
63996 148993 6 422 0
63996 148993 7 422 0
63996 148993 8 422 0
63996 148993 9 422 0
63996 148993 10 422 0
!sus 2959 29596 0 10 7 attackers:29596;victims:29596;type:2;valid_origin:True;recurrent:True;local:False
2959 29596 1 0 7
2959 29596 2 0 7
2959 29596 3 0 7
2959 29596 4 0 7
2959 29596 5 0 7
2959 29596 6 0 7
2959 29596 7 0 7
2959 29596 8 0 7
2959 29596 9 0 7
2959 29596 10 0 7
!sus 266196 267975 0 10 2 attackers:267975;victims:266196;type:1;valid_origin:True;recurrent:True;local:False
266196 267975 1 0 2
266196 267975 2 0 2
266196 267975 3 0 2
266196 267975 4 0 2
266196 267975 5 0 2
266196 267975 6 0 2
266196 267975 7 1 1
266196 267975 8 1 1
266196 267975 9 1 1
266196 267975 10 1 1
!leg 931 153325 10 0 166 attackers:931;victims:153325;type:1;valid_origin:True;recurrent:False;local:False
931 153325 1 166 0
931 153325 2 166 0
931 153325 3 166 0
931 153325 4 166 0
931 153325 5 166 0
931 153325 6 166 0
931 153325 7 166 0
931 153325 8 166 0
931 153325 9 166 0
931 153325 10 166 0
!sus 6866 53667 4 6 2 attackers:53667;victims:6866;type:1;valid_origin:True;recurrent:True;local:False
6866 53667 1 1 1
6866 53667 2 1 1
6866 53667 3 1 1
6866 53667 4 1 1
6866 53667 5 1 1
6866 53667 6 1 1
6866 53667 7 2 0
6866 53667 8 2 0
6866 53667 9 2 0
6866 53667 10 2 0
!sus 12552 214256 1 9 2 attackers:12552;victims:214256;type:1;valid_origin:True;recurrent:True;local:False
12552 214256 1 2 0
12552 214256 2 0 2
12552 214256 3 0 2
12552 214256 4 0 2
12552 214256 5 0 2
12552 214256 6 0 2
12552 214256 7 0 2
12552 214256 8 0 2
12552 214256 9 0 2
12552 214256 10 0 2
!sus 38077 153183 0 10 61 attackers:153183;victims:38077;type:1;valid_origin:True;recurrent:True;local:False
38077 153183 1 0 61
38077 153183 2 0 61
38077 153183 3 1 60
38077 153183 4 0 61
38077 153183 5 1 60
38077 153183 6 2 59
38077 153183 7 1 60
38077 153183 8 1 60
38077 153183 9 1 60
38077 153183 10 1 60
!sus 11029 398064 0 10 121 attackers:11029;victims:398064;type:1;valid_origin:True;recurrent:True;local:False
11029 398064 1 17 104
11029 398064 2 19 102
11029 398064 3 48 73
11029 398064 4 9 112
11029 398064 5 8 113
11029 398064 6 0 121
11029 398064 7 0 121
11029 398064 8 0 121
11029 398064 9 0 121
11029 398064 10 0 121
!leg 60068 204487 10 0 1 attackers:60068;victims:204487;type:1;valid_origin:True;recurrent:True;local:False
60068 204487 1 1 0
60068 204487 2 1 0
60068 204487 3 1 0
60068 204487 4 1 0
60068 204487 5 1 0
60068 204487 6 1 0
60068 204487 7 1 0
60068 204487 8 1 0
60068 204487 9 1 0
60068 204487 10 1 0
!sus 328899 329509 1 9 1 attackers:328899;victims:329509;type:1;valid_origin:False;recurrent:True;local:False
328899 329509 1 0 1
328899 329509 2 0 1
328899 329509 3 1 0
328899 329509 4 0 1
328899 329509 5 0 1
328899 329509 6 0 1
328899 329509 7 0 1
328899 329509 8 0 1
328899 329509 9 0 1
328899 329509 10 0 1
!leg 3356 19307 10 0 48 attackers:3356;victims:19307;type:1;valid_origin:True;recurrent:False;local:False
3356 19307 1 47 1
3356 19307 2 47 1
3356 19307 3 47 1
3356 19307 4 47 1
3356 19307 5 47 1
3356 19307 6 47 1
3356 19307 7 47 1
3356 19307 8 47 1
3356 19307 9 47 1
3356 19307 10 47 1
!leg 61568 271595 10 0 1 attackers:61568;victims:271595;type:1;valid_origin:True;recurrent:False;local:True
61568 271595 1 1 0
61568 271595 2 1 0
61568 271595 3 1 0
61568 271595 4 1 0
61568 271595 5 1 0
61568 271595 6 1 0
61568 271595 7 1 0
61568 271595 8 1 0
61568 271595 9 1 0
61568 271595 10 1 0
!sus 209533 214161 9 1 78 attackers:209533;victims:214161;type:1;valid_origin:True;recurrent:False;local:False
209533 214161 1 36 42
209533 214161 2 40 38
209533 214161 3 55 23
209533 214161 4 65 13
209533 214161 5 76 2
209533 214161 6 76 2
209533 214161 7 78 0
209533 214161 8 76 2
209533 214161 9 78 0
209533 214161 10 78 0
!sus 198160 214052 0 10 25 attackers:198160;victims:214052;type:1;valid_origin:False;recurrent:True;local:False
198160 214052 1 2 23
198160 214052 2 8 17
198160 214052 3 0 25
198160 214052 4 0 25
198160 214052 5 0 25
198160 214052 6 0 25
198160 214052 7 0 25
198160 214052 8 0 25
198160 214052 9 0 25
198160 214052 10 0 25
!leg 50629 56864 10 0 1 attackers:50629;victims:56864;type:1;valid_origin:True;recurrent:False;local:True
50629 56864 1 1 0
50629 56864 2 1 0
50629 56864 3 1 0
50629 56864 4 1 0
50629 56864 5 1 0
50629 56864 6 1 0
50629 56864 7 1 0
50629 56864 8 1 0
50629 56864 9 1 0
50629 56864 10 1 0
!leg 10135 198148 10 0 1 attackers:198148;victims:38797;type:2;valid_origin:True;recurrent:False;local:False
10135 198148 1 1 0
10135 198148 2 1 0
10135 198148 3 1 0
10135 198148 4 1 0
10135 198148 5 1 0
10135 198148 6 1 0
10135 198148 7 1 0
10135 198148 8 1 0
10135 198148 9 1 0
10135 198148 10 1 0
!leg 6461 63087 10 0 77 attackers:6461;victims:63087;type:1;valid_origin:True;recurrent:False;local:False
6461 63087 1 77 0
6461 63087 2 77 0
6461 63087 3 77 0
6461 63087 4 77 0
6461 63087 5 77 0
6461 63087 6 77 0
6461 63087 7 77 0
6461 63087 8 77 0
6461 63087 9 77 0
6461 63087 10 77 0
!sus 15169 269311 0 10 2 attackers:269311;victims:15169;type:1;valid_origin:True;recurrent:True;local:False
15169 269311 1 0 2
15169 269311 2 0 2
15169 269311 3 0 2
15169 269311 4 0 2
15169 269311 5 0 2
15169 269311 6 0 2
15169 269311 7 0 2
15169 269311 8 0 2
15169 269311 9 0 2
15169 269311 10 0 2
!sus 38732 153016 9 1 3 attackers:38732;victims:153016;type:1;valid_origin:True;recurrent:True;local:False
38732 153016 1 3 0
38732 153016 2 3 0
38732 153016 3 3 0
38732 153016 4 3 0
38732 153016 5 3 0
38732 153016 6 3 0
38732 153016 7 3 0
38732 153016 8 2 1
38732 153016 9 0 3
38732 153016 10 3 0
!leg 58779 59237 10 0 68 attackers:58779;victims:59237;type:1;valid_origin:True;recurrent:False;local:False
58779 59237 1 68 0
58779 59237 2 68 0
58779 59237 3 68 0
58779 59237 4 68 0
58779 59237 5 68 0
58779 59237 6 68 0
58779 59237 7 63 5
58779 59237 8 65 3
58779 59237 9 56 12
58779 59237 10 67 1
!sus 15353 199414 0 10 6 attackers:199414;victims:15353;type:1;valid_origin:True;recurrent:True;local:False
15353 199414 1 0 6
15353 199414 2 0 6
15353 199414 3 0 6
15353 199414 4 0 6
15353 199414 5 0 6
15353 199414 6 0 6
15353 199414 7 0 6
15353 199414 8 0 6
15353 199414 9 0 6
15353 199414 10 0 6
!sus 57974 199414 6 4 2 attackers:199414;victims:57974;type:1;valid_origin:True;recurrent:True;local:False
57974 199414 1 0 2
57974 199414 2 0 2
57974 199414 3 0 2
57974 199414 4 0 2
57974 199414 5 2 0
57974 199414 6 2 0
57974 199414 7 2 0
57974 199414 8 2 0
57974 199414 9 2 0
57974 199414 10 2 0
!sus 20473 266169 0 10 3 attackers:266169;victims:20473;type:1;valid_origin:True;recurrent:True;local:False
20473 266169 1 0 3
20473 266169 2 0 3
20473 266169 3 0 3
20473 266169 4 0 3
20473 266169 5 0 3
20473 266169 6 0 3
20473 266169 7 0 3
20473 266169 8 0 3
20473 266169 9 0 3
20473 266169 10 0 3
!sus 201207 216213 0 10 39 attackers:216213;victims:201207;type:1;valid_origin:True;recurrent:True;local:False
201207 216213 1 0 39
201207 216213 2 0 39
201207 216213 3 0 39
201207 216213 4 0 39
201207 216213 5 0 39
201207 216213 6 0 39
201207 216213 7 0 39
201207 216213 8 0 39
201207 216213 9 0 39
201207 216213 10 0 39
!leg 63996 134732 10 0 1 attackers:63996;victims:148993;type:2;valid_origin:True;recurrent:False;local:False
63996 134732 1 1 0
63996 134732 2 1 0
63996 134732 3 1 0
63996 134732 4 1 0
63996 134732 5 1 0
63996 134732 6 1 0
63996 134732 7 1 0
63996 134732 8 1 0
63996 134732 9 1 0
63996 134732 10 1 0
!leg 3356 10349 10 0 51 attackers:3356;victims:10349;type:1;valid_origin:True;recurrent:False;local:False
3356 10349 1 50 1
3356 10349 2 51 0
3356 10349 3 51 0
3356 10349 4 51 0
3356 10349 5 51 0
3356 10349 6 51 0
3356 10349 7 51 0
3356 10349 8 51 0
3356 10349 9 51 0
3356 10349 10 51 0
!sus 60150 262589 8 2 1 attackers:262589;victims:60150;type:1;valid_origin:True;recurrent:True;local:False
60150 262589 1 0 1
60150 262589 2 1 0
60150 262589 3 0 1
60150 262589 4 1 0
60150 262589 5 1 0
60150 262589 6 1 0
60150 262589 7 1 0
60150 262589 8 1 0
60150 262589 9 1 0
60150 262589 10 1 0
!leg 10075 23688 10 0 1 attackers:23688;victims:147006;type:2;valid_origin:True;recurrent:False;local:False
10075 23688 1 1 0
10075 23688 2 1 0
10075 23688 3 1 0
10075 23688 4 1 0
10075 23688 5 1 0
10075 23688 6 1 0
10075 23688 7 1 0
10075 23688 8 1 0
10075 23688 9 1 0
10075 23688 10 1 0
!sus 26954 34927 0 10 2 attackers:34927;victims:26954;type:1;valid_origin:True;recurrent:True;local:False
26954 34927 1 0 2
26954 34927 2 1 1
26954 34927 3 0 2
26954 34927 4 0 2
26954 34927 5 1 1
26954 34927 6 0 2
26954 34927 7 1 1
26954 34927 8 1 1
26954 34927 9 1 1
26954 34927 10 0 2
!leg 4657 42010 10 0 1 attackers:4657;victims:42010;type:1;valid_origin:True;recurrent:False;local:False
4657 42010 1 1 0
4657 42010 2 1 0
4657 42010 3 1 0
4657 42010 4 1 0
4657 42010 5 1 0
4657 42010 6 1 0
4657 42010 7 1 0
4657 42010 8 1 0
4657 42010 9 1 0
4657 42010 10 1 0
!sus 9121 27500 8 2 1 attackers:9121;victims:27500;type:1;valid_origin:True;recurrent:True;local:False
9121 27500 1 0 1
9121 27500 2 0 1
9121 27500 3 1 0
9121 27500 4 1 0
9121 27500 5 1 0
9121 27500 6 1 0
9121 27500 7 1 0
9121 27500 8 1 0
9121 27500 9 1 0
9121 27500 10 1 0
!sus 214129 214809 9 1 115 attackers:214809;victims:214129;type:1;valid_origin:True;recurrent:True;local:False
214129 214809 1 4 111
214129 214809 2 68 47
214129 214809 3 104 11
214129 214809 4 115 0
214129 214809 5 108 7
214129 214809 6 115 0
214129 214809 7 115 0
214129 214809 8 115 0
214129 214809 9 115 0
214129 214809 10 115 0
!sus 209533 214145 0 10 1 attackers:209533;victims:214145;type:1;valid_origin:True;recurrent:True;local:False
209533 214145 1 0 1
209533 214145 2 0 1
209533 214145 3 0 1
209533 214145 4 0 1
209533 214145 5 0 1
209533 214145 6 0 1
209533 214145 7 0 1
209533 214145 8 0 1
209533 214145 9 0 1
209533 214145 10 0 1
!sus 12552 215399 6 4 3 attackers:12552;victims:215399;type:3;valid_origin:True;recurrent:True;local:False
12552 215399 1 1 2
12552 215399 2 0 3
12552 215399 3 1 2
12552 215399 4 3 0
12552 215399 5 3 0
12552 215399 6 3 0
12552 215399 7 2 1
12552 215399 8 0 3
12552 215399 9 3 0
12552 215399 10 3 0
!sus 984 395793 9 1 1 attackers:984;victims:395793;type:1;valid_origin:True;recurrent:True;local:False
984 395793 1 1 0
984 395793 2 1 0
984 395793 3 1 0
984 395793 4 0 1
984 395793 5 1 0
984 395793 6 1 0
984 395793 7 1 0
984 395793 8 1 0
984 395793 9 1 0
984 395793 10 1 0
!leg 47794 216292 10 0 11 attackers:47794;victims:216292;type:1;valid_origin:True;recurrent:True;local:False
47794 216292 1 8 3
47794 216292 2 8 3
47794 216292 3 8 3
47794 216292 4 8 3
47794 216292 5 8 3
47794 216292 6 8 3
47794 216292 7 8 3
47794 216292 8 8 3
47794 216292 9 8 3
47794 216292 10 8 3
!leg 196959 201847 10 0 1 attackers:196959;victims:201847;type:1;valid_origin:True;recurrent:False;local:False
196959 201847 1 1 0
196959 201847 2 1 0
196959 201847 3 1 0
196959 201847 4 1 0
196959 201847 5 1 0
196959 201847 6 1 0
196959 201847 7 1 0
196959 201847 8 1 0
196959 201847 9 1 0
196959 201847 10 1 0
!sus 174 266519 8 2 28 attackers:174;victims:270875,267364,269007,266519,268911,271020;type:1,2;valid_origin:True;recurrent:True;local:False
174 266519 1 1 27
174 266519 2 2 26
174 266519 3 15 13
174 266519 4 25 3
174 266519 5 22 6
174 266519 6 26 2
174 266519 7 27 1
174 266519 8 27 1
174 266519 9 26 2
174 266519 10 27 1
!leg 140849 149994 10 0 130 attackers:149994;victims:140849;type:1;valid_origin:True;recurrent:False;local:False
140849 149994 1 130 0
140849 149994 2 130 0
140849 149994 3 130 0
140849 149994 4 130 0
140849 149994 5 130 0
140849 149994 6 130 0
140849 149994 7 130 0
140849 149994 8 130 0
140849 149994 9 130 0
140849 149994 10 130 0
!leg 43100 50474 10 0 1 attackers:43100;victims:50474;type:1;valid_origin:True;recurrent:False;local:True
43100 50474 1 1 0
43100 50474 2 1 0
43100 50474 3 1 0
43100 50474 4 1 0
43100 50474 5 1 0
43100 50474 6 1 0
43100 50474 7 1 0
43100 50474 8 1 0
43100 50474 9 1 0
43100 50474 10 1 0
!sus 18419 142271 9 1 1 attackers:142271;victims:18419;type:1;valid_origin:True;recurrent:True;local:True
18419 142271 1 0 1
18419 142271 2 1 0
18419 142271 3 1 0
18419 142271 4 1 0
18419 142271 5 1 0
18419 142271 6 1 0
18419 142271 7 1 0
18419 142271 8 1 0
18419 142271 9 1 0
18419 142271 10 1 0
!sus 50454 198949 9 1 85 attackers:198949;victims:50454;type:1;valid_origin:True;recurrent:False;local:False
50454 198949 1 9 76
50454 198949 2 69 16
50454 198949 3 72 13
50454 198949 4 85 0
50454 198949 5 85 0
50454 198949 6 85 0
50454 198949 7 85 0
50454 198949 8 85 0
50454 198949 9 85 0
50454 198949 10 85 0
!sus 7195 60150 7 3 2 attackers:7195;victims:60150;type:1;valid_origin:True;recurrent:True;local:False
7195 60150 1 0 2
7195 60150 2 1 1
7195 60150 3 1 1
7195 60150 4 2 0
7195 60150 5 2 0
7195 60150 6 2 0
7195 60150 7 2 0
7195 60150 8 2 0
7195 60150 9 2 0
7195 60150 10 2 0
!sus 16780 32787 5 5 1 attackers:32787;victims:16780;type:1;valid_origin:True;recurrent:True;local:False
16780 32787 1 0 1
16780 32787 2 0 1
16780 32787 3 0 1
16780 32787 4 0 1
16780 32787 5 1 0
16780 32787 6 0 1
16780 32787 7 1 0
16780 32787 8 1 0
16780 32787 9 1 0
16780 32787 10 1 0
!sus 28458 54994 6 4 1 attackers:28458;victims:54994;type:1;valid_origin:True;recurrent:True;local:False
28458 54994 1 0 1
28458 54994 2 0 1
28458 54994 3 0 1
28458 54994 4 1 0
28458 54994 5 0 1
28458 54994 6 1 0
28458 54994 7 1 0
28458 54994 8 1 0
28458 54994 9 1 0
28458 54994 10 1 0
!sus 54994 268976 9 1 1 attackers:268976;victims:54994;type:1;valid_origin:True;recurrent:True;local:True
54994 268976 1 0 1
54994 268976 2 1 0
54994 268976 3 1 0
54994 268976 4 1 0
54994 268976 5 1 0
54994 268976 6 1 0
54994 268976 7 1 0
54994 268976 8 1 0
54994 268976 9 1 0
54994 268976 10 1 0
!sus 58717 149981 0 10 1 attackers:149981;victims:58717;type:1;valid_origin:True;recurrent:True;local:False
58717 149981 1 0 1
58717 149981 2 0 1
58717 149981 3 0 1
58717 149981 4 0 1
58717 149981 5 0 1
58717 149981 6 0 1
58717 149981 7 0 1
58717 149981 8 0 1
58717 149981 9 0 1
58717 149981 10 0 1
!sus 212477 216394 6 4 395 attackers:212477;victims:214304,198154,205733,47436,215155;type:3,2,10;valid_origin:False;recurrent:True;local:False
212477 216394 1 18 377
212477 216394 2 44 351
212477 216394 3 66 329
212477 216394 4 193 202
212477 216394 5 206 189
212477 216394 6 218 177
212477 216394 7 254 141
212477 216394 8 278 117
212477 216394 9 293 102
212477 216394 10 281 114
!sus 209533 211548 7 3 45 attackers:209533;victims:211548;type:1;valid_origin:True;recurrent:True;local:False
209533 211548 1 0 45
209533 211548 2 0 45
209533 211548 3 6 39
209533 211548 4 36 9
209533 211548 5 35 10
209533 211548 6 42 3
209533 211548 7 45 0
209533 211548 8 45 0
209533 211548 9 45 0
209533 211548 10 45 0
!sus 37662 329504 8 2 9 attackers:37662;victims:329014,329504;type:1,2;valid_origin:True;recurrent:True;local:False
37662 329504 1 0 9
37662 329504 2 4 5
37662 329504 3 5 4
37662 329504 4 5 4
37662 329504 5 6 3
37662 329504 6 6 3
37662 329504 7 6 3
37662 329504 8 6 3
37662 329504 9 6 3
37662 329504 10 6 3
!sus 12552 214251 0 10 223 attackers:12552;victims:214251;type:1;valid_origin:True;recurrent:True;local:False
12552 214251 1 84 139
12552 214251 2 3 220
12552 214251 3 0 223
12552 214251 4 0 223
12552 214251 5 0 223
12552 214251 6 8 215
12552 214251 7 0 223
12552 214251 8 5 218
12552 214251 9 0 223
12552 214251 10 0 223
!leg 4657 31084 10 0 1 attackers:4657;victims:31084;type:1;valid_origin:True;recurrent:False;local:False
4657 31084 1 1 0
4657 31084 2 1 0
4657 31084 3 1 0
4657 31084 4 1 0
4657 31084 5 1 0
4657 31084 6 1 0
4657 31084 7 1 0
4657 31084 8 1 0
4657 31084 9 1 0
4657 31084 10 1 0
!sus 49434 57463 7 3 1 attackers:57463;victims:49434;type:1;valid_origin:True;recurrent:False;local:True
49434 57463 1 0 1
49434 57463 2 0 1
49434 57463 3 0 1
49434 57463 4 1 0
49434 57463 5 1 0
49434 57463 6 1 0
49434 57463 7 1 0
49434 57463 8 1 0
49434 57463 9 1 0
49434 57463 10 1 0
!leg 58212 215304 10 0 44 attackers:58212;victims:214025,214024,215304,36530;type:1,2,3;valid_origin:True;recurrent:True;local:False
58212 215304 1 23 21
58212 215304 2 44 0
58212 215304 3 44 0
58212 215304 4 44 0
58212 215304 5 44 0
58212 215304 6 44 0
58212 215304 7 44 0
58212 215304 8 44 0
58212 215304 9 44 0
58212 215304 10 44 0
!leg 61696 271510 10 0 12 attackers:61696;victims:271510;type:1;valid_origin:True;recurrent:False;local:False
61696 271510 1 12 0
61696 271510 2 12 0
61696 271510 3 12 0
61696 271510 4 12 0
61696 271510 5 12 0
61696 271510 6 12 0
61696 271510 7 12 0
61696 271510 8 12 0
61696 271510 9 12 0
61696 271510 10 12 0
!leg 9441 149312 10 0 1 attackers:9441;victims:149312;type:1;valid_origin:False;recurrent:False;local:False
9441 149312 1 1 0
9441 149312 2 1 0
9441 149312 3 1 0
9441 149312 4 1 0
9441 149312 5 1 0
9441 149312 6 1 0
9441 149312 7 1 0
9441 149312 8 1 0
9441 149312 9 1 0
9441 149312 10 1 0
!leg 214114 214466 10 0 202 attackers:214466;victims:214114;type:1;valid_origin:True;recurrent:False;local:False
214114 214466 1 193 9
214114 214466 2 196 6
214114 214466 3 202 0
214114 214466 4 197 5
214114 214466 5 196 6
214114 214466 6 202 0
214114 214466 7 202 0
214114 214466 8 202 0
214114 214466 9 202 0
214114 214466 10 202 0
!sus 44324 207656 0 10 228 attackers:207656;victims:44908,216299,216056,200078,199310,200936,215364,215750,199304,23347,214963,53808,44324,198266,140915,151785,208223,63101;type:1,2,3;valid_origin:True;recurrent:True;local:False
44324 207656 1 0 228
44324 207656 2 0 228
44324 207656 3 0 228
44324 207656 4 0 228
44324 207656 5 3 225
44324 207656 6 0 228
44324 207656 7 0 228
44324 207656 8 6 222
44324 207656 9 6 222
44324 207656 10 26 202
!leg 52320 270955 10 0 1 attackers:52320;victims:138369;type:14;valid_origin:True;recurrent:False;local:False
52320 270955 1 1 0
52320 270955 2 1 0
52320 270955 3 1 0
52320 270955 4 1 0
52320 270955 5 1 0
52320 270955 6 1 0
52320 270955 7 1 0
52320 270955 8 1 0
52320 270955 9 1 0
52320 270955 10 1 0
!sus 207394 209533 9 1 53 attackers:209533;victims:207394;type:1;valid_origin:True;recurrent:True;local:False
207394 209533 1 20 33
207394 209533 2 40 13
207394 209533 3 53 0
207394 209533 4 53 0
207394 209533 5 53 0
207394 209533 6 53 0
207394 209533 7 53 0
207394 209533 8 53 0
207394 209533 9 53 0
207394 209533 10 53 0
!leg 262532 265061 10 0 13 attackers:262532;victims:269146;type:2;valid_origin:True;recurrent:False;local:False
262532 265061 1 13 0
262532 265061 2 13 0
262532 265061 3 13 0
262532 265061 4 13 0
262532 265061 5 13 0
262532 265061 6 13 0
262532 265061 7 13 0
262532 265061 8 13 0
262532 265061 9 13 0
262532 265061 10 13 0
!leg 28669 263413 10 0 1 attackers:28669;victims:263413;type:1;valid_origin:True;recurrent:False;local:False
28669 263413 1 1 0
28669 263413 2 1 0
28669 263413 3 1 0
28669 263413 4 1 0
28669 263413 5 1 0
28669 263413 6 1 0
28669 263413 7 1 0
28669 263413 8 1 0
28669 263413 9 1 0
28669 263413 10 1 0
!leg 786 198032 10 0 10 attackers:786;victims:198032;type:1;valid_origin:True;recurrent:False;local:False
786 198032 1 10 0
786 198032 2 10 0
786 198032 3 10 0
786 198032 4 10 0
786 198032 5 10 0
786 198032 6 10 0
786 198032 7 10 0
786 198032 8 10 0
786 198032 9 10 0
786 198032 10 10 0
!leg 37153 39386 10 0 1 attackers:39386;victims:61138;type:2;valid_origin:True;recurrent:True;local:False
37153 39386 1 1 0
37153 39386 2 1 0
37153 39386 3 1 0
37153 39386 4 1 0
37153 39386 5 1 0
37153 39386 6 1 0
37153 39386 7 1 0
37153 39386 8 1 0
37153 39386 9 1 0
37153 39386 10 1 0
!sus 3216 214336 4 6 11 attackers:3216;victims:214336;type:1;valid_origin:True;recurrent:True;local:False
3216 214336 1 11 0
3216 214336 2 10 1
3216 214336 3 11 0
3216 214336 4 2 9
3216 214336 5 3 8
3216 214336 6 2 9
3216 214336 7 3 8
3216 214336 8 10 1
3216 214336 9 2 9
3216 214336 10 2 9
!sus 262589 269836 6 4 1 attackers:262589;victims:269836;type:1;valid_origin:True;recurrent:True;local:False
262589 269836 1 0 1
262589 269836 2 0 1
262589 269836 3 1 0
262589 269836 4 1 0
262589 269836 5 0 1
262589 269836 6 1 0
262589 269836 7 0 1
262589 269836 8 1 0
262589 269836 9 1 0
262589 269836 10 1 0
!leg 8657 37410 10 0 98 attackers:8657;victims:37410;type:1;valid_origin:True;recurrent:False;local:False
8657 37410 1 79 19
8657 37410 2 97 1
8657 37410 3 97 1
8657 37410 4 97 1
8657 37410 5 98 0
8657 37410 6 98 0
8657 37410 7 98 0
8657 37410 8 98 0
8657 37410 9 98 0
8657 37410 10 98 0
!sus 15830 57063 0 10 3 attackers:15830;victims:57063;type:1;valid_origin:True;recurrent:True;local:False
15830 57063 1 0 3
15830 57063 2 0 3
15830 57063 3 0 3
15830 57063 4 0 3
15830 57063 5 0 3
15830 57063 6 1 2
15830 57063 7 0 3
15830 57063 8 0 3
15830 57063 9 0 3
15830 57063 10 0 3
!sus 3399 215467 8 2 4 attackers:3399;victims:215467;type:1;valid_origin:True;recurrent:True;local:False
3399 215467 1 0 4
3399 215467 2 2 2
3399 215467 3 4 0
3399 215467 4 4 0
3399 215467 5 4 0
3399 215467 6 4 0
3399 215467 7 4 0
3399 215467 8 4 0
3399 215467 9 4 0
3399 215467 10 4 0
!sus 1121 24953 0 10 1 attackers:1121;victims:24953;type:1;valid_origin:True;recurrent:False;local:False
1121 24953 1 0 1
1121 24953 2 0 1
1121 24953 3 0 1
1121 24953 4 0 1
1121 24953 5 0 1
1121 24953 6 0 1
1121 24953 7 0 1
1121 24953 8 0 1
1121 24953 9 0 1
1121 24953 10 0 1
!sus 214024 215304 0 10 7 attackers:215304;victims:214024;type:1;valid_origin:True;recurrent:True;local:False
214024 215304 1 2 5
214024 215304 2 2 5
214024 215304 3 0 7
214024 215304 4 0 7
214024 215304 5 0 7
214024 215304 6 0 7
214024 215304 7 0 7
214024 215304 8 0 7
214024 215304 9 0 7
214024 215304 10 0 7
!sus 3 136352 0 10 1 attackers:136352;victims:3;type:1;valid_origin:False;recurrent:True;local:False
3 136352 1 0 1
3 136352 2 0 1
3 136352 3 0 1
3 136352 4 0 1
3 136352 5 0 1
3 136352 6 0 1
3 136352 7 0 1
3 136352 8 0 1
3 136352 9 0 1
3 136352 10 0 1
!sus 35394 35594 0 10 2 attackers:35594;victims:35394;type:1;valid_origin:False;recurrent:False;local:False
35394 35594 1 0 2
35394 35594 2 0 2
35394 35594 3 0 2
35394 35594 4 0 2
35394 35594 5 0 2
35394 35594 6 0 2
35394 35594 7 0 2
35394 35594 8 0 2
35394 35594 9 0 2
35394 35594 10 0 2
!sus 12975 210116 4 6 2 attackers:12975;victims:210116;type:1;valid_origin:True;recurrent:True;local:False
12975 210116 1 2 0
12975 210116 2 1 1
12975 210116 3 1 1
12975 210116 4 1 1
12975 210116 5 1 1
12975 210116 6 2 0
12975 210116 7 2 0
12975 210116 8 1 1
12975 210116 9 0 2
12975 210116 10 2 0
!sus 2 269273 0 10 5 attackers:269273;victims:2;type:1;valid_origin:False;recurrent:False;local:False
2 269273 1 0 5
2 269273 2 0 5
2 269273 3 0 5
2 269273 4 0 5
2 269273 5 0 5
2 269273 6 0 5
2 269273 7 0 5
2 269273 8 0 5
2 269273 9 0 5
2 269273 10 0 5
!leg 8309 205689 10 0 1 attackers:8309;victims:205689;type:1;valid_origin:True;recurrent:False;local:False
8309 205689 1 1 0
8309 205689 2 1 0
8309 205689 3 1 0
8309 205689 4 1 0
8309 205689 5 1 0
8309 205689 6 1 0
8309 205689 7 1 0
8309 205689 8 1 0
8309 205689 9 1 0
8309 205689 10 1 0
!sus 16509 132280 0 10 1 attackers:132280;victims:16509;type:1;valid_origin:True;recurrent:True;local:False
16509 132280 1 0 1
16509 132280 2 0 1
16509 132280 3 0 1
16509 132280 4 0 1
16509 132280 5 0 1
16509 132280 6 0 1
16509 132280 7 0 1
16509 132280 8 0 1
16509 132280 9 0 1
16509 132280 10 0 1
!leg 4787 149746 10 0 7 attackers:149746;victims:45319;type:2;valid_origin:True;recurrent:False;local:False
4787 149746 1 7 0
4787 149746 2 7 0
4787 149746 3 7 0
4787 149746 4 7 0
4787 149746 5 7 0
4787 149746 6 7 0
4787 149746 7 7 0
4787 149746 8 7 0
4787 149746 9 7 0
4787 149746 10 7 0
!sus 37100 329492 2 8 4 attackers:37100;victims:329492;type:1;valid_origin:True;recurrent:True;local:False
37100 329492 1 4 0
37100 329492 2 1 3
37100 329492 3 3 1
37100 329492 4 0 4
37100 329492 5 1 3
37100 329492 6 0 4
37100 329492 7 0 4
37100 329492 8 0 4
37100 329492 9 0 4
37100 329492 10 1 3
!sus 14593 48728 9 1 8 attackers:48728;victims:14593;type:1;valid_origin:True;recurrent:True;local:False
14593 48728 1 0 8
14593 48728 2 6 2
14593 48728 3 7 1
14593 48728 4 7 1
14593 48728 5 7 1
14593 48728 6 8 0
14593 48728 7 8 0
14593 48728 8 8 0
14593 48728 9 8 0
14593 48728 10 8 0
!sus 15830 23433 9 1 1 attackers:15830;victims:23433;type:1;valid_origin:True;recurrent:True;local:False
15830 23433 1 0 1
15830 23433 2 1 0
15830 23433 3 1 0
15830 23433 4 1 0
15830 23433 5 1 0
15830 23433 6 1 0
15830 23433 7 1 0
15830 23433 8 1 0
15830 23433 9 1 0
15830 23433 10 1 0
!sus 20473 198209 8 2 112 attackers:20473;victims:198209;type:1;valid_origin:True;recurrent:True;local:False
20473 198209 1 31 81
20473 198209 2 57 55
20473 198209 3 64 48
20473 198209 4 79 33
20473 198209 5 51 61
20473 198209 6 80 32
20473 198209 7 62 50
20473 198209 8 63 49
20473 198209 9 75 37
20473 198209 10 73 39
!leg 35280 271595 10 0 2 attackers:35280;victims:271595;type:1;valid_origin:True;recurrent:False;local:False
35280 271595 1 2 0
35280 271595 2 2 0
35280 271595 3 2 0
35280 271595 4 2 0
35280 271595 5 2 0
35280 271595 6 2 0
35280 271595 7 2 0
35280 271595 8 2 0
35280 271595 9 2 0
35280 271595 10 2 0
!leg 58715 137871 10 0 6 attackers:58715;victims:137871;type:1;valid_origin:True;recurrent:False;local:False
58715 137871 1 6 0
58715 137871 2 6 0
58715 137871 3 6 0
58715 137871 4 6 0
58715 137871 5 6 0
58715 137871 6 6 0
58715 137871 7 6 0
58715 137871 8 6 0
58715 137871 9 6 0
58715 137871 10 6 0
!leg 55818 56258 10 0 11 attackers:55818;victims:63859;type:2;valid_origin:True;recurrent:False;local:False
55818 56258 1 11 0
55818 56258 2 11 0
55818 56258 3 11 0
55818 56258 4 11 0
55818 56258 5 11 0
55818 56258 6 11 0
55818 56258 7 11 0
55818 56258 8 11 0
55818 56258 9 11 0
55818 56258 10 11 0
!sus 37100 328436 8 2 4 attackers:37100;victims:328436;type:1;valid_origin:True;recurrent:True;local:False
37100 328436 1 0 4
37100 328436 2 2 2
37100 328436 3 4 0
37100 328436 4 4 0
37100 328436 5 4 0
37100 328436 6 4 0
37100 328436 7 4 0
37100 328436 8 4 0
37100 328436 9 4 0
37100 328436 10 4 0
!leg 61637 270724 10 0 90 attackers:270724;victims:61637;type:1;valid_origin:True;recurrent:False;local:False
61637 270724 1 90 0
61637 270724 2 90 0
61637 270724 3 90 0
61637 270724 4 90 0
61637 270724 5 90 0
61637 270724 6 90 0
61637 270724 7 90 0
61637 270724 8 90 0
61637 270724 9 90 0
61637 270724 10 90 0
!sus 39409 52025 6 4 2 attackers:39409;victims:35952;type:2;valid_origin:True;recurrent:True;local:False
39409 52025 1 1 1
39409 52025 2 1 1
39409 52025 3 1 1
39409 52025 4 1 1
39409 52025 5 2 0
39409 52025 6 2 0
39409 52025 7 2 0
39409 52025 8 2 0
39409 52025 9 2 0
39409 52025 10 2 0
!sus 57463 134078 0 10 2 attackers:57463;victims:134078;type:1;valid_origin:True;recurrent:True;local:False
57463 134078 1 0 2
57463 134078 2 0 2
57463 134078 3 0 2
57463 134078 4 0 2
57463 134078 5 0 2
57463 134078 6 0 2
57463 134078 7 1 1
57463 134078 8 1 1
57463 134078 9 1 1
57463 134078 10 0 2
!sus 16509 268976 3 7 2 attackers:268976;victims:16509,21664;type:1,2;valid_origin:True;recurrent:True;local:True
16509 268976 1 0 2
16509 268976 2 0 2
16509 268976 3 0 2
16509 268976 4 0 2
16509 268976 5 0 2
16509 268976 6 0 2
16509 268976 7 2 0
16509 268976 8 1 1
16509 268976 9 2 0
16509 268976 10 2 0
!sus 50300 264409 0 10 1 attackers:50300;victims:264409;type:1;valid_origin:True;recurrent:True;local:True
50300 264409 1 0 1
50300 264409 2 0 1
50300 264409 3 0 1
50300 264409 4 0 1
50300 264409 5 0 1
50300 264409 6 0 1
50300 264409 7 0 1
50300 264409 8 0 1
50300 264409 9 0 1
50300 264409 10 0 1
!leg 20473 153376 10 0 10 attackers:20473;victims:153376;type:1;valid_origin:True;recurrent:True;local:False
20473 153376 1 9 1
20473 153376 2 9 1
20473 153376 3 10 0
20473 153376 4 10 0
20473 153376 5 10 0
20473 153376 6 10 0
20473 153376 7 10 0
20473 153376 8 10 0
20473 153376 9 10 0
20473 153376 10 10 0
!sus 31313 39279 2 8 5 attackers:31313;victims:28990,39279;type:3,4;valid_origin:True;recurrent:True;local:False
31313 39279 1 2 3
31313 39279 2 2 3
31313 39279 3 2 3
31313 39279 4 2 3
31313 39279 5 2 3
31313 39279 6 3 2
31313 39279 7 2 3
31313 39279 8 4 1
31313 39279 9 2 3
31313 39279 10 2 3
!sus 37662 329490 0 10 2 attackers:37662;victims:329490;type:1;valid_origin:True;recurrent:True;local:False
37662 329490 1 1 1
37662 329490 2 0 2
37662 329490 3 0 2
37662 329490 4 0 2
37662 329490 5 0 2
37662 329490 6 0 2
37662 329490 7 0 2
37662 329490 8 0 2
37662 329490 9 0 2
37662 329490 10 0 2
!sus 6775 51095 8 2 1 attackers:51095;victims:60728;type:2;valid_origin:True;recurrent:True;local:False
6775 51095 1 0 1
6775 51095 2 0 1
6775 51095 3 1 0
6775 51095 4 1 0
6775 51095 5 1 0
6775 51095 6 1 0
6775 51095 7 1 0
6775 51095 8 1 0
6775 51095 9 1 0
6775 51095 10 1 0
!sus 19037 263812 9 1 5 attackers:19037;victims:263812;type:1;valid_origin:True;recurrent:True;local:False
19037 263812 1 0 5
19037 263812 2 4 1
19037 263812 3 3 2
19037 263812 4 5 0
19037 263812 5 5 0
19037 263812 6 5 0
19037 263812 7 5 0
19037 263812 8 5 0
19037 263812 9 5 0
19037 263812 10 5 0
!leg 138840 149942 10 0 59 attackers:138840;victims:149942;type:1;valid_origin:True;recurrent:False;local:False
138840 149942 1 59 0
138840 149942 2 59 0
138840 149942 3 59 0
138840 149942 4 59 0
138840 149942 5 59 0
138840 149942 6 59 0
138840 149942 7 59 0
138840 149942 8 59 0
138840 149942 9 59 0
138840 149942 10 59 0
!sus 206262 214033 0 10 2 attackers:206262;victims:214033;type:1;valid_origin:True;recurrent:True;local:False
206262 214033 1 0 2
206262 214033 2 0 2
206262 214033 3 0 2
206262 214033 4 0 2
206262 214033 5 0 2
206262 214033 6 0 2
206262 214033 7 0 2
206262 214033 8 0 2
206262 214033 9 0 2
206262 214033 10 0 2
!sus 50867 401390 3 7 20 attackers:50867;victims:401390;type:1;valid_origin:True;recurrent:True;local:False
50867 401390 1 0 20
50867 401390 2 0 20
50867 401390 3 0 20
50867 401390 4 0 20
50867 401390 5 0 20
50867 401390 6 5 15
50867 401390 7 0 20
50867 401390 8 20 0
50867 401390 9 20 0
50867 401390 10 20 0
!sus 62489 401111 0 10 1 attackers:401111;victims:62489;type:1;valid_origin:False;recurrent:True;local:False
62489 401111 1 0 1
62489 401111 2 0 1
62489 401111 3 0 1
62489 401111 4 0 1
62489 401111 5 0 1
62489 401111 6 0 1
62489 401111 7 0 1
62489 401111 8 0 1
62489 401111 9 0 1
62489 401111 10 0 1
!sus 55911 63780 6 4 14 attackers:63780;victims:55911;type:1;valid_origin:True;recurrent:True;local:False
55911 63780 1 14 0
55911 63780 2 13 1
55911 63780 3 14 0
55911 63780 4 13 1
55911 63780 5 9 5
55911 63780 6 13 1
55911 63780 7 0 14
55911 63780 8 0 14
55911 63780 9 0 14
55911 63780 10 6 8
!sus 37381 205996 8 2 3 attackers:205996;victims:37381;type:1;valid_origin:True;recurrent:True;local:False
37381 205996 1 0 3
37381 205996 2 0 3
37381 205996 3 2 1
37381 205996 4 3 0
37381 205996 5 3 0
37381 205996 6 3 0
37381 205996 7 2 1
37381 205996 8 3 0
37381 205996 9 3 0
37381 205996 10 3 0
!leg 140684 148993 10 0 1 attackers:140684;victims:148993;type:1;valid_origin:True;recurrent:False;local:True
140684 148993 1 1 0
140684 148993 2 1 0
140684 148993 3 1 0
140684 148993 4 1 0
140684 148993 5 1 0
140684 148993 6 1 0
140684 148993 7 1 0
140684 148993 8 1 0
140684 148993 9 1 0
140684 148993 10 1 0
!leg 28458 270150 10 0 77 attackers:28458;victims:270150;type:1;valid_origin:True;recurrent:False;local:False
28458 270150 1 77 0
28458 270150 2 77 0
28458 270150 3 77 0
28458 270150 4 77 0
28458 270150 5 77 0
28458 270150 6 77 0
28458 270150 7 77 0
28458 270150 8 77 0
28458 270150 9 77 0
28458 270150 10 77 0
!sus 206125 212514 0 10 163 attackers:212514;victims:206125;type:1;valid_origin:True;recurrent:True;local:False
206125 212514 1 0 163
206125 212514 2 0 163
206125 212514 3 0 163
206125 212514 4 0 163
206125 212514 5 0 163
206125 212514 6 0 163
206125 212514 7 0 163
206125 212514 8 0 163
206125 212514 9 0 163
206125 212514 10 3 160
!sus 11058 13786 0 10 11 attackers:11058;victims:264983,263078,52927,262288;type:3,4;valid_origin:True;recurrent:True;local:False
11058 13786 1 0 11
11058 13786 2 0 11
11058 13786 3 0 11
11058 13786 4 1 10
11058 13786 5 1 10
11058 13786 6 1 10
11058 13786 7 1 10
11058 13786 8 1 10
11058 13786 9 1 10
11058 13786 10 1 10
!sus 214215 216017 0 10 2 attackers:214215;victims:216017;type:1;valid_origin:True;recurrent:True;local:False
214215 216017 1 0 2
214215 216017 2 0 2
214215 216017 3 0 2
214215 216017 4 0 2
214215 216017 5 0 2
214215 216017 6 0 2
214215 216017 7 0 2
214215 216017 8 0 2
214215 216017 9 0 2
214215 216017 10 0 2
!sus 3352 400696 6 4 12 attackers:3352;victims:400696;type:1;valid_origin:True;recurrent:True;local:False
3352 400696 1 0 12
3352 400696 2 0 12
3352 400696 3 12 0
3352 400696 4 6 6
3352 400696 5 8 4
3352 400696 6 0 12
3352 400696 7 12 0
3352 400696 8 12 0
3352 400696 9 12 0
3352 400696 10 12 0
!sus 58057 214821 6 4 48 attackers:58057;victims:214821;type:1;valid_origin:True;recurrent:True;local:False
58057 214821 1 14 34
58057 214821 2 15 33
58057 214821 3 16 32
58057 214821 4 22 26
58057 214821 5 27 21
58057 214821 6 46 2
58057 214821 7 32 16
58057 214821 8 48 0
58057 214821 9 35 13
58057 214821 10 47 1
!sus 200461 400304 9 1 2 attackers:400304;victims:200461;type:1;valid_origin:True;recurrent:True;local:False
200461 400304 1 0 2
200461 400304 2 2 0
200461 400304 3 2 0
200461 400304 4 2 0
200461 400304 5 2 0
200461 400304 6 2 0
200461 400304 7 2 0
200461 400304 8 2 0
200461 400304 9 2 0
200461 400304 10 2 0
!sus 34872 214495 0 10 4 attackers:34872;victims:214495;type:1;valid_origin:True;recurrent:True;local:False
34872 214495 1 0 4
34872 214495 2 0 4
34872 214495 3 0 4
34872 214495 4 0 4
34872 214495 5 0 4
34872 214495 6 0 4
34872 214495 7 0 4
34872 214495 8 1 3
34872 214495 9 1 3
34872 214495 10 1 3
!leg 38074 152865 10 0 83 attackers:38074;victims:152865;type:1;valid_origin:True;recurrent:False;local:False
38074 152865 1 83 0
38074 152865 2 83 0
38074 152865 3 83 0
38074 152865 4 83 0
38074 152865 5 83 0
38074 152865 6 83 0
38074 152865 7 83 0
38074 152865 8 83 0
38074 152865 9 83 0
38074 152865 10 83 0
!sus 47965 328079 0 10 9 attackers:47965;victims:328079;type:1;valid_origin:True;recurrent:True;local:False
47965 328079 1 0 9
47965 328079 2 0 9
47965 328079 3 0 9
47965 328079 4 0 9
47965 328079 5 0 9
47965 328079 6 0 9
47965 328079 7 0 9
47965 328079 8 0 9
47965 328079 9 0 9
47965 328079 10 0 9
!leg 8697 47887 10 0 102 attackers:8697;victims:47887,396076,210432,39526,205020,28730,35282,8934;type:1,2;valid_origin:True;recurrent:False;local:False
8697 47887 1 102 0
8697 47887 2 102 0
8697 47887 3 102 0
8697 47887 4 102 0
8697 47887 5 102 0
8697 47887 6 102 0
8697 47887 7 102 0
8697 47887 8 102 0
8697 47887 9 102 0
8697 47887 10 102 0
!sus 215096 215439 9 1 7 attackers:215439;victims:215096;type:1;valid_origin:False;recurrent:True;local:False
215096 215439 1 7 0
215096 215439 2 7 0
215096 215439 3 7 0
215096 215439 4 7 0
215096 215439 5 7 0
215096 215439 6 7 0
215096 215439 7 7 0
215096 215439 8 2 5
215096 215439 9 7 0
215096 215439 10 7 0
!sus 58453 151552 0 10 6 attackers:58453;victims:24429;type:2;valid_origin:True;recurrent:True;local:False
58453 151552 1 1 5
58453 151552 2 2 4
58453 151552 3 3 3
58453 151552 4 2 4
58453 151552 5 3 3
58453 151552 6 3 3
58453 151552 7 1 5
58453 151552 8 3 3
58453 151552 9 3 3
58453 151552 10 3 3
!leg 4657 21056 10 0 1 attackers:4657;victims:21056;type:1;valid_origin:True;recurrent:False;local:False
4657 21056 1 1 0
4657 21056 2 1 0
4657 21056 3 1 0
4657 21056 4 1 0
4657 21056 5 1 0
4657 21056 6 1 0
4657 21056 7 1 0
4657 21056 8 1 0
4657 21056 9 1 0
4657 21056 10 1 0
!sus 56630 214129 7 3 82 attackers:56630;victims:197963,202941,216299,214818,211604,214522,214643,204508,214129,214199,214757,199518,215956;type:1,2,3,4;valid_origin:True;recurrent:True;local:False
56630 214129 1 0 82
56630 214129 2 0 82
56630 214129 3 64 18
56630 214129 4 0 82
56630 214129 5 45 37
56630 214129 6 78 4
56630 214129 7 78 4
56630 214129 8 78 4
56630 214129 9 78 4
56630 214129 10 78 4
!sus 59796 214320 8 2 124 attackers:59796;victims:214320;type:1;valid_origin:True;recurrent:False;local:False
59796 214320 1 5 119
59796 214320 2 53 71
59796 214320 3 115 9
59796 214320 4 115 9
59796 214320 5 123 1
59796 214320 6 124 0
59796 214320 7 123 1
59796 214320 8 124 0
59796 214320 9 124 0
59796 214320 10 124 0
!leg 39386 327822 10 0 1 attackers:39386;victims:327822;type:1;valid_origin:True;recurrent:False;local:False
39386 327822 1 1 0
39386 327822 2 1 0
39386 327822 3 1 0
39386 327822 4 1 0
39386 327822 5 1 0
39386 327822 6 1 0
39386 327822 7 1 0
39386 327822 8 1 0
39386 327822 9 1 0
39386 327822 10 1 0
!leg 4657 198930 10 0 2 attackers:4657;victims:198930,34793;type:1,2;valid_origin:True;recurrent:False;local:False
4657 198930 1 2 0
4657 198930 2 2 0
4657 198930 3 2 0
4657 198930 4 2 0
4657 198930 5 2 0
4657 198930 6 2 0
4657 198930 7 2 0
4657 198930 8 2 0
4657 198930 9 2 0
4657 198930 10 2 0
!sus 262589 274663 0 10 6 attackers:262589;victims:274663;type:1;valid_origin:True;recurrent:True;local:False
262589 274663 1 3 3
262589 274663 2 1 5
262589 274663 3 0 6
262589 274663 4 0 6
262589 274663 5 0 6
262589 274663 6 0 6
262589 274663 7 0 6
262589 274663 8 0 6
262589 274663 9 0 6
262589 274663 10 0 6
!leg 20473 214053 10 0 2 attackers:20473;victims:214053;type:1;valid_origin:True;recurrent:True;local:False
20473 214053 1 2 0
20473 214053 2 2 0
20473 214053 3 2 0
20473 214053 4 2 0
20473 214053 5 2 0
20473 214053 6 2 0
20473 214053 7 2 0
20473 214053 8 2 0
20473 214053 9 2 0
20473 214053 10 2 0
!sus 40569 53356 5 5 6 attackers:53356;victims:40569;type:1;valid_origin:True;recurrent:True;local:False
40569 53356 1 3 3
40569 53356 2 3 3
40569 53356 3 3 3
40569 53356 4 2 4
40569 53356 5 6 0
40569 53356 6 4 2
40569 53356 7 3 3
40569 53356 8 6 0
40569 53356 9 6 0
40569 53356 10 5 1
!leg 24961 44547 10 0 2 attackers:24961;victims:44547;type:1;valid_origin:True;recurrent:True;local:False
24961 44547 1 2 0
24961 44547 2 2 0
24961 44547 3 2 0
24961 44547 4 2 0
24961 44547 5 2 0
24961 44547 6 2 0
24961 44547 7 2 0
24961 44547 8 2 0
24961 44547 9 2 0
24961 44547 10 2 0
!leg 23947 56258 10 0 1 attackers:23947;victims:63859;type:2;valid_origin:True;recurrent:False;local:False
23947 56258 1 1 0
23947 56258 2 1 0
23947 56258 3 1 0
23947 56258 4 1 0
23947 56258 5 1 0
23947 56258 6 1 0
23947 56258 7 1 0
23947 56258 8 1 0
23947 56258 9 1 0
23947 56258 10 1 0
!sus 54945 401438 6 4 8 attackers:54945;victims:401438;type:1;valid_origin:True;recurrent:True;local:False
54945 401438 1 8 0
54945 401438 2 7 1
54945 401438 3 7 1
54945 401438 4 6 2
54945 401438 5 6 2
54945 401438 6 7 1
54945 401438 7 0 8
54945 401438 8 0 8
54945 401438 9 0 8
54945 401438 10 0 8
!sus 8849 215540 6 4 35 attackers:8849;victims:215540;type:1;valid_origin:False;recurrent:True;local:False
8849 215540 1 0 35
8849 215540 2 17 18
8849 215540 3 15 20
8849 215540 4 17 18
8849 215540 5 35 0
8849 215540 6 33 2
8849 215540 7 34 1
8849 215540 8 35 0
8849 215540 9 35 0
8849 215540 10 35 0
!sus 13335 134078 0 10 2 attackers:134078;victims:36184;type:2;valid_origin:True;recurrent:True;local:False
13335 134078 1 0 2
13335 134078 2 0 2
13335 134078 3 0 2
13335 134078 4 0 2
13335 134078 5 1 1
13335 134078 6 1 1
13335 134078 7 1 1
13335 134078 8 1 1
13335 134078 9 1 1
13335 134078 10 1 1
!leg 41624 137409 10 0 1 attackers:137409;victims:41624;type:1;valid_origin:True;recurrent:False;local:False
41624 137409 1 1 0
41624 137409 2 1 0
41624 137409 3 1 0
41624 137409 4 1 0
41624 137409 5 1 0
41624 137409 6 1 0
41624 137409 7 1 0
41624 137409 8 1 0
41624 137409 9 1 0
41624 137409 10 1 0
!sus 56594 56971 0 10 65 attackers:56971;victims:56594;type:1;valid_origin:False;recurrent:False;local:False
56594 56971 1 4 61
56594 56971 2 4 61
56594 56971 3 0 65
56594 56971 4 0 65
56594 56971 5 0 65
56594 56971 6 0 65
56594 56971 7 0 65
56594 56971 8 0 65
56594 56971 9 0 65
56594 56971 10 0 65
!leg 131471 132480 10 0 150 attackers:131471;victims:132480;type:1;valid_origin:False;recurrent:False;local:False
131471 132480 1 150 0
131471 132480 2 150 0
131471 132480 3 150 0
131471 132480 4 150 0
131471 132480 5 150 0
131471 132480 6 150 0
131471 132480 7 150 0
131471 132480 8 150 0
131471 132480 9 150 0
131471 132480 10 150 0
!sus 3356 262150 0 10 1 attackers:3356;victims:264650;type:2;valid_origin:True;recurrent:True;local:False
3356 262150 1 0 1
3356 262150 2 0 1
3356 262150 3 0 1
3356 262150 4 0 1
3356 262150 5 0 1
3356 262150 6 0 1
3356 262150 7 0 1
3356 262150 8 0 1
3356 262150 9 0 1
3356 262150 10 0 1
!sus 36944 37467 0 10 212 attackers:36944;victims:37467;type:1;valid_origin:True;recurrent:True;local:False
36944 37467 1 0 212
36944 37467 2 34 178
36944 37467 3 1 211
36944 37467 4 0 212
36944 37467 5 0 212
36944 37467 6 0 212
36944 37467 7 0 212
36944 37467 8 0 212
36944 37467 9 0 212
36944 37467 10 0 212
!sus 1121 9119 8 2 1 attackers:1121;victims:197209;type:2;valid_origin:True;recurrent:False;local:False
1121 9119 1 0 1
1121 9119 2 0 1
1121 9119 3 1 0
1121 9119 4 1 0
1121 9119 5 1 0
1121 9119 6 1 0
1121 9119 7 1 0
1121 9119 8 1 0
1121 9119 9 1 0
1121 9119 10 1 0
!leg 196959 209970 10 0 1 attackers:196959;victims:209970;type:1;valid_origin:True;recurrent:False;local:False
196959 209970 1 1 0
196959 209970 2 1 0
196959 209970 3 1 0
196959 209970 4 1 0
196959 209970 5 1 0
196959 209970 6 1 0
196959 209970 7 1 0
196959 209970 8 1 0
196959 209970 9 1 0
196959 209970 10 1 0
!sus 1121 9009 0 10 2 attackers:1121;victims:208414,205655;type:2;valid_origin:True;recurrent:False;local:False
1121 9009 1 0 2
1121 9009 2 0 2
1121 9009 3 0 2
1121 9009 4 0 2
1121 9009 5 0 2
1121 9009 6 0 2
1121 9009 7 0 2
1121 9009 8 0 2
1121 9009 9 0 2
1121 9009 10 0 2
!leg 55836 56209 10 0 228 attackers:55836;victims:56209;type:1;valid_origin:True;recurrent:False;local:False
55836 56209 1 228 0
55836 56209 2 228 0
55836 56209 3 228 0
55836 56209 4 228 0
55836 56209 5 228 0
55836 56209 6 228 0
55836 56209 7 228 0
55836 56209 8 228 0
55836 56209 9 228 0
55836 56209 10 228 0
!sus 47160 214390 7 3 5 attackers:47160;victims:214390;type:1;valid_origin:False;recurrent:True;local:False
47160 214390 1 5 0
47160 214390 2 5 0
47160 214390 3 2 3
47160 214390 4 0 5
47160 214390 5 5 0
47160 214390 6 0 5
47160 214390 7 4 1
47160 214390 8 5 0
47160 214390 9 5 0
47160 214390 10 3 2
!leg 24837 137409 10 0 1 attackers:137409;victims:57827;type:2;valid_origin:False;recurrent:False;local:False
24837 137409 1 1 0
24837 137409 2 1 0
24837 137409 3 1 0
24837 137409 4 1 0
24837 137409 5 1 0
24837 137409 6 1 0
24837 137409 7 1 0
24837 137409 8 1 0
24837 137409 9 1 0
24837 137409 10 1 0
!sus 63293 265561 7 3 29 attackers:265561;victims:63293;type:1;valid_origin:True;recurrent:True;local:False
63293 265561 1 0 29
63293 265561 2 0 29
63293 265561 3 1 28
63293 265561 4 18 11
63293 265561 5 18 11
63293 265561 6 18 11
63293 265561 7 18 11
63293 265561 8 19 10
63293 265561 9 18 11
63293 265561 10 20 9
!sus 20598 37271 6 4 3 attackers:37271;victims:20598;type:1;valid_origin:True;recurrent:True;local:False
20598 37271 1 0 3
20598 37271 2 0 3
20598 37271 3 0 3
20598 37271 4 0 3
20598 37271 5 3 0
20598 37271 6 3 0
20598 37271 7 3 0
20598 37271 8 3 0
20598 37271 9 3 0
20598 37271 10 3 0
!leg 52873 270264 10 0 18 attackers:270264;victims:266401;type:3;valid_origin:True;recurrent:False;local:False
52873 270264 1 18 0
52873 270264 2 18 0
52873 270264 3 18 0
52873 270264 4 18 0
52873 270264 5 18 0
52873 270264 6 18 0
52873 270264 7 18 0
52873 270264 8 18 0
52873 270264 9 18 0
52873 270264 10 18 0
!sus 14840 266952 6 4 2 attackers:266952;victims:271208;type:2;valid_origin:True;recurrent:True;local:False
14840 266952 1 0 2
14840 266952 2 0 2
14840 266952 3 2 0
14840 266952 4 0 2
14840 266952 5 1 1
14840 266952 6 2 0
14840 266952 7 2 0
14840 266952 8 2 0
14840 266952 9 2 0
14840 266952 10 2 0
!sus 6777 264409 0 10 1 attackers:6777;victims:264409;type:1;valid_origin:True;recurrent:True;local:False
6777 264409 1 0 1
6777 264409 2 0 1
6777 264409 3 0 1
6777 264409 4 0 1
6777 264409 5 0 1
6777 264409 6 0 1
6777 264409 7 0 1
6777 264409 8 0 1
6777 264409 9 0 1
6777 264409 10 0 1
!leg 3356 63078 10 0 99 attackers:3356;victims:63078;type:1;valid_origin:True;recurrent:False;local:False
3356 63078 1 94 5
3356 63078 2 93 6
3356 63078 3 93 6
3356 63078 4 93 6
3356 63078 5 94 5
3356 63078 6 93 6
3356 63078 7 93 6
3356 63078 8 94 5
3356 63078 9 92 7
3356 63078 10 93 6
!leg 3214 3786 10 0 12 attackers:3214;victims:38669,38091,18313,10066,9697,17577,9845,17839;type:2,3,4;valid_origin:True;recurrent:False;local:False
3214 3786 1 11 1
3214 3786 2 11 1
3214 3786 3 11 1
3214 3786 4 12 0
3214 3786 5 12 0
3214 3786 6 12 0
3214 3786 7 12 0
3214 3786 8 12 0
3214 3786 9 12 0
3214 3786 10 12 0
!leg 4657 31449 10 0 1 attackers:4657;victims:31449;type:1;valid_origin:True;recurrent:False;local:False
4657 31449 1 1 0
4657 31449 2 1 0
4657 31449 3 1 0
4657 31449 4 1 0
4657 31449 5 1 0
4657 31449 6 1 0
4657 31449 7 1 0
4657 31449 8 1 0
4657 31449 9 1 0
4657 31449 10 1 0
!leg 37179 39386 10 0 1 attackers:39386;victims:37333;type:2;valid_origin:True;recurrent:False;local:False
37179 39386 1 1 0
37179 39386 2 1 0
37179 39386 3 1 0
37179 39386 4 1 0
37179 39386 5 1 0
37179 39386 6 1 0
37179 39386 7 1 0
37179 39386 8 1 0
37179 39386 9 1 0
37179 39386 10 1 0
!sus 153344 215304 0 10 175 attackers:215304;victims:153344;type:1;valid_origin:True;recurrent:True;local:False
153344 215304 1 0 175
153344 215304 2 0 175
153344 215304 3 0 175
153344 215304 4 0 175
153344 215304 5 0 175
153344 215304 6 0 175
153344 215304 7 0 175
153344 215304 8 0 175
153344 215304 9 0 175
153344 215304 10 0 175
!sus 3 268243 0 10 6 attackers:268243;victims:3;type:1;valid_origin:False;recurrent:True;local:False
3 268243 1 0 6
3 268243 2 0 6
3 268243 3 0 6
3 268243 4 0 6
3 268243 5 0 6
3 268243 6 0 6
3 268243 7 0 6
3 268243 8 0 6
3 268243 9 0 6
3 268243 10 0 6
!leg 24889 60150 10 0 1 attackers:24889;victims:60150;type:1;valid_origin:True;recurrent:False;local:False
24889 60150 1 1 0
24889 60150 2 1 0
24889 60150 3 1 0
24889 60150 4 1 0
24889 60150 5 1 0
24889 60150 6 1 0
24889 60150 7 1 0
24889 60150 8 1 0
24889 60150 9 1 0
24889 60150 10 1 0
!sus 28978 47200 8 2 2 attackers:47200;victims:28978,42564;type:1,2;valid_origin:True;recurrent:False;local:False
28978 47200 1 0 2
28978 47200 2 0 2
28978 47200 3 2 0
28978 47200 4 2 0
28978 47200 5 2 0
28978 47200 6 2 0
28978 47200 7 2 0
28978 47200 8 2 0
28978 47200 9 2 0
28978 47200 10 2 0
!leg 4657 203462 10 0 1 attackers:4657;victims:203462;type:1;valid_origin:True;recurrent:False;local:False
4657 203462 1 1 0
4657 203462 2 1 0
4657 203462 3 1 0
4657 203462 4 1 0
4657 203462 5 1 0
4657 203462 6 1 0
4657 203462 7 1 0
4657 203462 8 1 0
4657 203462 9 1 0
4657 203462 10 1 0
!sus 57154 205112 1 9 2 attackers:205112;victims:57154;type:1;valid_origin:True;recurrent:True;local:False
57154 205112 1 1 1
57154 205112 2 1 1
57154 205112 3 1 1
57154 205112 4 1 1
57154 205112 5 1 1
57154 205112 6 1 1
57154 205112 7 1 1
57154 205112 8 1 1
57154 205112 9 1 1
57154 205112 10 2 0
!sus 134640 396986 0 10 7 attackers:134640;victims:396986;type:1;valid_origin:True;recurrent:True;local:False
134640 396986 1 0 7
134640 396986 2 0 7
134640 396986 3 0 7
134640 396986 4 0 7
134640 396986 5 0 7
134640 396986 6 0 7
134640 396986 7 0 7
134640 396986 8 0 7
134640 396986 9 0 7
134640 396986 10 0 7
!leg 13335 21439 10 0 86 attackers:13335;victims:21439;type:1;valid_origin:True;recurrent:False;local:False
13335 21439 1 85 1
13335 21439 2 86 0
13335 21439 3 86 0
13335 21439 4 86 0
13335 21439 5 86 0
13335 21439 6 86 0
13335 21439 7 86 0
13335 21439 8 86 0
13335 21439 9 86 0
13335 21439 10 86 0
!sus 204770 214054 1 9 53 attackers:204770;victims:214054;type:1;valid_origin:False;recurrent:False;local:False
204770 214054 1 31 22
204770 214054 2 4 49
204770 214054 3 0 53
204770 214054 4 0 53
204770 214054 5 0 53
204770 214054 6 0 53
204770 214054 7 0 53
204770 214054 8 0 53
204770 214054 9 0 53
204770 214054 10 0 53
!leg 24889 202707 10 0 1 attackers:24889;victims:202707;type:1;valid_origin:True;recurrent:False;local:False
24889 202707 1 1 0
24889 202707 2 1 0
24889 202707 3 1 0
24889 202707 4 1 0
24889 202707 5 1 0
24889 202707 6 1 0
24889 202707 7 1 0
24889 202707 8 1 0
24889 202707 9 1 0
24889 202707 10 1 0
!sus 1 271662 0 10 1 attackers:271662;victims:1;type:1;valid_origin:True;recurrent:True;local:False
1 271662 1 0 1
1 271662 2 0 1
1 271662 3 0 1
1 271662 4 0 1
1 271662 5 0 1
1 271662 6 0 1
1 271662 7 0 1
1 271662 8 0 1
1 271662 9 0 1
1 271662 10 0 1
!sus 60068 401398 0 10 2 attackers:60068;victims:401398;type:1;valid_origin:False;recurrent:True;local:False
60068 401398 1 0 2
60068 401398 2 0 2
60068 401398 3 0 2
60068 401398 4 0 2
60068 401398 5 0 2
60068 401398 6 0 2
60068 401398 7 0 2
60068 401398 8 0 2
60068 401398 9 0 2
60068 401398 10 0 2
!sus 47589 139341 4 6 14 attackers:47589;victims:139341;type:1;valid_origin:True;recurrent:True;local:False
47589 139341 1 0 14
47589 139341 2 0 14
47589 139341 3 0 14
47589 139341 4 0 14
47589 139341 5 5 9
47589 139341 6 7 7
47589 139341 7 8 6
47589 139341 8 8 6
47589 139341 9 10 4
47589 139341 10 11 3
!sus 9902 264409 0 10 1 attackers:9902;victims:264409;type:1;valid_origin:True;recurrent:True;local:True
9902 264409 1 0 1
9902 264409 2 0 1
9902 264409 3 0 1
9902 264409 4 0 1
9902 264409 5 0 1
9902 264409 6 0 1
9902 264409 7 0 1
9902 264409 8 0 1
9902 264409 9 0 1
9902 264409 10 0 1
!leg 9280 59356 10 0 27 attackers:9280;victims:59356;type:1;valid_origin:True;recurrent:False;local:False
9280 59356 1 27 0
9280 59356 2 27 0
9280 59356 3 27 0
9280 59356 4 27 0
9280 59356 5 27 0
9280 59356 6 27 0
9280 59356 7 27 0
9280 59356 8 27 0
9280 59356 9 27 0
9280 59356 10 27 0
!leg 53087 271595 10 0 1 attackers:53087;victims:271595;type:1;valid_origin:True;recurrent:False;local:False
53087 271595 1 1 0
53087 271595 2 1 0
53087 271595 3 1 0
53087 271595 4 1 0
53087 271595 5 1 0
53087 271595 6 1 0
53087 271595 7 1 0
53087 271595 8 1 0
53087 271595 9 1 0
53087 271595 10 1 0
!leg 4657 199471 10 0 1 attackers:4657;victims:199471;type:1;valid_origin:True;recurrent:False;local:False
4657 199471 1 1 0
4657 199471 2 1 0
4657 199471 3 1 0
4657 199471 4 1 0
4657 199471 5 1 0
4657 199471 6 1 0
4657 199471 7 1 0
4657 199471 8 1 0
4657 199471 9 1 0
4657 199471 10 1 0
!sus 6424 10111 0 10 1 attackers:6424;victims:7720;type:2;valid_origin:True;recurrent:True;local:False
6424 10111 1 0 1
6424 10111 2 0 1
6424 10111 3 0 1
6424 10111 4 0 1
6424 10111 5 0 1
6424 10111 6 0 1
6424 10111 7 0 1
6424 10111 8 0 1
6424 10111 9 0 1
6424 10111 10 0 1
!sus 214441 216311 8 2 1 attackers:216311;victims:214441;type:1;valid_origin:True;recurrent:True;local:False
214441 216311 1 0 1
214441 216311 2 0 1
214441 216311 3 1 0
214441 216311 4 1 0
214441 216311 5 1 0
214441 216311 6 1 0
214441 216311 7 1 0
214441 216311 8 1 0
214441 216311 9 1 0
214441 216311 10 1 0
!leg 28329 262342 10 0 2 attackers:262342;victims:270834;type:3;valid_origin:True;recurrent:False;local:False
28329 262342 1 2 0
28329 262342 2 2 0
28329 262342 3 2 0
28329 262342 4 2 0
28329 262342 5 2 0
28329 262342 6 2 0
28329 262342 7 2 0
28329 262342 8 2 0
28329 262342 9 2 0
28329 262342 10 2 0
!leg 4657 60187 10 0 1 attackers:4657;victims:60187;type:1;valid_origin:True;recurrent:False;local:False
4657 60187 1 1 0
4657 60187 2 1 0
4657 60187 3 1 0
4657 60187 4 1 0
4657 60187 5 1 0
4657 60187 6 1 0
4657 60187 7 1 0
4657 60187 8 1 0
4657 60187 9 1 0
4657 60187 10 1 0
!sus 11139 399915 2 8 6 attackers:11139;victims:399915;type:1;valid_origin:True;recurrent:True;local:False
11139 399915 1 0 6
11139 399915 2 0 6
11139 399915 3 0 6
11139 399915 4 0 6
11139 399915 5 0 6
11139 399915 6 5 1
11139 399915 7 1 5
11139 399915 8 6 0
11139 399915 9 0 6
11139 399915 10 0 6
!leg 22381 267267 10 0 1 attackers:22381;victims:267267;type:1;valid_origin:True;recurrent:False;local:False
22381 267267 1 1 0
22381 267267 2 1 0
22381 267267 3 1 0
22381 267267 4 1 0
22381 267267 5 1 0
22381 267267 6 1 0
22381 267267 7 1 0
22381 267267 8 1 0
22381 267267 9 1 0
22381 267267 10 1 0
!leg 137409 204928 10 0 100 attackers:137409;victims:204928;type:1;valid_origin:True;recurrent:False;local:False
137409 204928 1 90 10
137409 204928 2 96 4
137409 204928 3 99 1
137409 204928 4 100 0
137409 204928 5 100 0
137409 204928 6 100 0
137409 204928 7 100 0
137409 204928 8 100 0
137409 204928 9 100 0
137409 204928 10 100 0
!sus 209533 401065 9 1 14 attackers:209533;victims:401065;type:1;valid_origin:True;recurrent:True;local:False
209533 401065 1 5 9
209533 401065 2 9 5
209533 401065 3 11 3
209533 401065 4 12 2
209533 401065 5 13 1
209533 401065 6 13 1
209533 401065 7 14 0
209533 401065 8 13 1
209533 401065 9 13 1
209533 401065 10 14 0
!sus 8732 61266 8 2 1 attackers:8732;victims:61266;type:1;valid_origin:True;recurrent:True;local:False
8732 61266 1 0 1
8732 61266 2 0 1
8732 61266 3 1 0
8732 61266 4 1 0
8732 61266 5 1 0
8732 61266 6 1 0
8732 61266 7 1 0
8732 61266 8 1 0
8732 61266 9 1 0
8732 61266 10 1 0
!sus 24889 328112 9 1 1 attackers:24889;victims:328112;type:1;valid_origin:True;recurrent:True;local:False
24889 328112 1 0 1
24889 328112 2 1 0
24889 328112 3 1 0
24889 328112 4 1 0
24889 328112 5 1 0
24889 328112 6 1 0
24889 328112 7 1 0
24889 328112 8 1 0
24889 328112 9 1 0
24889 328112 10 1 0
!leg 24323 63969 10 0 1 attackers:24323;victims:150291;type:4;valid_origin:True;recurrent:False;local:False
24323 63969 1 1 0
24323 63969 2 1 0
24323 63969 3 1 0
24323 63969 4 1 0
24323 63969 5 1 0
24323 63969 6 1 0
24323 63969 7 1 0
24323 63969 8 1 0
24323 63969 9 1 0
24323 63969 10 1 0
!sus 266859 270023 0 10 10 attackers:270023;victims:266859;type:1;valid_origin:True;recurrent:True;local:False
266859 270023 1 0 10
266859 270023 2 0 10
266859 270023 3 0 10
266859 270023 4 0 10
266859 270023 5 0 10
266859 270023 6 0 10
266859 270023 7 0 10
266859 270023 8 0 10
266859 270023 9 0 10
266859 270023 10 0 10
!leg 37204 328291 10 0 4 attackers:37204;victims:328291;type:1;valid_origin:True;recurrent:True;local:False
37204 328291 1 4 0
37204 328291 2 4 0
37204 328291 3 4 0
37204 328291 4 4 0
37204 328291 5 4 0
37204 328291 6 4 0
37204 328291 7 4 0
37204 328291 8 4 0
37204 328291 9 3 1
37204 328291 10 4 0
!sus 9498 16735 7 3 160 attackers:9498;victims:27715;type:2;valid_origin:True;recurrent:True;local:False
9498 16735 1 0 160
9498 16735 2 0 160
9498 16735 3 0 160
9498 16735 4 107 53
9498 16735 5 117 43
9498 16735 6 150 10
9498 16735 7 123 37
9498 16735 8 150 10
9498 16735 9 150 10
9498 16735 10 160 0
!leg 13094 60625 10 0 1 attackers:13094;victims:60625;type:1;valid_origin:True;recurrent:False;local:False
13094 60625 1 1 0
13094 60625 2 1 0
13094 60625 3 1 0
13094 60625 4 1 0
13094 60625 5 1 0
13094 60625 6 1 0
13094 60625 7 1 0
13094 60625 8 1 0
13094 60625 9 1 0
13094 60625 10 1 0
!sus 21859 268976 4 6 1 attackers:268976;victims:24409;type:2;valid_origin:True;recurrent:True;local:True
21859 268976 1 0 1
21859 268976 2 0 1
21859 268976 3 0 1
21859 268976 4 0 1
21859 268976 5 0 1
21859 268976 6 0 1
21859 268976 7 1 0
21859 268976 8 1 0
21859 268976 9 1 0
21859 268976 10 1 0
!sus 138262 138362 0 10 6 attackers:138362;victims:138362;type:2;valid_origin:True;recurrent:True;local:False
138262 138362 1 0 6
138262 138362 2 0 6
138262 138362 3 0 6
138262 138362 4 0 6
138262 138362 5 0 6
138262 138362 6 0 6
138262 138362 7 0 6
138262 138362 8 0 6
138262 138362 9 0 6
138262 138362 10 0 6
!sus 100 269273 8 2 93 attackers:269273;victims:100;type:1;valid_origin:False;recurrent:False;local:False
100 269273 1 0 93
100 269273 2 0 93
100 269273 3 81 12
100 269273 4 82 11
100 269273 5 90 3
100 269273 6 90 3
100 269273 7 93 0
100 269273 8 93 0
100 269273 9 93 0
100 269273 10 93 0
!sus 205906 212692 0 10 121 attackers:212692;victims:205906;type:1;valid_origin:True;recurrent:True;local:False
205906 212692 1 0 121
205906 212692 2 0 121
205906 212692 3 0 121
205906 212692 4 0 121
205906 212692 5 0 121
205906 212692 6 0 121
205906 212692 7 0 121
205906 212692 8 0 121
205906 212692 9 0 121
205906 212692 10 0 121
!sus 23520 263751 0 10 54 attackers:23520;victims:263751;type:1;valid_origin:True;recurrent:True;local:False
23520 263751 1 0 54
23520 263751 2 0 54
23520 263751 3 0 54
23520 263751 4 0 54
23520 263751 5 19 35
23520 263751 6 0 54
23520 263751 7 27 27
23520 263751 8 20 34
23520 263751 9 25 29
23520 263751 10 3 51
!sus 13335 131330 5 5 37 attackers:131330;victims:13335;type:1;valid_origin:True;recurrent:True;local:False
13335 131330 1 0 37
13335 131330 2 3 34
13335 131330 3 5 32
13335 131330 4 8 29
13335 131330 5 13 24
13335 131330 6 22 15
13335 131330 7 22 15
13335 131330 8 28 9
13335 131330 9 28 9
13335 131330 10 26 11
!sus 56202 132847 6 4 5 attackers:132847;victims:56202;type:1;valid_origin:True;recurrent:True;local:False
56202 132847 1 0 5
56202 132847 2 0 5
56202 132847 3 2 3
56202 132847 4 4 1
56202 132847 5 2 3
56202 132847 6 5 0
56202 132847 7 5 0
56202 132847 8 5 0
56202 132847 9 4 1
56202 132847 10 5 0
!sus 52468 273829 0 10 6 attackers:52468;victims:273829;type:1;valid_origin:True;recurrent:True;local:False
52468 273829 1 2 4
52468 273829 2 0 6
52468 273829 3 0 6
52468 273829 4 0 6
52468 273829 5 0 6
52468 273829 6 0 6
52468 273829 7 0 6
52468 273829 8 0 6
52468 273829 9 0 6
52468 273829 10 0 6
!leg 196959 203485 10 0 1 attackers:196959;victims:203485;type:1;valid_origin:True;recurrent:False;local:False
196959 203485 1 1 0
196959 203485 2 1 0
196959 203485 3 1 0
196959 203485 4 1 0
196959 203485 5 1 0
196959 203485 6 1 0
196959 203485 7 1 0
196959 203485 8 1 0
196959 203485 9 1 0
196959 203485 10 1 0
!leg 202619 214081 10 0 1 attackers:202619;victims:214081;type:1;valid_origin:True;recurrent:True;local:False
202619 214081 1 1 0
202619 214081 2 1 0
202619 214081 3 1 0
202619 214081 4 1 0
202619 214081 5 1 0
202619 214081 6 1 0
202619 214081 7 1 0
202619 214081 8 1 0
202619 214081 9 1 0
202619 214081 10 1 0
!sus 44620 214135 9 1 31 attackers:44620;victims:214135;type:1;valid_origin:True;recurrent:True;local:False
44620 214135 1 0 31
44620 214135 2 29 2
44620 214135 3 31 0
44620 214135 4 31 0
44620 214135 5 31 0
44620 214135 6 31 0
44620 214135 7 31 0
44620 214135 8 31 0
44620 214135 9 31 0
44620 214135 10 31 0
!sus 211619 214111 0 10 2 attackers:211619;victims:214111;type:1;valid_origin:True;recurrent:True;local:False
211619 214111 1 0 2
211619 214111 2 0 2
211619 214111 3 0 2
211619 214111 4 0 2
211619 214111 5 0 2
211619 214111 6 0 2
211619 214111 7 0 2
211619 214111 8 0 2
211619 214111 9 0 2
211619 214111 10 0 2
!sus 51095 60051 7 3 10 attackers:51095;victims:203214,199739,50597;type:3,5;valid_origin:True;recurrent:True;local:False
51095 60051 1 0 10
51095 60051 2 0 10
51095 60051 3 0 10
51095 60051 4 8 2
51095 60051 5 8 2
51095 60051 6 8 2
51095 60051 7 8 2
51095 60051 8 8 2
51095 60051 9 8 2
51095 60051 10 8 2
!leg 12129 26554 10 0 152 attackers:26554,12129;victims:36113;type:3;valid_origin:True;recurrent:False;local:False
12129 26554 1 152 0
12129 26554 2 152 0
12129 26554 3 152 0
12129 26554 4 152 0
12129 26554 5 152 0
12129 26554 6 152 0
12129 26554 7 152 0
12129 26554 8 152 0
12129 26554 9 152 0
12129 26554 10 152 0
!sus 41998 134176 0 10 1 attackers:134176;victims:41998;type:1;valid_origin:True;recurrent:True;local:False
41998 134176 1 0 1
41998 134176 2 0 1
41998 134176 3 0 1
41998 134176 4 0 1
41998 134176 5 0 1
41998 134176 6 0 1
41998 134176 7 0 1
41998 134176 8 0 1
41998 134176 9 0 1
41998 134176 10 0 1
!sus 12684 328884 0 10 2 attackers:328884;victims:12684;type:1;valid_origin:True;recurrent:True;local:False
12684 328884 1 0 2
12684 328884 2 0 2
12684 328884 3 0 2
12684 328884 4 0 2
12684 328884 5 0 2
12684 328884 6 0 2
12684 328884 7 0 2
12684 328884 8 0 2
12684 328884 9 0 2
12684 328884 10 0 2
!sus 7195 266894 8 2 225 attackers:7195;victims:266894;type:1,3,4,5;valid_origin:True;recurrent:True;local:False
7195 266894 1 9 216
7195 266894 2 75 150
7195 266894 3 175 50
7195 266894 4 189 36
7195 266894 5 197 28
7195 266894 6 197 28
7195 266894 7 188 37
7195 266894 8 200 25
7195 266894 9 205 20
7195 266894 10 199 26
!sus 28571 61610 0 10 2 attackers:61610;victims:28571;type:1;valid_origin:True;recurrent:True;local:False
28571 61610 1 0 2
28571 61610 2 0 2
28571 61610 3 0 2
28571 61610 4 0 2
28571 61610 5 0 2
28571 61610 6 0 2
28571 61610 7 0 2
28571 61610 8 0 2
28571 61610 9 0 2
28571 61610 10 0 2
!sus 30006 60539 0 10 1 attackers:60539;victims:30006;type:1;valid_origin:True;recurrent:True;local:False
30006 60539 1 0 1
30006 60539 2 0 1
30006 60539 3 0 1
30006 60539 4 0 1
30006 60539 5 0 1
30006 60539 6 0 1
30006 60539 7 0 1
30006 60539 8 0 1
30006 60539 9 0 1
30006 60539 10 0 1
!sus 15830 136261 8 2 9 attackers:15830;victims:136261;type:1;valid_origin:True;recurrent:True;local:False
15830 136261 1 0 9
15830 136261 2 0 9
15830 136261 3 5 4
15830 136261 4 7 2
15830 136261 5 7 2
15830 136261 6 8 1
15830 136261 7 8 1
15830 136261 8 8 1
15830 136261 9 8 1
15830 136261 10 9 0
!leg 8167 269180 10 0 169 attackers:8167;victims:269180,61664;type:1,2;valid_origin:True;recurrent:False;local:False
8167 269180 1 169 0
8167 269180 2 169 0
8167 269180 3 169 0
8167 269180 4 169 0
8167 269180 5 169 0
8167 269180 6 169 0
8167 269180 7 169 0
8167 269180 8 169 0
8167 269180 9 169 0
8167 269180 10 169 0
!leg 4657 41405 10 0 1 attackers:4657;victims:41405;type:1;valid_origin:True;recurrent:False;local:False
4657 41405 1 1 0
4657 41405 2 1 0
4657 41405 3 1 0
4657 41405 4 1 0
4657 41405 5 1 0
4657 41405 6 1 0
4657 41405 7 1 0
4657 41405 8 1 0
4657 41405 9 1 0
4657 41405 10 1 0
!leg 22381 265393 10 0 1 attackers:22381;victims:271744;type:2;valid_origin:True;recurrent:False;local:False
22381 265393 1 1 0
22381 265393 2 1 0
22381 265393 3 1 0
22381 265393 4 1 0
22381 265393 5 1 0
22381 265393 6 1 0
22381 265393 7 1 0
22381 265393 8 1 0
22381 265393 9 1 0
22381 265393 10 1 0
!sus 29571 32934 0 10 103 attackers:29571;victims:32934;type:1;valid_origin:True;recurrent:True;local:False
29571 32934 1 0 103
29571 32934 2 0 103
29571 32934 3 0 103
29571 32934 4 0 103
29571 32934 5 0 103
29571 32934 6 2 101
29571 32934 7 6 97
29571 32934 8 12 91
29571 32934 9 4 99
29571 32934 10 19 84
!sus 50272 59514 9 1 1 attackers:59514;victims:49219;type:2;valid_origin:True;recurrent:True;local:True
50272 59514 1 0 1
50272 59514 2 1 0
50272 59514 3 1 0
50272 59514 4 1 0
50272 59514 5 1 0
50272 59514 6 1 0
50272 59514 7 1 0
50272 59514 8 1 0
50272 59514 9 1 0
50272 59514 10 1 0
!leg 36236 401446 10 0 2 attackers:36236;victims:401446;type:1;valid_origin:False;recurrent:True;local:False
36236 401446 1 2 0
36236 401446 2 2 0
36236 401446 3 2 0
36236 401446 4 2 0
36236 401446 5 2 0
36236 401446 6 2 0
36236 401446 7 2 0
36236 401446 8 2 0
36236 401446 9 2 0
36236 401446 10 2 0
!sus 7195 273084 8 2 2 attackers:7195;victims:273084;type:1;valid_origin:True;recurrent:False;local:False
7195 273084 1 0 2
7195 273084 2 0 2
7195 273084 3 2 0
7195 273084 4 2 0
7195 273084 5 2 0
7195 273084 6 2 0
7195 273084 7 2 0
7195 273084 8 2 0
7195 273084 9 2 0
7195 273084 10 2 0
!sus 1 141032 0 10 7 attackers:141032;victims:1;type:1;valid_origin:False;recurrent:True;local:False
1 141032 1 0 7
1 141032 2 0 7
1 141032 3 0 7
1 141032 4 0 7
1 141032 5 0 7
1 141032 6 0 7
1 141032 7 0 7
1 141032 8 0 7
1 141032 9 0 7
1 141032 10 0 7
!leg 701 46947 10 0 50 attackers:701;victims:46947;type:1;valid_origin:True;recurrent:False;local:False
701 46947 1 50 0
701 46947 2 50 0
701 46947 3 50 0
701 46947 4 50 0
701 46947 5 50 0
701 46947 6 50 0
701 46947 7 50 0
701 46947 8 50 0
701 46947 9 50 0
701 46947 10 50 0
!leg 17639 138961 10 0 1 attackers:17639;victims:138961;type:1;valid_origin:True;recurrent:False;local:False
17639 138961 1 1 0
17639 138961 2 1 0
17639 138961 3 1 0
17639 138961 4 1 0
17639 138961 5 1 0
17639 138961 6 1 0
17639 138961 7 1 0
17639 138961 8 1 0
17639 138961 9 1 0
17639 138961 10 1 0
!leg 50474 201376 10 0 1 attackers:201376;victims:50474;type:1;valid_origin:True;recurrent:False;local:False
50474 201376 1 1 0
50474 201376 2 1 0
50474 201376 3 1 0
50474 201376 4 1 0
50474 201376 5 1 0
50474 201376 6 1 0
50474 201376 7 1 0
50474 201376 8 1 0
50474 201376 9 1 0
50474 201376 10 1 0
!sus 397923 398465 2 8 2 attackers:398465;victims:397923;type:1;valid_origin:False;recurrent:True;local:False
397923 398465 1 1 1
397923 398465 2 2 0
397923 398465 3 1 1
397923 398465 4 1 1
397923 398465 5 0 2
397923 398465 6 0 2
397923 398465 7 1 1
397923 398465 8 1 1
397923 398465 9 2 0
397923 398465 10 0 2
!sus 35928 39156 1 9 2 attackers:39156;victims:35928;type:1;valid_origin:True;recurrent:True;local:False
35928 39156 1 0 2
35928 39156 2 0 2
35928 39156 3 0 2
35928 39156 4 0 2
35928 39156 5 0 2
35928 39156 6 0 2
35928 39156 7 1 1
35928 39156 8 0 2
35928 39156 9 0 2
35928 39156 10 2 0
!leg 213977 216425 10 0 144 attackers:216425;victims:213977;type:1;valid_origin:True;recurrent:True;local:False
213977 216425 1 144 0
213977 216425 2 144 0
213977 216425 3 144 0
213977 216425 4 144 0
213977 216425 5 144 0
213977 216425 6 144 0
213977 216425 7 144 0
213977 216425 8 144 0
213977 216425 9 144 0
213977 216425 10 144 0
!sus 152878 213977 0 10 34 attackers:152878;victims:213977;type:1;valid_origin:True;recurrent:False;local:False
152878 213977 1 0 34
152878 213977 2 0 34
152878 213977 3 0 34
152878 213977 4 0 34
152878 213977 5 0 34
152878 213977 6 0 34
152878 213977 7 0 34
152878 213977 8 0 34
152878 213977 9 0 34
152878 213977 10 0 34
!sus 203448 215546 0 10 102 attackers:215546;victims:203448;type:1;valid_origin:True;recurrent:True;local:False
203448 215546 1 0 102
203448 215546 2 0 102
203448 215546 3 4 98
203448 215546 4 5 97
203448 215546 5 6 96
203448 215546 6 4 98
203448 215546 7 19 83
203448 215546 8 21 81
203448 215546 9 12 90
203448 215546 10 17 85
!leg 203257 212330 10 0 11 attackers:212330;victims:203257;type:1;valid_origin:True;recurrent:False;local:False
203257 212330 1 11 0
203257 212330 2 11 0
203257 212330 3 11 0
203257 212330 4 11 0
203257 212330 5 11 0
203257 212330 6 11 0
203257 212330 7 11 0
203257 212330 8 11 0
203257 212330 9 11 0
203257 212330 10 11 0
!leg 2611 198559 10 0 3 attackers:2611;victims:198559;type:1;valid_origin:True;recurrent:True;local:False
2611 198559 1 3 0
2611 198559 2 3 0
2611 198559 3 3 0
2611 198559 4 3 0
2611 198559 5 3 0
2611 198559 6 3 0
2611 198559 7 3 0
2611 198559 8 3 0
2611 198559 9 3 0
2611 198559 10 3 0
!sus 37721 60983 5 5 1 attackers:37721;victims:60983;type:1;valid_origin:True;recurrent:True;local:True
37721 60983 1 0 1
37721 60983 2 0 1
37721 60983 3 0 1
37721 60983 4 0 1
37721 60983 5 0 1
37721 60983 6 1 0
37721 60983 7 1 0
37721 60983 8 1 0
37721 60983 9 1 0
37721 60983 10 1 0
!sus 28181 61744 1 9 7 attackers:28181;victims:61744;type:1;valid_origin:True;recurrent:True;local:False
28181 61744 1 2 5
28181 61744 2 1 6
28181 61744 3 2 5
28181 61744 4 3 4
28181 61744 5 3 4
28181 61744 6 3 4
28181 61744 7 2 5
28181 61744 8 2 5
28181 61744 9 2 5
28181 61744 10 4 3
!leg 3204 153344 10 0 104 attackers:3204;victims:153344;type:1;valid_origin:True;recurrent:False;local:False
3204 153344 1 104 0
3204 153344 2 104 0
3204 153344 3 104 0
3204 153344 4 104 0
3204 153344 5 104 0
3204 153344 6 104 0
3204 153344 7 104 0
3204 153344 8 104 0
3204 153344 9 104 0
3204 153344 10 104 0
!leg 47526 208208 10 0 278 attackers:47526;victims:208208;type:1;valid_origin:True;recurrent:False;local:False
47526 208208 1 275 3
47526 208208 2 275 3
47526 208208 3 276 2
47526 208208 4 275 3
47526 208208 5 276 2
47526 208208 6 278 0
47526 208208 7 276 2
47526 208208 8 276 2
47526 208208 9 276 2
47526 208208 10 278 0
!sus 28708 134176 0 10 1 attackers:134176;victims:28708;type:1;valid_origin:True;recurrent:True;local:False
28708 134176 1 0 1
28708 134176 2 0 1
28708 134176 3 0 1
28708 134176 4 0 1
28708 134176 5 0 1
28708 134176 6 0 1
28708 134176 7 0 1
28708 134176 8 0 1
28708 134176 9 0 1
28708 134176 10 0 1
!sus 52391 208414 0 10 12 attackers:52391;victims:208414;type:1;valid_origin:True;recurrent:True;local:False
52391 208414 1 0 12
52391 208414 2 0 12
52391 208414 3 0 12
52391 208414 4 0 12
52391 208414 5 0 12
52391 208414 6 0 12
52391 208414 7 0 12
52391 208414 8 0 12
52391 208414 9 0 12
52391 208414 10 0 12
!sus 20473 265038 8 2 2 attackers:265038;victims:20473;type:1;valid_origin:True;recurrent:True;local:False
20473 265038 1 0 2
20473 265038 2 1 1
20473 265038 3 2 0
20473 265038 4 2 0
20473 265038 5 2 0
20473 265038 6 2 0
20473 265038 7 2 0
20473 265038 8 2 0
20473 265038 9 2 0
20473 265038 10 2 0
!sus 208258 213985 8 2 4 attackers:208258;victims:213985;type:1;valid_origin:True;recurrent:True;local:False
208258 213985 1 4 0
208258 213985 2 4 0
208258 213985 3 4 0
208258 213985 4 0 4
208258 213985 5 4 0
208258 213985 6 4 0
208258 213985 7 4 0
208258 213985 8 0 4
208258 213985 9 4 0
208258 213985 10 4 0
!sus 2 266771 2 8 2 attackers:2;victims:266771;type:1;valid_origin:False;recurrent:True;local:False
2 266771 1 0 2
2 266771 2 0 2
2 266771 3 0 2
2 266771 4 0 2
2 266771 5 0 2
2 266771 6 0 2
2 266771 7 0 2
2 266771 8 0 2
2 266771 9 2 0
2 266771 10 2 0
!leg 153376 199310 10 0 24 attackers:199310;victims:153376;type:1;valid_origin:True;recurrent:False;local:False
153376 199310 1 24 0
153376 199310 2 24 0
153376 199310 3 24 0
153376 199310 4 24 0
153376 199310 5 24 0
153376 199310 6 24 0
153376 199310 7 24 0
153376 199310 8 24 0
153376 199310 9 24 0
153376 199310 10 24 0
!sus 327727 328840 7 3 2 attackers:327727;victims:328840;type:1;valid_origin:True;recurrent:True;local:False
327727 328840 1 0 2
327727 328840 2 1 1
327727 328840 3 0 2
327727 328840 4 2 0
327727 328840 5 2 0
327727 328840 6 2 0
327727 328840 7 2 0
327727 328840 8 2 0
327727 328840 9 2 0
327727 328840 10 2 0
!sus 34984 46071 3 7 2 attackers:34984;victims:46071;type:1;valid_origin:True;recurrent:True;local:False
34984 46071 1 0 2
34984 46071 2 0 2
34984 46071 3 0 2
34984 46071 4 0 2
34984 46071 5 0 2
34984 46071 6 0 2
34984 46071 7 1 1
34984 46071 8 2 0
34984 46071 9 2 0
34984 46071 10 2 0
!sus 12975 57704 2 8 239 attackers:12975;victims:57704;type:1;valid_origin:True;recurrent:True;local:False
12975 57704 1 199 40
12975 57704 2 96 143
12975 57704 3 114 125
12975 57704 4 60 179
12975 57704 5 29 210
12975 57704 6 90 149
12975 57704 7 134 105
12975 57704 8 71 168
12975 57704 9 1 238
12975 57704 10 101 138
!leg 64032 149671 10 0 153 attackers:149671;victims:64032;type:1;valid_origin:True;recurrent:True;local:False
64032 149671 1 91 62
64032 149671 2 120 33
64032 149671 3 136 17
64032 149671 4 153 0
64032 149671 5 153 0
64032 149671 6 153 0
64032 149671 7 153 0
64032 149671 8 153 0
64032 149671 9 153 0
64032 149671 10 153 0
!sus 29390 59900 0 10 1 attackers:29390;victims:8866;type:2;valid_origin:True;recurrent:False;local:False
29390 59900 1 0 1
29390 59900 2 0 1
29390 59900 3 0 1
29390 59900 4 0 1
29390 59900 5 0 1
29390 59900 6 0 1
29390 59900 7 0 1
29390 59900 8 0 1
29390 59900 9 0 1
29390 59900 10 0 1
!leg 18747 273910 10 0 50 attackers:18747;victims:273910;type:1;valid_origin:True;recurrent:True;local:False
18747 273910 1 50 0
18747 273910 2 50 0
18747 273910 3 50 0
18747 273910 4 45 5
18747 273910 5 50 0
18747 273910 6 49 1
18747 273910 7 50 0
18747 273910 8 50 0
18747 273910 9 50 0
18747 273910 10 50 0
!leg 60150 137409 10 0 1 attackers:137409;victims:60150;type:1;valid_origin:True;recurrent:False;local:False
60150 137409 1 1 0
60150 137409 2 1 0
60150 137409 3 1 0
60150 137409 4 1 0
60150 137409 5 1 0
60150 137409 6 1 0
60150 137409 7 1 0
60150 137409 8 1 0
60150 137409 9 1 0
60150 137409 10 1 0
!leg 262791 265491 10 0 1 attackers:262791;victims:265491;type:1;valid_origin:True;recurrent:False;local:True
262791 265491 1 1 0
262791 265491 2 1 0
262791 265491 3 1 0
262791 265491 4 1 0
262791 265491 5 1 0
262791 265491 6 1 0
262791 265491 7 1 0
262791 265491 8 1 0
262791 265491 9 1 0
262791 265491 10 1 0
!leg 58495 141939 10 0 3 attackers:58495;victims:141939;type:1;valid_origin:True;recurrent:False;local:False
58495 141939 1 3 0
58495 141939 2 3 0
58495 141939 3 3 0
58495 141939 4 3 0
58495 141939 5 3 0
58495 141939 6 3 0
58495 141939 7 3 0
58495 141939 8 3 0
58495 141939 9 3 0
58495 141939 10 3 0
!leg 265491 268976 10 0 1 attackers:268976;victims:265491;type:1;valid_origin:True;recurrent:False;local:True
265491 268976 1 1 0
265491 268976 2 1 0
265491 268976 3 1 0
265491 268976 4 1 0
265491 268976 5 1 0
265491 268976 6 1 0
265491 268976 7 1 0
265491 268976 8 1 0
265491 268976 9 1 0
265491 268976 10 1 0
!sus 43426 44324 0 10 10 attackers:43426;victims:216056,215887,215750,199304,208223;type:2;valid_origin:True;recurrent:True;local:False
43426 44324 1 0 10
43426 44324 2 0 10
43426 44324 3 0 10
43426 44324 4 0 10
43426 44324 5 0 10
43426 44324 6 0 10
43426 44324 7 0 10
43426 44324 8 0 10
43426 44324 9 0 10
43426 44324 10 0 10
!sus 132372 153334 6 4 5 attackers:132372;victims:153334;type:1;valid_origin:True;recurrent:True;local:False
132372 153334 1 5 0
132372 153334 2 4 1
132372 153334 3 5 0
132372 153334 4 1 4
132372 153334 5 3 2
132372 153334 6 1 4
132372 153334 7 2 3
132372 153334 8 4 1
132372 153334 9 1 4
132372 153334 10 5 0
!sus 57695 268976 0 10 1 attackers:268976;victims:12654;type:2;valid_origin:True;recurrent:True;local:True
57695 268976 1 0 1
57695 268976 2 0 1
57695 268976 3 0 1
57695 268976 4 0 1
57695 268976 5 0 1
57695 268976 6 0 1
57695 268976 7 0 1
57695 268976 8 0 1
57695 268976 9 0 1
57695 268976 10 0 1
!sus 20940 212330 0 10 56 attackers:212330;victims:20940;type:1;valid_origin:True;recurrent:True;local:False
20940 212330 1 0 56
20940 212330 2 0 56
20940 212330 3 0 56
20940 212330 4 0 56
20940 212330 5 0 56
20940 212330 6 0 56
20940 212330 7 0 56
20940 212330 8 0 56
20940 212330 9 0 56
20940 212330 10 0 56
!leg 59356 63956 10 0 50 attackers:63956;victims:59356;type:1;valid_origin:True;recurrent:False;local:False
59356 63956 1 50 0
59356 63956 2 50 0
59356 63956 3 50 0
59356 63956 4 50 0
59356 63956 5 50 0
59356 63956 6 50 0
59356 63956 7 50 0
59356 63956 8 50 0
59356 63956 9 50 0
59356 63956 10 50 0
!sus 39880 49010 4 6 4 attackers:49010;victims:39880;type:1;valid_origin:False;recurrent:True;local:False
39880 49010 1 4 0
39880 49010 2 3 1
39880 49010 3 4 0
39880 49010 4 2 2
39880 49010 5 3 1
39880 49010 6 0 4
39880 49010 7 1 3
39880 49010 8 0 4
39880 49010 9 0 4
39880 49010 10 1 3
!leg 22381 265315 10 0 1 attackers:22381;victims:265315;type:1;valid_origin:True;recurrent:False;local:False
22381 265315 1 1 0
22381 265315 2 1 0
22381 265315 3 1 0
22381 265315 4 1 0
22381 265315 5 1 0
22381 265315 6 1 0
22381 265315 7 1 0
22381 265315 8 1 0
22381 265315 9 1 0
22381 265315 10 1 0
!sus 43641 202319 0 10 3 attackers:43641;victims:202319;type:1;valid_origin:True;recurrent:True;local:False
43641 202319 1 0 3
43641 202319 2 0 3
43641 202319 3 0 3
43641 202319 4 0 3
43641 202319 5 0 3
43641 202319 6 0 3
43641 202319 7 0 3
43641 202319 8 0 3
43641 202319 9 0 3
43641 202319 10 0 3
!leg 22381 265086 10 0 1 attackers:22381;victims:264402;type:2;valid_origin:True;recurrent:False;local:False
22381 265086 1 1 0
22381 265086 2 1 0
22381 265086 3 1 0
22381 265086 4 1 0
22381 265086 5 1 0
22381 265086 6 1 0
22381 265086 7 1 0
22381 265086 8 1 0
22381 265086 9 1 0
22381 265086 10 1 0
!leg 53062 269467 10 0 111 attackers:53062;victims:269467,265915;type:1,2;valid_origin:False;recurrent:True;local:False
53062 269467 1 107 4
53062 269467 2 109 2
53062 269467 3 109 2
53062 269467 4 110 1
53062 269467 5 110 1
53062 269467 6 110 1
53062 269467 7 110 1
53062 269467 8 110 1
53062 269467 9 109 2
53062 269467 10 110 1
!leg 44592 215865 10 0 146 attackers:44592;victims:215865;type:1;valid_origin:True;recurrent:False;local:False
44592 215865 1 146 0
44592 215865 2 146 0
44592 215865 3 146 0
44592 215865 4 146 0
44592 215865 5 146 0
44592 215865 6 146 0
44592 215865 7 146 0
44592 215865 8 146 0
44592 215865 9 146 0
44592 215865 10 146 0
!sus 23222 39960 7 3 3 attackers:23222;victims:39960;type:1;valid_origin:True;recurrent:True;local:False
23222 39960 1 0 3
23222 39960 2 1 2
23222 39960 3 3 0
23222 39960 4 0 3
23222 39960 5 3 0
23222 39960 6 3 0
23222 39960 7 3 0
23222 39960 8 3 0
23222 39960 9 3 0
23222 39960 10 3 0
!leg 44964 137409 10 0 1 attackers:137409;victims:44964;type:1;valid_origin:True;recurrent:False;local:False
44964 137409 1 1 0
44964 137409 2 1 0
44964 137409 3 1 0
44964 137409 4 1 0
44964 137409 5 1 0
44964 137409 6 1 0
44964 137409 7 1 0
44964 137409 8 1 0
44964 137409 9 1 0
44964 137409 10 1 0
!sus 37100 328643 9 1 3 attackers:37100;victims:328643;type:1;valid_origin:True;recurrent:True;local:False
37100 328643 1 0 3
37100 328643 2 3 0
37100 328643 3 3 0
37100 328643 4 3 0
37100 328643 5 3 0
37100 328643 6 3 0
37100 328643 7 3 0
37100 328643 8 3 0
37100 328643 9 3 0
37100 328643 10 3 0
!leg 35708 214899 10 0 1 attackers:35708;victims:214899;type:1;valid_origin:True;recurrent:False;local:True
35708 214899 1 1 0
35708 214899 2 1 0
35708 214899 3 1 0
35708 214899 4 1 0
35708 214899 5 1 0
35708 214899 6 1 0
35708 214899 7 1 0
35708 214899 8 1 0
35708 214899 9 1 0
35708 214899 10 1 0
!sus 207841 213955 7 3 103 attackers:207841;victims:213955;type:1;valid_origin:True;recurrent:False;local:False
207841 213955 1 103 0
207841 213955 2 92 11
207841 213955 3 73 30
207841 213955 4 71 32
207841 213955 5 86 17
207841 213955 6 28 75
207841 213955 7 86 17
207841 213955 8 92 11
207841 213955 9 50 53
207841 213955 10 44 59
!sus 6855 216450 9 1 4 attackers:6855;victims:216450;type:1;valid_origin:True;recurrent:True;local:False
6855 216450 1 4 0
6855 216450 2 4 0
6855 216450 3 4 0
6855 216450 4 4 0
6855 216450 5 4 0
6855 216450 6 4 0
6855 216450 7 2 2
6855 216450 8 4 0
6855 216450 9 3 1
6855 216450 10 4 0
!leg 267843 394684 10 0 88 attackers:394684;victims:267843;type:1;valid_origin:True;recurrent:False;local:False
267843 394684 1 88 0
267843 394684 2 88 0
267843 394684 3 88 0
267843 394684 4 87 1
267843 394684 5 88 0
267843 394684 6 88 0
267843 394684 7 88 0
267843 394684 8 88 0
267843 394684 9 88 0
267843 394684 10 88 0
!sus 49434 59514 0 10 1 attackers:59514;victims:49434;type:1;valid_origin:True;recurrent:True;local:True
49434 59514 1 0 1
49434 59514 2 0 1
49434 59514 3 0 1
49434 59514 4 0 1
49434 59514 5 0 1
49434 59514 6 0 1
49434 59514 7 0 1
49434 59514 8 0 1
49434 59514 9 0 1
49434 59514 10 0 1
!sus 214025 215304 0 10 9 attackers:215304;victims:214025;type:1;valid_origin:True;recurrent:True;local:False
214025 215304 1 2 7
214025 215304 2 2 7
214025 215304 3 0 9
214025 215304 4 0 9
214025 215304 5 0 9
214025 215304 6 0 9
214025 215304 7 0 9
214025 215304 8 0 9
214025 215304 9 0 9
214025 215304 10 0 9
!sus 135025 136433 9 1 83 attackers:135025;victims:136433;type:1;valid_origin:True;recurrent:True;local:False
135025 136433 1 6 77
135025 136433 2 78 5
135025 136433 3 83 0
135025 136433 4 83 0
135025 136433 5 83 0
135025 136433 6 83 0
135025 136433 7 83 0
135025 136433 8 83 0
135025 136433 9 83 0
135025 136433 10 83 0
!sus 51873 264409 0 10 1 attackers:51873;victims:264409;type:1;valid_origin:True;recurrent:True;local:True
51873 264409 1 0 1
51873 264409 2 0 1
51873 264409 3 0 1
51873 264409 4 0 1
51873 264409 5 0 1
51873 264409 6 0 1
51873 264409 7 0 1
51873 264409 8 0 1
51873 264409 9 0 1
51873 264409 10 0 1
!sus 39389 214162 3 7 2 attackers:39389;victims:214162;type:1;valid_origin:True;recurrent:True;local:False
39389 214162 1 2 0
39389 214162 2 1 1
39389 214162 3 2 0
39389 214162 4 2 0
39389 214162 5 1 1
39389 214162 6 0 2
39389 214162 7 1 1
39389 214162 8 0 2
39389 214162 9 1 1
39389 214162 10 0 2
!sus 60171 329489 0 10 4 attackers:60171;victims:329489;type:1;valid_origin:True;recurrent:True;local:False
60171 329489 1 2 2
60171 329489 2 0 4
60171 329489 3 1 3
60171 329489 4 1 3
60171 329489 5 1 3
60171 329489 6 1 3
60171 329489 7 1 3
60171 329489 8 1 3
60171 329489 9 2 2
60171 329489 10 1 3
!sus 59796 214351 3 7 245 attackers:59796;victims:214351;type:1;valid_origin:True;recurrent:True;local:False
59796 214351 1 245 0
59796 214351 2 240 5
59796 214351 3 230 15
59796 214351 4 9 236
59796 214351 5 113 132
59796 214351 6 0 245
59796 214351 7 1 244
59796 214351 8 0 245
59796 214351 9 8 237
59796 214351 10 0 245
!sus 19551 134078 0 10 1 attackers:134078;victims:19551;type:1;valid_origin:True;recurrent:True;local:False
19551 134078 1 0 1
19551 134078 2 0 1
19551 134078 3 0 1
19551 134078 4 0 1
19551 134078 5 0 1
19551 134078 6 0 1
19551 134078 7 0 1
19551 134078 8 0 1
19551 134078 9 0 1
19551 134078 10 0 1
!leg 7565 58923 10 0 10 attackers:7565;victims:141423;type:2;valid_origin:True;recurrent:False;local:False
7565 58923 1 10 0
7565 58923 2 10 0
7565 58923 3 10 0
7565 58923 4 10 0
7565 58923 5 10 0
7565 58923 6 10 0
7565 58923 7 10 0
7565 58923 8 10 0
7565 58923 9 10 0
7565 58923 10 10 0
!sus 48011 215710 9 1 130 attackers:48011;victims:215710;type:1;valid_origin:True;recurrent:True;local:False
48011 215710 1 55 75
48011 215710 2 66 64
48011 215710 3 90 40
48011 215710 4 130 0
48011 215710 5 130 0
48011 215710 6 130 0
48011 215710 7 130 0
48011 215710 8 130 0
48011 215710 9 130 0
48011 215710 10 130 0
!leg 4657 59439 10 0 1 attackers:4657;victims:59439;type:1;valid_origin:True;recurrent:False;local:False
4657 59439 1 1 0
4657 59439 2 1 0
4657 59439 3 1 0
4657 59439 4 1 0
4657 59439 5 1 0
4657 59439 6 1 0
4657 59439 7 1 0
4657 59439 8 1 0
4657 59439 9 1 0
4657 59439 10 1 0
