!sus 40994 198510 9 1 3 attackers:40994;victims:198510;type:1;valid_origin:True;recurrent:True;local:False
40994 198510 1 1 2
40994 198510 2 3 0
40994 198510 3 3 0
40994 198510 4 3 0
40994 198510 5 3 0
40994 198510 6 3 0
40994 198510 7 3 0
40994 198510 8 3 0
40994 198510 9 3 0
40994 198510 10 3 0
!sus 9465 141167 1 9 1 attackers:141167;victims:9465;type:1;valid_origin:True;recurrent:True;local:False
9465 141167 1 1 0
9465 141167 2 0 1
9465 141167 3 0 1
9465 141167 4 0 1
9465 141167 5 0 1
9465 141167 6 0 1
9465 141167 7 0 1
9465 141167 8 0 1
9465 141167 9 0 1
9465 141167 10 0 1
!sus 202005 211320 2 8 4 attackers:202005;victims:211320;type:1;valid_origin:True;recurrent:True;local:False
202005 211320 1 3 1
202005 211320 2 2 2
202005 211320 3 3 1
202005 211320 4 2 2
202005 211320 5 0 4
202005 211320 6 0 4
202005 211320 7 0 4
202005 211320 8 0 4
202005 211320 9 0 4
202005 211320 10 2 2
!sus 37662 329315 1 9 7 attackers:37662;victims:329315;type:1;valid_origin:True;recurrent:True;local:False
37662 329315 1 5 2
37662 329315 2 2 5
37662 329315 3 0 7
37662 329315 4 0 7
37662 329315 5 0 7
37662 329315 6 0 7
37662 329315 7 0 7
37662 329315 8 0 7
37662 329315 9 3 4
37662 329315 10 0 7
!sus 47753 49271 7 3 3 attackers:47753;victims:49271;type:1;valid_origin:True;recurrent:True;local:False
47753 49271 1 3 0
47753 49271 2 3 0
47753 49271 3 2 1
47753 49271 4 2 1
47753 49271 5 0 3
47753 49271 6 0 3
47753 49271 7 3 0
47753 49271 8 2 1
47753 49271 9 0 3
47753 49271 10 3 0
!sus 29396 44141 8 2 30 attackers:44141;victims:197551;type:5;valid_origin:True;recurrent:True;local:False
29396 44141 1 0 30
29396 44141 2 0 30
29396 44141 3 30 0
29396 44141 4 30 0
29396 44141 5 30 0
29396 44141 6 30 0
29396 44141 7 30 0
29396 44141 8 30 0
29396 44141 9 30 0
29396 44141 10 30 0
!sus 34927 215221 7 3 3 attackers:34927;victims:215221;type:1;valid_origin:True;recurrent:True;local:False
34927 215221 1 3 0
34927 215221 2 3 0
34927 215221 3 3 0
34927 215221 4 1 2
34927 215221 5 1 2
34927 215221 6 1 2
34927 215221 7 2 1
34927 215221 8 2 1
34927 215221 9 3 0
34927 215221 10 3 0
!leg 51396 60223 10 0 2 attackers:51396;victims:60223;type:1;valid_origin:True;recurrent:False;local:False
51396 60223 1 2 0
51396 60223 2 2 0
51396 60223 3 2 0
51396 60223 4 2 0
51396 60223 5 2 0
51396 60223 6 2 0
51396 60223 7 2 0
51396 60223 8 2 0
51396 60223 9 2 0
51396 60223 10 2 0
!sus 209533 215325 0 10 1 attackers:209533;victims:215325;type:1;valid_origin:True;recurrent:True;local:False
209533 215325 1 0 1
209533 215325 2 0 1
209533 215325 3 0 1
209533 215325 4 0 1
209533 215325 5 0 1
209533 215325 6 0 1
209533 215325 7 0 1
209533 215325 8 0 1
209533 215325 9 0 1
209533 215325 10 0 1
!sus 917 46138 0 10 161 attackers:917;victims:46138;type:1;valid_origin:True;recurrent:False;local:False
917 46138 1 5 156
917 46138 2 3 158
917 46138 3 3 158
917 46138 4 3 158
917 46138 5 3 158
917 46138 6 3 158
917 46138 7 3 158
917 46138 8 2 159
917 46138 9 6 155
917 46138 10 3 158
!sus 45090 134417 6 4 3 attackers:134417;victims:45090;type:1;valid_origin:True;recurrent:True;local:False
45090 134417 1 1 2
45090 134417 2 1 2
45090 134417 3 3 0
45090 134417 4 1 2
45090 134417 5 3 0
45090 134417 6 1 2
45090 134417 7 3 0
45090 134417 8 3 0
45090 134417 9 3 0
45090 134417 10 3 0
!leg 57463 270352 10 0 1 attackers:57463;victims:270352;type:1;valid_origin:True;recurrent:False;local:True
57463 270352 1 1 0
57463 270352 2 1 0
57463 270352 3 1 0
57463 270352 4 1 0
57463 270352 5 1 0
57463 270352 6 1 0
57463 270352 7 1 0
57463 270352 8 1 0
57463 270352 9 1 0
57463 270352 10 1 0
!sus 202402 400304 4 6 3 attackers:400304;victims:202402;type:1;valid_origin:True;recurrent:True;local:False
202402 400304 1 0 3
202402 400304 2 0 3
202402 400304 3 0 3
202402 400304 4 0 3
202402 400304 5 2 1
202402 400304 6 1 2
202402 400304 7 2 1
202402 400304 8 1 2
202402 400304 9 3 0
202402 400304 10 3 0
!sus 33363 53445 3 7 3 attackers:33363;victims:53445;type:1;valid_origin:True;recurrent:True;local:False
33363 53445 1 3 0
33363 53445 2 3 0
33363 53445 3 3 0
33363 53445 4 0 3
33363 53445 5 0 3
33363 53445 6 1 2
33363 53445 7 0 3
33363 53445 8 0 3
33363 53445 9 0 3
33363 53445 10 0 3
!leg 28649 267117 10 0 28 attackers:28649;victims:267117;type:1;valid_origin:True;recurrent:False;local:False
28649 267117 1 28 0
28649 267117 2 28 0
28649 267117 3 28 0
28649 267117 4 28 0
28649 267117 5 28 0
28649 267117 6 28 0
28649 267117 7 28 0
28649 267117 8 28 0
28649 267117 9 28 0
28649 267117 10 28 0
!sus 52468 273035 0 10 4 attackers:52468;victims:273035;type:1;valid_origin:True;recurrent:True;local:False
52468 273035 1 0 4
52468 273035 2 0 4
52468 273035 3 0 4
52468 273035 4 0 4
52468 273035 5 0 4
52468 273035 6 0 4
52468 273035 7 0 4
52468 273035 8 0 4
52468 273035 9 0 4
52468 273035 10 0 4
!sus 8849 16554 0 10 1 attackers:8849;victims:16554;type:1;valid_origin:False;recurrent:True;local:False
8849 16554 1 0 1
8849 16554 2 0 1
8849 16554 3 0 1
8849 16554 4 0 1
8849 16554 5 0 1
8849 16554 6 0 1
8849 16554 7 0 1
8849 16554 8 0 1
8849 16554 9 0 1
8849 16554 10 0 1
!sus 12779 29390 8 2 1 attackers:29390;victims:12654;type:2;valid_origin:True;recurrent:True;local:False
12779 29390 1 0 1
12779 29390 2 0 1
12779 29390 3 1 0
12779 29390 4 1 0
12779 29390 5 1 0
12779 29390 6 1 0
12779 29390 7 1 0
12779 29390 8 1 0
12779 29390 9 1 0
12779 29390 10 1 0
!sus 52507 273060 4 6 8 attackers:52507;victims:273060;type:1;valid_origin:True;recurrent:True;local:False
52507 273060 1 8 0
52507 273060 2 8 0
52507 273060 3 8 0
52507 273060 4 8 0
52507 273060 5 0 8
52507 273060 6 0 8
52507 273060 7 0 8
52507 273060 8 0 8
52507 273060 9 0 8
52507 273060 10 0 8
!sus 51790 204177 9 1 3 attackers:51790;victims:204177;type:1;valid_origin:True;recurrent:True;local:False
51790 204177 1 3 0
51790 204177 2 3 0
51790 204177 3 2 1
51790 204177 4 3 0
51790 204177 5 3 0
51790 204177 6 2 1
51790 204177 7 2 1
51790 204177 8 2 1
51790 204177 9 0 3
51790 204177 10 2 1
!leg 61884 270563 10 0 49 attackers:61884;victims:270563;type:1;valid_origin:True;recurrent:False;local:False
61884 270563 1 49 0
61884 270563 2 49 0
61884 270563 3 49 0
61884 270563 4 49 0
61884 270563 5 49 0
61884 270563 6 49 0
61884 270563 7 49 0
61884 270563 8 49 0
61884 270563 9 49 0
61884 270563 10 49 0
!sus 197963 215296 4 6 41 attackers:197963;victims:215296;type:1;valid_origin:True;recurrent:True;local:False
197963 215296 1 0 41
197963 215296 2 1 40
197963 215296 3 2 39
197963 215296 4 7 34
197963 215296 5 7 34
197963 215296 6 13 28
197963 215296 7 21 20
197963 215296 8 41 0
197963 215296 9 38 3
197963 215296 10 35 6
!sus 30 202393 9 1 46 attackers:202393;victims:30;type:1;valid_origin:False;recurrent:False;local:False
30 202393 1 0 46
30 202393 2 41 5
30 202393 3 43 3
30 202393 4 45 1
30 202393 5 39 7
30 202393 6 46 0
30 202393 7 46 0
30 202393 8 46 0
30 202393 9 44 2
30 202393 10 46 0
!sus 7018 46488 0 10 4 attackers:7018;victims:46488;type:1;valid_origin:True;recurrent:True;local:False
7018 46488 1 2 2
7018 46488 2 2 2
7018 46488 3 2 2
7018 46488 4 2 2
7018 46488 5 0 4
7018 46488 6 0 4
7018 46488 7 0 4
7018 46488 8 2 2
7018 46488 9 0 4
7018 46488 10 2 2
!leg 267613 267939 10 0 1 attackers:267613;victims:267939;type:1;valid_origin:True;recurrent:False;local:False
267613 267939 1 1 0
267613 267939 2 1 0
267613 267939 3 1 0
267613 267939 4 1 0
267613 267939 5 1 0
267613 267939 6 1 0
267613 267939 7 1 0
267613 267939 8 1 0
267613 267939 9 1 0
267613 267939 10 1 0
!sus 2 139825 0 10 33 attackers:139825;victims:2;type:1;valid_origin:False;recurrent:False;local:False
2 139825 1 0 33
2 139825 2 8 25
2 139825 3 11 22
2 139825 4 11 22
2 139825 5 10 23
2 139825 6 11 22
2 139825 7 11 22
2 139825 8 11 22
2 139825 9 11 22
2 139825 10 11 22
!sus 4601 204160 2 8 3 attackers:204160;victims:4601;type:1;valid_origin:True;recurrent:True;local:False
4601 204160 1 3 0
4601 204160 2 1 2
4601 204160 3 1 2
4601 204160 4 3 0
4601 204160 5 0 3
4601 204160 6 0 3
4601 204160 7 0 3
4601 204160 8 0 3
4601 204160 9 0 3
4601 204160 10 0 3
!sus 200533 211288 9 1 1 attackers:211288;victims:200533;type:1;valid_origin:True;recurrent:False;local:False
200533 211288 1 0 1
200533 211288 2 1 0
200533 211288 3 1 0
200533 211288 4 1 0
200533 211288 5 1 0
200533 211288 6 1 0
200533 211288 7 1 0
200533 211288 8 1 0
200533 211288 9 1 0
200533 211288 10 1 0
!leg 37148 37269 10 0 22 attackers:37269;victims:37308,36911,11355,25163,328376,328387,328497,327942,328696,37088,328527,37686,37209,328451,37148,328188,37340;type:1,2,3;valid_origin:True;recurrent:False;local:False
37148 37269 1 22 0
37148 37269 2 22 0
37148 37269 3 22 0
37148 37269 4 22 0
37148 37269 5 22 0
37148 37269 6 22 0
37148 37269 7 22 0
37148 37269 8 22 0
37148 37269 9 22 0
37148 37269 10 22 0
!leg 14618 61162 10 0 69 attackers:14618;victims:61162;type:1;valid_origin:True;recurrent:False;local:False
14618 61162 1 69 0
14618 61162 2 69 0
14618 61162 3 69 0
14618 61162 4 69 0
14618 61162 5 69 0
14618 61162 6 69 0
14618 61162 7 69 0
14618 61162 8 69 0
14618 61162 9 69 0
14618 61162 10 69 0
!leg 37269 327985 10 0 1 attackers:37269;victims:327985;type:1;valid_origin:True;recurrent:False;local:False
37269 327985 1 1 0
37269 327985 2 1 0
37269 327985 3 1 0
37269 327985 4 1 0
37269 327985 5 1 0
37269 327985 6 1 0
37269 327985 7 1 0
37269 327985 8 1 0
37269 327985 9 1 0
37269 327985 10 1 0
!sus 12213 14132 6 4 18 attackers:12213;victims:14132;type:1;valid_origin:False;recurrent:True;local:False
12213 14132 1 0 18
12213 14132 2 0 18
12213 14132 3 11 7
12213 14132 4 0 18
12213 14132 5 0 18
12213 14132 6 15 3
12213 14132 7 16 2
12213 14132 8 14 4
12213 14132 9 14 4
12213 14132 10 16 2
!sus 204844 215364 9 1 1 attackers:204844;victims:215364;type:1;valid_origin:True;recurrent:True;local:False
204844 215364 1 0 1
204844 215364 2 1 0
204844 215364 3 1 0
204844 215364 4 1 0
204844 215364 5 1 0
204844 215364 6 1 0
204844 215364 7 1 0
204844 215364 8 1 0
204844 215364 9 1 0
204844 215364 10 1 0
!leg 37269 37714 10 0 3 attackers:37714;victims:37088;type:4;valid_origin:True;recurrent:False;local:False
37269 37714 1 3 0
37269 37714 2 3 0
37269 37714 3 3 0
37269 37714 4 3 0
37269 37714 5 3 0
37269 37714 6 3 0
37269 37714 7 3 0
37269 37714 8 3 0
37269 37714 9 3 0
37269 37714 10 3 0
!sus 198769 215438 3 7 1 attackers:198769;victims:215438;type:1;valid_origin:False;recurrent:True;local:False
198769 215438 1 1 0
198769 215438 2 1 0
198769 215438 3 1 0
198769 215438 4 0 1
198769 215438 5 0 1
198769 215438 6 0 1
198769 215438 7 0 1
198769 215438 8 0 1
198769 215438 9 0 1
198769 215438 10 0 1
!sus 131429 151911 5 5 8 attackers:131429;victims:151911;type:1;valid_origin:True;recurrent:True;local:False
131429 151911 1 8 0
131429 151911 2 8 0
131429 151911 3 8 0
131429 151911 4 7 1
131429 151911 5 0 8
131429 151911 6 1 7
131429 151911 7 0 8
131429 151911 8 4 4
131429 151911 9 0 8
131429 151911 10 6 2
!leg 8796 400619 10 0 211 attackers:8796;victims:400619;type:1;valid_origin:False;recurrent:False;local:False
8796 400619 1 211 0
8796 400619 2 211 0
8796 400619 3 211 0
8796 400619 4 211 0
8796 400619 5 211 0
8796 400619 6 211 0
8796 400619 7 211 0
8796 400619 8 211 0
8796 400619 9 211 0
8796 400619 10 211 0
!sus 60602 208414 0 10 1 attackers:60602;victims:208414;type:1;valid_origin:True;recurrent:True;local:False
60602 208414 1 0 1
60602 208414 2 0 1
60602 208414 3 0 1
60602 208414 4 0 1
60602 208414 5 0 1
60602 208414 6 0 1
60602 208414 7 0 1
60602 208414 8 0 1
60602 208414 9 0 1
60602 208414 10 0 1
!leg 1239 36086 10 0 1 attackers:1239;victims:36086;type:1;valid_origin:True;recurrent:False;local:False
1239 36086 1 1 0
1239 36086 2 1 0
1239 36086 3 1 0
1239 36086 4 1 0
1239 36086 5 1 0
1239 36086 6 1 0
1239 36086 7 1 0
1239 36086 8 1 0
1239 36086 9 1 0
1239 36086 10 1 0
!sus 12741 33438 8 2 1 attackers:33438;victims:61983;type:2;valid_origin:True;recurrent:True;local:False
12741 33438 1 0 1
12741 33438 2 0 1
12741 33438 3 1 0
12741 33438 4 1 0
12741 33438 5 1 0
12741 33438 6 1 0
12741 33438 7 1 0
12741 33438 8 1 0
12741 33438 9 1 0
12741 33438 10 1 0
!sus 26937 26973 1 9 6 attackers:26937;victims:26937;type:2;valid_origin:True;recurrent:True;local:False
26937 26973 1 6 0
26937 26973 2 1 5
26937 26973 3 0 6
26937 26973 4 0 6
26937 26973 5 0 6
26937 26973 6 0 6
26937 26973 7 0 6
26937 26973 8 0 6
26937 26973 9 0 6
26937 26973 10 0 6
!sus 33287 400843 6 4 3 attackers:33287;victims:400843;type:1;valid_origin:True;recurrent:True;local:False
33287 400843 1 3 0
33287 400843 2 2 1
33287 400843 3 3 0
33287 400843 4 2 1
33287 400843 5 0 3
33287 400843 6 1 2
33287 400843 7 0 3
33287 400843 8 3 0
33287 400843 9 0 3
33287 400843 10 2 1
!sus 7018 399276 0 10 4 attackers:7018;victims:399276;type:1;valid_origin:True;recurrent:True;local:False
7018 399276 1 2 2
7018 399276 2 2 2
7018 399276 3 2 2
7018 399276 4 2 2
7018 399276 5 0 4
7018 399276 6 0 4
7018 399276 7 0 4
7018 399276 8 2 2
7018 399276 9 0 4
7018 399276 10 2 2
!sus 40368 199366 0 10 1 attackers:40368;victims:199366;type:1;valid_origin:True;recurrent:True;local:False
40368 199366 1 0 1
40368 199366 2 0 1
40368 199366 3 0 1
40368 199366 4 0 1
40368 199366 5 0 1
40368 199366 6 0 1
40368 199366 7 0 1
40368 199366 8 0 1
40368 199366 9 0 1
40368 199366 10 0 1
!sus 32828 328283 5 5 23 attackers:328283;victims:32828;type:1;valid_origin:False;recurrent:True;local:False
32828 328283 1 22 1
32828 328283 2 23 0
32828 328283 3 17 6
32828 328283 4 13 10
32828 328283 5 18 5
32828 328283 6 1 22
32828 328283 7 0 23
32828 328283 8 0 23
32828 328283 9 11 12
32828 328283 10 0 23
!leg 5713 29390 10 0 1 attackers:29390;victims:14988;type:3;valid_origin:True;recurrent:False;local:False
5713 29390 1 1 0
5713 29390 2 1 0
5713 29390 3 1 0
5713 29390 4 1 0
5713 29390 5 1 0
5713 29390 6 1 0
5713 29390 7 1 0
5713 29390 8 1 0
5713 29390 9 1 0
5713 29390 10 1 0
!leg 24429 137443 10 0 146 attackers:24429;victims:137443;type:1;valid_origin:True;recurrent:False;local:False
24429 137443 1 85 61
24429 137443 2 146 0
24429 137443 3 146 0
24429 137443 4 146 0
24429 137443 5 146 0
24429 137443 6 146 0
24429 137443 7 146 0
24429 137443 8 146 0
24429 137443 9 146 0
24429 137443 10 146 0
!sus 49418 50509 5 5 25 attackers:49418;victims:50509;type:1;valid_origin:True;recurrent:True;local:False
49418 50509 1 4 21
49418 50509 2 5 20
49418 50509 3 8 17
49418 50509 4 8 17
49418 50509 5 9 16
49418 50509 6 17 8
49418 50509 7 15 10
49418 50509 8 17 8
49418 50509 9 17 8
49418 50509 10 17 8
!sus 28590 267261 0 10 1 attackers:267261;victims:28590;type:1;valid_origin:True;recurrent:True;local:False
28590 267261 1 0 1
28590 267261 2 0 1
28590 267261 3 0 1
28590 267261 4 0 1
28590 267261 5 0 1
28590 267261 6 0 1
28590 267261 7 0 1
28590 267261 8 0 1
28590 267261 9 0 1
28590 267261 10 0 1
!sus 200160 400304 8 2 169 attackers:400304;victims:200160;type:1;valid_origin:True;recurrent:True;local:False
200160 400304 1 11 158
200160 400304 2 38 131
200160 400304 3 130 39
200160 400304 4 162 7
200160 400304 5 169 0
200160 400304 6 169 0
200160 400304 7 169 0
200160 400304 8 169 0
200160 400304 9 169 0
200160 400304 10 169 0
!sus 49581 198448 9 1 6 attackers:49581;victims:198448;type:1;valid_origin:True;recurrent:True;local:False
49581 198448 1 0 6
49581 198448 2 4 2
49581 198448 3 6 0
49581 198448 4 6 0
49581 198448 5 6 0
49581 198448 6 6 0
49581 198448 7 6 0
49581 198448 8 6 0
49581 198448 9 6 0
49581 198448 10 6 0
!sus 12741 50263 6 4 7 attackers:50263;victims:200745,215701,60713,203369,61078,210945,57295;type:2,3;valid_origin:True;recurrent:True;local:False
12741 50263 1 2 5
12741 50263 2 2 5
12741 50263 3 2 5
12741 50263 4 2 5
12741 50263 5 7 0
12741 50263 6 7 0
12741 50263 7 7 0
12741 50263 8 7 0
12741 50263 9 7 0
12741 50263 10 7 0
!sus 43426 200149 5 5 1 attackers:43426;victims:215877;type:2;valid_origin:True;recurrent:True;local:False
43426 200149 1 0 1
43426 200149 2 0 1
43426 200149 3 0 1
43426 200149 4 0 1
43426 200149 5 1 0
43426 200149 6 1 0
43426 200149 7 0 1
43426 200149 8 1 0
43426 200149 9 1 0
43426 200149 10 1 0
!leg 53013 271060 10 0 93 attackers:53013;victims:263320,265130,52903,265432,262663;type:2,3;valid_origin:True;recurrent:False;local:False
53013 271060 1 73 20
53013 271060 2 73 20
53013 271060 3 74 19
53013 271060 4 74 19
53013 271060 5 74 19
53013 271060 6 74 19
53013 271060 7 75 18
53013 271060 8 75 18
53013 271060 9 75 18
53013 271060 10 75 18
!sus 12345 263118 0 10 2 attackers:263118;victims:12345;type:1;valid_origin:True;recurrent:True;local:False
12345 263118 1 0 2
12345 263118 2 0 2
12345 263118 3 0 2
12345 263118 4 0 2
12345 263118 5 0 2
12345 263118 6 0 2
12345 263118 7 0 2
12345 263118 8 1 1
12345 263118 9 0 2
12345 263118 10 0 2
!sus 215751 216164 0 10 45 attackers:216164;victims:215751;type:1;valid_origin:True;recurrent:False;local:False
215751 216164 1 0 45
215751 216164 2 0 45
215751 216164 3 0 45
215751 216164 4 0 45
215751 216164 5 0 45
215751 216164 6 0 45
215751 216164 7 0 45
215751 216164 8 0 45
215751 216164 9 0 45
215751 216164 10 0 45
!sus 31065 55002 0 10 4 attackers:55002;victims:31065;type:1;valid_origin:True;recurrent:True;local:False
31065 55002 1 0 4
31065 55002 2 0 4
31065 55002 3 0 4
31065 55002 4 0 4
31065 55002 5 0 4
31065 55002 6 0 4
31065 55002 7 0 4
31065 55002 8 0 4
31065 55002 9 0 4
31065 55002 10 0 4
!leg 204844 216324 10 0 6 attackers:204844;victims:216324,215364;type:1,2;valid_origin:True;recurrent:True;local:False
204844 216324 1 6 0
204844 216324 2 5 1
204844 216324 3 5 1
204844 216324 4 5 1
204844 216324 5 5 1
204844 216324 6 6 0
204844 216324 7 5 1
204844 216324 8 6 0
204844 216324 9 6 0
204844 216324 10 6 0
!sus 16284 328306 2 8 9 attackers:16284;victims:328306;type:1;valid_origin:True;recurrent:True;local:False
16284 328306 1 0 9
16284 328306 2 0 9
16284 328306 3 0 9
16284 328306 4 0 9
16284 328306 5 0 9
16284 328306 6 0 9
16284 328306 7 4 5
16284 328306 8 4 5
16284 328306 9 8 1
16284 328306 10 7 2
!leg 38195 137199 10 0 38 attackers:38195;victims:141204,24315,137199;type:1,2;valid_origin:True;recurrent:False;local:False
38195 137199 1 38 0
38195 137199 2 38 0
38195 137199 3 38 0
38195 137199 4 38 0
38195 137199 5 38 0
38195 137199 6 38 0
38195 137199 7 38 0
38195 137199 8 38 0
38195 137199 9 38 0
38195 137199 10 38 0
!leg 11716 46887 10 0 238 attackers:46887;victims:11716;type:1;valid_origin:True;recurrent:False;local:False
11716 46887 1 235 3
11716 46887 2 236 2
11716 46887 3 236 2
11716 46887 4 236 2
11716 46887 5 236 2
11716 46887 6 238 0
11716 46887 7 236 2
11716 46887 8 236 2
11716 46887 9 236 2
11716 46887 10 236 2
!sus 15830 40391 0 10 3 attackers:15830;victims:40391;type:1;valid_origin:True;recurrent:True;local:False
15830 40391 1 0 3
15830 40391 2 0 3
15830 40391 3 0 3
15830 40391 4 0 3
15830 40391 5 0 3
15830 40391 6 0 3
15830 40391 7 0 3
15830 40391 8 0 3
15830 40391 9 0 3
15830 40391 10 0 3
!sus 56655 197434 8 2 1 attackers:56655;victims:197434;type:1;valid_origin:True;recurrent:True;local:False
56655 197434 1 0 1
56655 197434 2 0 1
56655 197434 3 1 0
56655 197434 4 1 0
56655 197434 5 1 0
56655 197434 6 1 0
56655 197434 7 1 0
56655 197434 8 1 0
56655 197434 9 1 0
56655 197434 10 1 0
!leg 58629 140087 10 0 115 attackers:58629;victims:140087;type:1;valid_origin:True;recurrent:False;local:False
58629 140087 1 115 0
58629 140087 2 115 0
58629 140087 3 115 0
58629 140087 4 115 0
58629 140087 5 115 0
58629 140087 6 115 0
58629 140087 7 115 0
58629 140087 8 115 0
58629 140087 9 115 0
58629 140087 10 115 0
!sus 212271 328112 0 10 1 attackers:212271;victims:328112;type:1;valid_origin:True;recurrent:True;local:False
212271 328112 1 0 1
212271 328112 2 0 1
212271 328112 3 0 1
212271 328112 4 0 1
212271 328112 5 0 1
212271 328112 6 0 1
212271 328112 7 0 1
212271 328112 8 0 1
212271 328112 9 0 1
212271 328112 10 0 1
!sus 37140 329389 0 10 2 attackers:37140;victims:329389;type:1;valid_origin:True;recurrent:True;local:False
37140 329389 1 0 2
37140 329389 2 1 1
37140 329389 3 0 2
37140 329389 4 0 2
37140 329389 5 0 2
37140 329389 6 0 2
37140 329389 7 0 2
37140 329389 8 0 2
37140 329389 9 0 2
37140 329389 10 0 2
!leg 29390 60539 10 0 1 attackers:29390;victims:60539;type:1;valid_origin:True;recurrent:False;local:False
29390 60539 1 1 0
29390 60539 2 1 0
29390 60539 3 1 0
29390 60539 4 1 0
29390 60539 5 1 0
29390 60539 6 1 0
29390 60539 7 1 0
29390 60539 8 1 0
29390 60539 9 1 0
29390 60539 10 1 0
!sus 39249 58057 0 10 38 attackers:39249;victims:58057;type:1;valid_origin:True;recurrent:True;local:False
39249 58057 1 0 38
39249 58057 2 0 38
39249 58057 3 0 38
39249 58057 4 0 38
39249 58057 5 0 38
39249 58057 6 0 38
39249 58057 7 0 38
39249 58057 8 0 38
39249 58057 9 0 38
39249 58057 10 0 38
!leg 34927 215172 10 0 12 attackers:34927;victims:215172;type:1;valid_origin:True;recurrent:False;local:False
34927 215172 1 12 0
34927 215172 2 12 0
34927 215172 3 12 0
34927 215172 4 12 0
34927 215172 5 12 0
34927 215172 6 12 0
34927 215172 7 12 0
34927 215172 8 12 0
34927 215172 9 12 0
34927 215172 10 12 0
!leg 29091 37269 10 0 1 attackers:37269;victims:328516;type:2;valid_origin:True;recurrent:False;local:False
29091 37269 1 1 0
29091 37269 2 1 0
29091 37269 3 1 0
29091 37269 4 1 0
29091 37269 5 1 0
29091 37269 6 1 0
29091 37269 7 1 0
29091 37269 8 1 0
29091 37269 9 1 0
29091 37269 10 1 0
!leg 150178 152679 10 0 42 attackers:150178;victims:152679;type:1;valid_origin:True;recurrent:False;local:False
150178 152679 1 42 0
150178 152679 2 42 0
150178 152679 3 42 0
150178 152679 4 42 0
150178 152679 5 42 0
150178 152679 6 42 0
150178 152679 7 42 0
150178 152679 8 42 0
150178 152679 9 42 0
150178 152679 10 42 0
!sus 61568 210570 4 6 2 attackers:61568;victims:210570;type:1;valid_origin:True;recurrent:True;local:False
61568 210570 1 0 2
61568 210570 2 0 2
61568 210570 3 0 2
61568 210570 4 1 1
61568 210570 5 0 2
61568 210570 6 1 1
61568 210570 7 2 0
61568 210570 8 2 0
61568 210570 9 2 0
61568 210570 10 2 0
!sus 10158 152199 2 8 4 attackers:10158;victims:152199;type:1;valid_origin:True;recurrent:True;local:False
10158 152199 1 3 1
10158 152199 2 1 3
10158 152199 3 3 1
10158 152199 4 2 2
10158 152199 5 0 4
10158 152199 6 2 2
10158 152199 7 2 2
10158 152199 8 0 4
10158 152199 9 0 4
10158 152199 10 0 4
!sus 12400 61400 7 3 5 attackers:61400;victims:21030;type:3;valid_origin:True;recurrent:True;local:False
12400 61400 1 0 5
12400 61400 2 1 4
12400 61400 3 2 3
12400 61400 4 4 1
12400 61400 5 5 0
12400 61400 6 5 0
12400 61400 7 5 0
12400 61400 8 5 0
12400 61400 9 5 0
12400 61400 10 5 0
!sus 15 202393 0 10 53 attackers:202393;victims:15;type:1;valid_origin:False;recurrent:False;local:False
15 202393 1 0 53
15 202393 2 0 53
15 202393 3 0 53
15 202393 4 0 53
15 202393 5 0 53
15 202393 6 0 53
15 202393 7 0 53
15 202393 8 0 53
15 202393 9 0 53
15 202393 10 0 53
!leg 3356 40054 10 0 45 attackers:3356;victims:40054;type:1;valid_origin:True;recurrent:False;local:False
3356 40054 1 45 0
3356 40054 2 45 0
3356 40054 3 45 0
3356 40054 4 45 0
3356 40054 5 45 0
3356 40054 6 45 0
3356 40054 7 45 0
3356 40054 8 45 0
3356 40054 9 45 0
3356 40054 10 45 0
!sus 7018 13701 0 10 4 attackers:7018;victims:13701;type:1;valid_origin:False;recurrent:True;local:False
7018 13701 1 2 2
7018 13701 2 2 2
7018 13701 3 2 2
7018 13701 4 2 2
7018 13701 5 0 4
7018 13701 6 0 4
7018 13701 7 0 4
7018 13701 8 2 2
7018 13701 9 0 4
7018 13701 10 2 2
!sus 22822 33438 1 9 1 attackers:33438;victims:20773;type:3;valid_origin:True;recurrent:False;local:False
22822 33438 1 0 1
22822 33438 2 0 1
22822 33438 3 0 1
22822 33438 4 0 1
22822 33438 5 0 1
22822 33438 6 0 1
22822 33438 7 0 1
22822 33438 8 0 1
22822 33438 9 0 1
22822 33438 10 1 0
!sus 203163 215279 1 9 1 attackers:203163;victims:215279;type:1;valid_origin:True;recurrent:True;local:False
203163 215279 1 1 0
203163 215279 2 0 1
203163 215279 3 0 1
203163 215279 4 0 1
203163 215279 5 0 1
203163 215279 6 0 1
203163 215279 7 0 1
203163 215279 8 0 1
203163 215279 9 0 1
203163 215279 10 0 1
!sus 329373 329390 3 7 7 attackers:329373;victims:329390;type:1;valid_origin:True;recurrent:True;local:False
329373 329390 1 7 0
329373 329390 2 5 2
329373 329390 3 7 0
329373 329390 4 3 4
329373 329390 5 0 7
329373 329390 6 0 7
329373 329390 7 0 7
329373 329390 8 0 7
329373 329390 9 0 7
329373 329390 10 0 7
!sus 28458 263812 7 3 1 attackers:28458;victims:263812;type:1;valid_origin:True;recurrent:True;local:False
28458 263812 1 0 1
28458 263812 2 0 1
28458 263812 3 1 0
28458 263812 4 0 1
28458 263812 5 1 0
28458 263812 6 1 0
28458 263812 7 1 0
28458 263812 8 1 0
28458 263812 9 1 0
28458 263812 10 1 0
!sus 264384 266338 7 3 3 attackers:264384;victims:266338;type:1;valid_origin:True;recurrent:True;local:False
264384 266338 1 0 3
264384 266338 2 1 2
264384 266338 3 1 2
264384 266338 4 2 1
264384 266338 5 2 1
264384 266338 6 2 1
264384 266338 7 2 1
264384 266338 8 2 1
264384 266338 9 2 1
264384 266338 10 2 1
!sus 8457 34649 0 10 2 attackers:8457;victims:34649;type:1;valid_origin:True;recurrent:True;local:False
8457 34649 1 1 1
8457 34649 2 0 2
8457 34649 3 0 2
8457 34649 4 0 2
8457 34649 5 0 2
8457 34649 6 0 2
8457 34649 7 0 2
8457 34649 8 0 2
8457 34649 9 0 2
8457 34649 10 0 2
!sus 26634 35900 2 8 3 attackers:35900;victims:26634;type:1;valid_origin:True;recurrent:True;local:False
26634 35900 1 3 0
26634 35900 2 3 0
26634 35900 3 0 3
26634 35900 4 0 3
26634 35900 5 0 3
26634 35900 6 0 3
26634 35900 7 0 3
26634 35900 8 0 3
26634 35900 9 0 3
26634 35900 10 0 3
!sus 209533 215379 5 5 6 attackers:209533;victims:215379;type:1;valid_origin:True;recurrent:True;local:False
209533 215379 1 0 6
209533 215379 2 0 6
209533 215379 3 0 6
209533 215379 4 0 6
209533 215379 5 6 0
209533 215379 6 0 6
209533 215379 7 6 0
209533 215379 8 6 0
209533 215379 9 6 0
209533 215379 10 6 0
!sus 37662 328905 1 9 7 attackers:37662;victims:328905;type:1;valid_origin:True;recurrent:True;local:False
37662 328905 1 6 1
37662 328905 2 2 5
37662 328905 3 0 7
37662 328905 4 0 7
37662 328905 5 0 7
37662 328905 6 0 7
37662 328905 7 0 7
37662 328905 8 0 7
37662 328905 9 3 4
37662 328905 10 0 7
!sus 4842 24124 0 10 8 attackers:4842;victims:24124;type:1;valid_origin:True;recurrent:False;local:False
4842 24124 1 0 8
4842 24124 2 0 8
4842 24124 3 0 8
4842 24124 4 0 8
4842 24124 5 0 8
4842 24124 6 0 8
4842 24124 7 0 8
4842 24124 8 0 8
4842 24124 9 0 8
4842 24124 10 0 8
!sus 13335 131429 0 10 3 attackers:131429;victims:13335;type:1;valid_origin:True;recurrent:True;local:False
13335 131429 1 0 3
13335 131429 2 0 3
13335 131429 3 0 3
13335 131429 4 0 3
13335 131429 5 0 3
13335 131429 6 0 3
13335 131429 7 0 3
13335 131429 8 0 3
13335 131429 9 0 3
13335 131429 10 0 3
!sus 399291 400939 0 10 4 attackers:399291;victims:400939;type:1;valid_origin:True;recurrent:True;local:False
399291 400939 1 1 3
399291 400939 2 0 4
399291 400939 3 0 4
399291 400939 4 0 4
399291 400939 5 0 4
399291 400939 6 0 4
399291 400939 7 0 4
399291 400939 8 0 4
399291 400939 9 0 4
399291 400939 10 0 4
!sus 14061 58682 0 10 1 attackers:58682;victims:14061;type:1;valid_origin:True;recurrent:True;local:True
14061 58682 1 0 1
14061 58682 2 0 1
14061 58682 3 0 1
14061 58682 4 0 1
14061 58682 5 0 1
14061 58682 6 0 1
14061 58682 7 0 1
14061 58682 8 0 1
14061 58682 9 0 1
14061 58682 10 0 1
!sus 23889 59318 1 9 1 attackers:59318;victims:13335;type:2;valid_origin:True;recurrent:True;local:True
23889 59318 1 0 1
23889 59318 2 0 1
23889 59318 3 0 1
23889 59318 4 0 1
23889 59318 5 0 1
23889 59318 6 0 1
23889 59318 7 0 1
23889 59318 8 0 1
23889 59318 9 1 0
23889 59318 10 0 1
!leg 21700 199052 10 0 152 attackers:21700;victims:51396,199052,60858;type:1,2;valid_origin:True;recurrent:False;local:False
21700 199052 1 140 12
21700 199052 2 145 7
21700 199052 3 150 2
21700 199052 4 150 2
21700 199052 5 150 2
21700 199052 6 151 1
21700 199052 7 150 2
21700 199052 8 150 2
21700 199052 9 152 0
21700 199052 10 152 0
!sus 59178 151717 5 5 4 attackers:59178;victims:151717;type:1;valid_origin:True;recurrent:True;local:False
59178 151717 1 4 0
59178 151717 2 4 0
59178 151717 3 4 0
59178 151717 4 4 0
59178 151717 5 0 4
59178 151717 6 0 4
59178 151717 7 0 4
59178 151717 8 0 4
59178 151717 9 3 1
59178 151717 10 0 4
!sus 47894 215919 0 10 5 attackers:47894;victims:215919;type:1;valid_origin:True;recurrent:True;local:False
47894 215919 1 0 5
47894 215919 2 0 5
47894 215919 3 0 5
47894 215919 4 0 5
47894 215919 5 0 5
47894 215919 6 0 5
47894 215919 7 0 5
47894 215919 8 0 5
47894 215919 9 0 5
47894 215919 10 0 5
!sus 15169 37269 6 4 1 attackers:37269;victims:396982;type:2;valid_origin:True;recurrent:False;local:False
15169 37269 1 0 1
15169 37269 2 0 1
15169 37269 3 0 1
15169 37269 4 0 1
15169 37269 5 1 0
15169 37269 6 1 0
15169 37269 7 1 0
15169 37269 8 1 0
15169 37269 9 1 0
15169 37269 10 1 0
!leg 57463 270564 10 0 1 attackers:57463;victims:270564;type:1;valid_origin:True;recurrent:False;local:True
57463 270564 1 1 0
57463 270564 2 1 0
57463 270564 3 1 0
57463 270564 4 1 0
57463 270564 5 1 0
57463 270564 6 1 0
57463 270564 7 1 0
57463 270564 8 1 0
57463 270564 9 1 0
57463 270564 10 1 0
!sus 43139 215887 0 10 1 attackers:43139;victims:215887;type:1;valid_origin:True;recurrent:True;local:False
43139 215887 1 0 1
43139 215887 2 0 1
43139 215887 3 0 1
43139 215887 4 0 1
43139 215887 5 0 1
43139 215887 6 0 1
43139 215887 7 0 1
43139 215887 8 0 1
43139 215887 9 0 1
43139 215887 10 0 1
!leg 42624 49612 10 0 107 attackers:49612;victims:42624;type:1;valid_origin:True;recurrent:False;local:False
42624 49612 1 75 32
42624 49612 2 100 7
42624 49612 3 107 0
42624 49612 4 105 2
42624 49612 5 107 0
42624 49612 6 107 0
42624 49612 7 107 0
42624 49612 8 107 0
42624 49612 9 107 0
42624 49612 10 107 0
!leg 61317 265377 10 0 1 attackers:265377;victims:270410;type:2;valid_origin:True;recurrent:False;local:False
61317 265377 1 1 0
61317 265377 2 1 0
61317 265377 3 1 0
61317 265377 4 1 0
61317 265377 5 1 0
61317 265377 6 1 0
61317 265377 7 1 0
61317 265377 8 1 0
61317 265377 9 1 0
61317 265377 10 1 0
!leg 30998 37629 10 0 1 attackers:30998;victims:37629;type:1;valid_origin:True;recurrent:False;local:False
30998 37629 1 1 0
30998 37629 2 1 0
30998 37629 3 1 0
30998 37629 4 1 0
30998 37629 5 1 0
30998 37629 6 1 0
30998 37629 7 1 0
30998 37629 8 1 0
30998 37629 9 1 0
30998 37629 10 1 0
!leg 262907 273595 10 0 2 attackers:273595;victims:262879;type:3;valid_origin:True;recurrent:False;local:False
262907 273595 1 2 0
262907 273595 2 2 0
262907 273595 3 2 0
262907 273595 4 2 0
262907 273595 5 2 0
262907 273595 6 2 0
262907 273595 7 2 0
262907 273595 8 2 0
262907 273595 9 2 0
262907 273595 10 2 0
!sus 1299 54082 0 10 4 attackers:1299;victims:263725;type:2;valid_origin:True;recurrent:True;local:False
1299 54082 1 0 4
1299 54082 2 0 4
1299 54082 3 0 4
1299 54082 4 0 4
1299 54082 5 0 4
1299 54082 6 0 4
1299 54082 7 1 3
1299 54082 8 0 4
1299 54082 9 0 4
1299 54082 10 0 4
!leg 5065 212238 10 0 48 attackers:5065;victims:212238;type:1;valid_origin:True;recurrent:False;local:False
5065 212238 1 48 0
5065 212238 2 48 0
5065 212238 3 48 0
5065 212238 4 48 0
5065 212238 5 48 0
5065 212238 6 48 0
5065 212238 7 48 0
5065 212238 8 48 0
5065 212238 9 48 0
5065 212238 10 48 0
!sus 3257 11664 8 2 1 attackers:3257;victims:11664;type:3;valid_origin:True;recurrent:True;local:True
3257 11664 1 1 0
3257 11664 2 0 1
3257 11664 3 0 1
3257 11664 4 1 0
3257 11664 5 1 0
3257 11664 6 1 0
3257 11664 7 1 0
3257 11664 8 1 0
3257 11664 9 1 0
3257 11664 10 1 0
!sus 3223 23881 6 4 3 attackers:3223;victims:23881;type:1;valid_origin:True;recurrent:True;local:False
3223 23881 1 0 3
3223 23881 2 0 3
3223 23881 3 1 2
3223 23881 4 2 1
3223 23881 5 1 2
3223 23881 6 3 0
3223 23881 7 3 0
3223 23881 8 3 0
3223 23881 9 3 0
3223 23881 10 3 0
!sus 16276 215381 8 2 190 attackers:16276;victims:215381;type:1;valid_origin:True;recurrent:True;local:False
16276 215381 1 190 0
16276 215381 2 110 80
16276 215381 3 148 42
16276 215381 4 87 103
16276 215381 5 93 97
16276 215381 6 110 80
16276 215381 7 144 46
16276 215381 8 102 88
16276 215381 9 103 87
16276 215381 10 113 77
!leg 21859 33438 10 0 1 attackers:33438;victims:400866;type:2;valid_origin:True;recurrent:False;local:False
21859 33438 1 1 0
21859 33438 2 1 0
21859 33438 3 1 0
21859 33438 4 1 0
21859 33438 5 1 0
21859 33438 6 1 0
21859 33438 7 1 0
21859 33438 8 1 0
21859 33438 9 1 0
21859 33438 10 1 0
!sus 58955 133760 5 5 32 attackers:58955;victims:133760;type:1;valid_origin:True;recurrent:True;local:False
58955 133760 1 0 32
58955 133760 2 0 32
58955 133760 3 4 28
58955 133760 4 4 28
58955 133760 5 8 24
58955 133760 6 24 8
58955 133760 7 32 0
58955 133760 8 32 0
58955 133760 9 32 0
58955 133760 10 32 0
!sus 15830 215227 0 10 3 attackers:15830;victims:215227;type:1;valid_origin:True;recurrent:True;local:False
15830 215227 1 0 3
15830 215227 2 0 3
15830 215227 3 0 3
15830 215227 4 0 3
15830 215227 5 0 3
15830 215227 6 0 3
15830 215227 7 0 3
15830 215227 8 0 3
15830 215227 9 0 3
15830 215227 10 0 3
!sus 197706 208414 0 10 1 attackers:197706;victims:208414;type:1;valid_origin:True;recurrent:True;local:False
197706 208414 1 0 1
197706 208414 2 0 1
197706 208414 3 0 1
197706 208414 4 0 1
197706 208414 5 0 1
197706 208414 6 0 1
197706 208414 7 0 1
197706 208414 8 0 1
197706 208414 9 0 1
197706 208414 10 0 1
!leg 61680 262832 10 0 14 attackers:61680;victims:262338;type:2;valid_origin:True;recurrent:False;local:False
61680 262832 1 14 0
61680 262832 2 14 0
61680 262832 3 14 0
61680 262832 4 14 0
61680 262832 5 14 0
61680 262832 6 14 0
61680 262832 7 14 0
61680 262832 8 14 0
61680 262832 9 14 0
61680 262832 10 14 0
!sus 200 43438 0 10 53 attackers:43438;victims:200;type:1;valid_origin:False;recurrent:True;local:False
200 43438 1 0 53
200 43438 2 7 46
200 43438 3 1 52
200 43438 4 13 40
200 43438 5 14 39
200 43438 6 0 53
200 43438 7 18 35
200 43438 8 16 37
200 43438 9 13 40
200 43438 10 7 46
!sus 13335 207336 0 10 1 attackers:207336;victims:13335;type:1;valid_origin:True;recurrent:True;local:False
13335 207336 1 0 1
13335 207336 2 0 1
13335 207336 3 0 1
13335 207336 4 0 1
13335 207336 5 0 1
13335 207336 6 0 1
13335 207336 7 0 1
13335 207336 8 0 1
13335 207336 9 0 1
13335 207336 10 0 1
!sus 22497 395648 0 10 1 attackers:395648;victims:22497;type:1;valid_origin:True;recurrent:True;local:False
22497 395648 1 0 1
22497 395648 2 0 1
22497 395648 3 0 1
22497 395648 4 0 1
22497 395648 5 0 1
22497 395648 6 0 1
22497 395648 7 0 1
22497 395648 8 0 1
22497 395648 9 0 1
22497 395648 10 0 1
!sus 132585 151662 7 3 125 attackers:132585;victims:151662;type:1;valid_origin:True;recurrent:False;local:False
132585 151662 1 125 0
132585 151662 2 125 0
132585 151662 3 125 0
132585 151662 4 116 9
132585 151662 5 85 40
132585 151662 6 1 124
132585 151662 7 0 125
132585 151662 8 116 9
132585 151662 9 0 125
132585 151662 10 109 16
!sus 2 1226 0 10 186 attackers:1226;victims:2894,2,23281;type:1,2;valid_origin:True;recurrent:False;local:False
2 1226 1 2 184
2 1226 2 27 159
2 1226 3 26 160
2 1226 4 31 155
2 1226 5 33 153
2 1226 6 35 151
2 1226 7 44 142
2 1226 8 40 146
2 1226 9 41 145
2 1226 10 32 154
!leg 4637 133127 10 0 76 attackers:4637;victims:133127;type:1;valid_origin:True;recurrent:False;local:False
4637 133127 1 76 0
4637 133127 2 76 0
4637 133127 3 76 0
4637 133127 4 76 0
4637 133127 5 76 0
4637 133127 6 76 0
4637 133127 7 76 0
4637 133127 8 76 0
4637 133127 9 76 0
4637 133127 10 76 0
!leg 4755 140911 10 0 1 attackers:4755;victims:140911;type:1;valid_origin:True;recurrent:False;local:False
4755 140911 1 1 0
4755 140911 2 1 0
4755 140911 3 1 0
4755 140911 4 1 0
4755 140911 5 1 0
4755 140911 6 1 0
4755 140911 7 1 0
4755 140911 8 1 0
4755 140911 9 1 0
4755 140911 10 1 0
!leg 22356 271060 10 0 20 attackers:22356;victims:271152;type:3;valid_origin:True;recurrent:False;local:False
22356 271060 1 20 0
22356 271060 2 20 0
22356 271060 3 20 0
22356 271060 4 20 0
22356 271060 5 20 0
22356 271060 6 20 0
22356 271060 7 20 0
22356 271060 8 20 0
22356 271060 9 20 0
22356 271060 10 20 0
!sus 132335 210542 9 1 4 attackers:132335;victims:210542;type:1;valid_origin:True;recurrent:True;local:False
132335 210542 1 0 4
132335 210542 2 3 1
132335 210542 3 4 0
132335 210542 4 4 0
132335 210542 5 4 0
132335 210542 6 4 0
132335 210542 7 4 0
132335 210542 8 4 0
132335 210542 9 4 0
132335 210542 10 4 0
!sus 64153 265695 7 3 287 attackers:265695;victims:64153;type:1;valid_origin:True;recurrent:True;local:False
64153 265695 1 287 0
64153 265695 2 281 6
64153 265695 3 279 8
64153 265695 4 275 12
64153 265695 5 276 11
64153 265695 6 190 97
64153 265695 7 0 287
64153 265695 8 0 287
64153 265695 9 221 66
64153 265695 10 0 287
!sus 48292 57152 0 10 3 attackers:57152;victims:48292;type:1;valid_origin:True;recurrent:True;local:False
48292 57152 1 0 3
48292 57152 2 0 3
48292 57152 3 0 3
48292 57152 4 0 3
48292 57152 5 0 3
48292 57152 6 0 3
48292 57152 7 0 3
48292 57152 8 0 3
48292 57152 9 0 3
48292 57152 10 0 3
!leg 16284 37269 10 0 1 attackers:16284;victims:328516;type:3;valid_origin:True;recurrent:False;local:False
16284 37269 1 1 0
16284 37269 2 1 0
16284 37269 3 1 0
16284 37269 4 1 0
16284 37269 5 1 0
16284 37269 6 1 0
16284 37269 7 1 0
16284 37269 8 1 0
16284 37269 9 1 0
16284 37269 10 1 0
!sus 30823 48314 5 5 117 attackers:30823;victims:48314;type:1;valid_origin:True;recurrent:True;local:False
30823 48314 1 22 95
30823 48314 2 44 73
30823 48314 3 39 78
30823 48314 4 58 59
30823 48314 5 49 68
30823 48314 6 71 46
30823 48314 7 88 29
30823 48314 8 94 23
30823 48314 9 79 38
30823 48314 10 68 49
!leg 133296 137621 10 0 225 attackers:133296;victims:137621;type:1;valid_origin:True;recurrent:False;local:False
133296 137621 1 225 0
133296 137621 2 224 1
133296 137621 3 225 0
133296 137621 4 219 6
133296 137621 5 224 1
133296 137621 6 224 1
133296 137621 7 214 11
133296 137621 8 225 0
133296 137621 9 176 49
133296 137621 10 224 1
!sus 52468 273139 0 10 33 attackers:52468;victims:273139;type:1;valid_origin:True;recurrent:True;local:False
52468 273139 1 7 26
52468 273139 2 0 33
52468 273139 3 0 33
52468 273139 4 0 33
52468 273139 5 0 33
52468 273139 6 0 33
52468 273139 7 0 33
52468 273139 8 0 33
52468 273139 9 0 33
52468 273139 10 0 33
!sus 48728 400696 0 10 8 attackers:48728;victims:400696;type:1;valid_origin:True;recurrent:True;local:False
48728 400696 1 0 8
48728 400696 2 0 8
48728 400696 3 0 8
48728 400696 4 0 8
48728 400696 5 0 8
48728 400696 6 0 8
48728 400696 7 0 8
48728 400696 8 0 8
48728 400696 9 0 8
48728 400696 10 0 8
!sus 30990 37035 0 10 4 attackers:30990;victims:37035,36908;type:1,2;valid_origin:True;recurrent:True;local:False
30990 37035 1 0 4
30990 37035 2 0 4
30990 37035 3 0 4
30990 37035 4 0 4
30990 37035 5 0 4
30990 37035 6 0 4
30990 37035 7 0 4
30990 37035 8 1 3
30990 37035 9 1 3
30990 37035 10 1 3
!sus 12874 33438 9 1 1 attackers:33438;victims:209887;type:2;valid_origin:True;recurrent:True;local:False
12874 33438 1 0 1
12874 33438 2 1 0
12874 33438 3 1 0
12874 33438 4 1 0
12874 33438 5 1 0
12874 33438 6 1 0
12874 33438 7 1 0
12874 33438 8 1 0
12874 33438 9 1 0
12874 33438 10 1 0
!leg 202766 207336 10 0 1 attackers:207336;victims:208257;type:2;valid_origin:True;recurrent:False;local:False
202766 207336 1 1 0
202766 207336 2 1 0
202766 207336 3 1 0
202766 207336 4 1 0
202766 207336 5 1 0
202766 207336 6 1 0
202766 207336 7 1 0
202766 207336 8 1 0
202766 207336 9 1 0
202766 207336 10 1 0
!sus 8849 57417 3 7 10 attackers:8849;victims:57417;type:1;valid_origin:True;recurrent:True;local:False
8849 57417 1 0 10
8849 57417 2 0 10
8849 57417 3 0 10
8849 57417 4 0 10
8849 57417 5 0 10
8849 57417 6 0 10
8849 57417 7 4 6
8849 57417 8 8 2
8849 57417 9 8 2
8849 57417 10 10 0
!sus 271968 271989 0 10 79 attackers:271968;victims:271989;type:1;valid_origin:True;recurrent:True;local:False
271968 271989 1 0 79
271968 271989 2 0 79
271968 271989 3 0 79
271968 271989 4 0 79
271968 271989 5 0 79
271968 271989 6 0 79
271968 271989 7 0 79
271968 271989 8 0 79
271968 271989 9 0 79
271968 271989 10 0 79
!leg 12297 211288 10 0 1 attackers:211288;victims:207991;type:3;valid_origin:True;recurrent:False;local:False
12297 211288 1 1 0
12297 211288 2 1 0
12297 211288 3 1 0
12297 211288 4 1 0
12297 211288 5 1 0
12297 211288 6 1 0
12297 211288 7 1 0
12297 211288 8 1 0
12297 211288 9 1 0
12297 211288 10 1 0
!leg 53427 270967 10 0 66 attackers:53427;victims:270967;type:1;valid_origin:True;recurrent:False;local:False
53427 270967 1 53 13
53427 270967 2 58 8
53427 270967 3 59 7
53427 270967 4 59 7
53427 270967 5 62 4
53427 270967 6 62 4
53427 270967 7 62 4
53427 270967 8 61 5
53427 270967 9 62 4
53427 270967 10 62 4
!sus 12779 211288 8 2 1 attackers:211288;victims:12654;type:2;valid_origin:True;recurrent:False;local:False
12779 211288 1 0 1
12779 211288 2 1 0
12779 211288 3 0 1
12779 211288 4 1 0
12779 211288 5 1 0
12779 211288 6 1 0
12779 211288 7 1 0
12779 211288 8 1 0
12779 211288 9 1 0
12779 211288 10 1 0
!sus 7018 54576 0 10 5 attackers:7018;victims:54576;type:1;valid_origin:True;recurrent:True;local:False
7018 54576 1 2 3
7018 54576 2 2 3
7018 54576 3 2 3
7018 54576 4 2 3
7018 54576 5 0 5
7018 54576 6 0 5
7018 54576 7 0 5
7018 54576 8 2 3
7018 54576 9 0 5
7018 54576 10 2 3
!sus 34628 34652 5 5 3 attackers:34628;victims:34652;type:1;valid_origin:True;recurrent:True;local:False
34628 34652 1 3 0
34628 34652 2 3 0
34628 34652 3 3 0
34628 34652 4 3 0
34628 34652 5 0 3
34628 34652 6 0 3
34628 34652 7 0 3
34628 34652 8 0 3
34628 34652 9 2 1
34628 34652 10 0 3
!sus 7018 397837 0 10 4 attackers:7018;victims:397837;type:1;valid_origin:True;recurrent:True;local:False
7018 397837 1 2 2
7018 397837 2 2 2
7018 397837 3 2 2
7018 397837 4 2 2
7018 397837 5 0 4
7018 397837 6 0 4
7018 397837 7 0 4
7018 397837 8 2 2
7018 397837 9 0 4
7018 397837 10 2 2
!sus 14840 269649 0 10 1 attackers:269649;victims:267050;type:2;valid_origin:True;recurrent:False;local:False
14840 269649 1 0 1
14840 269649 2 0 1
14840 269649 3 0 1
14840 269649 4 0 1
14840 269649 5 0 1
14840 269649 6 0 1
14840 269649 7 0 1
14840 269649 8 0 1
14840 269649 9 0 1
14840 269649 10 0 1
!leg 29632 200249 10 0 1 attackers:29632;victims:200249;type:1;valid_origin:True;recurrent:False;local:False
29632 200249 1 1 0
29632 200249 2 1 0
29632 200249 3 1 0
29632 200249 4 1 0
29632 200249 5 1 0
29632 200249 6 1 0
29632 200249 7 1 0
29632 200249 8 1 0
29632 200249 9 1 0
29632 200249 10 1 0
!sus 205820 215272 7 3 3 attackers:205820;victims:215272;type:1;valid_origin:False;recurrent:True;local:False
205820 215272 1 3 0
205820 215272 2 3 0
205820 215272 3 3 0
205820 215272 4 3 0
205820 215272 5 2 1
205820 215272 6 0 3
205820 215272 7 0 3
205820 215272 8 3 0
205820 215272 9 0 3
205820 215272 10 2 1
!leg 1680 22332 10 0 1 attackers:1680;victims:22332;type:1;valid_origin:True;recurrent:False;local:False
1680 22332 1 1 0
1680 22332 2 1 0
1680 22332 3 1 0
1680 22332 4 1 0
1680 22332 5 1 0
1680 22332 6 1 0
1680 22332 7 1 0
1680 22332 8 1 0
1680 22332 9 1 0
1680 22332 10 1 0
!sus 264241 273464 5 5 1 attackers:264241;victims:273464;type:1;valid_origin:True;recurrent:True;local:False
264241 273464 1 1 0
264241 273464 2 1 0
264241 273464 3 1 0
264241 273464 4 1 0
264241 273464 5 1 0
264241 273464 6 0 1
264241 273464 7 0 1
264241 273464 8 0 1
264241 273464 9 0 1
264241 273464 10 0 1
!leg 5065 39600 10 0 52 attackers:5065;victims:39600;type:1;valid_origin:True;recurrent:False;local:False
5065 39600 1 52 0
5065 39600 2 52 0
5065 39600 3 52 0
5065 39600 4 52 0
5065 39600 5 52 0
5065 39600 6 52 0
5065 39600 7 52 0
5065 39600 8 52 0
5065 39600 9 52 0
5065 39600 10 52 0
!leg 33438 50509 10 0 1 attackers:33438;victims:215349;type:3;valid_origin:True;recurrent:True;local:False
33438 50509 1 1 0
33438 50509 2 1 0
33438 50509 3 1 0
33438 50509 4 1 0
33438 50509 5 1 0
33438 50509 6 1 0
33438 50509 7 1 0
33438 50509 8 1 0
33438 50509 9 1 0
33438 50509 10 1 0
!leg 138886 141077 10 0 2 attackers:138886;victims:141077;type:1;valid_origin:True;recurrent:False;local:False
138886 141077 1 2 0
138886 141077 2 2 0
138886 141077 3 2 0
138886 141077 4 2 0
138886 141077 5 2 0
138886 141077 6 2 0
138886 141077 7 2 0
138886 141077 8 2 0
138886 141077 9 2 0
138886 141077 10 2 0
!sus 207336 263009 8 2 2 attackers:207336;victims:264485,272769;type:2;valid_origin:True;recurrent:True;local:False
207336 263009 1 0 2
207336 263009 2 0 2
207336 263009 3 2 0
207336 263009 4 2 0
207336 263009 5 2 0
207336 263009 6 2 0
207336 263009 7 2 0
207336 263009 8 2 0
207336 263009 9 2 0
207336 263009 10 2 0
!sus 34872 207336 8 2 6 attackers:207336;victims:215931,206368,211868,199487,34872,206592;type:1,2;valid_origin:True;recurrent:True;local:False
34872 207336 1 0 6
34872 207336 2 0 6
34872 207336 3 5 1
34872 207336 4 5 1
34872 207336 5 5 1
34872 207336 6 5 1
34872 207336 7 5 1
34872 207336 8 5 1
34872 207336 9 5 1
34872 207336 10 5 1
!sus 328892 329110 6 4 62 attackers:328892;victims:329110;type:1;valid_origin:True;recurrent:True;local:False
328892 329110 1 0 62
328892 329110 2 0 62
328892 329110 3 44 18
328892 329110 4 17 45
328892 329110 5 25 37
328892 329110 6 33 29
328892 329110 7 56 6
328892 329110 8 32 30
328892 329110 9 59 3
328892 329110 10 50 12
!sus 262422 268976 0 10 2 attackers:268976;victims:262422;type:1;valid_origin:True;recurrent:True;local:False
262422 268976 1 0 2
262422 268976 2 0 2
262422 268976 3 0 2
262422 268976 4 0 2
262422 268976 5 1 1
262422 268976 6 0 2
262422 268976 7 0 2
262422 268976 8 1 1
262422 268976 9 1 1
262422 268976 10 1 1
!leg 41095 56140 10 0 1 attackers:41095;victims:56140;type:1;valid_origin:True;recurrent:False;local:False
41095 56140 1 1 0
41095 56140 2 1 0
41095 56140 3 1 0
41095 56140 4 1 0
41095 56140 5 1 0
41095 56140 6 1 0
41095 56140 7 1 0
41095 56140 8 1 0
41095 56140 9 1 0
41095 56140 10 1 0
!leg 45352 134672 10 0 1 attackers:45352;victims:134672;type:1;valid_origin:True;recurrent:True;local:True
45352 134672 1 1 0
45352 134672 2 1 0
45352 134672 3 1 0
45352 134672 4 1 0
45352 134672 5 1 0
45352 134672 6 1 0
45352 134672 7 1 0
45352 134672 8 1 0
45352 134672 9 1 0
45352 134672 10 1 0
!sus 15353 212469 8 2 13 attackers:15353;victims:212469;type:1;valid_origin:True;recurrent:True;local:False
15353 212469 1 0 13
15353 212469 2 2 11
15353 212469 3 7 6
15353 212469 4 10 3
15353 212469 5 12 1
15353 212469 6 11 2
15353 212469 7 13 0
15353 212469 8 13 0
15353 212469 9 13 0
15353 212469 10 13 0
!sus 14813 395418 1 9 1 attackers:14813;victims:395418;type:1;valid_origin:True;recurrent:True;local:False
14813 395418 1 1 0
14813 395418 2 0 1
14813 395418 3 0 1
14813 395418 4 0 1
14813 395418 5 0 1
14813 395418 6 0 1
14813 395418 7 0 1
14813 395418 8 0 1
14813 395418 9 0 1
14813 395418 10 0 1
!sus 56655 203415 0 10 63 attackers:56655;victims:203415;type:1;valid_origin:True;recurrent:True;local:False
56655 203415 1 0 63
56655 203415 2 0 63
56655 203415 3 0 63
56655 203415 4 0 63
56655 203415 5 0 63
56655 203415 6 0 63
56655 203415 7 0 63
56655 203415 8 0 63
56655 203415 9 0 63
56655 203415 10 0 63
!sus 58307 207336 6 4 1 attackers:207336;victims:58307;type:1;valid_origin:True;recurrent:True;local:False
58307 207336 1 0 1
58307 207336 2 0 1
58307 207336 3 0 1
58307 207336 4 0 1
58307 207336 5 1 0
58307 207336 6 1 0
58307 207336 7 1 0
58307 207336 8 1 0
58307 207336 9 1 0
58307 207336 10 1 0
!sus 7018 397839 0 10 4 attackers:7018;victims:397839;type:1;valid_origin:True;recurrent:True;local:False
7018 397839 1 2 2
7018 397839 2 2 2
7018 397839 3 2 2
7018 397839 4 2 2
7018 397839 5 0 4
7018 397839 6 0 4
7018 397839 7 0 4
7018 397839 8 2 2
7018 397839 9 0 4
7018 397839 10 2 2
!leg 28649 264983 10 0 28 attackers:28649;victims:264983;type:1;valid_origin:True;recurrent:False;local:False
28649 264983 1 28 0
28649 264983 2 28 0
28649 264983 3 28 0
28649 264983 4 28 0
28649 264983 5 28 0
28649 264983 6 28 0
28649 264983 7 28 0
28649 264983 8 28 0
28649 264983 9 28 0
28649 264983 10 28 0
!sus 57463 60195 9 1 1 attackers:57463;victims:60195;type:1;valid_origin:True;recurrent:False;local:True
57463 60195 1 0 1
57463 60195 2 1 0
57463 60195 3 1 0
57463 60195 4 1 0
57463 60195 5 1 0
57463 60195 6 1 0
57463 60195 7 1 0
57463 60195 8 1 0
57463 60195 9 1 0
57463 60195 10 1 0
!sus 209533 215561 9 1 72 attackers:209533;victims:215561;type:1;valid_origin:True;recurrent:True;local:False
209533 215561 1 16 56
209533 215561 2 63 9
209533 215561 3 68 4
209533 215561 4 72 0
209533 215561 5 72 0
209533 215561 6 72 0
209533 215561 7 72 0
209533 215561 8 72 0
209533 215561 9 72 0
209533 215561 10 72 0
!sus 6204 200149 7 3 177 attackers:6204;victims:215877;type:2;valid_origin:True;recurrent:True;local:False
6204 200149 1 16 161
6204 200149 2 46 131
6204 200149 3 80 97
6204 200149 4 106 71
6204 200149 5 118 59
6204 200149 6 115 62
6204 200149 7 138 39
6204 200149 8 142 35
6204 200149 9 141 36
6204 200149 10 145 32
!sus 199414 213323 3 7 431 attackers:199414;victims:213323;type:1;valid_origin:True;recurrent:True;local:False
199414 213323 1 0 431
199414 213323 2 0 431
199414 213323 3 0 431
199414 213323 4 0 431
199414 213323 5 0 431
199414 213323 6 0 431
199414 213323 7 10 421
199414 213323 8 307 124
199414 213323 9 283 148
199414 213323 10 310 121
!leg 10075 139825 10 0 126 attackers:10075;victims:2,139825;type:1,2;valid_origin:False;recurrent:False;local:False
10075 139825 1 106 20
10075 139825 2 110 16
10075 139825 3 112 14
10075 139825 4 121 5
10075 139825 5 111 15
10075 139825 6 117 9
10075 139825 7 119 7
10075 139825 8 121 5
10075 139825 9 119 7
10075 139825 10 122 4
!sus 8717 211288 8 2 1 attackers:211288;victims:13124;type:2;valid_origin:True;recurrent:True;local:False
8717 211288 1 0 1
8717 211288 2 0 1
8717 211288 3 1 0
8717 211288 4 1 0
8717 211288 5 1 0
8717 211288 6 1 0
8717 211288 7 1 0
8717 211288 8 1 0
8717 211288 9 1 0
8717 211288 10 1 0
!leg 1239 327903 10 0 11 attackers:1239;victims:328369,37449,327903,37164,328581,327990,37208,328289,328236,37418,36928;type:1,2,3;valid_origin:True;recurrent:False;local:False
1239 327903 1 10 1
1239 327903 2 11 0
1239 327903 3 11 0
1239 327903 4 11 0
1239 327903 5 11 0
1239 327903 6 11 0
1239 327903 7 11 0
1239 327903 8 11 0
1239 327903 9 11 0
1239 327903 10 11 0
!sus 55836 135240 7 3 2 attackers:55836;victims:135240;type:1;valid_origin:True;recurrent:True;local:False
55836 135240 1 2 0
55836 135240 2 2 0
55836 135240 3 2 0
55836 135240 4 2 0
55836 135240 5 0 2
55836 135240 6 2 0
55836 135240 7 0 2
55836 135240 8 2 0
55836 135240 9 0 2
55836 135240 10 2 0
!sus 44103 215386 7 3 34 attackers:44103;victims:215386;type:1;valid_origin:True;recurrent:False;local:False
44103 215386 1 11 23
44103 215386 2 15 19
44103 215386 3 17 17
44103 215386 4 25 9
44103 215386 5 25 9
44103 215386 6 27 7
44103 215386 7 26 8
44103 215386 8 27 7
44103 215386 9 28 6
44103 215386 10 28 6
!sus 24482 61973 9 1 1 attackers:61973;victims:136462;type:2;valid_origin:True;recurrent:False;local:False
24482 61973 1 0 1
24482 61973 2 1 0
24482 61973 3 1 0
24482 61973 4 1 0
24482 61973 5 1 0
24482 61973 6 1 0
24482 61973 7 1 0
24482 61973 8 1 0
24482 61973 9 1 0
24482 61973 10 1 0
!leg 39912 44752 10 0 61 attackers:39912;victims:44752;type:1;valid_origin:True;recurrent:False;local:False
39912 44752 1 61 0
39912 44752 2 58 3
39912 44752 3 52 9
39912 44752 4 54 7
39912 44752 5 52 9
39912 44752 6 61 0
39912 44752 7 61 0
39912 44752 8 50 11
39912 44752 9 61 0
39912 44752 10 55 6
!sus 2 23281 3 7 22 attackers:2;victims:23281;type:1;valid_origin:True;recurrent:False;local:False
2 23281 1 0 22
2 23281 2 0 22
2 23281 3 7 15
2 23281 4 1 21
2 23281 5 11 11
2 23281 6 4 18
2 23281 7 12 10
2 23281 8 14 8
2 23281 9 11 11
2 23281 10 15 7
!leg 263584 267613 10 0 1 attackers:267613;victims:263584;type:1;valid_origin:True;recurrent:False;local:False
263584 267613 1 1 0
263584 267613 2 1 0
263584 267613 3 1 0
263584 267613 4 1 0
263584 267613 5 1 0
263584 267613 6 1 0
263584 267613 7 1 0
263584 267613 8 1 0
263584 267613 9 1 0
263584 267613 10 1 0
!leg 25163 37269 10 0 3 attackers:37269;victims:25163;type:1;valid_origin:True;recurrent:False;local:False
25163 37269 1 3 0
25163 37269 2 3 0
25163 37269 3 3 0
25163 37269 4 3 0
25163 37269 5 3 0
25163 37269 6 3 0
25163 37269 7 3 0
25163 37269 8 3 0
25163 37269 9 3 0
25163 37269 10 3 0
!sus 51765 216300 0 10 4 attackers:51765;victims:216300;type:1;valid_origin:True;recurrent:True;local:False
51765 216300 1 0 4
51765 216300 2 0 4
51765 216300 3 0 4
51765 216300 4 0 4
51765 216300 5 0 4
51765 216300 6 0 4
51765 216300 7 0 4
51765 216300 8 0 4
51765 216300 9 0 4
51765 216300 10 0 4
!leg 54801 139646 10 0 201 attackers:139646;victims:54801;type:1;valid_origin:True;recurrent:False;local:False
54801 139646 1 201 0
54801 139646 2 201 0
54801 139646 3 201 0
54801 139646 4 201 0
54801 139646 5 201 0
54801 139646 6 201 0
54801 139646 7 201 0
54801 139646 8 201 0
54801 139646 9 201 0
54801 139646 10 201 0
!sus 39249 200334 8 2 20 attackers:39249;victims:200334;type:1;valid_origin:True;recurrent:True;local:False
39249 200334 1 0 20
39249 200334 2 8 12
39249 200334 3 17 3
39249 200334 4 18 2
39249 200334 5 18 2
39249 200334 6 19 1
39249 200334 7 19 1
39249 200334 8 19 1
39249 200334 9 19 1
39249 200334 10 19 1
!sus 56655 199707 9 1 1 attackers:56655;victims:199707;type:1;valid_origin:True;recurrent:True;local:False
56655 199707 1 0 1
56655 199707 2 1 0
56655 199707 3 1 0
56655 199707 4 1 0
56655 199707 5 1 0
56655 199707 6 1 0
56655 199707 7 1 0
56655 199707 8 1 0
56655 199707 9 1 0
56655 199707 10 1 0
!sus 198735 201749 0 10 23 attackers:201749;victims:198735;type:1;valid_origin:True;recurrent:True;local:False
198735 201749 1 0 23
198735 201749 2 0 23
198735 201749 3 0 23
198735 201749 4 0 23
198735 201749 5 0 23
198735 201749 6 0 23
198735 201749 7 0 23
198735 201749 8 0 23
198735 201749 9 0 23
198735 201749 10 0 23
!sus 208414 213035 1 9 1 attackers:213035;victims:208414;type:1;valid_origin:True;recurrent:True;local:False
208414 213035 1 0 1
208414 213035 2 0 1
208414 213035 3 0 1
208414 213035 4 0 1
208414 213035 5 0 1
208414 213035 6 0 1
208414 213035 7 0 1
208414 213035 8 0 1
208414 213035 9 0 1
208414 213035 10 1 0
!leg 6807 43426 10 0 1 attackers:43426;victims:6807;type:1;valid_origin:True;recurrent:False;local:False
6807 43426 1 1 0
6807 43426 2 1 0
6807 43426 3 1 0
6807 43426 4 1 0
6807 43426 5 1 0
6807 43426 6 1 0
6807 43426 7 1 0
6807 43426 8 1 0
6807 43426 9 1 0
6807 43426 10 1 0
!sus 6895 215424 1 9 3 attackers:6895;victims:215424;type:1;valid_origin:True;recurrent:True;local:False
6895 215424 1 3 0
6895 215424 2 0 3
6895 215424 3 0 3
6895 215424 4 0 3
6895 215424 5 0 3
6895 215424 6 0 3
6895 215424 7 0 3
6895 215424 8 0 3
6895 215424 9 0 3
6895 215424 10 0 3
!sus 8708 33438 9 1 1 attackers:33438;victims:213323;type:2;valid_origin:False;recurrent:True;local:False
8708 33438 1 0 1
8708 33438 2 1 0
8708 33438 3 1 0
8708 33438 4 1 0
8708 33438 5 1 0
8708 33438 6 1 0
8708 33438 7 1 0
8708 33438 8 1 0
8708 33438 9 1 0
8708 33438 10 1 0
!sus 204617 209533 9 1 121 attackers:209533;victims:204617;type:1;valid_origin:True;recurrent:True;local:False
204617 209533 1 8 113
204617 209533 2 97 24
204617 209533 3 107 14
204617 209533 4 117 4
204617 209533 5 118 3
204617 209533 6 121 0
204617 209533 7 121 0
204617 209533 8 121 0
204617 209533 9 121 0
204617 209533 10 121 0
!sus 209605 215240 0 10 31 attackers:209605;victims:215240;type:1;valid_origin:True;recurrent:True;local:False
209605 215240 1 14 17
209605 215240 2 0 31
209605 215240 3 0 31
209605 215240 4 0 31
209605 215240 5 0 31
209605 215240 6 0 31
209605 215240 7 0 31
209605 215240 8 0 31
209605 215240 9 0 31
209605 215240 10 0 31
!leg 5650 18795 10 0 21 attackers:5650;victims:18795;type:1;valid_origin:True;recurrent:False;local:False
5650 18795 1 21 0
5650 18795 2 21 0
5650 18795 3 21 0
5650 18795 4 21 0
5650 18795 5 21 0
5650 18795 6 21 0
5650 18795 7 21 0
5650 18795 8 21 0
5650 18795 9 21 0
5650 18795 10 21 0
!sus 15830 21985 1 9 3 attackers:15830;victims:21985;type:1;valid_origin:True;recurrent:True;local:False
15830 21985 1 0 3
15830 21985 2 0 3
15830 21985 3 0 3
15830 21985 4 0 3
15830 21985 5 0 3
15830 21985 6 0 3
15830 21985 7 0 3
15830 21985 8 2 1
15830 21985 9 0 3
15830 21985 10 0 3
!leg 201386 216299 10 0 138 attackers:201386,216299;victims:201386,216299;type:1;valid_origin:True;recurrent:True;local:False
201386 216299 1 113 25
201386 216299 2 130 8
201386 216299 3 136 2
201386 216299 4 135 3
201386 216299 5 136 2
201386 216299 6 136 2
201386 216299 7 116 22
201386 216299 8 134 4
201386 216299 9 137 1
201386 216299 10 136 2
!sus 59895 215287 1 9 106 attackers:59895;victims:215287;type:1;valid_origin:True;recurrent:True;local:False
59895 215287 1 67 39
59895 215287 2 0 106
59895 215287 3 0 106
59895 215287 4 0 106
59895 215287 5 0 106
59895 215287 6 0 106
59895 215287 7 0 106
59895 215287 8 0 106
59895 215287 9 0 106
59895 215287 10 0 106
!sus 15169 30998 0 10 6 attackers:30998;victims:396982,395973;type:2;valid_origin:True;recurrent:True;local:False
15169 30998 1 0 6
15169 30998 2 0 6
15169 30998 3 0 6
15169 30998 4 0 6
15169 30998 5 2 4
15169 30998 6 2 4
15169 30998 7 2 4
15169 30998 8 2 4
15169 30998 9 2 4
15169 30998 10 2 4
!sus 29390 263009 8 2 2 attackers:29390;victims:264485,272769;type:2;valid_origin:True;recurrent:True;local:False
29390 263009 1 0 2
29390 263009 2 0 2
29390 263009 3 2 0
29390 263009 4 2 0
29390 263009 5 2 0
29390 263009 6 2 0
29390 263009 7 2 0
29390 263009 8 2 0
29390 263009 9 2 0
29390 263009 10 2 0
!leg 13237 61183 10 0 44 attackers:13237;victims:61183;type:1;valid_origin:True;recurrent:False;local:False
13237 61183 1 43 1
13237 61183 2 43 1
13237 61183 3 43 1
13237 61183 4 43 1
13237 61183 5 43 1
13237 61183 6 43 1
13237 61183 7 43 1
13237 61183 8 43 1
13237 61183 9 43 1
13237 61183 10 43 1
!sus 9931 133385 2 8 3 attackers:9931;victims:54994;type:8;valid_origin:True;recurrent:False;local:False
9931 133385 1 0 3
9931 133385 2 0 3
9931 133385 3 0 3
9931 133385 4 0 3
9931 133385 5 0 3
9931 133385 6 0 3
9931 133385 7 0 3
9931 133385 8 0 3
9931 133385 9 3 0
9931 133385 10 3 0
!leg 137491 152679 10 0 142 attackers:137491;victims:152679;type:1;valid_origin:True;recurrent:False;local:False
137491 152679 1 142 0
137491 152679 2 142 0
137491 152679 3 142 0
137491 152679 4 142 0
137491 152679 5 142 0
137491 152679 6 142 0
137491 152679 7 142 0
137491 152679 8 142 0
137491 152679 9 142 0
137491 152679 10 142 0
!sus 48752 216360 0 10 1 attackers:216360;victims:48752;type:1;valid_origin:True;recurrent:True;local:False
48752 216360 1 0 1
48752 216360 2 0 1
48752 216360 3 0 1
48752 216360 4 0 1
48752 216360 5 0 1
48752 216360 6 0 1
48752 216360 7 0 1
48752 216360 8 0 1
48752 216360 9 0 1
48752 216360 10 0 1
!sus 14178 270165 5 5 59 attackers:14178;victims:270165;type:1;valid_origin:True;recurrent:True;local:False
14178 270165 1 0 59
14178 270165 2 0 59
14178 270165 3 0 59
14178 270165 4 0 59
14178 270165 5 0 59
14178 270165 6 57 2
14178 270165 7 58 1
14178 270165 8 58 1
14178 270165 9 58 1
14178 270165 10 58 1
!leg 53087 272692 10 0 1 attackers:53087;victims:272692;type:1;valid_origin:True;recurrent:False;local:False
53087 272692 1 1 0
53087 272692 2 1 0
53087 272692 3 1 0
53087 272692 4 1 0
53087 272692 5 1 0
53087 272692 6 1 0
53087 272692 7 1 0
53087 272692 8 1 0
53087 272692 9 1 0
53087 272692 10 1 0
!leg 955 215304 10 0 177 attackers:955;victims:215304;type:1;valid_origin:True;recurrent:False;local:False
955 215304 1 177 0
955 215304 2 177 0
955 215304 3 177 0
955 215304 4 177 0
955 215304 5 177 0
955 215304 6 177 0
955 215304 7 177 0
955 215304 8 177 0
955 215304 9 177 0
955 215304 10 177 0
!leg 174 31059 10 0 21 attackers:174;victims:31059;type:1;valid_origin:True;recurrent:False;local:False
174 31059 1 20 1
174 31059 2 21 0
174 31059 3 21 0
174 31059 4 21 0
174 31059 5 21 0
174 31059 6 21 0
174 31059 7 21 0
174 31059 8 21 0
174 31059 9 21 0
174 31059 10 21 0
!sus 9678 209854 0 10 3 attackers:9678;victims:209854;type:1;valid_origin:True;recurrent:True;local:False
9678 209854 1 0 3
9678 209854 2 0 3
9678 209854 3 0 3
9678 209854 4 0 3
9678 209854 5 0 3
9678 209854 6 0 3
9678 209854 7 0 3
9678 209854 8 0 3
9678 209854 9 0 3
9678 209854 10 0 3
!leg 58057 215168 10 0 199 attackers:58057;victims:215168;type:1;valid_origin:True;recurrent:True;local:False
58057 215168 1 108 91
58057 215168 2 146 53
58057 215168 3 148 51
58057 215168 4 150 49
58057 215168 5 163 36
58057 215168 6 167 32
58057 215168 7 177 22
58057 215168 8 169 30
58057 215168 9 181 18
58057 215168 10 183 16
!sus 2 2894 0 10 22 attackers:2;victims:2894;type:1;valid_origin:True;recurrent:False;local:False
2 2894 1 0 22
2 2894 2 0 22
2 2894 3 0 22
2 2894 4 0 22
2 2894 5 0 22
2 2894 6 0 22
2 2894 7 0 22
2 2894 8 0 22
2 2894 9 0 22
2 2894 10 4 18
!sus 201281 204092 0 10 7 attackers:204092;victims:201281;type:1;valid_origin:True;recurrent:True;local:False
201281 204092 1 0 7
201281 204092 2 0 7
201281 204092 3 0 7
201281 204092 4 0 7
201281 204092 5 0 7
201281 204092 6 0 7
201281 204092 7 3 4
201281 204092 8 1 6
201281 204092 9 0 7
201281 204092 10 2 5
!sus 45147 45701 1 9 28 attackers:45147;victims:45701;type:1;valid_origin:True;recurrent:True;local:False
45147 45701 1 0 28
45147 45701 2 0 28
45147 45701 3 3 25
45147 45701 4 1 27
45147 45701 5 12 16
45147 45701 6 12 16
45147 45701 7 11 17
45147 45701 8 15 13
45147 45701 9 14 14
45147 45701 10 14 14
!leg 25467 209613 10 0 45 attackers:209613;victims:34547;type:8;valid_origin:False;recurrent:False;local:False
25467 209613 1 45 0
25467 209613 2 45 0
25467 209613 3 45 0
25467 209613 4 45 0
25467 209613 5 45 0
25467 209613 6 45 0
25467 209613 7 45 0
25467 209613 8 45 0
25467 209613 9 45 0
25467 209613 10 45 0
!sus 15353 202585 4 6 3 attackers:15353;victims:202585;type:1;valid_origin:True;recurrent:True;local:False
15353 202585 1 0 3
15353 202585 2 0 3
15353 202585 3 0 3
15353 202585 4 0 3
15353 202585 5 0 3
15353 202585 6 0 3
15353 202585 7 2 1
15353 202585 8 2 1
15353 202585 9 2 1
15353 202585 10 2 1
!sus 13876 62560 5 5 6 attackers:13876;victims:62560;type:1;valid_origin:True;recurrent:True;local:False
13876 62560 1 6 0
13876 62560 2 6 0
13876 62560 3 6 0
13876 62560 4 6 0
13876 62560 5 0 6
13876 62560 6 1 5
13876 62560 7 0 6
13876 62560 8 1 5
13876 62560 9 0 6
13876 62560 10 6 0
!sus 36926 329379 1 9 6 attackers:36926;victims:329379;type:3;valid_origin:True;recurrent:True;local:False
36926 329379 1 6 0
36926 329379 2 2 4
36926 329379 3 2 4
36926 329379 4 2 4
36926 329379 5 0 6
36926 329379 6 0 6
36926 329379 7 0 6
36926 329379 8 0 6
36926 329379 9 0 6
36926 329379 10 2 4
!sus 132708 142435 0 10 1 attackers:142435;victims:132708;type:1;valid_origin:True;recurrent:True;local:False
132708 142435 1 0 1
132708 142435 2 0 1
132708 142435 3 0 1
132708 142435 4 0 1
132708 142435 5 0 1
132708 142435 6 0 1
132708 142435 7 0 1
132708 142435 8 0 1
132708 142435 9 0 1
132708 142435 10 0 1
!leg 4837 140265 10 0 119 attackers:140265;victims:24406,37963,24151;type:2,3;valid_origin:True;recurrent:False;local:False
4837 140265 1 119 0
4837 140265 2 119 0
4837 140265 3 119 0
4837 140265 4 119 0
4837 140265 5 119 0
4837 140265 6 119 0
4837 140265 7 119 0
4837 140265 8 119 0
4837 140265 9 119 0
4837 140265 10 119 0
!leg 36926 37287 10 0 58 attackers:36926;victims:37287;type:1;valid_origin:True;recurrent:False;local:False
36926 37287 1 58 0
36926 37287 2 58 0
36926 37287 3 58 0
36926 37287 4 58 0
36926 37287 5 58 0
36926 37287 6 58 0
36926 37287 7 58 0
36926 37287 8 58 0
36926 37287 9 58 0
36926 37287 10 58 0
!sus 32595 152609 3 7 8 attackers:32595;victims:152609;type:1;valid_origin:True;recurrent:True;local:False
32595 152609 1 0 8
32595 152609 2 0 8
32595 152609 3 0 8
32595 152609 4 0 8
32595 152609 5 0 8
32595 152609 6 0 8
32595 152609 7 3 5
32595 152609 8 8 0
32595 152609 9 8 0
32595 152609 10 8 0
!sus 132169 152661 6 4 4 attackers:132169;victims:152661;type:1;valid_origin:True;recurrent:True;local:False
132169 152661 1 4 0
132169 152661 2 4 0
132169 152661 3 4 0
132169 152661 4 4 0
132169 152661 5 0 4
132169 152661 6 0 4
132169 152661 7 0 4
132169 152661 8 4 0
132169 152661 9 0 4
132169 152661 10 4 0
!sus 17160 58057 8 2 39 attackers:58057;victims:17160;type:1;valid_origin:False;recurrent:True;local:False
17160 58057 1 3 36
17160 58057 2 17 22
17160 58057 3 34 5
17160 58057 4 34 5
17160 58057 5 34 5
17160 58057 6 34 5
17160 58057 7 34 5
17160 58057 8 34 5
17160 58057 9 34 5
17160 58057 10 34 5
!sus 13335 272806 0 10 2 attackers:272806;victims:13335;type:1;valid_origin:True;recurrent:True;local:False
13335 272806 1 0 2
13335 272806 2 0 2
13335 272806 3 0 2
13335 272806 4 0 2
13335 272806 5 0 2
13335 272806 6 0 2
13335 272806 7 0 2
13335 272806 8 0 2
13335 272806 9 0 2
13335 272806 10 0 2
!sus 51659 212025 0 10 6 attackers:212025;victims:216014,215845;type:3,4;valid_origin:True;recurrent:True;local:False
51659 212025 1 0 6
51659 212025 2 0 6
51659 212025 3 0 6
51659 212025 4 0 6
51659 212025 5 0 6
51659 212025 6 0 6
51659 212025 7 2 4
51659 212025 8 0 6
51659 212025 9 2 4
51659 212025 10 0 6
!leg 28604 61844 10 0 9 attackers:28604;victims:268513;type:3;valid_origin:True;recurrent:False;local:False
28604 61844 1 9 0
28604 61844 2 9 0
28604 61844 3 9 0
28604 61844 4 9 0
28604 61844 5 9 0
28604 61844 6 9 0
28604 61844 7 9 0
28604 61844 8 9 0
28604 61844 9 9 0
28604 61844 10 9 0
!sus 29390 31500 8 2 1 attackers:29390;victims:12722;type:2;valid_origin:True;recurrent:True;local:False
29390 31500 1 0 1
29390 31500 2 0 1
29390 31500 3 1 0
29390 31500 4 1 0
29390 31500 5 1 0
29390 31500 6 1 0
29390 31500 7 1 0
29390 31500 8 1 0
29390 31500 9 1 0
29390 31500 10 1 0
!sus 52814 273421 0 10 2 attackers:273421;victims:52814;type:1;valid_origin:True;recurrent:True;local:False
52814 273421 1 0 2
52814 273421 2 0 2
52814 273421 3 1 1
52814 273421 4 1 1
52814 273421 5 1 1
52814 273421 6 1 1
52814 273421 7 1 1
52814 273421 8 1 1
52814 273421 9 1 1
52814 273421 10 1 1
!sus 20473 29390 5 5 1 attackers:29390;victims:40138;type:2;valid_origin:True;recurrent:True;local:False
20473 29390 1 0 1
20473 29390 2 0 1
20473 29390 3 0 1
20473 29390 4 0 1
20473 29390 5 1 0
20473 29390 6 1 0
20473 29390 7 0 1
20473 29390 8 1 0
20473 29390 9 1 0
20473 29390 10 1 0
!sus 209737 215645 4 6 22 attackers:209737;victims:215645;type:1;valid_origin:True;recurrent:True;local:False
209737 215645 1 21 1
209737 215645 2 18 4
209737 215645 3 15 7
209737 215645 4 18 4
209737 215645 5 0 22
209737 215645 6 0 22
209737 215645 7 0 22
209737 215645 8 0 22
209737 215645 9 0 22
209737 215645 10 0 22
!sus 37100 328049 7 3 14 attackers:37100;victims:328049;type:1;valid_origin:True;recurrent:True;local:False
37100 328049 1 0 14
37100 328049 2 2 12
37100 328049 3 3 11
37100 328049 4 10 4
37100 328049 5 10 4
37100 328049 6 10 4
37100 328049 7 11 3
37100 328049 8 11 3
37100 328049 9 11 3
37100 328049 10 11 3
!leg 37018 37269 10 0 25 attackers:37018;victims:328999;type:4;valid_origin:True;recurrent:False;local:False
37018 37269 1 25 0
37018 37269 2 25 0
37018 37269 3 25 0
37018 37269 4 25 0
37018 37269 5 25 0
37018 37269 6 25 0
37018 37269 7 25 0
37018 37269 8 25 0
37018 37269 9 25 0
37018 37269 10 25 0
!sus 8764 211288 6 4 1 attackers:211288;victims:8764;type:1;valid_origin:True;recurrent:False;local:False
8764 211288 1 0 1
8764 211288 2 0 1
8764 211288 3 0 1
8764 211288 4 0 1
8764 211288 5 1 0
8764 211288 6 1 0
8764 211288 7 1 0
8764 211288 8 1 0
8764 211288 9 1 0
8764 211288 10 1 0
!leg 216113 393577 10 0 1 attackers:393577;victims:216113;type:1;valid_origin:True;recurrent:False;local:False
216113 393577 1 1 0
216113 393577 2 1 0
216113 393577 3 1 0
216113 393577 4 1 0
216113 393577 5 1 0
216113 393577 6 1 0
216113 393577 7 1 0
216113 393577 8 1 0
216113 393577 9 1 0
216113 393577 10 1 0
!sus 58057 63390 9 1 3 attackers:58057;victims:63390;type:1;valid_origin:True;recurrent:True;local:False
58057 63390 1 1 2
58057 63390 2 3 0
58057 63390 3 3 0
58057 63390 4 3 0
58057 63390 5 3 0
58057 63390 6 3 0
58057 63390 7 3 0
58057 63390 8 3 0
58057 63390 9 3 0
58057 63390 10 3 0
!sus 53356 204617 5 5 3 attackers:53356;victims:204617;type:1;valid_origin:True;recurrent:False;local:False
53356 204617 1 0 3
53356 204617 2 0 3
53356 204617 3 0 3
53356 204617 4 0 3
53356 204617 5 3 0
53356 204617 6 0 3
53356 204617 7 3 0
53356 204617 8 3 0
53356 204617 9 3 0
53356 204617 10 3 0
!sus 16015 198949 0 10 6 attackers:198949;victims:16015;type:1;valid_origin:True;recurrent:True;local:False
16015 198949 1 0 6
16015 198949 2 0 6
16015 198949 3 0 6
16015 198949 4 0 6
16015 198949 5 0 6
16015 198949 6 0 6
16015 198949 7 0 6
16015 198949 8 0 6
16015 198949 9 0 6
16015 198949 10 0 6
!sus 266583 268869 9 1 155 attackers:266583;victims:268869;type:1;valid_origin:True;recurrent:True;local:False
266583 268869 1 6 149
266583 268869 2 78 77
266583 268869 3 154 1
266583 268869 4 146 9
266583 268869 5 154 1
266583 268869 6 154 1
266583 268869 7 154 1
266583 268869 8 154 1
266583 268869 9 154 1
266583 268869 10 154 1
!sus 51087 53889 9 1 1 attackers:51087;victims:53889;type:1;valid_origin:True;recurrent:True;local:False
51087 53889 1 0 1
51087 53889 2 1 0
51087 53889 3 1 0
51087 53889 4 1 0
51087 53889 5 1 0
51087 53889 6 1 0
51087 53889 7 1 0
51087 53889 8 1 0
51087 53889 9 1 0
51087 53889 10 1 0
!sus 174 262792 0 10 6 attackers:262792;victims:174;type:1;valid_origin:True;recurrent:True;local:False
174 262792 1 0 6
174 262792 2 0 6
174 262792 3 0 6
174 262792 4 0 6
174 262792 5 0 6
174 262792 6 0 6
174 262792 7 0 6
174 262792 8 0 6
174 262792 9 0 6
174 262792 10 0 6
!leg 39912 62155 10 0 7 attackers:39912;victims:62155;type:1;valid_origin:True;recurrent:False;local:False
39912 62155 1 7 0
39912 62155 2 7 0
39912 62155 3 7 0
39912 62155 4 7 0
39912 62155 5 7 0
39912 62155 6 7 0
39912 62155 7 7 0
39912 62155 8 7 0
39912 62155 9 7 0
39912 62155 10 7 0
!leg 9886 152111 10 0 64 attackers:9886;victims:152111;type:1;valid_origin:True;recurrent:False;local:False
9886 152111 1 64 0
9886 152111 2 64 0
9886 152111 3 64 0
9886 152111 4 64 0
9886 152111 5 64 0
9886 152111 6 64 0
9886 152111 7 64 0
9886 152111 8 64 0
9886 152111 9 64 0
9886 152111 10 64 0
!sus 15830 45768 0 10 2 attackers:15830;victims:45768;type:1;valid_origin:True;recurrent:True;local:False
15830 45768 1 0 2
15830 45768 2 0 2
15830 45768 3 0 2
15830 45768 4 0 2
15830 45768 5 0 2
15830 45768 6 0 2
15830 45768 7 0 2
15830 45768 8 0 2
15830 45768 9 0 2
15830 45768 10 0 2
!sus 1764 216369 0 10 3 attackers:1764;victims:216369;type:1;valid_origin:True;recurrent:True;local:False
1764 216369 1 0 3
1764 216369 2 0 3
1764 216369 3 0 3
1764 216369 4 0 3
1764 216369 5 0 3
1764 216369 6 0 3
1764 216369 7 1 2
1764 216369 8 1 2
1764 216369 9 1 2
1764 216369 10 1 2
!sus 45495 132228 2 8 4 attackers:45495;victims:132228;type:1;valid_origin:True;recurrent:True;local:False
45495 132228 1 0 4
45495 132228 2 2 2
45495 132228 3 2 2
45495 132228 4 0 4
45495 132228 5 4 0
45495 132228 6 1 3
45495 132228 7 1 3
45495 132228 8 1 3
45495 132228 9 0 4
45495 132228 10 4 0
!sus 57463 212427 4 6 1 attackers:57463;victims:212427;type:1;valid_origin:True;recurrent:True;local:True
57463 212427 1 0 1
57463 212427 2 0 1
57463 212427 3 0 1
57463 212427 4 0 1
57463 212427 5 0 1
57463 212427 6 0 1
57463 212427 7 1 0
57463 212427 8 1 0
57463 212427 9 1 0
57463 212427 10 1 0
!sus 209533 215778 0 10 197 attackers:209533;victims:215778;type:1;valid_origin:True;recurrent:True;local:False
209533 215778 1 24 173
209533 215778 2 10 187
209533 215778 3 12 185
209533 215778 4 0 197
209533 215778 5 11 186
209533 215778 6 0 197
209533 215778 7 3 194
209533 215778 8 0 197
209533 215778 9 0 197
209533 215778 10 0 197
!sus 835 207616 8 2 112 attackers:835;victims:207616;type:1;valid_origin:True;recurrent:True;local:False
835 207616 1 0 112
835 207616 2 22 90
835 207616 3 72 40
835 207616 4 80 32
835 207616 5 105 7
835 207616 6 111 1
835 207616 7 111 1
835 207616 8 112 0
835 207616 9 111 1
835 207616 10 112 0
!sus 209 400886 0 10 3 attackers:209;victims:400886;type:1;valid_origin:True;recurrent:True;local:False
209 400886 1 1 2
209 400886 2 0 3
209 400886 3 0 3
209 400886 4 0 3
209 400886 5 0 3
209 400886 6 0 3
209 400886 7 0 3
209 400886 8 0 3
209 400886 9 0 3
209 400886 10 0 3
!sus 13058 56554 9 1 1 attackers:13058;victims:56554;type:1;valid_origin:True;recurrent:True;local:False
13058 56554 1 0 1
13058 56554 2 1 0
13058 56554 3 1 0
13058 56554 4 1 0
13058 56554 5 1 0
13058 56554 6 1 0
13058 56554 7 1 0
13058 56554 8 1 0
13058 56554 9 1 0
13058 56554 10 1 0
!sus 213316 399888 0 10 1 attackers:399888;victims:213316;type:1;valid_origin:True;recurrent:True;local:False
213316 399888 1 0 1
213316 399888 2 0 1
213316 399888 3 0 1
213316 399888 4 0 1
213316 399888 5 0 1
213316 399888 6 0 1
213316 399888 7 0 1
213316 399888 8 0 1
213316 399888 9 0 1
213316 399888 10 0 1
!leg 8309 23265 10 0 1 attackers:8309;victims:14940;type:2;valid_origin:True;recurrent:False;local:False
8309 23265 1 1 0
8309 23265 2 1 0
8309 23265 3 1 0
8309 23265 4 1 0
8309 23265 5 1 0
8309 23265 6 1 0
8309 23265 7 1 0
8309 23265 8 1 0
8309 23265 9 1 0
8309 23265 10 1 0
!sus 1273 197563 0 10 23 attackers:1273;victims:51794,47664,61101,12397,24812,196939;type:3,4,6;valid_origin:True;recurrent:True;local:False
1273 197563 1 0 23
1273 197563 2 0 23
1273 197563 3 0 23
1273 197563 4 0 23
1273 197563 5 0 23
1273 197563 6 0 23
1273 197563 7 8 15
1273 197563 8 1 22
1273 197563 9 0 23
1273 197563 10 11 12
!leg 4777 134148 10 0 20 attackers:134148;victims:18369,4777,18366,18368;type:1,2;valid_origin:True;recurrent:False;local:False
4777 134148 1 15 5
4777 134148 2 15 5
4777 134148 3 16 4
4777 134148 4 17 3
4777 134148 5 15 5
4777 134148 6 19 1
4777 134148 7 19 1
4777 134148 8 19 1
4777 134148 9 19 1
4777 134148 10 19 1
!sus 149020 216382 0 10 6 attackers:149020;victims:216382;type:1;valid_origin:True;recurrent:True;local:False
149020 216382 1 0 6
149020 216382 2 0 6
149020 216382 3 0 6
149020 216382 4 0 6
149020 216382 5 0 6
149020 216382 6 0 6
149020 216382 7 0 6
149020 216382 8 0 6
149020 216382 9 0 6
149020 216382 10 0 6
!sus 40 202393 0 10 47 attackers:202393;victims:40;type:1;valid_origin:False;recurrent:False;local:False
40 202393 1 0 47
40 202393 2 0 47
40 202393 3 0 47
40 202393 4 0 47
40 202393 5 0 47
40 202393 6 0 47
40 202393 7 0 47
40 202393 8 0 47
40 202393 9 0 47
40 202393 10 0 47
!sus 1031 28652 0 10 7 attackers:28652;victims:1031;type:1;valid_origin:True;recurrent:True;local:False
1031 28652 1 0 7
1031 28652 2 0 7
1031 28652 3 0 7
1031 28652 4 0 7
1031 28652 5 0 7
1031 28652 6 0 7
1031 28652 7 0 7
1031 28652 8 0 7
1031 28652 9 0 7
1031 28652 10 0 7
!leg 37209 37269 10 0 1 attackers:37269;victims:761467;type:2;valid_origin:True;recurrent:False;local:False
37209 37269 1 1 0
37209 37269 2 1 0
37209 37269 3 1 0
37209 37269 4 1 0
37209 37269 5 1 0
37209 37269 6 1 0
37209 37269 7 1 0
37209 37269 8 1 0
37209 37269 9 1 0
37209 37269 10 1 0
!leg 266467 267613 10 0 1 attackers:267613;victims:266467;type:1;valid_origin:True;recurrent:False;local:False
266467 267613 1 1 0
266467 267613 2 1 0
266467 267613 3 1 0
266467 267613 4 1 0
266467 267613 5 1 0
266467 267613 6 1 0
266467 267613 7 1 0
266467 267613 8 1 0
266467 267613 9 1 0
266467 267613 10 1 0
!leg 44477 50304 10 0 182 attackers:50304;victims:44477,207713,44559;type:1,2;valid_origin:True;recurrent:False;local:False
44477 50304 1 141 41
44477 50304 2 162 20
44477 50304 3 163 19
44477 50304 4 169 13
44477 50304 5 174 8
44477 50304 6 178 4
44477 50304 7 179 3
44477 50304 8 178 4
44477 50304 9 178 4
44477 50304 10 181 1
!sus 27010 200105 0 10 95 attackers:27010;victims:200105;type:1;valid_origin:True;recurrent:True;local:False
27010 200105 1 4 91
27010 200105 2 7 88
27010 200105 3 11 84
27010 200105 4 7 88
27010 200105 5 12 83
27010 200105 6 11 84
27010 200105 7 7 88
27010 200105 8 12 83
27010 200105 9 12 83
27010 200105 10 12 83
!sus 60171 327820 8 2 106 attackers:60171;victims:327820;type:1;valid_origin:True;recurrent:True;local:False
60171 327820 1 1 105
60171 327820 2 48 58
60171 327820 3 60 46
60171 327820 4 71 35
60171 327820 5 78 28
60171 327820 6 78 28
60171 327820 7 83 23
60171 327820 8 85 21
60171 327820 9 82 24
60171 327820 10 77 29
!sus 2516 4761 7 3 3 attackers:2516;victims:141058,45727;type:2;valid_origin:True;recurrent:True;local:False
2516 4761 1 0 3
2516 4761 2 0 3
2516 4761 3 0 3
2516 4761 4 3 0
2516 4761 5 3 0
2516 4761 6 3 0
2516 4761 7 3 0
2516 4761 8 3 0
2516 4761 9 3 0
2516 4761 10 3 0
