!sus 7195 51095 1 9 84 attackers:7195;victims:22822,138915,139057,24429,51095,21859;type:1,2,3;valid_origin:True;recurrent:True;local:False
7195 51095 1 12 72
7195 51095 2 17 67
7195 51095 3 34 50
7195 51095 4 31 53
7195 51095 5 33 51
7195 51095 6 31 53
7195 51095 7 34 50
7195 51095 8 45 39
7195 51095 9 37 47
7195 51095 10 35 49
!sus 9304 137897 0 10 62 attackers:137897;victims:9304;type:1;valid_origin:True;recurrent:True;local:False
9304 137897 1 0 62
9304 137897 2 0 62
9304 137897 3 0 62
9304 137897 4 0 62
9304 137897 5 0 62
9304 137897 6 0 62
9304 137897 7 0 62
9304 137897 8 0 62
9304 137897 9 0 62
9304 137897 10 0 62
!sus 5483 215920 1 9 4 attackers:5483;victims:100;type:2;valid_origin:True;recurrent:True;local:False
5483 215920 1 0 4
5483 215920 2 0 4
5483 215920 3 0 4
5483 215920 4 0 4
5483 215920 5 0 4
5483 215920 6 0 4
5483 215920 7 2 2
5483 215920 8 0 4
5483 215920 9 4 0
5483 215920 10 0 4
!sus 37100 328691 9 1 9 attackers:37100;victims:328691;type:1;valid_origin:True;recurrent:True;local:False
37100 328691 1 1 8
37100 328691 2 7 2
37100 328691 3 8 1
37100 328691 4 9 0
37100 328691 5 9 0
37100 328691 6 9 0
37100 328691 7 9 0
37100 328691 8 9 0
37100 328691 9 9 0
37100 328691 10 9 0
!leg 20940 28225 10 0 2 attackers:28225;victims:21342;type:2;valid_origin:True;recurrent:False;local:False
20940 28225 1 2 0
20940 28225 2 2 0
20940 28225 3 2 0
20940 28225 4 2 0
20940 28225 5 2 0
20940 28225 6 2 0
20940 28225 7 2 0
20940 28225 8 2 0
20940 28225 9 2 0
20940 28225 10 2 0
!sus 53356 211849 7 3 13 attackers:53356;victims:211849;type:1;valid_origin:True;recurrent:True;local:False
53356 211849 1 0 13
53356 211849 2 1 12
53356 211849 3 3 10
53356 211849 4 11 2
53356 211849 5 13 0
53356 211849 6 13 0
53356 211849 7 13 0
53356 211849 8 13 0
53356 211849 9 13 0
53356 211849 10 13 0
!sus 57324 210513 7 3 7 attackers:57324;victims:210513;type:1;valid_origin:True;recurrent:True;local:False
57324 210513 1 7 0
57324 210513 2 7 0
57324 210513 3 7 0
57324 210513 4 7 0
57324 210513 5 7 0
57324 210513 6 7 0
57324 210513 7 0 7
57324 210513 8 0 7
57324 210513 9 5 2
57324 210513 10 0 7
!sus 201409 208046 0 10 195 attackers:208046;victims:201409;type:1;valid_origin:False;recurrent:True;local:False
201409 208046 1 0 195
201409 208046 2 0 195
201409 208046 3 0 195
201409 208046 4 0 195
201409 208046 5 0 195
201409 208046 6 0 195
201409 208046 7 0 195
201409 208046 8 0 195
201409 208046 9 0 195
201409 208046 10 0 195
!sus 3 135523 0 10 2 attackers:135523;victims:3;type:1;valid_origin:True;recurrent:True;local:False
3 135523 1 0 2
3 135523 2 0 2
3 135523 3 0 2
3 135523 4 0 2
3 135523 5 0 2
3 135523 6 0 2
3 135523 7 0 2
3 135523 8 0 2
3 135523 9 0 2
3 135523 10 0 2
!sus 138274 151140 2 8 6 attackers:138274;victims:151140;type:1;valid_origin:True;recurrent:True;local:False
138274 151140 1 6 0
138274 151140 2 6 0
138274 151140 3 1 5
138274 151140 4 3 3
138274 151140 5 0 6
138274 151140 6 0 6
138274 151140 7 0 6
138274 151140 8 0 6
138274 151140 9 0 6
138274 151140 10 0 6
!sus 40468 54439 2 8 3 attackers:40468;victims:54439;type:1;valid_origin:True;recurrent:True;local:False
40468 54439 1 3 0
40468 54439 2 3 0
40468 54439 3 1 2
40468 54439 4 0 3
40468 54439 5 0 3
40468 54439 6 1 2
40468 54439 7 0 3
40468 54439 8 0 3
40468 54439 9 0 3
40468 54439 10 0 3
!leg 262691 271498 10 0 3 attackers:271498;victims:2519,18144,141748;type:4,5;valid_origin:True;recurrent:False;local:False
262691 271498 1 3 0
262691 271498 2 3 0
262691 271498 3 3 0
262691 271498 4 3 0
262691 271498 5 3 0
262691 271498 6 3 0
262691 271498 7 3 0
262691 271498 8 3 0
262691 271498 9 3 0
262691 271498 10 3 0
!sus 20940 395502 0 10 9 attackers:395502;victims:20940;type:1;valid_origin:True;recurrent:True;local:False
20940 395502 1 0 9
20940 395502 2 0 9
20940 395502 3 0 9
20940 395502 4 0 9
20940 395502 5 0 9
20940 395502 6 0 9
20940 395502 7 0 9
20940 395502 8 0 9
20940 395502 9 1 8
20940 395502 10 0 9
!sus 201814 215862 0 10 7 attackers:201814;victims:215862;type:1;valid_origin:True;recurrent:True;local:False
201814 215862 1 0 7
201814 215862 2 0 7
201814 215862 3 0 7
201814 215862 4 0 7
201814 215862 5 0 7
201814 215862 6 0 7
201814 215862 7 0 7
201814 215862 8 0 7
201814 215862 9 0 7
201814 215862 10 0 7
!leg 293 25595 10 0 1 attackers:293;victims:25595;type:1;valid_origin:True;recurrent:False;local:True
293 25595 1 1 0
293 25595 2 1 0
293 25595 3 1 0
293 25595 4 1 0
293 25595 5 1 0
293 25595 6 1 0
293 25595 7 1 0
293 25595 8 1 0
293 25595 9 1 0
293 25595 10 1 0
!sus 47152 204508 0 10 4 attackers:47152;victims:204508;type:1;valid_origin:True;recurrent:True;local:False
47152 204508 1 0 4
47152 204508 2 0 4
47152 204508 3 0 4
47152 204508 4 0 4
47152 204508 5 0 4
47152 204508 6 0 4
47152 204508 7 0 4
47152 204508 8 0 4
47152 204508 9 0 4
47152 204508 10 0 4
!sus 23750 140039 4 6 1 attackers:23750;victims:140039;type:1;valid_origin:True;recurrent:True;local:False
23750 140039 1 1 0
23750 140039 2 1 0
23750 140039 3 1 0
23750 140039 4 0 1
23750 140039 5 0 1
23750 140039 6 1 0
23750 140039 7 0 1
23750 140039 8 0 1
23750 140039 9 0 1
23750 140039 10 0 1
!sus 41221 216137 3 7 175 attackers:41221;victims:216137;type:1;valid_origin:False;recurrent:True;local:False
41221 216137 1 175 0
41221 216137 2 175 0
41221 216137 3 49 126
41221 216137 4 119 56
41221 216137 5 12 163
41221 216137 6 25 150
41221 216137 7 0 175
41221 216137 8 0 175
41221 216137 9 0 175
41221 216137 10 0 175
!sus 27059 270593 2 8 12 attackers:270593;victims:270593;type:2;valid_origin:True;recurrent:True;local:False
27059 270593 1 12 0
27059 270593 2 12 0
27059 270593 3 0 12
27059 270593 4 2 10
27059 270593 5 0 12
27059 270593 6 0 12
27059 270593 7 0 12
27059 270593 8 0 12
27059 270593 9 0 12
27059 270593 10 0 12
!sus 23764 269315 0 10 55 attackers:23764;victims:269315;type:1;valid_origin:True;recurrent:True;local:False
23764 269315 1 4 51
23764 269315 2 12 43
23764 269315 3 13 42
23764 269315 4 13 42
23764 269315 5 15 40
23764 269315 6 15 40
23764 269315 7 20 35
23764 269315 8 16 39
23764 269315 9 15 40
23764 269315 10 22 33
!sus 48581 59920 0 10 4 attackers:59920;victims:48581;type:1;valid_origin:True;recurrent:True;local:False
48581 59920 1 0 4
48581 59920 2 0 4
48581 59920 3 0 4
48581 59920 4 0 4
48581 59920 5 0 4
48581 59920 6 0 4
48581 59920 7 0 4
48581 59920 8 0 4
48581 59920 9 0 4
48581 59920 10 0 4
!sus 38732 151873 6 4 3 attackers:38732;victims:151873;type:1;valid_origin:True;recurrent:True;local:False
38732 151873 1 3 0
38732 151873 2 3 0
38732 151873 3 2 1
38732 151873 4 3 0
38732 151873 5 2 1
38732 151873 6 2 1
38732 151873 7 0 3
38732 151873 8 0 3
38732 151873 9 0 3
38732 151873 10 0 3
!sus 138926 396998 8 2 143 attackers:396998;victims:138926;type:1;valid_origin:True;recurrent:True;local:False
138926 396998 1 48 95
138926 396998 2 61 82
138926 396998 3 82 61
138926 396998 4 93 50
138926 396998 5 131 12
138926 396998 6 134 9
138926 396998 7 131 12
138926 396998 8 139 4
138926 396998 9 141 2
138926 396998 10 140 3
!sus 34250 199528 4 6 47 attackers:34250;victims:199528;type:1;valid_origin:True;recurrent:True;local:False
34250 199528 1 47 0
34250 199528 2 47 0
34250 199528 3 16 31
34250 199528 4 47 0
34250 199528 5 0 47
34250 199528 6 39 8
34250 199528 7 0 47
34250 199528 8 0 47
34250 199528 9 0 47
34250 199528 10 0 47
!leg 53087 266959 10 0 1 attackers:53087;victims:266959;type:1;valid_origin:True;recurrent:True;local:False
53087 266959 1 1 0
53087 266959 2 1 0
53087 266959 3 1 0
53087 266959 4 1 0
53087 266959 5 1 0
53087 266959 6 1 0
53087 266959 7 1 0
53087 266959 8 1 0
53087 266959 9 1 0
53087 266959 10 1 0
!leg 28329 268268 10 0 1 attackers:268268;victims:270416;type:3;valid_origin:True;recurrent:False;local:False
28329 268268 1 1 0
28329 268268 2 1 0
28329 268268 3 1 0
28329 268268 4 1 0
28329 268268 5 1 0
28329 268268 6 1 0
28329 268268 7 1 0
28329 268268 8 1 0
28329 268268 9 1 0
28329 268268 10 1 0
!leg 10506 11404 10 0 98 attackers:11404;victims:10506;type:1;valid_origin:True;recurrent:False;local:False
10506 11404 1 98 0
10506 11404 2 98 0
10506 11404 3 98 0
10506 11404 4 98 0
10506 11404 5 98 0
10506 11404 6 98 0
10506 11404 7 98 0
10506 11404 8 98 0
10506 11404 9 98 0
10506 11404 10 98 0
!sus 23764 262691 8 2 1 attackers:262691;victims:269177;type:2;valid_origin:True;recurrent:True;local:False
23764 262691 1 0 1
23764 262691 2 0 1
23764 262691 3 1 0
23764 262691 4 1 0
23764 262691 5 1 0
23764 262691 6 1 0
23764 262691 7 1 0
23764 262691 8 1 0
23764 262691 9 1 0
23764 262691 10 1 0
!sus 38077 140223 6 4 191 attackers:140223;victims:38077;type:1;valid_origin:True;recurrent:True;local:False
38077 140223 1 49 142
38077 140223 2 80 111
38077 140223 3 93 98
38077 140223 4 77 114
38077 140223 5 124 67
38077 140223 6 153 38
38077 140223 7 189 2
38077 140223 8 164 27
38077 140223 9 189 2
38077 140223 10 150 41
!leg 264496 267497 10 0 1 attackers:267497;victims:264496;type:1;valid_origin:True;recurrent:False;local:False
264496 267497 1 1 0
264496 267497 2 1 0
264496 267497 3 1 0
264496 267497 4 1 0
264496 267497 5 1 0
264496 267497 6 1 0
264496 267497 7 1 0
264496 267497 8 1 0
264496 267497 9 1 0
264496 267497 10 1 0
!sus 12764 216287 5 5 24 attackers:12764;victims:216287;type:1;valid_origin:True;recurrent:True;local:False
12764 216287 1 24 0
12764 216287 2 24 0
12764 216287 3 16 8
12764 216287 4 23 1
12764 216287 5 0 24
12764 216287 6 22 2
12764 216287 7 0 24
12764 216287 8 0 24
12764 216287 9 0 24
12764 216287 10 0 24
!leg 134153 137939 10 0 58 attackers:134153;victims:137939;type:1;valid_origin:True;recurrent:False;local:False
134153 137939 1 58 0
134153 137939 2 58 0
134153 137939 3 58 0
134153 137939 4 58 0
134153 137939 5 58 0
134153 137939 6 58 0
134153 137939 7 58 0
134153 137939 8 58 0
134153 137939 9 58 0
134153 137939 10 58 0
!sus 50763 52041 0 10 83 attackers:52041;victims:50763;type:1;valid_origin:True;recurrent:True;local:False
50763 52041 1 0 83
50763 52041 2 0 83
50763 52041 3 0 83
50763 52041 4 0 83
50763 52041 5 0 83
50763 52041 6 0 83
50763 52041 7 0 83
50763 52041 8 0 83
50763 52041 9 3 80
50763 52041 10 3 80
!leg 57463 200950 10 0 1 attackers:57463;victims:200950;type:1;valid_origin:True;recurrent:True;local:True
57463 200950 1 1 0
57463 200950 2 1 0
57463 200950 3 1 0
57463 200950 4 1 0
57463 200950 5 1 0
57463 200950 6 1 0
57463 200950 7 1 0
57463 200950 8 1 0
57463 200950 9 1 0
57463 200950 10 1 0
!sus 60068 196860 9 1 5 attackers:60068;victims:196860;type:1;valid_origin:True;recurrent:True;local:False
60068 196860 1 0 5
60068 196860 2 5 0
60068 196860 3 5 0
60068 196860 4 5 0
60068 196860 5 5 0
60068 196860 6 5 0
60068 196860 7 5 0
60068 196860 8 5 0
60068 196860 9 5 0
60068 196860 10 5 0
!sus 48214 52209 0 10 174 attackers:52209;victims:48214;type:1;valid_origin:True;recurrent:True;local:False
48214 52209 1 0 174
48214 52209 2 0 174
48214 52209 3 0 174
48214 52209 4 1 173
48214 52209 5 0 174
48214 52209 6 0 174
48214 52209 7 0 174
48214 52209 8 0 174
48214 52209 9 0 174
48214 52209 10 0 174
!sus 150452 151193 0 10 207 attackers:150452;victims:151193;type:1;valid_origin:True;recurrent:True;local:False
150452 151193 1 5 202
150452 151193 2 1 206
150452 151193 3 7 200
150452 151193 4 44 163
150452 151193 5 32 175
150452 151193 6 5 202
150452 151193 7 54 153
150452 151193 8 5 202
150452 151193 9 23 184
150452 151193 10 11 196
!sus 57695 152156 5 5 5 attackers:57695;victims:152156;type:1;valid_origin:True;recurrent:True;local:False
57695 152156 1 0 5
57695 152156 2 0 5
57695 152156 3 0 5
57695 152156 4 2 3
57695 152156 5 0 5
57695 152156 6 4 1
57695 152156 7 4 1
57695 152156 8 3 2
57695 152156 9 4 1
57695 152156 10 3 2
!sus 48605 216026 7 3 12 attackers:48605;victims:216026;type:1;valid_origin:True;recurrent:True;local:False
48605 216026 1 0 12
48605 216026 2 0 12
48605 216026 3 0 12
48605 216026 4 7 5
48605 216026 5 10 2
48605 216026 6 10 2
48605 216026 7 11 1
48605 216026 8 12 0
48605 216026 9 12 0
48605 216026 10 11 1
!sus 52863 268517 8 2 32 attackers:52863;victims:268517;type:1;valid_origin:True;recurrent:True;local:False
52863 268517 1 13 19
52863 268517 2 15 17
52863 268517 3 26 6
52863 268517 4 27 5
52863 268517 5 27 5
52863 268517 6 29 3
52863 268517 7 29 3
52863 268517 8 28 4
52863 268517 9 27 5
52863 268517 10 27 5
!leg 52602 267613 10 0 1 attackers:267613;victims:52602;type:1;valid_origin:True;recurrent:False;local:False
52602 267613 1 1 0
52602 267613 2 1 0
52602 267613 3 1 0
52602 267613 4 1 0
52602 267613 5 1 0
52602 267613 6 1 0
52602 267613 7 1 0
52602 267613 8 1 0
52602 267613 9 1 0
52602 267613 10 1 0
!sus 60858 216132 8 2 4 attackers:60858;victims:198980;type:15;valid_origin:True;recurrent:True;local:False
60858 216132 1 0 4
60858 216132 2 0 4
60858 216132 3 4 0
60858 216132 4 4 0
60858 216132 5 4 0
60858 216132 6 4 0
60858 216132 7 4 0
60858 216132 8 4 0
60858 216132 9 4 0
60858 216132 10 4 0
!sus 51396 215870 4 6 128 attackers:51396;victims:215870;type:1;valid_origin:True;recurrent:True;local:False
51396 215870 1 128 0
51396 215870 2 128 0
51396 215870 3 47 81
51396 215870 4 125 3
51396 215870 5 0 128
51396 215870 6 97 31
51396 215870 7 0 128
51396 215870 8 0 128
51396 215870 9 0 128
51396 215870 10 0 128
!leg 61337 62663 10 0 2 attackers:62663;victims:205739;type:3;valid_origin:True;recurrent:False;local:False
61337 62663 1 2 0
61337 62663 2 2 0
61337 62663 3 2 0
61337 62663 4 2 0
61337 62663 5 2 0
61337 62663 6 2 0
61337 62663 7 2 0
61337 62663 8 2 0
61337 62663 9 2 0
61337 62663 10 2 0
!sus 50293 327797 0 10 7 attackers:50293;victims:327797;type:1;valid_origin:True;recurrent:True;local:False
50293 327797 1 1 6
50293 327797 2 0 7
50293 327797 3 0 7
50293 327797 4 0 7
50293 327797 5 0 7
50293 327797 6 0 7
50293 327797 7 0 7
50293 327797 8 0 7
50293 327797 9 0 7
50293 327797 10 0 7
!sus 17976 138840 0 10 21 attackers:17976;victims:58495;type:2;valid_origin:True;recurrent:False;local:False
17976 138840 1 0 21
17976 138840 2 0 21
17976 138840 3 0 21
17976 138840 4 0 21
17976 138840 5 0 21
17976 138840 6 0 21
17976 138840 7 0 21
17976 138840 8 3 18
17976 138840 9 3 18
17976 138840 10 2 19
!sus 269237 273412 7 3 1 attackers:269237;victims:273412;type:1;valid_origin:True;recurrent:True;local:False
269237 273412 1 1 0
269237 273412 2 1 0
269237 273412 3 1 0
269237 273412 4 1 0
269237 273412 5 0 1
269237 273412 6 1 0
269237 273412 7 0 1
269237 273412 8 1 0
269237 273412 9 1 0
269237 273412 10 0 1
!sus 209533 215912 0 10 2 attackers:209533;victims:215912;type:1;valid_origin:True;recurrent:True;local:False
209533 215912 1 0 2
209533 215912 2 0 2
209533 215912 3 0 2
209533 215912 4 0 2
209533 215912 5 0 2
209533 215912 6 0 2
209533 215912 7 0 2
209533 215912 8 0 2
209533 215912 9 0 2
209533 215912 10 0 2
!leg 56040 63531 10 0 48 attackers:56040;victims:63531;type:1;valid_origin:True;recurrent:False;local:False
56040 63531 1 48 0
56040 63531 2 48 0
56040 63531 3 48 0
56040 63531 4 48 0
56040 63531 5 48 0
56040 63531 6 48 0
56040 63531 7 48 0
56040 63531 8 48 0
56040 63531 9 48 0
56040 63531 10 48 0
!sus 45430 396986 4 6 68 attackers:45430;victims:396986;type:1;valid_origin:True;recurrent:True;local:False
45430 396986 1 14 54
45430 396986 2 16 52
45430 396986 3 19 49
45430 396986 4 23 45
45430 396986 5 26 42
45430 396986 6 31 37
45430 396986 7 48 20
45430 396986 8 57 11
45430 396986 9 62 6
45430 396986 10 61 7
!sus 30205 46844 5 5 336 attackers:46844;victims:30205;type:1;valid_origin:True;recurrent:True;local:False
30205 46844 1 276 60
30205 46844 2 326 10
30205 46844 3 77 259
30205 46844 4 290 46
30205 46844 5 264 72
30205 46844 6 5 331
30205 46844 7 0 336
30205 46844 8 94 242
30205 46844 9 0 336
30205 46844 10 191 145
!leg 43106 62663 10 0 2 attackers:62663;victims:56886;type:2;valid_origin:True;recurrent:False;local:False
43106 62663 1 2 0
43106 62663 2 2 0
43106 62663 3 2 0
43106 62663 4 2 0
43106 62663 5 2 0
43106 62663 6 2 0
43106 62663 7 2 0
43106 62663 8 2 0
43106 62663 9 2 0
43106 62663 10 2 0
!leg 31554 60408 10 0 1 attackers:31554;victims:60408;type:1;valid_origin:True;recurrent:False;local:True
31554 60408 1 1 0
31554 60408 2 1 0
31554 60408 3 1 0
31554 60408 4 1 0
31554 60408 5 1 0
31554 60408 6 1 0
31554 60408 7 1 0
31554 60408 8 1 0
31554 60408 9 1 0
31554 60408 10 1 0
!sus 23764 272764 5 5 5 attackers:23764;victims:272764;type:1;valid_origin:True;recurrent:True;local:False
23764 272764 1 0 5
23764 272764 2 1 4
23764 272764 3 2 3
23764 272764 4 2 3
23764 272764 5 3 2
23764 272764 6 2 3
23764 272764 7 3 2
23764 272764 8 3 2
23764 272764 9 3 2
23764 272764 10 4 1
!leg 3 9304 10 0 10 attackers:9304;victims:150407;type:2;valid_origin:True;recurrent:False;local:False
3 9304 1 10 0
3 9304 2 10 0
3 9304 3 10 0
3 9304 4 10 0
3 9304 5 10 0
3 9304 6 10 0
3 9304 7 10 0
3 9304 8 10 0
3 9304 9 10 0
3 9304 10 10 0
!sus 37100 329369 0 10 106 attackers:37100;victims:329369;type:1;valid_origin:True;recurrent:True;local:False
37100 329369 1 14 92
37100 329369 2 10 96
37100 329369 3 8 98
37100 329369 4 0 106
37100 329369 5 5 101
37100 329369 6 0 106
37100 329369 7 0 106
37100 329369 8 0 106
37100 329369 9 1 105
37100 329369 10 0 106
!leg 210574 213382 10 0 79 attackers:213382;victims:210574;type:1;valid_origin:True;recurrent:False;local:False
210574 213382 1 79 0
210574 213382 2 79 0
210574 213382 3 79 0
210574 213382 4 79 0
210574 213382 5 79 0
210574 213382 6 79 0
210574 213382 7 79 0
210574 213382 8 79 0
210574 213382 9 79 0
210574 213382 10 79 0
!sus 25184 216344 5 5 290 attackers:25184;victims:216344;type:1;valid_origin:True;recurrent:True;local:False
25184 216344 1 290 0
25184 216344 2 290 0
25184 216344 3 166 124
25184 216344 4 277 13
25184 216344 5 0 290
25184 216344 6 289 1
25184 216344 7 0 290
25184 216344 8 0 290
25184 216344 9 0 290
25184 216344 10 0 290
!sus 38235 139341 9 1 42 attackers:38235;victims:139341;type:1;valid_origin:True;recurrent:True;local:False
38235 139341 1 11 31
38235 139341 2 29 13
38235 139341 3 39 3
38235 139341 4 39 3
38235 139341 5 42 0
38235 139341 6 39 3
38235 139341 7 42 0
38235 139341 8 42 0
38235 139341 9 42 0
38235 139341 10 42 0
!sus 8772 215828 7 3 215 attackers:8772;victims:215828;type:1,3;valid_origin:True;recurrent:True;local:False
8772 215828 1 24 191
8772 215828 2 104 111
8772 215828 3 99 116
8772 215828 4 164 51
8772 215828 5 191 24
8772 215828 6 191 24
8772 215828 7 186 29
8772 215828 8 188 27
8772 215828 9 198 17
8772 215828 10 197 18
!sus 43754 64422 4 6 5 attackers:43754;victims:64422;type:1;valid_origin:True;recurrent:True;local:False
43754 64422 1 5 0
43754 64422 2 5 0
43754 64422 3 0 5
43754 64422 4 5 0
43754 64422 5 0 5
43754 64422 6 4 1
43754 64422 7 0 5
43754 64422 8 0 5
43754 64422 9 0 5
43754 64422 10 0 5
!sus 3258 215871 0 10 4 attackers:3258;victims:215871;type:1;valid_origin:True;recurrent:True;local:False
3258 215871 1 2 2
3258 215871 2 0 4
3258 215871 3 0 4
3258 215871 4 0 4
3258 215871 5 0 4
3258 215871 6 0 4
3258 215871 7 0 4
3258 215871 8 0 4
3258 215871 9 0 4
3258 215871 10 0 4
!sus 139620 150285 0 10 7 attackers:139620;victims:150285;type:1;valid_origin:True;recurrent:True;local:False
139620 150285 1 0 7
139620 150285 2 0 7
139620 150285 3 0 7
139620 150285 4 0 7
139620 150285 5 0 7
139620 150285 6 0 7
139620 150285 7 0 7
139620 150285 8 0 7
139620 150285 9 0 7
139620 150285 10 0 7
!sus 135905 149068 5 5 9 attackers:135905;victims:149068;type:1;valid_origin:True;recurrent:True;local:False
135905 149068 1 9 0
135905 149068 2 9 0
135905 149068 3 8 1
135905 149068 4 9 0
135905 149068 5 0 9
135905 149068 6 9 0
135905 149068 7 0 9
135905 149068 8 0 9
135905 149068 9 0 9
135905 149068 10 0 9
!sus 62663 199995 9 1 2 attackers:62663;victims:20934,44495;type:2,3;valid_origin:True;recurrent:False;local:False
62663 199995 1 1 1
62663 199995 2 2 0
62663 199995 3 2 0
62663 199995 4 2 0
62663 199995 5 2 0
62663 199995 6 2 0
62663 199995 7 2 0
62663 199995 8 2 0
62663 199995 9 2 0
62663 199995 10 2 0
!sus 264974 273341 5 5 27 attackers:264974;victims:273341;type:1;valid_origin:True;recurrent:True;local:False
264974 273341 1 27 0
264974 273341 2 27 0
264974 273341 3 16 11
264974 273341 4 22 5
264974 273341 5 10 17
264974 273341 6 23 4
264974 273341 7 0 27
264974 273341 8 0 27
264974 273341 9 0 27
264974 273341 10 0 27
!sus 209533 215823 1 9 126 attackers:209533;victims:215823;type:1;valid_origin:True;recurrent:True;local:False
209533 215823 1 0 126
209533 215823 2 0 126
209533 215823 3 0 126
209533 215823 4 12 114
209533 215823 5 7 119
209533 215823 6 29 97
209533 215823 7 20 106
209533 215823 8 62 64
209533 215823 9 109 17
209533 215823 10 20 106
!sus 44841 400810 2 8 1 attackers:400810;victims:44841;type:1;valid_origin:True;recurrent:True;local:False
44841 400810 1 1 0
44841 400810 2 1 0
44841 400810 3 0 1
44841 400810 4 0 1
44841 400810 5 0 1
44841 400810 6 0 1
44841 400810 7 0 1
44841 400810 8 0 1
44841 400810 9 0 1
44841 400810 10 0 1
!leg 38158 62663 10 0 10 attackers:62663;victims:59273,24206,149881,149339,55688,150249,142382,141590,131745;type:2,3,4;valid_origin:True;recurrent:False;local:False
38158 62663 1 8 2
38158 62663 2 9 1
38158 62663 3 9 1
38158 62663 4 9 1
38158 62663 5 9 1
38158 62663 6 10 0
38158 62663 7 10 0
38158 62663 8 10 0
38158 62663 9 10 0
38158 62663 10 10 0
!sus 1 328697 0 10 4 attackers:328697;victims:1;type:1;valid_origin:True;recurrent:True;local:False
1 328697 1 0 4
1 328697 2 0 4
1 328697 3 0 4
1 328697 4 0 4
1 328697 5 0 4
1 328697 6 0 4
1 328697 7 0 4
1 328697 8 0 4
1 328697 9 0 4
1 328697 10 0 4
!sus 44687 196695 7 3 14 attackers:196695;victims:44687;type:1;valid_origin:True;recurrent:True;local:False
44687 196695 1 12 2
44687 196695 2 14 0
44687 196695 3 14 0
44687 196695 4 14 0
44687 196695 5 13 1
44687 196695 6 0 14
44687 196695 7 8 6
44687 196695 8 4 10
44687 196695 9 0 14
44687 196695 10 13 1
!sus 206244 211726 0 10 5 attackers:206244;victims:211726;type:1;valid_origin:True;recurrent:True;local:False
206244 211726 1 0 5
206244 211726 2 0 5
206244 211726 3 0 5
206244 211726 4 0 5
206244 211726 5 0 5
206244 211726 6 0 5
206244 211726 7 0 5
206244 211726 8 0 5
206244 211726 9 0 5
206244 211726 10 0 5
!sus 23764 263998 0 10 174 attackers:23764;victims:268829,263998,266940,267364,269386,269598,269614,267936,267121,262778,266016,52684,52606,263967,269275,267133,268047,267358,262970,269114,268633,270961,268909,271571,262960,267442,28267;type:1,2,3;valid_origin:False;recurrent:True;local:False
23764 263998 1 18 156
23764 263998 2 20 154
23764 263998 3 41 133
23764 263998 4 19 155
23764 263998 5 64 110
23764 263998 6 72 102
23764 263998 7 72 102
23764 263998 8 77 97
23764 263998 9 71 103
23764 263998 10 87 87
!sus 19551 263144 0 10 1 attackers:263144;victims:19551;type:1;valid_origin:True;recurrent:False;local:False
19551 263144 1 0 1
19551 263144 2 0 1
19551 263144 3 0 1
19551 263144 4 0 1
19551 263144 5 0 1
19551 263144 6 0 1
19551 263144 7 0 1
19551 263144 8 0 1
19551 263144 9 0 1
19551 263144 10 0 1
!sus 42337 60516 4 6 7 attackers:42337;victims:60516;type:1;valid_origin:True;recurrent:True;local:False
42337 60516 1 7 0
42337 60516 2 7 0
42337 60516 3 0 7
42337 60516 4 7 0
42337 60516 5 0 7
42337 60516 6 7 0
42337 60516 7 0 7
42337 60516 8 0 7
42337 60516 9 0 7
42337 60516 10 0 7
!sus 41051 48231 7 3 18 attackers:41051;victims:48231;type:1;valid_origin:True;recurrent:True;local:False
41051 48231 1 1 17
41051 48231 2 9 9
41051 48231 3 9 9
41051 48231 4 15 3
41051 48231 5 15 3
41051 48231 6 18 0
41051 48231 7 16 2
41051 48231 8 18 0
41051 48231 9 16 2
41051 48231 10 16 2
!leg 264525 265377 10 0 2 attackers:265377;victims:264525;type:1;valid_origin:True;recurrent:False;local:False
264525 265377 1 2 0
264525 265377 2 2 0
264525 265377 3 2 0
264525 265377 4 2 0
264525 265377 5 2 0
264525 265377 6 2 0
264525 265377 7 2 0
264525 265377 8 2 0
264525 265377 9 2 0
264525 265377 10 2 0
!sus 209533 215825 0 10 17 attackers:209533;victims:215825;type:1;valid_origin:True;recurrent:True;local:False
209533 215825 1 5 12
209533 215825 2 3 14
209533 215825 3 6 11
209533 215825 4 5 12
209533 215825 5 0 17
209533 215825 6 0 17
209533 215825 7 0 17
209533 215825 8 0 17
209533 215825 9 0 17
209533 215825 10 0 17
!sus 6984 58428 0 10 2 attackers:58428;victims:6984;type:1;valid_origin:True;recurrent:True;local:False
6984 58428 1 0 2
6984 58428 2 0 2
6984 58428 3 0 2
6984 58428 4 0 2
6984 58428 5 0 2
6984 58428 6 0 2
6984 58428 7 0 2
6984 58428 8 0 2
6984 58428 9 0 2
6984 58428 10 0 2
!sus 24940 29535 5 5 91 attackers:29535;victims:57896;type:2;valid_origin:True;recurrent:True;local:False
24940 29535 1 9 82
24940 29535 2 13 78
24940 29535 3 14 77
24940 29535 4 33 58
24940 29535 5 32 59
24940 29535 6 76 15
24940 29535 7 88 3
24940 29535 8 86 5
24940 29535 9 90 1
24940 29535 10 91 0
!sus 202262 215799 0 10 4 attackers:202262;victims:215799;type:1;valid_origin:True;recurrent:True;local:False
202262 215799 1 0 4
202262 215799 2 0 4
202262 215799 3 0 4
202262 215799 4 0 4
202262 215799 5 0 4
202262 215799 6 0 4
202262 215799 7 0 4
202262 215799 8 0 4
202262 215799 9 0 4
202262 215799 10 0 4
!sus 37662 328585 0 10 3 attackers:37662;victims:328585;type:1;valid_origin:True;recurrent:True;local:False
37662 328585 1 0 3
37662 328585 2 0 3
37662 328585 3 0 3
37662 328585 4 0 3
37662 328585 5 0 3
37662 328585 6 0 3
37662 328585 7 0 3
37662 328585 8 0 3
37662 328585 9 0 3
37662 328585 10 0 3
!sus 134472 134572 0 10 437 attackers:134572;victims:134572;type:2;valid_origin:True;recurrent:True;local:False
134472 134572 1 0 437
134472 134572 2 0 437
134472 134572 3 7 430
134472 134572 4 7 430
134472 134572 5 4 433
134472 134572 6 7 430
134472 134572 7 9 428
134472 134572 8 3 434
134472 134572 9 1 436
134472 134572 10 12 425
!sus 42 13172 9 1 1 attackers:13172;victims:42;type:1;valid_origin:True;recurrent:False;local:False
42 13172 1 0 1
42 13172 2 1 0
42 13172 3 1 0
42 13172 4 1 0
42 13172 5 1 0
42 13172 6 1 0
42 13172 7 1 0
42 13172 8 1 0
42 13172 9 1 0
42 13172 10 1 0
!sus 5416 139341 1 9 33 attackers:5416;victims:139341;type:1;valid_origin:True;recurrent:True;local:False
5416 139341 1 1 32
5416 139341 2 4 29
5416 139341 3 3 30
5416 139341 4 9 24
5416 139341 5 13 20
5416 139341 6 7 26
5416 139341 7 11 22
5416 139341 8 13 20
5416 139341 9 15 18
5416 139341 10 18 15
!sus 47311 203686 7 3 87 attackers:47311;victims:203686;type:1;valid_origin:True;recurrent:True;local:False
47311 203686 1 0 87
47311 203686 2 0 87
47311 203686 3 0 87
47311 203686 4 49 38
47311 203686 5 83 4
47311 203686 6 61 26
47311 203686 7 87 0
47311 203686 8 87 0
47311 203686 9 87 0
47311 203686 10 87 0
!leg 7473 206720 10 0 45 attackers:7473;victims:206720;type:1;valid_origin:True;recurrent:False;local:False
7473 206720 1 45 0
7473 206720 2 45 0
7473 206720 3 45 0
7473 206720 4 45 0
7473 206720 5 45 0
7473 206720 6 45 0
7473 206720 7 45 0
7473 206720 8 45 0
7473 206720 9 45 0
7473 206720 10 45 0
!sus 262977 264911 2 8 12 attackers:262977;victims:264911;type:1;valid_origin:True;recurrent:False;local:False
262977 264911 1 12 0
262977 264911 2 12 0
262977 264911 3 3 9
262977 264911 4 5 7
262977 264911 5 3 9
262977 264911 6 3 9
262977 264911 7 3 9
262977 264911 8 5 7
262977 264911 9 3 9
262977 264911 10 4 8
!leg 24589 62663 10 0 3 attackers:62663;victims:51249,24589;type:1,2;valid_origin:True;recurrent:False;local:False
24589 62663 1 2 1
24589 62663 2 2 1
24589 62663 3 2 1
24589 62663 4 3 0
24589 62663 5 2 1
24589 62663 6 2 1
24589 62663 7 3 0
24589 62663 8 3 0
24589 62663 9 3 0
24589 62663 10 3 0
!sus 11665 27373 4 6 5 attackers:27373;victims:11665;type:1;valid_origin:True;recurrent:True;local:False
11665 27373 1 5 0
11665 27373 2 5 0
11665 27373 3 0 5
11665 27373 4 5 0
11665 27373 5 4 1
11665 27373 6 0 5
11665 27373 7 0 5
11665 27373 8 0 5
11665 27373 9 0 5
11665 27373 10 0 5
!leg 263548 273595 10 0 244 attackers:273595;victims:263548;type:1;valid_origin:True;recurrent:False;local:False
263548 273595 1 244 0
263548 273595 2 244 0
263548 273595 3 244 0
263548 273595 4 244 0
263548 273595 5 244 0
263548 273595 6 244 0
263548 273595 7 244 0
263548 273595 8 244 0
263548 273595 9 244 0
263548 273595 10 244 0
!leg 53427 268782 10 0 138 attackers:53427;victims:268782;type:1;valid_origin:True;recurrent:False;local:False
53427 268782 1 138 0
53427 268782 2 138 0
53427 268782 3 138 0
53427 268782 4 138 0
53427 268782 5 138 0
53427 268782 6 138 0
53427 268782 7 138 0
53427 268782 8 138 0
53427 268782 9 138 0
53427 268782 10 138 0
!leg 3 150407 10 0 10 attackers:3;victims:150407;type:1;valid_origin:True;recurrent:False;local:False
3 150407 1 10 0
3 150407 2 10 0
3 150407 3 10 0
3 150407 4 10 0
3 150407 5 10 0
3 150407 6 10 0
3 150407 7 10 0
3 150407 8 10 0
3 150407 9 10 0
3 150407 10 10 0
!leg 8953 62663 10 0 1 attackers:62663;victims:59511;type:2;valid_origin:True;recurrent:False;local:False
8953 62663 1 1 0
8953 62663 2 1 0
8953 62663 3 1 0
8953 62663 4 1 0
8953 62663 5 1 0
8953 62663 6 1 0
8953 62663 7 1 0
8953 62663 8 1 0
8953 62663 9 1 0
8953 62663 10 1 0
!leg 34772 62663 10 0 2 attackers:62663;victims:57374;type:2;valid_origin:True;recurrent:False;local:False
34772 62663 1 2 0
34772 62663 2 2 0
34772 62663 3 2 0
34772 62663 4 2 0
34772 62663 5 2 0
34772 62663 6 2 0
34772 62663 7 2 0
34772 62663 8 2 0
34772 62663 9 2 0
34772 62663 10 2 0
!sus 13335 137491 0 10 163 attackers:137491;victims:13335,133800;type:1,2;valid_origin:True;recurrent:True;local:False
13335 137491 1 2 161
13335 137491 2 2 161
13335 137491 3 2 161
13335 137491 4 4 159
13335 137491 5 3 160
13335 137491 6 9 154
13335 137491 7 7 156
13335 137491 8 10 153
13335 137491 9 6 157
13335 137491 10 11 152
!sus 42 4150 2 8 1 attackers:4150;victims:42;type:1;valid_origin:True;recurrent:True;local:False
42 4150 1 0 1
42 4150 2 0 1
42 4150 3 0 1
42 4150 4 0 1
42 4150 5 0 1
42 4150 6 0 1
42 4150 7 0 1
42 4150 8 1 0
42 4150 9 1 0
42 4150 10 0 1
!sus 2 272711 0 10 175 attackers:272711;victims:2;type:1;valid_origin:True;recurrent:True;local:False
2 272711 1 0 175
2 272711 2 0 175
2 272711 3 0 175
2 272711 4 0 175
2 272711 5 0 175
2 272711 6 0 175
2 272711 7 0 175
2 272711 8 0 175
2 272711 9 0 175
2 272711 10 0 175
!sus 57851 208453 0 10 2 attackers:208453;victims:57851;type:1;valid_origin:True;recurrent:True;local:False
57851 208453 1 0 2
57851 208453 2 0 2
57851 208453 3 0 2
57851 208453 4 0 2
57851 208453 5 0 2
57851 208453 6 0 2
57851 208453 7 0 2
57851 208453 8 0 2
57851 208453 9 0 2
57851 208453 10 0 2
!sus 63741 151326 7 3 23 attackers:151326;victims:63741;type:1;valid_origin:True;recurrent:True;local:False
63741 151326 1 0 23
63741 151326 2 0 23
63741 151326 3 10 13
63741 151326 4 14 9
63741 151326 5 14 9
63741 151326 6 23 0
63741 151326 7 23 0
63741 151326 8 23 0
63741 151326 9 23 0
63741 151326 10 23 0
!sus 58689 64201 0 10 103 attackers:58689;victims:64201;type:1;valid_origin:True;recurrent:True;local:False
58689 64201 1 0 103
58689 64201 2 0 103
58689 64201 3 0 103
58689 64201 4 0 103
58689 64201 5 0 103
58689 64201 6 0 103
58689 64201 7 0 103
58689 64201 8 0 103
58689 64201 9 0 103
58689 64201 10 0 103
!leg 28343 267497 10 0 2 attackers:267497;victims:264298;type:3;valid_origin:True;recurrent:False;local:False
28343 267497 1 2 0
28343 267497 2 2 0
28343 267497 3 2 0
28343 267497 4 2 0
28343 267497 5 2 0
28343 267497 6 2 0
28343 267497 7 2 0
28343 267497 8 2 0
28343 267497 9 2 0
28343 267497 10 2 0
!sus 136952 141216 4 6 8 attackers:141216;victims:136952;type:1;valid_origin:True;recurrent:True;local:False
136952 141216 1 8 0
136952 141216 2 8 0
136952 141216 3 0 8
136952 141216 4 8 0
136952 141216 5 7 1
136952 141216 6 0 8
136952 141216 7 0 8
136952 141216 8 0 8
136952 141216 9 0 8
136952 141216 10 0 8
!sus 60000 149848 2 8 2 attackers:149848;victims:60000;type:1;valid_origin:False;recurrent:True;local:False
60000 149848 1 0 2
60000 149848 2 2 0
60000 149848 3 0 2
60000 149848 4 2 0
60000 149848 5 0 2
60000 149848 6 0 2
60000 149848 7 0 2
60000 149848 8 0 2
60000 149848 9 0 2
60000 149848 10 0 2
!sus 59282 150279 0 10 292 attackers:150279;victims:150249;type:2;valid_origin:True;recurrent:True;local:False
59282 150279 1 39 253
59282 150279 2 42 250
59282 150279 3 56 236
59282 150279 4 59 233
59282 150279 5 58 234
59282 150279 6 68 224
59282 150279 7 75 217
59282 150279 8 73 219
59282 150279 9 107 185
59282 150279 10 70 222
!sus 10201 146887 1 9 5 attackers:146887;victims:10201;type:1;valid_origin:True;recurrent:True;local:False
10201 146887 1 1 4
10201 146887 2 5 0
10201 146887 3 0 5
10201 146887 4 1 4
10201 146887 5 0 5
10201 146887 6 0 5
10201 146887 7 0 5
10201 146887 8 0 5
10201 146887 9 0 5
10201 146887 10 0 5
!sus 199545 200993 9 1 7 attackers:199545;victims:200993;type:1;valid_origin:True;recurrent:True;local:False
199545 200993 1 0 7
199545 200993 2 6 1
199545 200993 3 6 1
199545 200993 4 7 0
199545 200993 5 7 0
199545 200993 6 7 0
199545 200993 7 7 0
199545 200993 8 7 0
199545 200993 9 7 0
199545 200993 10 7 0
!sus 262977 263009 7 3 10 attackers:262977;victims:265289,265287;type:2,3;valid_origin:True;recurrent:False;local:False
262977 263009 1 4 6
262977 263009 2 2 8
262977 263009 3 4 6
262977 263009 4 10 0
262977 263009 5 10 0
262977 263009 6 9 1
262977 263009 7 10 0
262977 263009 8 10 0
262977 263009 9 10 0
262977 263009 10 10 0
!sus 38149 327814 0 10 1 attackers:327814;victims:38149;type:1;valid_origin:True;recurrent:True;local:False
38149 327814 1 0 1
38149 327814 2 0 1
38149 327814 3 0 1
38149 327814 4 0 1
38149 327814 5 0 1
38149 327814 6 0 1
38149 327814 7 0 1
38149 327814 8 0 1
38149 327814 9 0 1
38149 327814 10 0 1
!sus 100 215920 0 10 4 attackers:215920;victims:100;type:1;valid_origin:True;recurrent:True;local:False
100 215920 1 0 4
100 215920 2 0 4
100 215920 3 0 4
100 215920 4 0 4
100 215920 5 0 4
100 215920 6 0 4
100 215920 7 0 4
100 215920 8 0 4
100 215920 9 0 4
100 215920 10 0 4
!sus 64297 150283 0 10 119 attackers:64297;victims:150283;type:1;valid_origin:True;recurrent:False;local:False
64297 150283 1 19 100
64297 150283 2 26 93
64297 150283 3 32 87
64297 150283 4 18 101
64297 150283 5 32 87
64297 150283 6 20 99
64297 150283 7 29 90
64297 150283 8 27 92
64297 150283 9 29 90
64297 150283 10 27 92
!sus 41047 141047 0 10 8 attackers:141047;victims:24550;type:3;valid_origin:True;recurrent:True;local:False
41047 141047 1 0 8
41047 141047 2 0 8
41047 141047 3 0 8
41047 141047 4 0 8
41047 141047 5 0 8
41047 141047 6 0 8
41047 141047 7 0 8
41047 141047 8 0 8
41047 141047 9 0 8
41047 141047 10 0 8
!sus 135235 151769 3 7 3 attackers:135235;victims:151769;type:1;valid_origin:True;recurrent:True;local:False
135235 151769 1 3 0
135235 151769 2 3 0
135235 151769 3 2 1
135235 151769 4 1 2
135235 151769 5 1 2
135235 151769 6 0 3
135235 151769 7 0 3
135235 151769 8 0 3
135235 151769 9 0 3
135235 151769 10 0 3
!sus 136557 140543 7 3 3 attackers:136557;victims:140543;type:1;valid_origin:True;recurrent:True;local:False
136557 140543 1 0 3
136557 140543 2 2 1
136557 140543 3 1 2
136557 140543 4 1 2
136557 140543 5 2 1
136557 140543 6 2 1
136557 140543 7 2 1
136557 140543 8 2 1
136557 140543 9 2 1
136557 140543 10 2 1
!sus 17665 203345 0 10 134 attackers:203345;victims:203345;type:2;valid_origin:True;recurrent:True;local:False
17665 203345 1 0 134
17665 203345 2 0 134
17665 203345 3 0 134
17665 203345 4 0 134
17665 203345 5 0 134
17665 203345 6 0 134
17665 203345 7 0 134
17665 203345 8 0 134
17665 203345 9 0 134
17665 203345 10 0 134
!sus 271486 271645 5 5 7 attackers:271645;victims:271486;type:1;valid_origin:True;recurrent:True;local:False
271486 271645 1 0 7
271486 271645 2 0 7
271486 271645 3 0 7
271486 271645 4 0 7
271486 271645 5 0 7
271486 271645 6 7 0
271486 271645 7 7 0
271486 271645 8 4 3
271486 271645 9 6 1
271486 271645 10 7 0
!sus 9730 151698 4 6 1 attackers:9730;victims:151698;type:1;valid_origin:True;recurrent:True;local:False
9730 151698 1 1 0
9730 151698 2 1 0
9730 151698 3 0 1
9730 151698 4 1 0
9730 151698 5 0 1
9730 151698 6 1 0
9730 151698 7 0 1
9730 151698 8 0 1
9730 151698 9 0 1
9730 151698 10 0 1
!sus 917 131642 0 10 1 attackers:131642;victims:34939;type:3;valid_origin:True;recurrent:False;local:False
917 131642 1 0 1
917 131642 2 0 1
917 131642 3 0 1
917 131642 4 0 1
917 131642 5 0 1
917 131642 6 0 1
917 131642 7 0 1
917 131642 8 0 1
917 131642 9 0 1
917 131642 10 0 1
!sus 27569 400885 0 10 1 attackers:27569;victims:400885;type:1;valid_origin:True;recurrent:True;local:False
27569 400885 1 0 1
27569 400885 2 0 1
27569 400885 3 0 1
27569 400885 4 0 1
27569 400885 5 0 1
27569 400885 6 0 1
27569 400885 7 0 1
27569 400885 8 0 1
27569 400885 9 0 1
27569 400885 10 0 1
!leg 9999 17676 10 0 1 attackers:17676;victims:60679;type:2;valid_origin:True;recurrent:False;local:False
9999 17676 1 1 0
9999 17676 2 1 0
9999 17676 3 1 0
9999 17676 4 1 0
9999 17676 5 1 0
9999 17676 6 1 0
9999 17676 7 1 0
9999 17676 8 1 0
9999 17676 9 1 0
9999 17676 10 1 0
!sus 174 138926 0 10 1 attackers:138926;victims:174;type:1;valid_origin:True;recurrent:True;local:False
174 138926 1 0 1
174 138926 2 0 1
174 138926 3 0 1
174 138926 4 0 1
174 138926 5 0 1
174 138926 6 0 1
174 138926 7 0 1
174 138926 8 0 1
174 138926 9 0 1
174 138926 10 0 1
!sus 209533 216375 9 1 190 attackers:209533;victims:216375;type:1;valid_origin:True;recurrent:True;local:False
209533 216375 1 43 147
209533 216375 2 161 29
209533 216375 3 185 5
209533 216375 4 188 2
209533 216375 5 188 2
209533 216375 6 190 0
209533 216375 7 190 0
209533 216375 8 190 0
209533 216375 9 190 0
209533 216375 10 190 0
!leg 265022 266925 10 0 1 attackers:265022;victims:271427;type:4;valid_origin:True;recurrent:False;local:False
265022 266925 1 1 0
265022 266925 2 1 0
265022 266925 3 1 0
265022 266925 4 1 0
265022 266925 5 1 0
265022 266925 6 1 0
265022 266925 7 1 0
265022 266925 8 1 0
265022 266925 9 1 0
265022 266925 10 1 0
!sus 12831 61319 0 10 3 attackers:12831;victims:61319;type:1;valid_origin:True;recurrent:True;local:False
12831 61319 1 0 3
12831 61319 2 0 3
12831 61319 3 0 3
12831 61319 4 0 3
12831 61319 5 0 3
12831 61319 6 0 3
12831 61319 7 0 3
12831 61319 8 0 3
12831 61319 9 0 3
12831 61319 10 0 3
!leg 263135 267613 10 0 1 attackers:267613;victims:263135;type:1;valid_origin:True;recurrent:False;local:False
263135 267613 1 1 0
263135 267613 2 1 0
263135 267613 3 1 0
263135 267613 4 1 0
263135 267613 5 1 0
263135 267613 6 1 0
263135 267613 7 1 0
263135 267613 8 1 0
263135 267613 9 1 0
263135 267613 10 1 0
!leg 24550 152178 10 0 11 attackers:24550;victims:152178;type:1;valid_origin:True;recurrent:True;local:False
24550 152178 1 11 0
24550 152178 2 11 0
24550 152178 3 11 0
24550 152178 4 11 0
24550 152178 5 11 0
24550 152178 6 11 0
24550 152178 7 11 0
24550 152178 8 10 1
24550 152178 9 10 1
24550 152178 10 11 0
!leg 53115 262977 10 0 5 attackers:262977;victims:265097;type:2;valid_origin:True;recurrent:False;local:False
53115 262977 1 5 0
53115 262977 2 5 0
53115 262977 3 5 0
53115 262977 4 5 0
53115 262977 5 5 0
53115 262977 6 5 0
53115 262977 7 5 0
53115 262977 8 5 0
53115 262977 9 5 0
53115 262977 10 5 0
!sus 168 1249 0 10 1 attackers:1249;victims:168;type:1;valid_origin:True;recurrent:True;local:False
168 1249 1 0 1
168 1249 2 0 1
168 1249 3 0 1
168 1249 4 0 1
168 1249 5 0 1
168 1249 6 0 1
168 1249 7 0 1
168 1249 8 0 1
168 1249 9 0 1
168 1249 10 0 1
!sus 62425 216018 3 7 3 attackers:62425;victims:216018;type:1;valid_origin:True;recurrent:True;local:False
62425 216018 1 3 0
62425 216018 2 3 0
62425 216018 3 0 3
62425 216018 4 3 0
62425 216018 5 0 3
62425 216018 6 1 2
62425 216018 7 0 3
62425 216018 8 0 3
62425 216018 9 0 3
62425 216018 10 0 3
!sus 10158 18160 0 10 6 attackers:10158;victims:18160;type:1;valid_origin:True;recurrent:True;local:False
10158 18160 1 0 6
10158 18160 2 0 6
10158 18160 3 1 5
10158 18160 4 1 5
10158 18160 5 0 6
10158 18160 6 1 5
10158 18160 7 0 6
10158 18160 8 0 6
10158 18160 9 0 6
10158 18160 10 0 6
!sus 17976 38182 0 10 26 attackers:17976;victims:38182;type:1;valid_origin:True;recurrent:False;local:False
17976 38182 1 0 26
17976 38182 2 0 26
17976 38182 3 0 26
17976 38182 4 0 26
17976 38182 5 0 26
17976 38182 6 0 26
17976 38182 7 0 26
17976 38182 8 0 26
17976 38182 9 0 26
17976 38182 10 0 26
!leg 265377 266445 10 0 2 attackers:265377;victims:262378;type:5;valid_origin:True;recurrent:False;local:False
265377 266445 1 2 0
265377 266445 2 2 0
265377 266445 3 2 0
265377 266445 4 2 0
265377 266445 5 2 0
265377 266445 6 2 0
265377 266445 7 2 0
265377 266445 8 2 0
265377 266445 9 2 0
265377 266445 10 2 0
!sus 138890 152044 6 4 9 attackers:138890;victims:152044;type:1;valid_origin:True;recurrent:True;local:False
138890 152044 1 9 0
138890 152044 2 9 0
138890 152044 3 9 0
138890 152044 4 9 0
138890 152044 5 6 3
138890 152044 6 7 2
138890 152044 7 0 9
138890 152044 8 0 9
138890 152044 9 0 9
138890 152044 10 0 9
!sus 60539 398343 5 5 13 attackers:60539;victims:398343;type:1,3;valid_origin:True;recurrent:True;local:False
60539 398343 1 0 13
60539 398343 2 0 13
60539 398343 3 0 13
60539 398343 4 0 13
60539 398343 5 0 13
60539 398343 6 12 1
60539 398343 7 13 0
60539 398343 8 13 0
60539 398343 9 13 0
60539 398343 10 13 0
!leg 25595 328832 10 0 1 attackers:328832;victims:25595;type:1;valid_origin:True;recurrent:False;local:False
25595 328832 1 1 0
25595 328832 2 1 0
25595 328832 3 1 0
25595 328832 4 1 0
25595 328832 5 1 0
25595 328832 6 1 0
25595 328832 7 1 0
25595 328832 8 1 0
25595 328832 9 1 0
25595 328832 10 1 0
!sus 206075 215960 6 4 101 attackers:206075;victims:215960;type:1;valid_origin:True;recurrent:True;local:False
206075 215960 1 101 0
206075 215960 2 101 0
206075 215960 3 101 0
206075 215960 4 94 7
206075 215960 5 22 79
206075 215960 6 63 38
206075 215960 7 0 101
206075 215960 8 1 100
206075 215960 9 101 0
206075 215960 10 2 99
!sus 62663 207841 2 8 2 attackers:62663;victims:207841;type:1;valid_origin:True;recurrent:True;local:False
62663 207841 1 2 0
62663 207841 2 1 1
62663 207841 3 2 0
62663 207841 4 1 1
62663 207841 5 0 2
62663 207841 6 1 1
62663 207841 7 1 1
62663 207841 8 1 1
62663 207841 9 1 1
62663 207841 10 1 1
!sus 24940 57896 9 1 95 attackers:24940;victims:57896;type:1;valid_origin:True;recurrent:True;local:False
24940 57896 1 28 67
24940 57896 2 91 4
24940 57896 3 92 3
24940 57896 4 95 0
24940 57896 5 95 0
24940 57896 6 95 0
24940 57896 7 95 0
24940 57896 8 95 0
24940 57896 9 95 0
24940 57896 10 95 0
!leg 28146 267497 10 0 2 attackers:267497;victims:264298;type:3;valid_origin:True;recurrent:False;local:False
28146 267497 1 2 0
28146 267497 2 2 0
28146 267497 3 2 0
28146 267497 4 2 0
28146 267497 5 2 0
28146 267497 6 2 0
28146 267497 7 2 0
28146 267497 8 2 0
28146 267497 9 2 0
28146 267497 10 2 0
!sus 25184 203694 4 6 88 attackers:25184;victims:203694;type:1;valid_origin:True;recurrent:True;local:False
25184 203694 1 88 0
25184 203694 2 88 0
25184 203694 3 42 46
25184 203694 4 87 1
25184 203694 5 0 88
25184 203694 6 87 1
25184 203694 7 0 88
25184 203694 8 0 88
25184 203694 9 0 88
25184 203694 10 0 88
!sus 13335 150748 7 3 1 attackers:150748;victims:137048;type:2;valid_origin:True;recurrent:True;local:False
13335 150748 1 0 1
13335 150748 2 0 1
13335 150748 3 0 1
13335 150748 4 1 0
13335 150748 5 1 0
13335 150748 6 1 0
13335 150748 7 1 0
13335 150748 8 1 0
13335 150748 9 1 0
13335 150748 10 1 0
!sus 52739 273407 8 2 27 attackers:52739;victims:273407;type:1;valid_origin:True;recurrent:True;local:False
52739 273407 1 27 0
52739 273407 2 27 0
52739 273407 3 27 0
52739 273407 4 26 1
52739 273407 5 20 7
52739 273407 6 27 0
52739 273407 7 0 27
52739 273407 8 27 0
52739 273407 9 24 3
52739 273407 10 0 27
!sus 138915 203214 0 10 3 attackers:203214;victims:63139;type:2;valid_origin:True;recurrent:True;local:False
138915 203214 1 0 3
138915 203214 2 0 3
138915 203214 3 0 3
138915 203214 4 0 3
138915 203214 5 0 3
138915 203214 6 0 3
138915 203214 7 0 3
138915 203214 8 0 3
138915 203214 9 0 3
138915 203214 10 0 3
!sus 264525 267497 8 2 2 attackers:267497;victims:264525;type:1;valid_origin:True;recurrent:False;local:False
264525 267497 1 1 1
264525 267497 2 1 1
264525 267497 3 2 0
264525 267497 4 2 0
264525 267497 5 2 0
264525 267497 6 2 0
264525 267497 7 2 0
264525 267497 8 2 0
264525 267497 9 2 0
264525 267497 10 2 0
!sus 2597 2598 8 2 8 attackers:2597;victims:2598;type:1;valid_origin:True;recurrent:True;local:False
2597 2598 1 8 0
2597 2598 2 8 0
2597 2598 3 8 0
2597 2598 4 8 0
2597 2598 5 2 6
2597 2598 6 8 0
2597 2598 7 0 8
2597 2598 8 8 0
2597 2598 9 6 2
2597 2598 10 7 1
!sus 58050 61372 3 7 8 attackers:61372;victims:58050;type:1;valid_origin:True;recurrent:True;local:False
58050 61372 1 7 1
58050 61372 2 8 0
58050 61372 3 0 8
58050 61372 4 8 0
58050 61372 5 0 8
58050 61372 6 0 8
58050 61372 7 0 8
58050 61372 8 0 8
58050 61372 9 0 8
58050 61372 10 0 8
!sus 136142 138423 3 7 204 attackers:138423;victims:136142;type:1;valid_origin:True;recurrent:True;local:False
136142 138423 1 204 0
136142 138423 2 204 0
136142 138423 3 1 203
136142 138423 4 204 0
136142 138423 5 47 157
136142 138423 6 0 204
136142 138423 7 0 204
136142 138423 8 0 204
136142 138423 9 0 204
136142 138423 10 3 201
!sus 37721 211671 9 1 1 attackers:37721;victims:211671;type:1;valid_origin:True;recurrent:True;local:True
37721 211671 1 0 1
37721 211671 2 1 0
37721 211671 3 1 0
37721 211671 4 1 0
37721 211671 5 1 0
37721 211671 6 1 0
37721 211671 7 1 0
37721 211671 8 1 0
37721 211671 9 1 0
37721 211671 10 1 0
!sus 52900 273397 5 5 13 attackers:52900;victims:273397;type:1;valid_origin:True;recurrent:True;local:False
52900 273397 1 13 0
52900 273397 2 13 0
52900 273397 3 10 3
52900 273397 4 13 0
52900 273397 5 1 12
52900 273397 6 13 0
52900 273397 7 0 13
52900 273397 8 0 13
52900 273397 9 0 13
52900 273397 10 0 13
!sus 56630 200250 0 10 1 attackers:56630;victims:200250;type:1;valid_origin:True;recurrent:True;local:False
56630 200250 1 0 1
56630 200250 2 0 1
56630 200250 3 0 1
56630 200250 4 0 1
56630 200250 5 0 1
56630 200250 6 0 1
56630 200250 7 0 1
56630 200250 8 0 1
56630 200250 9 0 1
56630 200250 10 0 1
!sus 44677 209024 2 8 27 attackers:209024;victims:44677;type:1;valid_origin:True;recurrent:True;local:False
44677 209024 1 22 5
44677 209024 2 27 0
44677 209024 3 0 27
44677 209024 4 3 24
44677 209024 5 0 27
44677 209024 6 0 27
44677 209024 7 0 27
44677 209024 8 0 27
44677 209024 9 0 27
44677 209024 10 0 27
!sus 50000 149848 2 8 2 attackers:149848;victims:50000;type:1;valid_origin:False;recurrent:True;local:False
50000 149848 1 0 2
50000 149848 2 2 0
50000 149848 3 0 2
50000 149848 4 2 0
50000 149848 5 0 2
50000 149848 6 0 2
50000 149848 7 0 2
50000 149848 8 0 2
50000 149848 9 0 2
50000 149848 10 0 2
!leg 20473 142464 10 0 174 attackers:20473;victims:142464;type:1;valid_origin:True;recurrent:False;local:False
20473 142464 1 115 59
20473 142464 2 133 41
20473 142464 3 122 52
20473 142464 4 149 25
20473 142464 5 142 32
20473 142464 6 149 25
20473 142464 7 144 30
20473 142464 8 152 22
20473 142464 9 161 13
20473 142464 10 149 25
!sus 262977 264517 0 10 10 attackers:262977;victims:264517;type:1;valid_origin:True;recurrent:False;local:False
262977 264517 1 1 9
262977 264517 2 1 9
262977 264517 3 2 8
262977 264517 4 1 9
262977 264517 5 1 9
262977 264517 6 3 7
262977 264517 7 1 9
262977 264517 8 1 9
262977 264517 9 3 7
262977 264517 10 1 9
!leg 9808 63531 10 0 82 attackers:9808;victims:63531;type:1;valid_origin:True;recurrent:False;local:False
9808 63531 1 82 0
9808 63531 2 82 0
9808 63531 3 82 0
9808 63531 4 82 0
9808 63531 5 82 0
9808 63531 6 82 0
9808 63531 7 82 0
9808 63531 8 82 0
9808 63531 9 82 0
9808 63531 10 82 0
!sus 7049 53062 9 1 1 attackers:7049;victims:263944;type:2;valid_origin:True;recurrent:False;local:False
7049 53062 1 0 1
7049 53062 2 1 0
7049 53062 3 1 0
7049 53062 4 1 0
7049 53062 5 1 0
7049 53062 6 1 0
7049 53062 7 1 0
7049 53062 8 1 0
7049 53062 9 1 0
7049 53062 10 1 0
!sus 50272 59720 4 6 4 attackers:50272;victims:59720;type:1;valid_origin:True;recurrent:True;local:False
50272 59720 1 0 4
50272 59720 2 0 4
50272 59720 3 0 4
50272 59720 4 1 3
50272 59720 5 1 3
50272 59720 6 2 2
50272 59720 7 4 0
50272 59720 8 4 0
50272 59720 9 4 0
50272 59720 10 4 0
!sus 29632 205255 0 10 2 attackers:29632;victims:205255;type:1;valid_origin:True;recurrent:True;local:False
29632 205255 1 0 2
29632 205255 2 0 2
29632 205255 3 0 2
29632 205255 4 0 2
29632 205255 5 0 2
29632 205255 6 0 2
29632 205255 7 0 2
29632 205255 8 0 2
29632 205255 9 0 2
29632 205255 10 0 2
!sus 151841 206075 8 2 157 attackers:206075;victims:151841;type:1;valid_origin:True;recurrent:True;local:False
151841 206075 1 0 157
151841 206075 2 2 155
151841 206075 3 85 72
151841 206075 4 142 15
151841 206075 5 151 6
151841 206075 6 151 6
151841 206075 7 148 9
151841 206075 8 157 0
151841 206075 9 157 0
151841 206075 10 157 0
!sus 31549 216131 5 5 5 attackers:31549;victims:216131;type:1;valid_origin:True;recurrent:True;local:False
31549 216131 1 5 0
31549 216131 2 5 0
31549 216131 3 5 0
31549 216131 4 5 0
31549 216131 5 0 5
31549 216131 6 5 0
31549 216131 7 0 5
31549 216131 8 0 5
31549 216131 9 0 5
31549 216131 10 0 5
!sus 7018 64295 6 4 5 attackers:7018;victims:64295;type:1;valid_origin:True;recurrent:True;local:False
7018 64295 1 5 0
7018 64295 2 5 0
7018 64295 3 5 0
7018 64295 4 5 0
7018 64295 5 5 0
7018 64295 6 5 0
7018 64295 7 0 5
7018 64295 8 0 5
7018 64295 9 0 5
7018 64295 10 0 5
!sus 265823 273116 4 6 373 attackers:265823;victims:273116;type:1;valid_origin:True;recurrent:True;local:False
265823 273116 1 373 0
265823 273116 2 373 0
265823 273116 3 301 72
265823 273116 4 260 113
265823 273116 5 0 373
265823 273116 6 25 348
265823 273116 7 0 373
265823 273116 8 0 373
265823 273116 9 0 373
265823 273116 10 0 373
!sus 138322 138423 9 1 33 attackers:138423;victims:38742;type:2;valid_origin:True;recurrent:True;local:False
138322 138423 1 7 26
138322 138423 2 33 0
138322 138423 3 33 0
138322 138423 4 33 0
138322 138423 5 33 0
138322 138423 6 33 0
138322 138423 7 33 0
138322 138423 8 33 0
138322 138423 9 33 0
138322 138423 10 33 0
!sus 57785 196695 0 10 13 attackers:196695;victims:57785;type:1;valid_origin:True;recurrent:True;local:False
57785 196695 1 0 13
57785 196695 2 0 13
57785 196695 3 0 13
57785 196695 4 0 13
57785 196695 5 0 13
57785 196695 6 0 13
57785 196695 7 0 13
57785 196695 8 0 13
57785 196695 9 0 13
57785 196695 10 0 13
!sus 209 399513 0 10 5 attackers:209;victims:399513;type:1;valid_origin:True;recurrent:True;local:False
209 399513 1 2 3
209 399513 2 0 5
209 399513 3 2 3
209 399513 4 2 3
209 399513 5 0 5
209 399513 6 0 5
209 399513 7 0 5
209 399513 8 0 5
209 399513 9 0 5
209 399513 10 0 5
!sus 202984 215895 8 2 9 attackers:202984;victims:215895;type:1;valid_origin:True;recurrent:True;local:False
202984 215895 1 9 0
202984 215895 2 9 0
202984 215895 3 9 0
202984 215895 4 9 0
202984 215895 5 8 1
202984 215895 6 9 0
202984 215895 7 0 9
202984 215895 8 8 1
202984 215895 9 9 0
202984 215895 10 0 9
!sus 262977 264455 0 10 2 attackers:262977;victims:264455;type:1;valid_origin:True;recurrent:False;local:False
262977 264455 1 1 1
262977 264455 2 1 1
262977 264455 3 1 1
262977 264455 4 1 1
262977 264455 5 1 1
262977 264455 6 1 1
262977 264455 7 1 1
262977 264455 8 1 1
262977 264455 9 1 1
262977 264455 10 1 1
!sus 13335 17976 0 10 3 attackers:17976;victims:13335;type:1;valid_origin:True;recurrent:False;local:False
13335 17976 1 0 3
13335 17976 2 0 3
13335 17976 3 0 3
13335 17976 4 0 3
13335 17976 5 0 3
13335 17976 6 0 3
13335 17976 7 0 3
13335 17976 8 0 3
13335 17976 9 0 3
13335 17976 10 0 3
!sus 58945 152168 6 4 246 attackers:58945;victims:152168;type:1;valid_origin:True;recurrent:True;local:False
58945 152168 1 246 0
58945 152168 2 241 5
58945 152168 3 245 1
58945 152168 4 240 6
58945 152168 5 26 220
58945 152168 6 225 21
58945 152168 7 0 246
58945 152168 8 107 139
58945 152168 9 187 59
58945 152168 10 0 246
!leg 3245 8764 10 0 4 attackers:3245;victims:48053;type:3;valid_origin:True;recurrent:False;local:False
3245 8764 1 4 0
3245 8764 2 4 0
3245 8764 3 4 0
3245 8764 4 4 0
3245 8764 5 4 0
3245 8764 6 4 0
3245 8764 7 4 0
3245 8764 8 4 0
3245 8764 9 4 0
3245 8764 10 4 0
!sus 50263 62081 0 10 140 attackers:62081;victims:202538,35588,41871,50305,48557,31685,56907,48385,204384,212048,39230,44294,45022,60812,48964,39513,212761,39908,212375,204685,210896,44921,56899;type:2,3;valid_origin:True;recurrent:True;local:False
50263 62081 1 0 140
50263 62081 2 0 140
50263 62081 3 0 140
50263 62081 4 0 140
50263 62081 5 0 140
50263 62081 6 0 140
50263 62081 7 0 140
50263 62081 8 0 140
50263 62081 9 0 140
50263 62081 10 0 140
!leg 17494 62663 10 0 1 attackers:62663;victims:136928;type:2;valid_origin:True;recurrent:True;local:False
17494 62663 1 1 0
17494 62663 2 1 0
17494 62663 3 1 0
17494 62663 4 1 0
17494 62663 5 1 0
17494 62663 6 1 0
17494 62663 7 1 0
17494 62663 8 1 0
17494 62663 9 1 0
17494 62663 10 1 0
!sus 51964 216134 4 6 3 attackers:51964;victims:216134;type:1;valid_origin:True;recurrent:True;local:False
51964 216134 1 3 0
51964 216134 2 3 0
51964 216134 3 1 2
51964 216134 4 3 0
51964 216134 5 0 3
51964 216134 6 3 0
51964 216134 7 0 3
51964 216134 8 0 3
51964 216134 9 0 3
51964 216134 10 0 3
!leg 62663 137367 10 0 2 attackers:62663;victims:135482;type:3;valid_origin:True;recurrent:True;local:False
62663 137367 1 2 0
62663 137367 2 2 0
62663 137367 3 2 0
62663 137367 4 2 0
62663 137367 5 2 0
62663 137367 6 2 0
62663 137367 7 2 0
62663 137367 8 2 0
62663 137367 9 2 0
62663 137367 10 2 0
!leg 8772 203847 10 0 1 attackers:8772;victims:203847;type:1;valid_origin:True;recurrent:False;local:False
8772 203847 1 1 0
8772 203847 2 1 0
8772 203847 3 1 0
8772 203847 4 1 0
8772 203847 5 1 0
8772 203847 6 1 0
8772 203847 7 1 0
8772 203847 8 1 0
8772 203847 9 1 0
8772 203847 10 1 0
!sus 12555 62663 9 1 1 attackers:62663;victims:198542;type:7;valid_origin:True;recurrent:False;local:False
12555 62663 1 0 1
12555 62663 2 1 0
12555 62663 3 1 0
12555 62663 4 1 0
12555 62663 5 1 0
12555 62663 6 1 0
12555 62663 7 1 0
12555 62663 8 1 0
12555 62663 9 1 0
12555 62663 10 1 0
!sus 40545 55181 7 3 4 attackers:40545;victims:55181;type:1;valid_origin:True;recurrent:True;local:False
40545 55181 1 4 0
40545 55181 2 4 0
40545 55181 3 4 0
40545 55181 4 3 1
40545 55181 5 3 1
40545 55181 6 2 2
40545 55181 7 0 4
40545 55181 8 4 0
40545 55181 9 4 0
40545 55181 10 0 4
!leg 36940 329230 10 0 60 attackers:36940;victims:329230;type:1;valid_origin:True;recurrent:False;local:False
36940 329230 1 60 0
36940 329230 2 60 0
36940 329230 3 60 0
36940 329230 4 60 0
36940 329230 5 60 0
36940 329230 6 60 0
36940 329230 7 60 0
36940 329230 8 60 0
36940 329230 9 60 0
36940 329230 10 60 0
!sus 20473 151499 9 1 406 attackers:20473;victims:151499;type:1;valid_origin:False;recurrent:False;local:False
20473 151499 1 288 118
20473 151499 2 332 74
20473 151499 3 252 154
20473 151499 4 241 165
20473 151499 5 104 302
20473 151499 6 244 162
20473 151499 7 269 137
20473 151499 8 325 81
20473 151499 9 285 121
20473 151499 10 321 85
!leg 62663 196709 10 0 3 attackers:62663;victims:210131,215921;type:3;valid_origin:True;recurrent:False;local:False
62663 196709 1 3 0
62663 196709 2 3 0
62663 196709 3 3 0
62663 196709 4 3 0
62663 196709 5 3 0
62663 196709 6 3 0
62663 196709 7 3 0
62663 196709 8 3 0
62663 196709 9 3 0
62663 196709 10 3 0
!leg 21221 57463 10 0 1 attackers:57463;victims:21221;type:1;valid_origin:True;recurrent:True;local:True
21221 57463 1 1 0
21221 57463 2 1 0
21221 57463 3 1 0
21221 57463 4 1 0
21221 57463 5 1 0
21221 57463 6 1 0
21221 57463 7 1 0
21221 57463 8 1 0
21221 57463 9 1 0
21221 57463 10 1 0
!sus 140607 149283 4 6 1 attackers:140607;victims:149283;type:1;valid_origin:True;recurrent:True;local:False
140607 149283 1 1 0
140607 149283 2 1 0
140607 149283 3 1 0
140607 149283 4 1 0
140607 149283 5 0 1
140607 149283 6 0 1
140607 149283 7 0 1
140607 149283 8 0 1
140607 149283 9 0 1
140607 149283 10 0 1
!leg 265377 269194 10 0 18 attackers:265377;victims:272284;type:2;valid_origin:True;recurrent:False;local:False
265377 269194 1 18 0
265377 269194 2 18 0
265377 269194 3 18 0
265377 269194 4 18 0
265377 269194 5 18 0
265377 269194 6 18 0
265377 269194 7 18 0
265377 269194 8 18 0
265377 269194 9 18 0
265377 269194 10 18 0
!sus 11271 198949 9 1 58 attackers:198949;victims:11271;type:1;valid_origin:True;recurrent:False;local:False
11271 198949 1 1 57
11271 198949 2 54 4
11271 198949 3 58 0
11271 198949 4 55 3
11271 198949 5 58 0
11271 198949 6 58 0
11271 198949 7 58 0
11271 198949 8 58 0
11271 198949 9 58 0
11271 198949 10 58 0
!sus 3216 9121 0 10 86 attackers:9121;victims:3235,8402;type:2;valid_origin:True;recurrent:True;local:False
3216 9121 1 0 86
3216 9121 2 0 86
3216 9121 3 0 86
3216 9121 4 0 86
3216 9121 5 0 86
3216 9121 6 0 86
3216 9121 7 0 86
3216 9121 8 1 85
3216 9121 9 1 85
3216 9121 10 1 85
!sus 8866 62663 8 2 1 attackers:62663;victims:34295;type:2;valid_origin:True;recurrent:False;local:False
8866 62663 1 0 1
8866 62663 2 0 1
8866 62663 3 1 0
8866 62663 4 1 0
8866 62663 5 1 0
8866 62663 6 1 0
8866 62663 7 1 0
8866 62663 8 1 0
8866 62663 9 1 0
8866 62663 10 1 0
!sus 58655 152160 8 2 256 attackers:58655;victims:152160;type:1;valid_origin:True;recurrent:True;local:False
58655 152160 1 256 0
58655 152160 2 256 0
58655 152160 3 256 0
58655 152160 4 256 0
58655 152160 5 141 115
58655 152160 6 215 41
58655 152160 7 0 256
58655 152160 8 225 31
58655 152160 9 255 1
58655 152160 10 1 255
!sus 264096 273404 7 3 64 attackers:264096;victims:273404;type:1;valid_origin:True;recurrent:True;local:False
264096 273404 1 64 0
264096 273404 2 64 0
264096 273404 3 64 0
264096 273404 4 57 7
264096 273404 5 32 32
264096 273404 6 55 9
264096 273404 7 0 64
264096 273404 8 54 10
264096 273404 9 41 23
264096 273404 10 4 60
!leg 9832 136759 10 0 98 attackers:9832;victims:142633;type:3;valid_origin:True;recurrent:False;local:False
9832 136759 1 98 0
9832 136759 2 98 0
9832 136759 3 98 0
9832 136759 4 98 0
9832 136759 5 98 0
9832 136759 6 98 0
9832 136759 7 98 0
9832 136759 8 98 0
9832 136759 9 98 0
9832 136759 10 98 0
!leg 9304 216246 10 0 3 attackers:9304;victims:216246;type:1;valid_origin:False;recurrent:False;local:False
9304 216246 1 3 0
9304 216246 2 3 0
9304 216246 3 3 0
9304 216246 4 3 0
9304 216246 5 3 0
9304 216246 6 3 0
9304 216246 7 3 0
9304 216246 8 3 0
9304 216246 9 3 0
9304 216246 10 3 0
!sus 24555 63528 8 2 9 attackers:63528;victims:24555;type:1;valid_origin:True;recurrent:True;local:False
24555 63528 1 0 9
24555 63528 2 4 5
24555 63528 3 8 1
24555 63528 4 8 1
24555 63528 5 9 0
24555 63528 6 9 0
24555 63528 7 9 0
24555 63528 8 9 0
24555 63528 9 9 0
24555 63528 10 9 0
!sus 209533 215810 9 1 24 attackers:209533;victims:215810;type:1;valid_origin:True;recurrent:False;local:False
209533 215810 1 8 16
209533 215810 2 17 7
209533 215810 3 17 7
209533 215810 4 21 3
209533 215810 5 24 0
209533 215810 6 24 0
209533 215810 7 24 0
209533 215810 8 24 0
209533 215810 9 24 0
209533 215810 10 24 0
!sus 9498 17976 5 5 8 attackers:17976;victims:714,45528;type:2,3;valid_origin:True;recurrent:False;local:False
9498 17976 1 2 6
9498 17976 2 2 6
9498 17976 3 3 5
9498 17976 4 3 5
9498 17976 5 3 5
9498 17976 6 8 0
9498 17976 7 8 0
9498 17976 8 8 0
9498 17976 9 8 0
9498 17976 10 8 0
!leg 29396 216084 10 0 1 attackers:29396;victims:216084;type:1;valid_origin:True;recurrent:False;local:False
29396 216084 1 1 0
29396 216084 2 1 0
29396 216084 3 1 0
29396 216084 4 1 0
29396 216084 5 1 0
29396 216084 6 1 0
29396 216084 7 1 0
29396 216084 8 1 0
29396 216084 9 1 0
29396 216084 10 1 0
!leg 138884 150279 10 0 28 attackers:150279;victims:150249;type:4;valid_origin:True;recurrent:True;local:False
138884 150279 1 28 0
138884 150279 2 28 0
138884 150279 3 28 0
138884 150279 4 28 0
138884 150279 5 28 0
138884 150279 6 28 0
138884 150279 7 28 0
138884 150279 8 28 0
138884 150279 9 28 0
138884 150279 10 28 0
!leg 4229 138915 10 0 3 attackers:138915;victims:55320;type:4;valid_origin:True;recurrent:False;local:False
4229 138915 1 3 0
4229 138915 2 3 0
4229 138915 3 3 0
4229 138915 4 3 0
4229 138915 5 3 0
4229 138915 6 3 0
4229 138915 7 3 0
4229 138915 8 3 0
4229 138915 9 3 0
4229 138915 10 3 0
!sus 26042 215898 4 6 5 attackers:26042;victims:215898;type:1;valid_origin:True;recurrent:True;local:False
26042 215898 1 5 0
26042 215898 2 5 0
26042 215898 3 3 2
26042 215898 4 2 3
26042 215898 5 0 5
26042 215898 6 3 2
26042 215898 7 0 5
26042 215898 8 0 5
26042 215898 9 0 5
26042 215898 10 0 5
!sus 13645 32903 2 8 2 attackers:13645;victims:32903;type:1;valid_origin:True;recurrent:True;local:False
13645 32903 1 2 0
13645 32903 2 2 0
13645 32903 3 0 2
13645 32903 4 0 2
13645 32903 5 0 2
13645 32903 6 0 2
13645 32903 7 0 2
13645 32903 8 0 2
13645 32903 9 0 2
13645 32903 10 0 2
!sus 3269 198462 4 6 3 attackers:3269;victims:198462;type:1;valid_origin:True;recurrent:True;local:False
3269 198462 1 3 0
3269 198462 2 3 0
3269 198462 3 0 3
3269 198462 4 3 0
3269 198462 5 0 3
3269 198462 6 3 0
3269 198462 7 0 3
3269 198462 8 0 3
3269 198462 9 0 3
3269 198462 10 0 3
!sus 57695 210041 4 6 14 attackers:57695;victims:210041;type:1;valid_origin:True;recurrent:True;local:False
57695 210041 1 0 14
57695 210041 2 0 14
57695 210041 3 0 14
57695 210041 4 0 14
57695 210041 5 2 12
57695 210041 6 8 6
57695 210041 7 10 4
57695 210041 8 7 7
57695 210041 9 8 6
57695 210041 10 11 3
!leg 52404 265661 10 0 1 attackers:52404;victims:265661;type:1;valid_origin:True;recurrent:False;local:False
52404 265661 1 1 0
52404 265661 2 1 0
52404 265661 3 1 0
52404 265661 4 1 0
52404 265661 5 1 0
52404 265661 6 1 0
52404 265661 7 1 0
52404 265661 8 1 0
52404 265661 9 1 0
52404 265661 10 1 0
!sus 28 51019 0 10 4 attackers:51019;victims:28;type:1;valid_origin:True;recurrent:True;local:False
28 51019 1 0 4
28 51019 2 0 4
28 51019 3 0 4
28 51019 4 0 4
28 51019 5 0 4
28 51019 6 0 4
28 51019 7 0 4
28 51019 8 0 4
28 51019 9 0 4
28 51019 10 0 4
!sus 203363 208046 2 8 139 attackers:208046;victims:203363;type:1;valid_origin:True;recurrent:True;local:False
203363 208046 1 104 35
203363 208046 2 53 86
203363 208046 3 0 139
203363 208046 4 0 139
203363 208046 5 0 139
203363 208046 6 45 94
203363 208046 7 0 139
203363 208046 8 78 61
203363 208046 9 22 117
203363 208046 10 52 87
!sus 7018 19412 6 4 4 attackers:7018;victims:19412;type:1;valid_origin:True;recurrent:True;local:False
7018 19412 1 4 0
7018 19412 2 4 0
7018 19412 3 4 0
7018 19412 4 4 0
7018 19412 5 4 0
7018 19412 6 3 1
7018 19412 7 0 4
7018 19412 8 0 4
7018 19412 9 0 4
7018 19412 10 0 4
!sus 36944 329376 0 10 8 attackers:36944;victims:329376;type:1;valid_origin:True;recurrent:True;local:False
36944 329376 1 0 8
36944 329376 2 0 8
36944 329376 3 0 8
36944 329376 4 0 8
36944 329376 5 0 8
36944 329376 6 0 8
36944 329376 7 0 8
36944 329376 8 0 8
36944 329376 9 0 8
36944 329376 10 0 8
!leg 3356 262821 10 0 86 attackers:3356;victims:262821;type:1;valid_origin:True;recurrent:False;local:False
3356 262821 1 86 0
3356 262821 2 86 0
3356 262821 3 86 0
3356 262821 4 86 0
3356 262821 5 85 1
3356 262821 6 84 2
3356 262821 7 86 0
3356 262821 8 85 1
3356 262821 9 86 0
3356 262821 10 86 0
!sus 4538 140570 0 10 18 attackers:140570;victims:4538;type:1;valid_origin:True;recurrent:True;local:False
4538 140570 1 2 16
4538 140570 2 3 15
4538 140570 3 2 16
4538 140570 4 4 14
4538 140570 5 4 14
4538 140570 6 4 14
4538 140570 7 4 14
4538 140570 8 4 14
4538 140570 9 4 14
4538 140570 10 4 14
!sus 54998 62844 0 10 3 attackers:62844;victims:54998;type:1;valid_origin:True;recurrent:True;local:False
54998 62844 1 1 2
54998 62844 2 0 3
54998 62844 3 0 3
54998 62844 4 0 3
54998 62844 5 0 3
54998 62844 6 0 3
54998 62844 7 0 3
54998 62844 8 0 3
54998 62844 9 0 3
54998 62844 10 0 3
!sus 39176 216329 0 10 6 attackers:39176;victims:216329;type:1;valid_origin:True;recurrent:True;local:False
39176 216329 1 0 6
39176 216329 2 0 6
39176 216329 3 0 6
39176 216329 4 0 6
39176 216329 5 0 6
39176 216329 6 0 6
39176 216329 7 0 6
39176 216329 8 0 6
39176 216329 9 0 6
39176 216329 10 0 6
!leg 17976 64049 10 0 12 attackers:17976;victims:148000,132215,9583;type:3,5;valid_origin:True;recurrent:False;local:False
17976 64049 1 8 4
17976 64049 2 8 4
17976 64049 3 8 4
17976 64049 4 8 4
17976 64049 5 12 0
17976 64049 6 12 0
17976 64049 7 12 0
17976 64049 8 12 0
17976 64049 9 12 0
17976 64049 10 12 0
!sus 201492 210819 0 10 7 attackers:201492;victims:210819;type:1;valid_origin:True;recurrent:True;local:False
201492 210819 1 0 7
201492 210819 2 0 7
201492 210819 3 0 7
201492 210819 4 0 7
201492 210819 5 0 7
201492 210819 6 0 7
201492 210819 7 0 7
201492 210819 8 0 7
201492 210819 9 0 7
201492 210819 10 0 7
!sus 208753 393577 0 10 32 attackers:393577;victims:208753;type:1;valid_origin:True;recurrent:True;local:False
208753 393577 1 0 32
208753 393577 2 0 32
208753 393577 3 0 32
208753 393577 4 0 32
208753 393577 5 2 30
208753 393577 6 1 31
208753 393577 7 3 29
208753 393577 8 3 29
208753 393577 9 0 32
208753 393577 10 1 31
!leg 265377 267484 10 0 36 attackers:265377;victims:267484;type:1;valid_origin:True;recurrent:False;local:False
265377 267484 1 36 0
265377 267484 2 36 0
265377 267484 3 36 0
265377 267484 4 36 0
265377 267484 5 36 0
265377 267484 6 36 0
265377 267484 7 36 0
265377 267484 8 36 0
265377 267484 9 36 0
265377 267484 10 36 0
!sus 57463 211671 2 8 1 attackers:57463;victims:211671;type:1;valid_origin:True;recurrent:True;local:True
57463 211671 1 0 1
57463 211671 2 0 1
57463 211671 3 0 1
57463 211671 4 0 1
57463 211671 5 0 1
57463 211671 6 0 1
57463 211671 7 0 1
57463 211671 8 0 1
57463 211671 9 1 0
57463 211671 10 1 0
!sus 3663 14159 4 6 152 attackers:3663;victims:14159;type:1;valid_origin:True;recurrent:False;local:False
3663 14159 1 152 0
3663 14159 2 151 1
3663 14159 3 29 123
3663 14159 4 103 49
3663 14159 5 0 152
3663 14159 6 126 26
3663 14159 7 0 152
3663 14159 8 0 152
3663 14159 9 0 152
3663 14159 10 0 152
!sus 262632 267497 2 8 9 attackers:267497;victims:262632;type:1;valid_origin:True;recurrent:False;local:False
262632 267497 1 2 7
262632 267497 2 2 7
262632 267497 3 2 7
262632 267497 4 3 6
262632 267497 5 3 6
262632 267497 6 5 4
262632 267497 7 2 7
262632 267497 8 6 3
262632 267497 9 3 6
262632 267497 10 3 6
!leg 7545 17976 10 0 8 attackers:17976;victims:38803;type:3;valid_origin:True;recurrent:False;local:False
7545 17976 1 8 0
7545 17976 2 8 0
7545 17976 3 8 0
7545 17976 4 8 0
7545 17976 5 8 0
7545 17976 6 8 0
7545 17976 7 8 0
7545 17976 8 8 0
7545 17976 9 8 0
7545 17976 10 8 0
!sus 13335 38442 0 10 10 attackers:38442;victims:13335;type:1;valid_origin:True;recurrent:True;local:False
13335 38442 1 0 10
13335 38442 2 0 10
13335 38442 3 0 10
13335 38442 4 0 10
13335 38442 5 0 10
13335 38442 6 0 10
13335 38442 7 0 10
13335 38442 8 0 10
13335 38442 9 1 9
13335 38442 10 1 9
!leg 29396 207803 10 0 1 attackers:29396;victims:207803;type:1;valid_origin:True;recurrent:False;local:False
29396 207803 1 1 0
29396 207803 2 1 0
29396 207803 3 1 0
29396 207803 4 1 0
29396 207803 5 1 0
29396 207803 6 1 0
29396 207803 7 1 0
29396 207803 8 1 0
29396 207803 9 1 0
29396 207803 10 1 0
!sus 47152 211411 0 10 3 attackers:47152;victims:211411;type:1;valid_origin:True;recurrent:True;local:False
47152 211411 1 0 3
47152 211411 2 0 3
47152 211411 3 0 3
47152 211411 4 0 3
47152 211411 5 0 3
47152 211411 6 0 3
47152 211411 7 0 3
47152 211411 8 0 3
47152 211411 9 0 3
47152 211411 10 0 3
!sus 2 135636 0 10 14 attackers:135636;victims:2;type:1;valid_origin:False;recurrent:True;local:False
2 135636 1 0 14
2 135636 2 0 14
2 135636 3 0 14
2 135636 4 0 14
2 135636 5 0 14
2 135636 6 0 14
2 135636 7 0 14
2 135636 8 0 14
2 135636 9 0 14
2 135636 10 0 14
!sus 44889 215850 4 6 8 attackers:44889;victims:215850;type:1;valid_origin:True;recurrent:True;local:False
44889 215850 1 8 0
44889 215850 2 8 0
44889 215850 3 4 4
44889 215850 4 8 0
44889 215850 5 3 5
44889 215850 6 8 0
44889 215850 7 0 8
44889 215850 8 0 8
44889 215850 9 0 8
44889 215850 10 0 8
!sus 23764 264570 0 10 44 attackers:23764;victims:264570;type:1;valid_origin:True;recurrent:True;local:False
23764 264570 1 0 44
23764 264570 2 0 44
23764 264570 3 6 38
23764 264570 4 0 44
23764 264570 5 8 36
23764 264570 6 8 36
23764 264570 7 5 39
23764 264570 8 0 44
23764 264570 9 5 39
23764 264570 10 15 29
!sus 13768 43541 5 5 1 attackers:13768;victims:43541;type:1;valid_origin:True;recurrent:True;local:False
13768 43541 1 0 1
13768 43541 2 0 1
13768 43541 3 0 1
13768 43541 4 0 1
13768 43541 5 0 1
13768 43541 6 1 0
13768 43541 7 1 0
13768 43541 8 1 0
13768 43541 9 1 0
13768 43541 10 1 0
!sus 24239 38255 0 10 5 attackers:24239;victims:209300;type:2;valid_origin:True;recurrent:True;local:False
24239 38255 1 0 5
24239 38255 2 0 5
24239 38255 3 0 5
24239 38255 4 0 5
24239 38255 5 0 5
24239 38255 6 0 5
24239 38255 7 0 5
24239 38255 8 0 5
24239 38255 9 0 5
24239 38255 10 0 5
!sus 38074 150325 6 4 2 attackers:38074;victims:150325;type:1;valid_origin:True;recurrent:True;local:False
38074 150325 1 0 2
38074 150325 2 0 2
38074 150325 3 1 1
38074 150325 4 1 1
38074 150325 5 2 0
38074 150325 6 2 0
38074 150325 7 2 0
38074 150325 8 2 0
38074 150325 9 2 0
38074 150325 10 2 0
!sus 9583 17976 0 10 16 attackers:17976;victims:396421,9583;type:1,2;valid_origin:True;recurrent:False;local:False
9583 17976 1 0 16
9583 17976 2 5 11
9583 17976 3 7 9
9583 17976 4 7 9
9583 17976 5 7 9
9583 17976 6 7 9
9583 17976 7 7 9
9583 17976 8 7 9
9583 17976 9 7 9
9583 17976 10 7 9
!sus 49304 131640 1 9 24 attackers:49304;victims:131640;type:1;valid_origin:True;recurrent:True;local:False
49304 131640 1 9 15
49304 131640 2 0 24
49304 131640 3 2 22
49304 131640 4 3 21
49304 131640 5 0 24
49304 131640 6 24 0
49304 131640 7 0 24
49304 131640 8 0 24
49304 131640 9 0 24
49304 131640 10 0 24
!sus 204866 210031 1 9 3 attackers:204866;victims:210031;type:1;valid_origin:True;recurrent:True;local:False
204866 210031 1 0 3
204866 210031 2 3 0
204866 210031 3 0 3
204866 210031 4 0 3
204866 210031 5 0 3
204866 210031 6 0 3
204866 210031 7 0 3
204866 210031 8 0 3
204866 210031 9 0 3
204866 210031 10 0 3
!sus 59318 137491 7 3 1 attackers:59318;victims:13335;type:2;valid_origin:True;recurrent:True;local:True
59318 137491 1 0 1
59318 137491 2 1 0
59318 137491 3 0 1
59318 137491 4 1 0
59318 137491 5 0 1
59318 137491 6 1 0
59318 137491 7 1 0
59318 137491 8 1 0
59318 137491 9 1 0
59318 137491 10 1 0
!leg 264223 267497 10 0 1 attackers:267497;victims:269518;type:2;valid_origin:True;recurrent:False;local:False
264223 267497 1 1 0
264223 267497 2 1 0
264223 267497 3 1 0
264223 267497 4 1 0
264223 267497 5 1 0
264223 267497 6 1 0
264223 267497 7 1 0
264223 267497 8 1 0
264223 267497 9 1 0
264223 267497 10 1 0
!sus 56286 147049 0 10 84 attackers:56286;victims:147049;type:1;valid_origin:True;recurrent:True;local:False
56286 147049 1 0 84
56286 147049 2 0 84
56286 147049 3 0 84
56286 147049 4 1 83
56286 147049 5 1 83
56286 147049 6 2 82
56286 147049 7 5 79
56286 147049 8 4 80
56286 147049 9 4 80
56286 147049 10 4 80
!sus 8849 200250 0 10 104 attackers:8849;victims:200250;type:1;valid_origin:True;recurrent:True;local:False
8849 200250 1 0 104
8849 200250 2 0 104
8849 200250 3 0 104
8849 200250 4 0 104
8849 200250 5 0 104
8849 200250 6 0 104
8849 200250 7 0 104
8849 200250 8 0 104
8849 200250 9 0 104
8849 200250 10 0 104
!sus 266922 273350 2 8 25 attackers:266922;victims:273350;type:1;valid_origin:True;recurrent:True;local:False
266922 273350 1 25 0
266922 273350 2 20 5
266922 273350 3 12 13
266922 273350 4 8 17
266922 273350 5 0 25
266922 273350 6 3 22
266922 273350 7 0 25
266922 273350 8 0 25
266922 273350 9 0 25
266922 273350 10 0 25
!sus 205192 215812 5 5 3 attackers:205192;victims:215812;type:1;valid_origin:True;recurrent:True;local:False
205192 215812 1 3 0
205192 215812 2 3 0
205192 215812 3 3 0
205192 215812 4 2 1
205192 215812 5 0 3
205192 215812 6 3 0
205192 215812 7 0 3
205192 215812 8 0 3
205192 215812 9 0 3
205192 215812 10 0 3
!leg 53065 262977 10 0 1 attackers:262977;victims:265318;type:2;valid_origin:True;recurrent:False;local:False
53065 262977 1 1 0
53065 262977 2 1 0
53065 262977 3 1 0
53065 262977 4 1 0
53065 262977 5 1 0
53065 262977 6 1 0
53065 262977 7 1 0
53065 262977 8 1 0
53065 262977 9 1 0
53065 262977 10 1 0
!sus 38255 209300 0 10 5 attackers:38255;victims:209300;type:1;valid_origin:True;recurrent:True;local:False
38255 209300 1 0 5
38255 209300 2 0 5
38255 209300 3 0 5
38255 209300 4 0 5
38255 209300 5 0 5
38255 209300 6 0 5
38255 209300 7 0 5
38255 209300 8 0 5
38255 209300 9 0 5
38255 209300 10 0 5
!sus 138423 151365 5 5 280 attackers:138423;victims:151365;type:1;valid_origin:True;recurrent:True;local:False
138423 151365 1 280 0
138423 151365 2 280 0
138423 151365 3 199 81
138423 151365 4 277 3
138423 151365 5 0 280
138423 151365 6 280 0
138423 151365 7 0 280
138423 151365 8 0 280
138423 151365 9 0 280
138423 151365 10 0 280
!leg 57344 62663 10 0 2 attackers:62663;victims:29582,205085;type:2;valid_origin:True;recurrent:False;local:False
57344 62663 1 2 0
57344 62663 2 2 0
57344 62663 3 2 0
57344 62663 4 2 0
57344 62663 5 2 0
57344 62663 6 2 0
57344 62663 7 2 0
57344 62663 8 2 0
57344 62663 9 2 0
57344 62663 10 2 0
!leg 266507 267613 10 0 1 attackers:267613;victims:266507;type:1;valid_origin:True;recurrent:False;local:False
266507 267613 1 1 0
266507 267613 2 1 0
266507 267613 3 1 0
266507 267613 4 1 0
266507 267613 5 1 0
266507 267613 6 1 0
266507 267613 7 1 0
266507 267613 8 1 0
266507 267613 9 1 0
266507 267613 10 1 0
!sus 134517 152093 2 8 13 attackers:134517;victims:152093;type:1;valid_origin:True;recurrent:True;local:False
134517 152093 1 7 6
134517 152093 2 9 4
134517 152093 3 0 13
134517 152093 4 0 13
134517 152093 5 0 13
134517 152093 6 0 13
134517 152093 7 0 13
134517 152093 8 0 13
134517 152093 9 0 13
134517 152093 10 0 13
!leg 24534 151993 10 0 6 attackers:24534;victims:151993;type:1;valid_origin:True;recurrent:True;local:False
24534 151993 1 6 0
24534 151993 2 6 0
24534 151993 3 6 0
24534 151993 4 6 0
24534 151993 5 5 1
24534 151993 6 6 0
24534 151993 7 4 2
24534 151993 8 5 1
24534 151993 9 6 0
24534 151993 10 6 0
!sus 39364 49228 2 8 103 attackers:39364;victims:49228;type:1;valid_origin:True;recurrent:True;local:False
39364 49228 1 57 46
39364 49228 2 103 0
39364 49228 3 0 103
39364 49228 4 51 52
39364 49228 5 0 103
39364 49228 6 0 103
39364 49228 7 0 103
39364 49228 8 0 103
39364 49228 9 0 103
39364 49228 10 0 103
!sus 20940 61135 0 10 34 attackers:61135;victims:36183,20940,16625;type:1,2;valid_origin:True;recurrent:True;local:False
20940 61135 1 0 34
20940 61135 2 0 34
20940 61135 3 0 34
20940 61135 4 1 33
20940 61135 5 3 31
20940 61135 6 7 27
20940 61135 7 14 20
20940 61135 8 9 25
20940 61135 9 15 19
20940 61135 10 13 21
!sus 48090 215845 0 10 4 attackers:48090;victims:215845;type:1;valid_origin:True;recurrent:True;local:False
48090 215845 1 0 4
48090 215845 2 0 4
48090 215845 3 0 4
48090 215845 4 0 4
48090 215845 5 0 4
48090 215845 6 0 4
48090 215845 7 0 4
48090 215845 8 0 4
48090 215845 9 0 4
48090 215845 10 0 4
!sus 41051 215980 7 3 63 attackers:41051;victims:215980;type:1;valid_origin:True;recurrent:True;local:False
41051 215980 1 0 63
41051 215980 2 0 63
41051 215980 3 4 59
41051 215980 4 39 24
41051 215980 5 46 17
41051 215980 6 45 18
41051 215980 7 42 21
41051 215980 8 60 3
41051 215980 9 59 4
41051 215980 10 39 24
!sus 211826 262361 0 10 62 attackers:262361;victims:211826;type:1;valid_origin:True;recurrent:True;local:False
211826 262361 1 0 62
211826 262361 2 0 62
211826 262361 3 0 62
211826 262361 4 0 62
211826 262361 5 0 62
211826 262361 6 0 62
211826 262361 7 0 62
211826 262361 8 0 62
211826 262361 9 0 62
211826 262361 10 0 62
!sus 36902 37343 0 10 1 attackers:37343;victims:36902;type:1;valid_origin:True;recurrent:True;local:False
36902 37343 1 0 1
36902 37343 2 0 1
36902 37343 3 0 1
36902 37343 4 0 1
36902 37343 5 0 1
36902 37343 6 0 1
36902 37343 7 0 1
36902 37343 8 0 1
36902 37343 9 0 1
36902 37343 10 0 1
!leg 216155 216308 10 0 1 attackers:216155;victims:216308;type:1;valid_origin:True;recurrent:False;local:False
216155 216308 1 1 0
216155 216308 2 1 0
216155 216308 3 1 0
216155 216308 4 1 0
216155 216308 5 1 0
216155 216308 6 1 0
216155 216308 7 1 0
216155 216308 8 1 0
216155 216308 9 1 0
216155 216308 10 1 0
!sus 208680 209533 7 3 3 attackers:209533;victims:208680;type:1;valid_origin:True;recurrent:True;local:False
208680 209533 1 0 3
208680 209533 2 0 3
208680 209533 3 2 1
208680 209533 4 1 2
208680 209533 5 3 0
208680 209533 6 3 0
208680 209533 7 3 0
208680 209533 8 3 0
208680 209533 9 3 0
208680 209533 10 3 0
!sus 29119 62663 8 2 2 attackers:62663;victims:201446,209031;type:2;valid_origin:True;recurrent:False;local:False
29119 62663 1 0 2
29119 62663 2 0 2
29119 62663 3 2 0
29119 62663 4 2 0
29119 62663 5 2 0
29119 62663 6 2 0
29119 62663 7 2 0
29119 62663 8 2 0
29119 62663 9 2 0
29119 62663 10 2 0
