!leg 6939 11340 10 0 1 attackers:6939;victims:11340;type:1;valid_origin:True;recurrent:False;local:True
6939 11340 1 1 0
6939 11340 2 1 0
6939 11340 3 1 0
6939 11340 4 1 0
6939 11340 5 1 0
6939 11340 6 1 0
6939 11340 7 1 0
6939 11340 8 1 0
6939 11340 9 1 0
6939 11340 10 1 0
!sus 41051 216190 3 7 58 attackers:41051;victims:216190;type:1;valid_origin:True;recurrent:True;local:False
41051 216190 1 0 58
41051 216190 2 0 58
41051 216190 3 0 58
41051 216190 4 1 57
41051 216190 5 22 36
41051 216190 6 35 23
41051 216190 7 14 44
41051 216190 8 33 25
41051 216190 9 14 44
41051 216190 10 55 3
!sus 60841 270014 0 10 31 attackers:60841;victims:270014;type:1;valid_origin:True;recurrent:True;local:False
60841 270014 1 0 31
60841 270014 2 1 30
60841 270014 3 0 31
60841 270014 4 3 28
60841 270014 5 0 31
60841 270014 6 8 23
60841 270014 7 12 19
60841 270014 8 9 22
60841 270014 9 3 28
60841 270014 10 6 25
!leg 53236 270674 10 0 8 attackers:270674;victims:263584;type:2;valid_origin:True;recurrent:False;local:False
53236 270674 1 8 0
53236 270674 2 8 0
53236 270674 3 8 0
53236 270674 4 8 0
53236 270674 5 8 0
53236 270674 6 8 0
53236 270674 7 8 0
53236 270674 8 8 0
53236 270674 9 8 0
53236 270674 10 8 0
!leg 23961 138545 10 0 6 attackers:23961;victims:138545;type:1;valid_origin:True;recurrent:False;local:False
23961 138545 1 6 0
23961 138545 2 6 0
23961 138545 3 6 0
23961 138545 4 6 0
23961 138545 5 6 0
23961 138545 6 6 0
23961 138545 7 6 0
23961 138545 8 6 0
23961 138545 9 6 0
23961 138545 10 6 0
!sus 34987 44714 0 10 3 attackers:44714;victims:34987;type:1;valid_origin:True;recurrent:True;local:False
34987 44714 1 0 3
34987 44714 2 0 3
34987 44714 3 0 3
34987 44714 4 0 3
34987 44714 5 0 3
34987 44714 6 0 3
34987 44714 7 0 3
34987 44714 8 0 3
34987 44714 9 0 3
34987 44714 10 0 3
!leg 4657 211713 10 0 1 attackers:4657;victims:211713;type:1;valid_origin:True;recurrent:False;local:False
4657 211713 1 1 0
4657 211713 2 1 0
4657 211713 3 1 0
4657 211713 4 1 0
4657 211713 5 1 0
4657 211713 6 1 0
4657 211713 7 1 0
4657 211713 8 1 0
4657 211713 9 1 0
4657 211713 10 1 0
!leg 198310 206810 10 0 16 attackers:198310;victims:39726,59815,25299,198640;type:2,3;valid_origin:True;recurrent:False;local:False
198310 206810 1 16 0
198310 206810 2 16 0
198310 206810 3 16 0
198310 206810 4 16 0
198310 206810 5 16 0
198310 206810 6 16 0
198310 206810 7 16 0
198310 206810 8 16 0
198310 206810 9 16 0
198310 206810 10 16 0
!sus 12654 31742 7 3 5 attackers:31742;victims:12654;type:1;valid_origin:True;recurrent:True;local:False
12654 31742 1 0 5
12654 31742 2 2 3
12654 31742 3 2 3
12654 31742 4 3 2
12654 31742 5 3 2
12654 31742 6 4 1
12654 31742 7 4 1
12654 31742 8 5 0
12654 31742 9 5 0
12654 31742 10 5 0
!sus 210233 216157 8 2 6 attackers:210233;victims:216157;type:1;valid_origin:True;recurrent:True;local:False
210233 216157 1 0 6
210233 216157 2 2 4
210233 216157 3 6 0
210233 216157 4 6 0
210233 216157 5 6 0
210233 216157 6 6 0
210233 216157 7 6 0
210233 216157 8 6 0
210233 216157 9 6 0
210233 216157 10 6 0
!sus 2027 57797 4 6 6 attackers:2027;victims:57797;type:1;valid_origin:True;recurrent:True;local:False
2027 57797 1 0 6
2027 57797 2 1 5
2027 57797 3 1 5
2027 57797 4 2 4
2027 57797 5 3 3
2027 57797 6 2 4
2027 57797 7 4 2
2027 57797 8 6 0
2027 57797 9 6 0
2027 57797 10 5 1
!sus 35819 136907 0 10 4 attackers:35819;victims:136907;type:1;valid_origin:True;recurrent:True;local:False
35819 136907 1 0 4
35819 136907 2 0 4
35819 136907 3 0 4
35819 136907 4 0 4
35819 136907 5 1 3
35819 136907 6 1 3
35819 136907 7 1 3
35819 136907 8 1 3
35819 136907 9 2 2
35819 136907 10 2 2
!sus 3356 210203 0 10 1 attackers:210203;victims:24429;type:3;valid_origin:True;recurrent:False;local:False
3356 210203 1 0 1
3356 210203 2 0 1
3356 210203 3 0 1
3356 210203 4 0 1
3356 210203 5 0 1
3356 210203 6 0 1
3356 210203 7 0 1
3356 210203 8 0 1
3356 210203 9 0 1
3356 210203 10 0 1
!sus 62309 209533 9 1 18 attackers:209533;victims:62309;type:1;valid_origin:True;recurrent:True;local:False
62309 209533 1 1 17
62309 209533 2 15 3
62309 209533 3 16 2
62309 209533 4 17 1
62309 209533 5 17 1
62309 209533 6 17 1
62309 209533 7 18 0
62309 209533 8 18 0
62309 209533 9 18 0
62309 209533 10 18 0
!sus 6713 36956 8 2 1 attackers:6713;victims:329280;type:2;valid_origin:True;recurrent:True;local:False
6713 36956 1 1 0
6713 36956 2 1 0
6713 36956 3 1 0
6713 36956 4 1 0
6713 36956 5 1 0
6713 36956 6 1 0
6713 36956 7 0 1
6713 36956 8 0 1
6713 36956 9 1 0
6713 36956 10 1 0
!sus 917 57578 0 10 1 attackers:917;victims:57578;type:1;valid_origin:True;recurrent:True;local:False
917 57578 1 0 1
917 57578 2 0 1
917 57578 3 0 1
917 57578 4 0 1
917 57578 5 0 1
917 57578 6 0 1
917 57578 7 0 1
917 57578 8 0 1
917 57578 9 0 1
917 57578 10 0 1
!sus 17686 396998 8 2 8 attackers:17686;victims:16686,51396,202673,48011,33211,61977,203394,36231;type:2,3;valid_origin:True;recurrent:False;local:False
17686 396998 1 1 7
17686 396998 2 1 7
17686 396998 3 8 0
17686 396998 4 8 0
17686 396998 5 8 0
17686 396998 6 8 0
17686 396998 7 8 0
17686 396998 8 8 0
17686 396998 9 8 0
17686 396998 10 8 0
!sus 17686 63399 9 1 1 attackers:17686;victims:63399;type:1;valid_origin:True;recurrent:False;local:False
17686 63399 1 0 1
17686 63399 2 1 0
17686 63399 3 1 0
17686 63399 4 1 0
17686 63399 5 1 0
17686 63399 6 1 0
17686 63399 7 1 0
17686 63399 8 1 0
17686 63399 9 1 0
17686 63399 10 1 0
!sus 59105 209306 2 8 12023 attackers:59105,209306;victims:202256,262414,263335,17488,264780,28604,271508,14037,262769,211448,273103,59103,150245,272218,267953,43127,264712,23470,262465,47536,203214,134868,199073,329101,61659,138754,37075,271496,271316,271669,272051,8562,269844,138958,266345,209306,203868,141288,267490,150184,30633,43059,211501,11775,60781,278,265256,213151,62178,262725,60197,210074,15081,271838,262663,27814,32278,43766,62068,15823,20473,9431,271481,133524,198149,265150,7847,25098,270888,9103,265019,39572,27064,273817,265858,264954,271040,104,270141,202087,212535,262977,61700,14210,271131,213386,133970,139735,269060,212762,64425,270609,148971,205010,3245,41495,263116,150627,202365,54826,7720,53047,209735,30873,48011,200325,139493,45773,203323,268858,267330,142280,268209,5517,36040,17931,12222,272464,268878,264483,269980,62563,101,263440,60223,210842,216428,268733,267629,207451,138142,61724,139064,263349,52777,270088,52612,20743,61706,33652,269931,134844,147117,20115,265315,268976,270500,212539,212165,50902,267797,270947,151188,204382,271567,265702,150334,11172,202222,134906,267203,212025,53766,34465,63980,268464,45609,24558,3360,37125,206026,203521,148001,35540,8151,131775,269782,212812,28788,19332,149825,272167,60326,271877,133398,8697,10343,266383,11340,27738,264407,271101,151826,268657,207149,61697,32723,197691,64131,210561,30674,131219,60092,208850,272013,396986,50999,399852,4906,201196,52382,134640,150142,60384,273709,208449,11492,2549,61806,14153,270757,264367,270014,58251,207421,270595,53160,44017,51964,61112,61582,3573,205121,55569,27986,271154,16276,49037,24309,148992,41983,212123,211380,54625,272193,55429,135253,62371,210645,207550,146966,266226,210960,8530,210826,216157,134861,51396,139553,3754,139367,266320,268500,203915,141070,132203,34800,199918,202771,131990,216299,269918,266163,61727,151332,58893,265608,263906,205032,264899,13213,47862,267942,204374,205432,271612,133384,267287,209395,19330,208813,51847,269159,136907,270849,7610,267102,135330,271309,21145,211946,49673,197841,61609,29596,9042,58052,199974,24173,205531,270051,262909,262687,63795,207713,4613,269608,135718,273439,200552,270160,262742,272137,267074,15116,52626,267641,209294,268865,150385,264972,138322,3491,264301,269024,139328,61869,270810,53196,269488,45528,33489,140443,264526,207936,199483,141013,138973,266096,45669,268715,131929,19218,271486,271350,212271,55680,268246,140878,272695,264260,28329,9929,45245,262212,23627,139516,52025,263264,138258,133670,269367,207445,53238,200313,140671,38628,14080,17648,25429,211891,37591,197609,202573,263395,33491,132785,270305,11664,135983,213267,199614,11263,32751,133225,150460,141607,206981,271903,207029,2153,268632,132806,265400,45320,265451,45916,215754,270682,11317,61102,265364,200160,269146,265540,273770,264923,262376,149001,396176,268206,198923,16509,136717,3303,272418,139693,262589,267015,210461,211635,151095,30514,52935,15557,267348,269115,207841,43607,206804,15405,136342,23679,199203,400917,140944,48053,201029,23674,211242,987,15562,269569,21859,12041,208421,262684,215823,268175,139341,39798,62240,263702,36719,37284,208994,61912,208333,273341,137,197469,209588,199680,263494,45294,396356,138786,30689,12824,273114,60858,263292,63930,26611,28536,135847,200303,4690,215877,16158,134922,40509,16839,35701,203020,209428,265594,55441,263683,18428,262669,216254,24435,40138,262916,269007,266620,270613,50057,262420,35559,12511,52564,196983,52554,211998,272428,269956,264525,135421,52341,205080,42473,267242,11990,269797,50763,33661,272916,52916,268138,208434,268644,212888,203206,57626,268869,63800,265385,395747,272518,272716,269577,262960,30919,216176,273768,174,149199,199605,264432,138926,149251,8501,14041,264939,36944,2553,265036,198734,8781,272221,399976,212532,13178,26848,210918,42707,16925,28398,59943,49195,63139,198924,272701,398549,55824,266536,58744,134049,135216,266207,8376,197464,272431,272769,137611,215650,4229,9676,212483,133612,55045,137127,50599,12654,264421,27398,23487,139558,269200,9558,45815,7672,328964,263539,22388,48519,270963,215972,43832,199679,51540,264598,134006,8075,147131,264237,272875,272827,210563,7497,43304,200078,58123,268708,212268,270296,271898,48752,138800,140399,16686,36295,10029,270490,29478,396317,202886,133904,28657,134863,264773,263546,398993,137207,273663,272946,54115,969,24183,200083,200993,31056,203314,141862,150296,51178,266351,212359,1251,61689,57308,42427,216052,203538,49544,264137,6356,10753,55745,204660,150603,32031,198025,53039,212121,133660,272081,204740,265896,42086,273625,9988,207401,139317,53205,267447,266331,216373,57782,273645,150166,132165,12025,28135,6838,151419,3527,399334,268252,263608,49133,271399,207849,151674,263800,22860,149995,266089,199762,271390,24389,206058,49596,262273,267765,267425,273362,210951,17483,138919,61493,399049,400283,48611,268308,28434,209574,200217,45899,24,141225,267175,138243,58260,27142,9835,271363,28404,210258,262411,202197,15532,26380,270870,269233,265700,47481,200936,14,202881,200342,59912,54561,132768,267965,272783,31857,134655,270282,47597,40676,265379,212934,199739,207941,271633,262928,50104,199682,141346,271701,25996,399033,52545,28642,138873,264750,53848,45193,149214,11139,202288,207341,54994,59194,28369,209484,147016,140637,264162,136682,207372,200203,197993,212196,51044,15418,135043,28678,19406,139518,211944,265894,46650,8970,4773,21928,9583,270759,272950,136384,149746,206988,398325,270969,272909,216145,211275,34600,57681,148000,133481,265695,209389,267295,272129,151354,265267,208584,265134,23764,142288,18225,263390,714,139898,263879,209527,210691,270171,149277,268331,38565,11721,32798,199072,18747,27750,267634,209652,142271,267665,135239,13182,266327,22773,22966,50543,200221,140115,264281,328358,267493,268618,52362,4826,393562,273313,199025,213316,30844,262818,272032,34261,142364,19429,136306,266374,272881,215978,37932,61573,271051,134739,61714,55320,62424,272027,271265,134113,265308,215828,397955,12637,262480,269194,198831,20278,212164,207300,199514,22356,147293,211935,48390,201365,683,54858,212104,2613,14299,3596,268262,3838,271933,40706,137681,395748,270707,26006,209300,328808,142600,215615,265017,266013,269072,273432,142642,23140,53070,36231,131949,207583,216391,141778,32098,265011,2496,53507,6147,264635,212238,208840,38600,149335,141193,267501,141265,267057,200242,266428,267409,197820,268883,151735,61138,23693,267544,267077,262543,37495,213162,263289,17072,49941,210729,13576,263860,132556,216056,9304,7713,210715,63515,49453,25645,212789,21957,265780,203732,262401,10109,152162,273588,13489,269273,44477,267418,139759,270758,61756,268695,264898,20080,134489,202416,269714,265052,138737,208699,272548,9498,203394,149241,268621,33662,55410,28075,132751,149035,4775,264204,199344,264894,61327,58202,213297,267509,140731,61948,149223,63399,141214,272336,59191,141126,5416,13687,204939,3326,33770,197992,35614,15344,141262,268106,52580,264118,139216,215605,28435,150000,271273,137130,3598,272112,8193,267012,14325,197634,26610,38538,203169,150968,138915,38345,269255,37680,3356,150063,61776,53019,205771,136948,200435,24206,133168,38294,59115,206480,264169,61726,38215,211358,271203,51235,198825,7628,45727,55674,150501,267575,4927,327767,136796,15552,5722,267030,18460,20141,59813,136629,273380,271988,265855,62644,272883,15133,50597,265656,21664,150404,137967,39753,61577,202239,31898,60059,142451,265169,213381,268153,216425,215887,45271,263584,8888,7296,271383,265965,17378,266177,264369,216216,267481,328813,263137,270138,25198,212977,61826,13448,263920,271835,62149,200455,51087,25048,272015,8278,55814,273085,22767,268456,263812,211233,268089,141529,147269,139398,197860,38635,13768,203636,212170,272457,151194,150003,51559,51254,211522,266541,263237,6568,270924,32934,270374,137455,38230,26889,47885,47805,268304,273077,4780,5669,61915,10429,715,272604,265905,2152,268765,267933,205740,23930,52925,203321,273413,197807,209408,206706,30337,48268,199925,14793,138631,398565,4739,970,270728,198453,270205,61006,134326,10578,210090,327871,149660,264872,142594,140110,272991,205441,263293,208755,213262,23951,1767,137721,200536,2527,138362,273691,202673,9419,45677,208242,216360,264266,265662,27901,10076,62651,10620,55303,45027,204572,270975,47496,41095,14618,48732,6871,266289,264997,208460,26904,39686,132148,262574,263765,271978,396310,215786,263400,28654,24203,28532,267093,63490,212270,52979,199689,140050,271579,273094,267790,58698,265596,132566,264789,264708,51273,208893,21506,273020,267614,204307,14840,26462,149586,393401,266443,262813,44324,24515,57439,22011,137594,262186,199613,896,266197,273716,149697,137125,202400,36236,134450,211414,15224,151108,215820,136070,135861,216393,273810,150309,268935,3714,212178,136787,212519,267603,263456,269021,139539,24597,273734,262197,209453,53201,23328,264436,206147,272730,272206,24641,203199,203438,264005,200882,135416,34681,271720,202361,38154,38742,263873,201242,7046,9009,270217,46042,11635,54201,267463,146974,27895,56264,17621,38136,151403,61832,150434,135217,273801,397423,395403,24158,273075,21578,265698,272696,270270,199384,212024,9790,400672,210429,265575,134943,142627,62246,199484,134005,267638,267438,268814,33650,132893,267420,53166,42298,262428,142535,270443,266636,271601,22129,270991,64465,208029,199681,60799,48231,12776,139742,1842,138864,273414,197866,216311,262624,211604,269437,132116,6124,211513,53009,215580,212037,210384,49532,2571,28163,199668,3214,271817,136416,26809,134715,53005,203448,59625,328913,198057,266694,200485,271737,149568,269270,205544,23966,58485,51939,199519,2018,61668,28186,267270,270901,265787,31059,135177,264879,140504,58487,199580,28638,2500,33438,267163,52510,262775,266317,204844,271175,1657,264449,269570,25468,263919,268145,268681,198231,270785,17436,53048,263917,200226,206468,59538,271145,148975,197071,64476,136994,271150,266401,45192,21433,196948,135269,131970,61758,269862,270804,211907,398795,52318,264297,132717,142298,133429,263167,211571,31287,267601,199018,212294,138260,23780,263008,267159,268149,209554,149531,50609,138684,19503,271891,23243,216447,200201,264119,64139,266158,203015,211509,133652,141300,268349,58659,215665,131445,199254,141709,266544,48606,135325,133989,395226,54235,268626,200545,269396,268633,271591,64134,138225,198889,151785,266514,137554,267669,272219,136395,48038,13283,267339,141309,271014,20161,6145,149749,199707,56465,265493,211308,211090,22724,269641,137331,51375,58007,8987,263981,37717,25152,19180,136229,61503,264111,273008,52573,17451,216190,199270,211759,23473,48408,141642,268375,52928,212245,268085,5411,12189,14589,203577,262895,9875,52760,53143,22909,55384,395460,266573,212085,141815,133234,262734,268471,37018,264983,61266,263129,272257,49248,2915,203136,36914,33174,23860,269735,203686,12423,270552,199626,272782,135076,2640,272761,16920,44423,131471,23688,216242,136258,5761,133832,136530,8256,59127,46920,269447,211713,216402,10261,50868,265346,328326,211722,139351,400644,57324,17324,271016,216462,269557,36351,48874,211301,272504,198651,24186,273436,17098,49601,19966,11537,61977,151837,51975,24835,139839,41843,28006,133971,262424,57934,141078,8300,138435,263426,44331,52468,20326,271391,20965,198515,22908,36974,52965,62925,204318,34848,142470,63538,272541,272054,28027,131204,272819,150359,263801,271015,272339,61042,272601,272889,9829,265684,150625,57025,198448,399486,265395,266477,62309,33211,6694,136302,205021,15798,45189,52659,210118,61696,212034,269292,24023,208753,26383,33999,27797,273379,273138,134756,53072,150966,271510,269266,151093,265913,137166,149693,263102,273397,54133,208476,7552,17465,33436,268372,135228,55228,201348,264108,38266,59474,211685,52257,63911,152118,58339,200890,263639,269130,207359,263668,272707,212774,47583,215734,265272,33185,272697,64300,58470,137425,210564,2906,27651,267233,216126,263410,150040,207314,33651,31960,11830,1887,268845,42385,30983,33287,21889,10032,209619,137889,45804,8561,202427,150025,140189,263651,31163,208548,44406,269631,268864,197622,17665,201754,150483,134351,269031,269475,53094,273603,270222,61655,135212,213327,199266,264459,262526,16921,395831,206466,273396,13780,131642,397219,138782,264239,141275,216418,28458,215743,49,131161,137955,269141,18051,200270,20,36937,205049,268257,269336,217,272619,53222,273631,268732,264603,131283,206873,54197,211437,27665,152036,3582,135814,46689,9269,399686,267508,141532,4718,54113,266844,55,212468,262773,10030,215829,132559,215809,198408,268297,13999,263047,267610,57406,21903,263435,139057,267334,50455,272616,271900,268702,267157,36183,270618,136874,45498,61773,21271,135226,266934,19551,262473,263725,30103,270934,151669,268843,264464,265324,395092,273408,139903,57138,38719,28447,200879,268469,57695,132978,141052,272322,1239,270120,17390,137118,46766,216343,272735,150493,46515,12479,213244,4717,32590,137661,210644,273799,270574,268182,2515,42081,33703,205848,137259,141087,33189,272812,28531,268584,139888,216427,61637,203737,60068,42394,136290,263270,272814,149007,147183,27385,42962,269388,271942,134518,397312,142369,137083,270586,215751,398962,24560,53356,26934,272146,272297,270358,270713,269655,399724,17911,271068,50069,7633,136715,204527,271080,272767,199676,64302,142053,10750,4190,133037,43099,203145,7480,1050,204916,198480,3685,139983,203898,58057,205096,263356,133923,139686,267218,4766,266755,268330,63293,133193,58715,263327,141710,205329,272021,136861,262595,265163,273728,137297,58898,272157,213,216026,17705,135181,142113,205976,149033,264647,270851,15830,136975,272822,13335,54044,267963,133933,6877,35889,984,38177,63927,267761,149816,45117,198980,200250,270429,13722,134371,272097,212027,63949,215729,198682,21182,202360,266830,271927,268357,146884,207252,205214,273339,269668,135761,203023,135478,267293,268446,141937,213106,8551,6736,395973,271078,271491,50476,270826,263793,400586,62321,132323,52122,327687,27580,203226,271967,9411,263252,24289,272613,11096,271705,267713,3816,209025,30969,57848,264233,7719,207278,2611,142289,131247,132652,266061,37708,28573,28225,264272,203547,8267,263579,267579,205789,266362,14445,7287,200954,147282,50007,27875,262213,269139,12324,20712,269231,269683,23736,64150,395688,61468,63473,272569,28418,272882,34984,205980,267433,206740,8070,215849,200210,47688,55944,216212,141676,216266,64492,7725,9595,201173,273049,200750,197058,140403,149248,271082,264275,212217,269217,43519,52556,131923,63781,268667,213100,141058,212623,13008,14987,150156,269119,142551,4557,211444,394752,57961,397511,61437,396919,269543,28548,133001,398704,27747,267829,198100,24489,212065,16905,212299,137041,43357,271622,6233,16793,215907,26615,21570,199524,265157,262485,272004,271947,51110,209208,29357,18207,133658,272823,48948,272618,398898,132753,400402,269822,215738,213253,53620,63770,395363,149004,48002,264344,203069,270414,50580,61302,146972,213154,917,266649,208175,394756,136054,207071,268831,269553,63199,8068,24075,28126,263611,216412,53667,30736,216043,262626,4787,272800,212746,273106,53135,58521,216113,48581,271968,31133,262979,268716,265397,149385,270766,140223,209385,23520,265483,59189,272789,204508,265485,21100,133616,216295,18127,134562,23347,216072,270946,134461,264724,270111,273746,61778,271279,264078,142618,26561,267332,60571,270385,147124,30036,270968,60362,207979,701,206813,20539,44446,265330,51439,271773,271689,263283,14860,63920,139849,2495,63916,27947,327764,200237,271729,60142,24490,17501,200690,268690,134021,208223,52878,271588,13124,263853,271457,399077,20940,212175,52772,265356,50187,210623,53139;type:1,2,3,4,5,6,7,8,9,10,11,12,13,14;valid_origin:False;recurrent:True;local:False
59105 209306 1 1032 10991
59105 209306 2 1764 10259
59105 209306 3 2847 9176
59105 209306 4 4428 7595
59105 209306 5 5274 6749
59105 209306 6 3466 8557
59105 209306 7 4325 7698
59105 209306 8 5601 6422
59105 209306 9 7274 4749
59105 209306 10 6027 5996
!sus 52468 394684 0 10 4 attackers:394684;victims:52468;type:1;valid_origin:True;recurrent:True;local:False
52468 394684 1 0 4
52468 394684 2 0 4
52468 394684 3 0 4
52468 394684 4 0 4
52468 394684 5 0 4
52468 394684 6 0 4
52468 394684 7 0 4
52468 394684 8 0 4
52468 394684 9 0 4
52468 394684 10 0 4
!sus 51019 209806 7 3 6 attackers:51019;victims:209806;type:1;valid_origin:True;recurrent:True;local:False
51019 209806 1 0 6
51019 209806 2 0 6
51019 209806 3 0 6
51019 209806 4 6 0
51019 209806 5 6 0
51019 209806 6 6 0
51019 209806 7 6 0
51019 209806 8 6 0
51019 209806 9 6 0
51019 209806 10 6 0
!sus 212271 212477 2 8 283 attackers:212477;victims:216164,212271;type:1,2;valid_origin:True;recurrent:True;local:False
212271 212477 1 0 283
212271 212477 2 0 283
212271 212477 3 2 281
212271 212477 4 0 283
212271 212477 5 29 254
212271 212477 6 91 192
212271 212477 7 50 233
212271 212477 8 71 212
212271 212477 9 231 52
212271 212477 10 252 31
!sus 199414 200202 0 10 2 attackers:199414;victims:200202;type:1;valid_origin:True;recurrent:True;local:False
199414 200202 1 0 2
199414 200202 2 0 2
199414 200202 3 0 2
199414 200202 4 0 2
199414 200202 5 0 2
199414 200202 6 0 2
199414 200202 7 0 2
199414 200202 8 0 2
199414 200202 9 0 2
199414 200202 10 0 2
!leg 30919 35625 10 0 1 attackers:35625;victims:30919;type:1;valid_origin:True;recurrent:False;local:False
30919 35625 1 1 0
30919 35625 2 1 0
30919 35625 3 1 0
30919 35625 4 1 0
30919 35625 5 1 0
30919 35625 6 1 0
30919 35625 7 1 0
30919 35625 8 1 0
30919 35625 9 1 0
30919 35625 10 1 0
!leg 201684 204170 10 0 7 attackers:204170;victims:201684;type:1;valid_origin:True;recurrent:True;local:False
201684 204170 1 4 3
201684 204170 2 5 2
201684 204170 3 6 1
201684 204170 4 7 0
201684 204170 5 6 1
201684 204170 6 7 0
201684 204170 7 7 0
201684 204170 8 7 0
201684 204170 9 7 0
201684 204170 10 7 0
!sus 61849 271071 7 3 2 attackers:271071;victims:61849;type:1;valid_origin:True;recurrent:True;local:False
61849 271071 1 2 0
61849 271071 2 2 0
61849 271071 3 2 0
61849 271071 4 2 0
61849 271071 5 2 0
61849 271071 6 0 2
61849 271071 7 0 2
61849 271071 8 0 2
61849 271071 9 2 0
61849 271071 10 2 0
!sus 147049 211192 1 9 10 attackers:147049;victims:211192;type:1;valid_origin:True;recurrent:True;local:False
147049 211192 1 0 10
147049 211192 2 0 10
147049 211192 3 0 10
147049 211192 4 0 10
147049 211192 5 0 10
147049 211192 6 0 10
147049 211192 7 0 10
147049 211192 8 0 10
147049 211192 9 0 10
147049 211192 10 9 1
!sus 7018 32673 7 3 1 attackers:7018;victims:32673;type:1;valid_origin:True;recurrent:True;local:False
7018 32673 1 1 0
7018 32673 2 1 0
7018 32673 3 1 0
7018 32673 4 1 0
7018 32673 5 1 0
7018 32673 6 0 1
7018 32673 7 0 1
7018 32673 8 0 1
7018 32673 9 1 0
7018 32673 10 1 0
!sus 148973 397165 0 10 5 attackers:397165;victims:148973;type:1;valid_origin:True;recurrent:True;local:False
148973 397165 1 0 5
148973 397165 2 0 5
148973 397165 3 0 5
148973 397165 4 0 5
148973 397165 5 0 5
148973 397165 6 0 5
148973 397165 7 0 5
148973 397165 8 0 5
148973 397165 9 0 5
148973 397165 10 0 5
!sus 50023 200020 7 3 1 attackers:200020;victims:50023;type:1;valid_origin:True;recurrent:True;local:False
50023 200020 1 0 1
50023 200020 2 0 1
50023 200020 3 0 1
50023 200020 4 1 0
50023 200020 5 1 0
50023 200020 6 1 0
50023 200020 7 1 0
50023 200020 8 1 0
50023 200020 9 1 0
50023 200020 10 1 0
!sus 44446 60858 0 10 194 attackers:60858;victims:44446;type:1;valid_origin:True;recurrent:True;local:False
44446 60858 1 0 194
44446 60858 2 0 194
44446 60858 3 0 194
44446 60858 4 0 194
44446 60858 5 0 194
44446 60858 6 0 194
44446 60858 7 0 194
44446 60858 8 0 194
44446 60858 9 0 194
44446 60858 10 0 194
!sus 209533 210826 1 9 417 attackers:209533;victims:210826;type:1;valid_origin:True;recurrent:True;local:False
209533 210826 1 156 261
209533 210826 2 25 392
209533 210826 3 72 345
209533 210826 4 1 416
209533 210826 5 135 282
209533 210826 6 31 386
209533 210826 7 0 417
209533 210826 8 0 417
209533 210826 9 222 195
209533 210826 10 82 335
!sus 140227 216038 8 2 2 attackers:140227;victims:216038;type:1;valid_origin:True;recurrent:True;local:False
140227 216038 1 0 2
140227 216038 2 1 1
140227 216038 3 2 0
140227 216038 4 2 0
140227 216038 5 2 0
140227 216038 6 2 0
140227 216038 7 2 0
140227 216038 8 2 0
140227 216038 9 2 0
140227 216038 10 2 0
!sus 4230 264409 0 10 1 attackers:264409;victims:262663;type:7;valid_origin:True;recurrent:True;local:False
4230 264409 1 0 1
4230 264409 2 0 1
4230 264409 3 0 1
4230 264409 4 0 1
4230 264409 5 0 1
4230 264409 6 0 1
4230 264409 7 0 1
4230 264409 8 0 1
4230 264409 9 0 1
4230 264409 10 0 1
!leg 3326 50509 10 0 5 attackers:50509;victims:50130,208139;type:2;valid_origin:True;recurrent:False;local:False
3326 50509 1 5 0
3326 50509 2 5 0
3326 50509 3 5 0
3326 50509 4 5 0
3326 50509 5 5 0
3326 50509 6 5 0
3326 50509 7 5 0
3326 50509 8 5 0
3326 50509 9 5 0
3326 50509 10 5 0
!leg 15412 198554 10 0 2 attackers:15412,198554;victims:198554,133144;type:1,5;valid_origin:True;recurrent:False;local:False
15412 198554 1 2 0
15412 198554 2 2 0
15412 198554 3 2 0
15412 198554 4 2 0
15412 198554 5 2 0
15412 198554 6 2 0
15412 198554 7 2 0
15412 198554 8 2 0
15412 198554 9 2 0
15412 198554 10 2 0
!leg 35625 205010 10 0 2 attackers:35625;victims:205010;type:1;valid_origin:True;recurrent:False;local:False
35625 205010 1 2 0
35625 205010 2 2 0
35625 205010 3 2 0
35625 205010 4 2 0
35625 205010 5 2 0
35625 205010 6 2 0
35625 205010 7 2 0
35625 205010 8 2 0
35625 205010 9 2 0
35625 205010 10 2 0
!sus 270200 272314 1 9 42 attackers:270200;victims:272314;type:1;valid_origin:True;recurrent:True;local:False
270200 272314 1 20 22
270200 272314 2 0 42
270200 272314 3 0 42
270200 272314 4 0 42
270200 272314 5 38 4
270200 272314 6 0 42
270200 272314 7 0 42
270200 272314 8 0 42
270200 272314 9 0 42
270200 272314 10 0 42
!sus 9269 9370 7 3 1 attackers:9370;victims:9269;type:1;valid_origin:True;recurrent:False;local:False
9269 9370 1 0 1
9269 9370 2 0 1
9269 9370 3 0 1
9269 9370 4 1 0
9269 9370 5 1 0
9269 9370 6 1 0
9269 9370 7 1 0
9269 9370 8 1 0
9269 9370 9 1 0
9269 9370 10 1 0
!sus 37100 329289 9 1 6 attackers:37100;victims:329289;type:1;valid_origin:True;recurrent:True;local:False
37100 329289 1 1 5
37100 329289 2 5 1
37100 329289 3 5 1
37100 329289 4 5 1
37100 329289 5 5 1
37100 329289 6 5 1
37100 329289 7 5 1
37100 329289 8 6 0
37100 329289 9 5 1
37100 329289 10 6 0
!sus 12360 200020 8 2 166 attackers:200020;victims:12360;type:1;valid_origin:True;recurrent:True;local:False
12360 200020 1 47 119
12360 200020 2 77 89
12360 200020 3 103 63
12360 200020 4 161 5
12360 200020 5 160 6
12360 200020 6 161 5
12360 200020 7 161 5
12360 200020 8 161 5
12360 200020 9 165 1
12360 200020 10 166 0
!sus 15830 152095 0 10 4 attackers:15830;victims:152095;type:1;valid_origin:True;recurrent:True;local:False
15830 152095 1 0 4
15830 152095 2 1 3
15830 152095 3 0 4
15830 152095 4 0 4
15830 152095 5 0 4
15830 152095 6 0 4
15830 152095 7 0 4
15830 152095 8 0 4
15830 152095 9 0 4
15830 152095 10 0 4
!sus 202425 215766 0 10 2 attackers:202425;victims:215766;type:1;valid_origin:True;recurrent:True;local:False
202425 215766 1 0 2
202425 215766 2 0 2
202425 215766 3 0 2
202425 215766 4 0 2
202425 215766 5 0 2
202425 215766 6 0 2
202425 215766 7 0 2
202425 215766 8 0 2
202425 215766 9 0 2
202425 215766 10 0 2
!leg 52444 53184 10 0 1 attackers:53184;victims:263800;type:2;valid_origin:True;recurrent:False;local:False
52444 53184 1 1 0
52444 53184 2 1 0
52444 53184 3 1 0
52444 53184 4 1 0
52444 53184 5 1 0
52444 53184 6 1 0
52444 53184 7 1 0
52444 53184 8 1 0
52444 53184 9 1 0
52444 53184 10 1 0
!sus 41051 215650 9 1 47 attackers:41051;victims:215650;type:1;valid_origin:True;recurrent:True;local:False
41051 215650 1 11 36
41051 215650 2 46 1
41051 215650 3 47 0
41051 215650 4 47 0
41051 215650 5 47 0
41051 215650 6 47 0
41051 215650 7 47 0
41051 215650 8 47 0
41051 215650 9 47 0
41051 215650 10 47 0
!sus 41051 207849 9 1 35 attackers:41051;victims:207849;type:1;valid_origin:True;recurrent:True;local:False
41051 207849 1 1 34
41051 207849 2 28 7
41051 207849 3 26 9
41051 207849 4 35 0
41051 207849 5 35 0
41051 207849 6 35 0
41051 207849 7 35 0
41051 207849 8 35 0
41051 207849 9 35 0
41051 207849 10 35 0
!leg 17686 146972 10 0 1 attackers:17686;victims:146972;type:1;valid_origin:True;recurrent:False;local:False
17686 146972 1 1 0
17686 146972 2 1 0
17686 146972 3 1 0
17686 146972 4 1 0
17686 146972 5 1 0
17686 146972 6 1 0
17686 146972 7 1 0
17686 146972 8 1 0
17686 146972 9 1 0
17686 146972 10 1 0
!sus 44324 134823 0 10 10 attackers:134823;victims:44324,212623,199605,200536;type:1,2;valid_origin:True;recurrent:False;local:False
44324 134823 1 3 7
44324 134823 2 4 6
44324 134823 3 4 6
44324 134823 4 4 6
44324 134823 5 4 6
44324 134823 6 4 6
44324 134823 7 4 6
44324 134823 8 4 6
44324 134823 9 4 6
44324 134823 10 5 5
!sus 142270 211826 0 10 6 attackers:211826;victims:142270;type:1;valid_origin:True;recurrent:True;local:False
142270 211826 1 2 4
142270 211826 2 1 5
142270 211826 3 1 5
142270 211826 4 1 5
142270 211826 5 0 6
142270 211826 6 0 6
142270 211826 7 0 6
142270 211826 8 0 6
142270 211826 9 0 6
142270 211826 10 0 6
!sus 25159 216365 9 1 2 attackers:25159;victims:216365;type:1;valid_origin:True;recurrent:True;local:False
25159 216365 1 2 0
25159 216365 2 2 0
25159 216365 3 2 0
25159 216365 4 2 0
25159 216365 5 2 0
25159 216365 6 2 0
25159 216365 7 0 2
25159 216365 8 2 0
25159 216365 9 2 0
25159 216365 10 2 0
!sus 4809 134773 7 3 2 attackers:4809;victims:134773;type:1;valid_origin:True;recurrent:True;local:False
4809 134773 1 0 2
4809 134773 2 0 2
4809 134773 3 1 1
4809 134773 4 2 0
4809 134773 5 2 0
4809 134773 6 2 0
4809 134773 7 2 0
4809 134773 8 2 0
4809 134773 9 2 0
4809 134773 10 2 0
!sus 28607 272212 0 10 3 attackers:272212;victims:28607;type:1;valid_origin:True;recurrent:True;local:False
28607 272212 1 0 3
28607 272212 2 0 3
28607 272212 3 0 3
28607 272212 4 0 3
28607 272212 5 0 3
28607 272212 6 0 3
28607 272212 7 0 3
28607 272212 8 0 3
28607 272212 9 0 3
28607 272212 10 0 3
!leg 17686 45677 10 0 1 attackers:17686;victims:45677;type:1;valid_origin:True;recurrent:False;local:False
17686 45677 1 1 0
17686 45677 2 1 0
17686 45677 3 1 0
17686 45677 4 1 0
17686 45677 5 1 0
17686 45677 6 1 0
17686 45677 7 1 0
17686 45677 8 1 0
17686 45677 9 1 0
17686 45677 10 1 0
!sus 138915 203217 0 10 7 attackers:203217;victims:138915;type:1;valid_origin:True;recurrent:True;local:False
138915 203217 1 0 7
138915 203217 2 0 7
138915 203217 3 0 7
138915 203217 4 0 7
138915 203217 5 0 7
138915 203217 6 0 7
138915 203217 7 0 7
138915 203217 8 0 7
138915 203217 9 0 7
138915 203217 10 0 7
!sus 209533 215953 0 10 6 attackers:209533;victims:215953;type:1;valid_origin:True;recurrent:True;local:False
209533 215953 1 0 6
209533 215953 2 0 6
209533 215953 3 0 6
209533 215953 4 0 6
209533 215953 5 0 6
209533 215953 6 0 6
209533 215953 7 0 6
209533 215953 8 0 6
209533 215953 9 0 6
209533 215953 10 0 6
!sus 36956 329280 1 9 1 attackers:36956;victims:329280;type:1;valid_origin:True;recurrent:True;local:False
36956 329280 1 0 1
36956 329280 2 0 1
36956 329280 3 0 1
36956 329280 4 0 1
36956 329280 5 1 0
36956 329280 6 0 1
36956 329280 7 0 1
36956 329280 8 0 1
36956 329280 9 0 1
36956 329280 10 0 1
!leg 132337 205010 10 0 1 attackers:132337;victims:205010;type:1;valid_origin:True;recurrent:False;local:True
132337 205010 1 1 0
132337 205010 2 1 0
132337 205010 3 1 0
132337 205010 4 1 0
132337 205010 5 1 0
132337 205010 6 1 0
132337 205010 7 1 0
132337 205010 8 1 0
132337 205010 9 1 0
132337 205010 10 1 0
!leg 134562 138346 10 0 15 attackers:138346;victims:139841;type:2;valid_origin:True;recurrent:False;local:False
134562 138346 1 15 0
134562 138346 2 15 0
134562 138346 3 15 0
134562 138346 4 15 0
134562 138346 5 15 0
134562 138346 6 15 0
134562 138346 7 15 0
134562 138346 8 15 0
134562 138346 9 15 0
134562 138346 10 15 0
!leg 17686 39572 10 0 1 attackers:17686;victims:39572;type:1;valid_origin:True;recurrent:False;local:False
17686 39572 1 1 0
17686 39572 2 1 0
17686 39572 3 1 0
17686 39572 4 1 0
17686 39572 5 1 0
17686 39572 6 1 0
17686 39572 7 1 0
17686 39572 8 1 0
17686 39572 9 1 0
17686 39572 10 1 0
!sus 200461 207388 9 1 5 attackers:200461;victims:207388;type:1;valid_origin:True;recurrent:True;local:False
200461 207388 1 0 5
200461 207388 2 3 2
200461 207388 3 4 1
200461 207388 4 5 0
200461 207388 5 5 0
200461 207388 6 5 0
200461 207388 7 5 0
200461 207388 8 5 0
200461 207388 9 5 0
200461 207388 10 5 0
!sus 17686 54994 5 5 1 attackers:17686;victims:54994;type:1;valid_origin:True;recurrent:False;local:False
17686 54994 1 0 1
17686 54994 2 0 1
17686 54994 3 0 1
17686 54994 4 0 1
17686 54994 5 0 1
17686 54994 6 1 0
17686 54994 7 1 0
17686 54994 8 1 0
17686 54994 9 1 0
17686 54994 10 1 0
!leg 18881 53020 10 0 2 attackers:18881;victims:53020;type:1;valid_origin:True;recurrent:False;local:False
18881 53020 1 2 0
18881 53020 2 2 0
18881 53020 3 2 0
18881 53020 4 2 0
18881 53020 5 2 0
18881 53020 6 2 0
18881 53020 7 2 0
18881 53020 8 2 0
18881 53020 9 2 0
18881 53020 10 2 0
!leg 13249 50509 10 0 2 attackers:50509;victims:8343;type:2;valid_origin:True;recurrent:False;local:False
13249 50509 1 2 0
13249 50509 2 2 0
13249 50509 3 2 0
13249 50509 4 2 0
13249 50509 5 2 0
13249 50509 6 2 0
13249 50509 7 2 0
13249 50509 8 2 0
13249 50509 9 2 0
13249 50509 10 2 0
!sus 206075 212173 1 9 7 attackers:206075;victims:212173;type:1;valid_origin:True;recurrent:True;local:False
206075 212173 1 0 7
206075 212173 2 0 7
206075 212173 3 0 7
206075 212173 4 0 7
206075 212173 5 0 7
206075 212173 6 0 7
206075 212173 7 0 7
206075 212173 8 0 7
206075 212173 9 0 7
206075 212173 10 6 1
!leg 8309 18647 10 0 1 attackers:8309;victims:18647;type:1;valid_origin:True;recurrent:False;local:False
8309 18647 1 1 0
8309 18647 2 1 0
8309 18647 3 1 0
8309 18647 4 1 0
8309 18647 5 1 0
8309 18647 6 1 0
8309 18647 7 1 0
8309 18647 8 1 0
8309 18647 9 1 0
8309 18647 10 1 0
!sus 49531 216332 7 3 7 attackers:49531;victims:216332;type:1;valid_origin:True;recurrent:True;local:False
49531 216332 1 7 0
49531 216332 2 6 1
49531 216332 3 7 0
49531 216332 4 7 0
49531 216332 5 7 0
49531 216332 6 1 6
49531 216332 7 0 7
49531 216332 8 0 7
49531 216332 9 6 1
49531 216332 10 4 3
!sus 9153 62663 9 1 1 attackers:62663;victims:9153;type:1;valid_origin:True;recurrent:False;local:False
9153 62663 1 0 1
9153 62663 2 1 0
9153 62663 3 1 0
9153 62663 4 1 0
9153 62663 5 1 0
9153 62663 6 1 0
9153 62663 7 1 0
9153 62663 8 1 0
9153 62663 9 1 0
9153 62663 10 1 0
!sus 17686 23951 0 10 1 attackers:17686;victims:13335;type:2;valid_origin:True;recurrent:False;local:False
17686 23951 1 0 1
17686 23951 2 0 1
17686 23951 3 0 1
17686 23951 4 0 1
17686 23951 5 0 1
17686 23951 6 0 1
17686 23951 7 0 1
17686 23951 8 0 1
17686 23951 9 0 1
17686 23951 10 0 1
!sus 200019 206170 4 6 8 attackers:206170;victims:200019;type:1;valid_origin:True;recurrent:True;local:False
200019 206170 1 0 8
200019 206170 2 0 8
200019 206170 3 0 8
200019 206170 4 0 8
200019 206170 5 4 4
200019 206170 6 6 2
200019 206170 7 4 4
200019 206170 8 5 3
200019 206170 9 8 0
200019 206170 10 5 3
!sus 109 17621 9 1 2 attackers:17621;victims:109;type:1;valid_origin:True;recurrent:True;local:False
109 17621 1 0 2
109 17621 2 2 0
109 17621 3 2 0
109 17621 4 2 0
109 17621 5 2 0
109 17621 6 2 0
109 17621 7 2 0
109 17621 8 2 0
109 17621 9 2 0
109 17621 10 2 0
!leg 29303 205702 10 0 16 attackers:205702;victims:29303;type:1;valid_origin:True;recurrent:True;local:False
29303 205702 1 16 0
29303 205702 2 16 0
29303 205702 3 16 0
29303 205702 4 16 0
29303 205702 5 16 0
29303 205702 6 16 0
29303 205702 7 16 0
29303 205702 8 16 0
29303 205702 9 16 0
29303 205702 10 16 0
!leg 60504 202662 10 0 2 attackers:60504;victims:202662;type:1;valid_origin:True;recurrent:True;local:False
60504 202662 1 2 0
60504 202662 2 2 0
60504 202662 3 2 0
60504 202662 4 2 0
60504 202662 5 2 0
60504 202662 6 2 0
60504 202662 7 2 0
60504 202662 8 2 0
60504 202662 9 2 0
60504 202662 10 2 0
!leg 14969 200612 10 0 1 attackers:200612;victims:14969;type:1;valid_origin:True;recurrent:False;local:True
14969 200612 1 1 0
14969 200612 2 1 0
14969 200612 3 1 0
14969 200612 4 1 0
14969 200612 5 1 0
14969 200612 6 1 0
14969 200612 7 1 0
14969 200612 8 1 0
14969 200612 9 1 0
14969 200612 10 1 0
!sus 43180 216157 5 5 89 attackers:43180;victims:216157;type:1;valid_origin:True;recurrent:True;local:False
43180 216157 1 0 89
43180 216157 2 0 89
43180 216157 3 0 89
43180 216157 4 0 89
43180 216157 5 0 89
43180 216157 6 80 9
43180 216157 7 81 8
43180 216157 8 89 0
43180 216157 9 86 3
43180 216157 10 86 3
!sus 398355 400226 4 6 1 attackers:398355;victims:400226;type:1;valid_origin:True;recurrent:True;local:False
398355 400226 1 1 0
398355 400226 2 1 0
398355 400226 3 0 1
398355 400226 4 0 1
398355 400226 5 1 0
398355 400226 6 0 1
398355 400226 7 0 1
398355 400226 8 0 1
398355 400226 9 0 1
398355 400226 10 1 0
!leg 17686 140951 10 0 3 attackers:17686;victims:18127,63795,63781;type:3;valid_origin:True;recurrent:False;local:False
17686 140951 1 3 0
17686 140951 2 3 0
17686 140951 3 3 0
17686 140951 4 3 0
17686 140951 5 3 0
17686 140951 6 3 0
17686 140951 7 3 0
17686 140951 8 3 0
17686 140951 9 3 0
17686 140951 10 3 0
!sus 44324 199765 9 1 78 attackers:199765;victims:44324;type:1;valid_origin:True;recurrent:True;local:False
44324 199765 1 0 78
44324 199765 2 48 30
44324 199765 3 57 21
44324 199765 4 75 3
44324 199765 5 68 10
44324 199765 6 74 4
44324 199765 7 76 2
44324 199765 8 67 11
44324 199765 9 78 0
44324 199765 10 76 2
!sus 15353 215907 9 1 7 attackers:15353;victims:215907;type:1;valid_origin:True;recurrent:True;local:False
15353 215907 1 3 4
15353 215907 2 5 2
15353 215907 3 7 0
15353 215907 4 7 0
15353 215907 5 7 0
15353 215907 6 7 0
15353 215907 7 7 0
15353 215907 8 7 0
15353 215907 9 7 0
15353 215907 10 7 0
!leg 17686 24289 10 0 1 attackers:17686;victims:24289;type:1;valid_origin:True;recurrent:False;local:False
17686 24289 1 1 0
17686 24289 2 1 0
17686 24289 3 1 0
17686 24289 4 1 0
17686 24289 5 1 0
17686 24289 6 1 0
17686 24289 7 1 0
17686 24289 8 1 0
17686 24289 9 1 0
17686 24289 10 1 0
!sus 13335 28294 0 10 28 attackers:28294;victims:13335;type:1;valid_origin:True;recurrent:True;local:False
13335 28294 1 0 28
13335 28294 2 0 28
13335 28294 3 0 28
13335 28294 4 0 28
13335 28294 5 0 28
13335 28294 6 0 28
13335 28294 7 0 28
13335 28294 8 0 28
13335 28294 9 0 28
13335 28294 10 0 28
!sus 43766 139057 0 10 5 attackers:43766;victims:139057;type:1;valid_origin:True;recurrent:True;local:False
43766 139057 1 0 5
43766 139057 2 0 5
43766 139057 3 0 5
43766 139057 4 0 5
43766 139057 5 0 5
43766 139057 6 0 5
43766 139057 7 0 5
43766 139057 8 0 5
43766 139057 9 0 5
43766 139057 10 0 5
!sus 174 266434 0 10 2 attackers:266434;victims:174;type:1;valid_origin:True;recurrent:True;local:False
174 266434 1 0 2
174 266434 2 0 2
174 266434 3 0 2
174 266434 4 0 2
174 266434 5 0 2
174 266434 6 0 2
174 266434 7 0 2
174 266434 8 0 2
174 266434 9 0 2
174 266434 10 0 2
!leg 7195 267441 10 0 1 attackers:7195;victims:267441;type:1;valid_origin:True;recurrent:False;local:False
7195 267441 1 1 0
7195 267441 2 1 0
7195 267441 3 1 0
7195 267441 4 1 0
7195 267441 5 1 0
7195 267441 6 1 0
7195 267441 7 1 0
7195 267441 8 1 0
7195 267441 9 1 0
7195 267441 10 1 0
!sus 49666 198150 0 10 235 attackers:198150;victims:12880,60976,48147,49666,58224,197207,44244;type:1,2,3,4,6;valid_origin:True;recurrent:True;local:False
49666 198150 1 0 235
49666 198150 2 0 235
49666 198150 3 0 235
49666 198150 4 0 235
49666 198150 5 3 232
49666 198150 6 33 202
49666 198150 7 36 199
49666 198150 8 36 199
49666 198150 9 36 199
49666 198150 10 36 199
!sus 56655 60326 2 8 6 attackers:56655;victims:60326;type:1;valid_origin:True;recurrent:True;local:False
56655 60326 1 1 5
56655 60326 2 1 5
56655 60326 3 2 4
56655 60326 4 2 4
56655 60326 5 2 4
56655 60326 6 5 1
56655 60326 7 2 4
56655 60326 8 6 0
56655 60326 9 3 3
56655 60326 10 3 3
!sus 18747 28007 9 1 2 attackers:18747;victims:27873;type:2;valid_origin:True;recurrent:False;local:False
18747 28007 1 1 1
18747 28007 2 2 0
18747 28007 3 2 0
18747 28007 4 2 0
18747 28007 5 2 0
18747 28007 6 2 0
18747 28007 7 2 0
18747 28007 8 2 0
18747 28007 9 2 0
18747 28007 10 2 0
!sus 265506 270126 5 5 13 attackers:270126;victims:265506;type:1;valid_origin:True;recurrent:True;local:False
265506 270126 1 0 13
265506 270126 2 0 13
265506 270126 3 0 13
265506 270126 4 0 13
265506 270126 5 0 13
265506 270126 6 12 1
265506 270126 7 13 0
265506 270126 8 13 0
265506 270126 9 13 0
265506 270126 10 10 3
!sus 15169 52965 1 9 1 attackers:52965;victims:15169;type:1;valid_origin:True;recurrent:True;local:False
15169 52965 1 0 1
15169 52965 2 0 1
15169 52965 3 0 1
15169 52965 4 0 1
15169 52965 5 0 1
15169 52965 6 0 1
15169 52965 7 0 1
15169 52965 8 0 1
15169 52965 9 0 1
15169 52965 10 1 0
!leg 17686 399077 10 0 1 attackers:17686;victims:399077;type:1;valid_origin:True;recurrent:False;local:False
17686 399077 1 1 0
17686 399077 2 1 0
17686 399077 3 1 0
17686 399077 4 1 0
17686 399077 5 1 0
17686 399077 6 1 0
17686 399077 7 1 0
17686 399077 8 1 0
17686 399077 9 1 0
17686 399077 10 1 0
!leg 198554 200612 10 0 1 attackers:200612;victims:198554;type:1;valid_origin:True;recurrent:False;local:True
198554 200612 1 1 0
198554 200612 2 1 0
198554 200612 3 1 0
198554 200612 4 1 0
198554 200612 5 1 0
198554 200612 6 1 0
198554 200612 7 1 0
198554 200612 8 1 0
198554 200612 9 1 0
198554 200612 10 1 0
!leg 263099 269243 10 0 7 attackers:263099;victims:269243;type:1;valid_origin:True;recurrent:False;local:False
263099 269243 1 7 0
263099 269243 2 7 0
263099 269243 3 7 0
263099 269243 4 7 0
263099 269243 5 7 0
263099 269243 6 7 0
263099 269243 7 7 0
263099 269243 8 7 0
263099 269243 9 7 0
263099 269243 10 7 0
!sus 9 133981 0 10 7 attackers:133981;victims:9;type:1;valid_origin:True;recurrent:True;local:False
9 133981 1 0 7
9 133981 2 0 7
9 133981 3 0 7
9 133981 4 0 7
9 133981 5 0 7
9 133981 6 0 7
9 133981 7 0 7
9 133981 8 0 7
9 133981 9 0 7
9 133981 10 0 7
!leg 7672 17686 10 0 1 attackers:17686;victims:7672;type:1;valid_origin:True;recurrent:False;local:False
7672 17686 1 1 0
7672 17686 2 1 0
7672 17686 3 1 0
7672 17686 4 1 0
7672 17686 5 1 0
7672 17686 6 1 0
7672 17686 7 1 0
7672 17686 8 1 0
7672 17686 9 1 0
7672 17686 10 1 0
!sus 3303 17686 0 10 1 attackers:17686;victims:204572;type:2;valid_origin:True;recurrent:True;local:False
3303 17686 1 0 1
3303 17686 2 0 1
3303 17686 3 0 1
3303 17686 4 0 1
3303 17686 5 0 1
3303 17686 6 0 1
3303 17686 7 0 1
3303 17686 8 0 1
3303 17686 9 0 1
3303 17686 10 0 1
!sus 12654 212271 1 9 17 attackers:212271;victims:12654;type:1;valid_origin:True;recurrent:True;local:False
12654 212271 1 0 17
12654 212271 2 0 17
12654 212271 3 1 16
12654 212271 4 1 16
12654 212271 5 1 16
12654 212271 6 1 16
12654 212271 7 5 12
12654 212271 8 4 13
12654 212271 9 6 11
12654 212271 10 9 8
!sus 34872 201480 0 10 3 attackers:34872;victims:201480;type:1;valid_origin:True;recurrent:True;local:False
34872 201480 1 0 3
34872 201480 2 1 2
34872 201480 3 1 2
34872 201480 4 1 2
34872 201480 5 1 2
34872 201480 6 1 2
34872 201480 7 1 2
34872 201480 8 1 2
34872 201480 9 1 2
34872 201480 10 1 2
!leg 12678 58453 10 0 1 attackers:58453;victims:12678;type:1;valid_origin:True;recurrent:False;local:False
12678 58453 1 1 0
12678 58453 2 1 0
12678 58453 3 1 0
12678 58453 4 1 0
12678 58453 5 1 0
12678 58453 6 1 0
12678 58453 7 1 0
12678 58453 8 1 0
12678 58453 9 1 0
12678 58453 10 1 0
!sus 21738 202427 0 10 6 attackers:21738;victims:202427;type:1;valid_origin:True;recurrent:True;local:False
21738 202427 1 0 6
21738 202427 2 0 6
21738 202427 3 0 6
21738 202427 4 0 6
21738 202427 5 0 6
21738 202427 6 0 6
21738 202427 7 0 6
21738 202427 8 0 6
21738 202427 9 0 6
21738 202427 10 1 5
!sus 34465 44324 9 1 241 attackers:34465;victims:200936,209554,44324,62246,199310,215887,151785,216299,23347,212623,216056;type:1,2,3;valid_origin:True;recurrent:True;local:False
34465 44324 1 69 172
34465 44324 2 142 99
34465 44324 3 149 92
34465 44324 4 206 35
34465 44324 5 195 46
34465 44324 6 229 12
34465 44324 7 224 17
34465 44324 8 229 12
34465 44324 9 239 2
34465 44324 10 239 2
!sus 38193 63139 9 1 11 attackers:38193;victims:138915;type:2;valid_origin:True;recurrent:True;local:False
38193 63139 1 5 6
38193 63139 2 6 5
38193 63139 3 6 5
38193 63139 4 6 5
38193 63139 5 6 5
38193 63139 6 6 5
38193 63139 7 6 5
38193 63139 8 6 5
38193 63139 9 6 5
38193 63139 10 6 5
!sus 272809 273069 6 4 26 attackers:272809;victims:273069;type:1;valid_origin:True;recurrent:True;local:False
272809 273069 1 26 0
272809 273069 2 26 0
272809 273069 3 26 0
272809 273069 4 26 0
272809 273069 5 26 0
272809 273069 6 0 26
272809 273069 7 0 26
272809 273069 8 0 26
272809 273069 9 0 26
272809 273069 10 26 0
!sus 49505 198610 6 4 3 attackers:198610;victims:51289;type:2;valid_origin:True;recurrent:True;local:False
49505 198610 1 1 2
49505 198610 2 1 2
49505 198610 3 1 2
49505 198610 4 1 2
49505 198610 5 3 0
49505 198610 6 2 1
49505 198610 7 3 0
49505 198610 8 3 0
49505 198610 9 3 0
49505 198610 10 3 0
!leg 262977 269683 10 0 16 attackers:262977;victims:269683;type:1;valid_origin:True;recurrent:False;local:False
262977 269683 1 16 0
262977 269683 2 16 0
262977 269683 3 16 0
262977 269683 4 16 0
262977 269683 5 16 0
262977 269683 6 16 0
262977 269683 7 16 0
262977 269683 8 16 0
262977 269683 9 16 0
262977 269683 10 16 0
!sus 58057 207550 5 5 96 attackers:58057;victims:207550;type:1;valid_origin:True;recurrent:True;local:False
58057 207550 1 1 95
58057 207550 2 49 47
58057 207550 3 34 62
58057 207550 4 57 39
58057 207550 5 39 57
58057 207550 6 55 41
58057 207550 7 3 93
58057 207550 8 34 62
58057 207550 9 58 38
58057 207550 10 57 39
!sus 7489 142148 4 6 10 attackers:7489;victims:7489,142148;type:1,3;valid_origin:True;recurrent:True;local:False
7489 142148 1 10 0
7489 142148 2 5 5
7489 142148 3 6 4
7489 142148 4 6 4
7489 142148 5 7 3
7489 142148 6 5 5
7489 142148 7 5 5
7489 142148 8 5 5
7489 142148 9 5 5
7489 142148 10 5 5
!sus 28590 270344 0 10 41 attackers:270344;victims:28590;type:1;valid_origin:True;recurrent:True;local:False
28590 270344 1 1 40
28590 270344 2 1 40
28590 270344 3 3 38
28590 270344 4 4 37
28590 270344 5 1 40
28590 270344 6 4 37
28590 270344 7 4 37
28590 270344 8 4 37
28590 270344 9 7 34
28590 270344 10 6 35
!leg 3 59196 10 0 26 attackers:3;victims:59196;type:1;valid_origin:False;recurrent:False;local:False
3 59196 1 15 11
3 59196 2 26 0
3 59196 3 26 0
3 59196 4 26 0
3 59196 5 24 2
3 59196 6 26 0
3 59196 7 26 0
3 59196 8 26 0
3 59196 9 26 0
3 59196 10 26 0
!sus 1921 207021 0 10 2 attackers:207021;victims:1921;type:1;valid_origin:True;recurrent:True;local:False
1921 207021 1 0 2
1921 207021 2 1 1
1921 207021 3 1 1
1921 207021 4 1 1
1921 207021 5 1 1
1921 207021 6 1 1
1921 207021 7 1 1
1921 207021 8 1 1
1921 207021 9 1 1
1921 207021 10 1 1
!sus 200223 216279 4 6 2 attackers:200223;victims:216279;type:1;valid_origin:True;recurrent:True;local:False
200223 216279 1 2 0
200223 216279 2 2 0
200223 216279 3 1 1
200223 216279 4 2 0
200223 216279 5 2 0
200223 216279 6 0 2
200223 216279 7 0 2
200223 216279 8 0 2
200223 216279 9 0 2
200223 216279 10 1 1
!sus 1030 40706 7 3 2 attackers:1030;victims:40706;type:1;valid_origin:True;recurrent:True;local:False
1030 40706 1 2 0
1030 40706 2 2 0
1030 40706 3 2 0
1030 40706 4 2 0
1030 40706 5 2 0
1030 40706 6 0 2
1030 40706 7 0 2
1030 40706 8 0 2
1030 40706 9 2 0
1030 40706 10 2 0
!sus 28146 53122 8 2 2 attackers:53122;victims:28146;type:1;valid_origin:False;recurrent:True;local:False
28146 53122 1 1 1
28146 53122 2 1 1
28146 53122 3 2 0
28146 53122 4 2 0
28146 53122 5 2 0
28146 53122 6 2 0
28146 53122 7 2 0
28146 53122 8 2 0
28146 53122 9 2 0
28146 53122 10 2 0
!sus 51396 200461 9 1 14 attackers:200461;victims:51396;type:1;valid_origin:True;recurrent:True;local:False
51396 200461 1 0 14
51396 200461 2 9 5
51396 200461 3 14 0
51396 200461 4 14 0
51396 200461 5 14 0
51396 200461 6 14 0
51396 200461 7 14 0
51396 200461 8 14 0
51396 200461 9 14 0
51396 200461 10 14 0
!sus 28398 265582 2 8 78 attackers:28398;victims:265582;type:1;valid_origin:True;recurrent:True;local:False
28398 265582 1 0 78
28398 265582 2 0 78
28398 265582 3 0 78
28398 265582 4 0 78
28398 265582 5 0 78
28398 265582 6 0 78
28398 265582 7 36 42
28398 265582 8 68 10
28398 265582 9 37 41
28398 265582 10 41 37
!sus 4635 9270 9 1 2 attackers:4635;victims:9270;type:1;valid_origin:True;recurrent:True;local:False
4635 9270 1 2 0
4635 9270 2 0 2
4635 9270 3 2 0
4635 9270 4 2 0
4635 9270 5 2 0
4635 9270 6 2 0
4635 9270 7 2 0
4635 9270 8 2 0
4635 9270 9 2 0
4635 9270 10 2 0
!sus 14537 52391 2 8 44 attackers:52391;victims:14537;type:1;valid_origin:True;recurrent:True;local:False
14537 52391 1 3 41
14537 52391 2 3 41
14537 52391 3 11 33
14537 52391 4 14 30
14537 52391 5 11 33
14537 52391 6 14 30
14537 52391 7 16 28
14537 52391 8 15 29
14537 52391 9 41 3
14537 52391 10 38 6
!sus 208046 215762 0 10 1 attackers:208046;victims:215762;type:1;valid_origin:True;recurrent:True;local:False
208046 215762 1 0 1
208046 215762 2 0 1
208046 215762 3 0 1
208046 215762 4 0 1
208046 215762 5 0 1
208046 215762 6 0 1
208046 215762 7 0 1
208046 215762 8 0 1
208046 215762 9 0 1
208046 215762 10 0 1
!leg 17686 131970 10 0 1 attackers:17686;victims:131970;type:1;valid_origin:True;recurrent:False;local:False
17686 131970 1 1 0
17686 131970 2 1 0
17686 131970 3 1 0
17686 131970 4 1 0
17686 131970 5 1 0
17686 131970 6 1 0
17686 131970 7 1 0
17686 131970 8 1 0
17686 131970 9 1 0
17686 131970 10 1 0
!sus 52468 273077 0 10 28 attackers:52468;victims:273077;type:1;valid_origin:True;recurrent:True;local:False
52468 273077 1 7 21
52468 273077 2 8 20
52468 273077 3 0 28
52468 273077 4 0 28
52468 273077 5 0 28
52468 273077 6 0 28
52468 273077 7 0 28
52468 273077 8 0 28
52468 273077 9 0 28
52468 273077 10 0 28
!sus 9009 17686 0 10 1 attackers:17686;victims:9009;type:1;valid_origin:True;recurrent:False;local:False
9009 17686 1 0 1
9009 17686 2 0 1
9009 17686 3 0 1
9009 17686 4 0 1
9009 17686 5 0 1
9009 17686 6 0 1
9009 17686 7 0 1
9009 17686 8 0 1
9009 17686 9 0 1
9009 17686 10 0 1
!sus 3356 263681 0 10 6 attackers:263681;victims:41095;type:3;valid_origin:True;recurrent:True;local:False
3356 263681 1 0 6
3356 263681 2 0 6
3356 263681 3 0 6
3356 263681 4 0 6
3356 263681 5 0 6
3356 263681 6 0 6
3356 263681 7 0 6
3356 263681 8 0 6
3356 263681 9 0 6
3356 263681 10 1 5
!sus 54994 61135 0 10 4 attackers:61135;victims:54994;type:1;valid_origin:True;recurrent:True;local:False
54994 61135 1 0 4
54994 61135 2 0 4
54994 61135 3 0 4
54994 61135 4 0 4
54994 61135 5 0 4
54994 61135 6 0 4
54994 61135 7 0 4
54994 61135 8 0 4
54994 61135 9 0 4
54994 61135 10 0 4
!sus 29049 211790 7 3 2 attackers:29049;victims:211790;type:1;valid_origin:True;recurrent:True;local:False
29049 211790 1 0 2
29049 211790 2 1 1
29049 211790 3 2 0
29049 211790 4 1 1
29049 211790 5 2 0
29049 211790 6 2 0
29049 211790 7 2 0
29049 211790 8 2 0
29049 211790 9 2 0
29049 211790 10 2 0
!sus 209533 215769 0 10 6 attackers:209533;victims:215769;type:1;valid_origin:True;recurrent:True;local:False
209533 215769 1 0 6
209533 215769 2 0 6
209533 215769 3 0 6
209533 215769 4 0 6
209533 215769 5 0 6
209533 215769 6 0 6
209533 215769 7 0 6
209533 215769 8 0 6
209533 215769 9 0 6
209533 215769 10 0 6
!sus 45712 457112 6 4 2 attackers:45712;victims:457112;type:1;valid_origin:True;recurrent:True;local:False
45712 457112 1 2 0
45712 457112 2 2 0
45712 457112 3 2 0
45712 457112 4 2 0
45712 457112 5 2 0
45712 457112 6 0 2
45712 457112 7 0 2
45712 457112 8 0 2
45712 457112 9 1 1
45712 457112 10 2 0
!sus 398536 400146 2 8 7 attackers:400146;victims:398536;type:1;valid_origin:True;recurrent:True;local:False
398536 400146 1 2 5
398536 400146 2 2 5
398536 400146 3 3 4
398536 400146 4 3 4
398536 400146 5 3 4
398536 400146 6 4 3
398536 400146 7 3 4
398536 400146 8 3 4
398536 400146 9 4 3
398536 400146 10 3 4
!leg 28370 264592 10 0 1 attackers:264592;victims:28657;type:2;valid_origin:True;recurrent:False;local:False
28370 264592 1 1 0
28370 264592 2 1 0
28370 264592 3 1 0
28370 264592 4 1 0
28370 264592 5 1 0
28370 264592 6 1 0
28370 264592 7 1 0
28370 264592 8 1 0
28370 264592 9 1 0
28370 264592 10 1 0
!sus 41327 41827 9 1 5 attackers:41327;victims:41827;type:1;valid_origin:True;recurrent:True;local:False
41327 41827 1 1 4
41327 41827 2 3 2
41327 41827 3 5 0
41327 41827 4 5 0
41327 41827 5 5 0
41327 41827 6 5 0
41327 41827 7 5 0
41327 41827 8 5 0
41327 41827 9 5 0
41327 41827 10 5 0
!leg 10010 17686 10 0 1 attackers:17686;victims:18127;type:3;valid_origin:True;recurrent:False;local:False
10010 17686 1 1 0
10010 17686 2 1 0
10010 17686 3 1 0
10010 17686 4 1 0
10010 17686 5 1 0
10010 17686 6 1 0
10010 17686 7 1 0
10010 17686 8 1 0
10010 17686 9 1 0
10010 17686 10 1 0
!sus 60068 151048 7 3 132 attackers:60068;victims:139351,151048;type:1,2;valid_origin:True;recurrent:True;local:False
60068 151048 1 0 132
60068 151048 2 12 120
60068 151048 3 27 105
60068 151048 4 129 3
60068 151048 5 121 11
60068 151048 6 128 4
60068 151048 7 113 19
60068 151048 8 108 24
60068 151048 9 132 0
60068 151048 10 76 56
!sus 22661 46489 6 4 4 attackers:22661;victims:46489;type:1;valid_origin:True;recurrent:False;local:False
22661 46489 1 0 4
22661 46489 2 0 4
22661 46489 3 2 2
22661 46489 4 3 1
22661 46489 5 2 2
22661 46489 6 3 1
22661 46489 7 3 1
22661 46489 8 3 1
22661 46489 9 3 1
22661 46489 10 3 1
!leg 3215 57226 10 0 1 attackers:3215;victims:57226;type:1;valid_origin:True;recurrent:False;local:False
3215 57226 1 1 0
3215 57226 2 1 0
3215 57226 3 1 0
3215 57226 4 1 0
3215 57226 5 1 0
3215 57226 6 1 0
3215 57226 7 1 0
3215 57226 8 1 0
3215 57226 9 1 0
3215 57226 10 1 0
!leg 2518 10010 10 0 1 attackers:2518;victims:18127;type:3;valid_origin:True;recurrent:False;local:False
2518 10010 1 1 0
2518 10010 2 1 0
2518 10010 3 1 0
2518 10010 4 1 0
2518 10010 5 1 0
2518 10010 6 1 0
2518 10010 7 1 0
2518 10010 8 1 0
2518 10010 9 1 0
2518 10010 10 1 0
!sus 48014 215707 0 10 4 attackers:48014;victims:215707;type:1;valid_origin:True;recurrent:True;local:False
48014 215707 1 0 4
48014 215707 2 0 4
48014 215707 3 0 4
48014 215707 4 0 4
48014 215707 5 0 4
48014 215707 6 0 4
48014 215707 7 0 4
48014 215707 8 0 4
48014 215707 9 0 4
48014 215707 10 0 4
!sus 46489 61522 0 10 1 attackers:61522;victims:46489;type:1;valid_origin:True;recurrent:False;local:False
46489 61522 1 0 1
46489 61522 2 0 1
46489 61522 3 0 1
46489 61522 4 0 1
46489 61522 5 0 1
46489 61522 6 0 1
46489 61522 7 0 1
46489 61522 8 0 1
46489 61522 9 0 1
46489 61522 10 0 1
!sus 52468 273079 3 7 63 attackers:52468;victims:273079;type:1;valid_origin:True;recurrent:True;local:False
52468 273079 1 13 50
52468 273079 2 12 51
52468 273079 3 13 50
52468 273079 4 14 49
52468 273079 5 13 50
52468 273079 6 34 29
52468 273079 7 35 28
52468 273079 8 57 6
52468 273079 9 14 49
52468 273079 10 13 50
!sus 49434 263702 0 10 1 attackers:263702;victims:263702;type:3;valid_origin:True;recurrent:True;local:True
49434 263702 1 0 1
49434 263702 2 0 1
49434 263702 3 0 1
49434 263702 4 0 1
49434 263702 5 0 1
49434 263702 6 0 1
49434 263702 7 0 1
49434 263702 8 0 1
49434 263702 9 0 1
49434 263702 10 0 1
!leg 9370 146974 10 0 1 attackers:9370;victims:146974;type:1;valid_origin:True;recurrent:False;local:False
9370 146974 1 1 0
9370 146974 2 1 0
9370 146974 3 1 0
9370 146974 4 1 0
9370 146974 5 1 0
9370 146974 6 1 0
9370 146974 7 1 0
9370 146974 8 1 0
9370 146974 9 1 0
9370 146974 10 1 0
!sus 53813 55644 7 3 3 attackers:55644;victims:53813;type:1;valid_origin:True;recurrent:True;local:False
53813 55644 1 0 3
53813 55644 2 0 3
53813 55644 3 1 2
53813 55644 4 3 0
53813 55644 5 3 0
53813 55644 6 3 0
53813 55644 7 3 0
53813 55644 8 3 0
53813 55644 9 3 0
53813 55644 10 3 0
!leg 59196 133283 10 0 283 attackers:133283;victims:59196;type:1;valid_origin:False;recurrent:False;local:False
59196 133283 1 283 0
59196 133283 2 283 0
59196 133283 3 283 0
59196 133283 4 283 0
59196 133283 5 283 0
59196 133283 6 283 0
59196 133283 7 283 0
59196 133283 8 283 0
59196 133283 9 283 0
59196 133283 10 283 0
!sus 38136 215829 7 3 6 attackers:38136;victims:215829;type:1;valid_origin:True;recurrent:True;local:False
38136 215829 1 0 6
38136 215829 2 0 6
38136 215829 3 0 6
38136 215829 4 4 2
38136 215829 5 6 0
38136 215829 6 6 0
38136 215829 7 6 0
38136 215829 8 6 0
38136 215829 9 6 0
38136 215829 10 6 0
!leg 61568 264446 10 0 1 attackers:61568;victims:264446;type:1;valid_origin:True;recurrent:False;local:True
61568 264446 1 1 0
61568 264446 2 1 0
61568 264446 3 1 0
61568 264446 4 1 0
61568 264446 5 1 0
61568 264446 6 1 0
61568 264446 7 1 0
61568 264446 8 1 0
61568 264446 9 1 0
61568 264446 10 1 0
!sus 174 50607 0 10 155 attackers:174;victims:42209,34169,201091,49528,35760,199341,59611,201695,198537,199201,199842,197709,210142,56449,57998,199138,199846,60810,204801,200750,47466,59990,198880,50550,204278,47252,197849,198891,201754,216439,202061,42717;type:2,3;valid_origin:True;recurrent:True;local:False
174 50607 1 0 155
174 50607 2 0 155
174 50607 3 0 155
174 50607 4 0 155
174 50607 5 0 155
174 50607 6 0 155
174 50607 7 0 155
174 50607 8 0 155
174 50607 9 0 155
174 50607 10 0 155
!leg 11758 46506 10 0 2 attackers:46506;victims:32040;type:2;valid_origin:True;recurrent:False;local:False
11758 46506 1 2 0
11758 46506 2 2 0
11758 46506 3 2 0
11758 46506 4 2 0
11758 46506 5 2 0
11758 46506 6 2 0
11758 46506 7 2 0
11758 46506 8 2 0
11758 46506 9 2 0
11758 46506 10 2 0
!leg 52554 269530 10 0 16 attackers:269530;victims:265272;type:2;valid_origin:True;recurrent:False;local:False
52554 269530 1 16 0
52554 269530 2 16 0
52554 269530 3 16 0
52554 269530 4 16 0
52554 269530 5 16 0
52554 269530 6 16 0
52554 269530 7 16 0
52554 269530 8 16 0
52554 269530 9 16 0
52554 269530 10 16 0
!sus 13919 139195 0 10 11 attackers:139195;victims:139195;type:2;valid_origin:True;recurrent:True;local:False
13919 139195 1 0 11
13919 139195 2 0 11
13919 139195 3 0 11
13919 139195 4 0 11
13919 139195 5 0 11
13919 139195 6 0 11
13919 139195 7 1 10
13919 139195 8 0 11
13919 139195 9 0 11
13919 139195 10 1 10
!sus 51095 63139 0 10 1 attackers:51095;victims:138915;type:2;valid_origin:True;recurrent:True;local:False
51095 63139 1 0 1
51095 63139 2 0 1
51095 63139 3 0 1
51095 63139 4 0 1
51095 63139 5 0 1
51095 63139 6 0 1
51095 63139 7 0 1
51095 63139 8 0 1
51095 63139 9 0 1
51095 63139 10 0 1
!sus 44854 200149 5 5 433 attackers:44854;victims:215877;type:2;valid_origin:True;recurrent:True;local:False
44854 200149 1 10 423
44854 200149 2 13 420
44854 200149 3 30 403
44854 200149 4 181 252
44854 200149 5 196 237
44854 200149 6 240 193
44854 200149 7 308 125
44854 200149 8 234 199
44854 200149 9 331 102
44854 200149 10 362 71
!sus 35661 210732 7 3 120 attackers:35661;victims:210732;type:1;valid_origin:True;recurrent:True;local:False
35661 210732 1 15 105
35661 210732 2 31 89
35661 210732 3 33 87
35661 210732 4 67 53
35661 210732 5 99 21
35661 210732 6 109 11
35661 210732 7 106 14
35661 210732 8 92 28
35661 210732 9 113 7
35661 210732 10 117 3
!sus 917 36260 0 10 5 attackers:917;victims:36260;type:1;valid_origin:True;recurrent:True;local:False
917 36260 1 0 5
917 36260 2 0 5
917 36260 3 1 4
917 36260 4 1 4
917 36260 5 1 4
917 36260 6 1 4
917 36260 7 1 4
917 36260 8 1 4
917 36260 9 1 4
917 36260 10 1 4
!sus 13786 53158 5 5 7 attackers:53158;victims:28640;type:4;valid_origin:True;recurrent:False;local:False
13786 53158 1 0 7
13786 53158 2 0 7
13786 53158 3 0 7
13786 53158 4 0 7
13786 53158 5 0 7
13786 53158 6 7 0
13786 53158 7 7 0
13786 53158 8 7 0
13786 53158 9 7 0
13786 53158 10 7 0
!sus 6893 35600 6 4 1 attackers:35600;victims:6893;type:1;valid_origin:True;recurrent:True;local:False
6893 35600 1 0 1
6893 35600 2 0 1
6893 35600 3 0 1
6893 35600 4 0 1
6893 35600 5 1 0
6893 35600 6 1 0
6893 35600 7 1 0
6893 35600 8 1 0
6893 35600 9 1 0
6893 35600 10 1 0
!leg 262742 262977 10 0 15 attackers:262977;victims:262742;type:1;valid_origin:True;recurrent:True;local:False
262742 262977 1 14 1
262742 262977 2 15 0
262742 262977 3 15 0
262742 262977 4 15 0
262742 262977 5 15 0
262742 262977 6 15 0
262742 262977 7 15 0
262742 262977 8 15 0
262742 262977 9 15 0
262742 262977 10 15 0
!leg 59605 197790 10 0 1 attackers:59605;victims:197790;type:1;valid_origin:True;recurrent:False;local:False
59605 197790 1 1 0
59605 197790 2 1 0
59605 197790 3 1 0
59605 197790 4 1 0
59605 197790 5 1 0
59605 197790 6 1 0
59605 197790 7 1 0
59605 197790 8 1 0
59605 197790 9 1 0
59605 197790 10 1 0
!sus 52468 273127 6 4 22 attackers:52468;victims:273127;type:1;valid_origin:True;recurrent:True;local:False
52468 273127 1 1 21
52468 273127 2 1 21
52468 273127 3 1 21
52468 273127 4 13 9
52468 273127 5 11 11
52468 273127 6 19 3
52468 273127 7 20 2
52468 273127 8 15 7
52468 273127 9 17 5
52468 273127 10 21 1
!leg 13631 137409 10 0 1 attackers:137409;victims:13631;type:1;valid_origin:True;recurrent:False;local:True
13631 137409 1 1 0
13631 137409 2 1 0
13631 137409 3 1 0
13631 137409 4 1 0
13631 137409 5 1 0
13631 137409 6 1 0
13631 137409 7 1 0
13631 137409 8 1 0
13631 137409 9 1 0
13631 137409 10 1 0
!leg 269634 271588 10 0 22 attackers:269634;victims:271588;type:1;valid_origin:True;recurrent:True;local:False
269634 271588 1 22 0
269634 271588 2 22 0
269634 271588 3 22 0
269634 271588 4 22 0
269634 271588 5 22 0
269634 271588 6 22 0
269634 271588 7 22 0
269634 271588 8 22 0
269634 271588 9 22 0
269634 271588 10 22 0
!sus 28172 270613 2 8 204 attackers:28172;victims:270613;type:1;valid_origin:True;recurrent:True;local:False
28172 270613 1 28 176
28172 270613 2 39 165
28172 270613 3 79 125
28172 270613 4 106 98
28172 270613 5 57 147
28172 270613 6 57 147
28172 270613 7 85 119
28172 270613 8 95 109
28172 270613 9 97 107
28172 270613 10 105 99
!sus 39122 215733 4 6 6 attackers:39122;victims:215733;type:1;valid_origin:True;recurrent:True;local:False
39122 215733 1 3 3
39122 215733 2 4 2
39122 215733 3 3 3
39122 215733 4 4 2
39122 215733 5 3 3
39122 215733 6 3 3
39122 215733 7 3 3
39122 215733 8 3 3
39122 215733 9 4 2
39122 215733 10 4 2
!sus 21575 136907 0 10 2 attackers:21575;victims:136907;type:1;valid_origin:True;recurrent:True;local:False
21575 136907 1 0 2
21575 136907 2 0 2
21575 136907 3 0 2
21575 136907 4 0 2
21575 136907 5 1 1
21575 136907 6 1 1
21575 136907 7 1 1
21575 136907 8 1 1
21575 136907 9 1 1
21575 136907 10 1 1
!sus 202673 215693 0 10 15 attackers:202673;victims:215693;type:1;valid_origin:True;recurrent:True;local:False
202673 215693 1 0 15
202673 215693 2 0 15
202673 215693 3 0 15
202673 215693 4 0 15
202673 215693 5 0 15
202673 215693 6 0 15
202673 215693 7 0 15
202673 215693 8 0 15
202673 215693 9 0 15
202673 215693 10 0 15
!sus 34872 215788 0 10 6 attackers:34872;victims:215788;type:1;valid_origin:True;recurrent:True;local:False
34872 215788 1 0 6
34872 215788 2 0 6
34872 215788 3 1 5
34872 215788 4 1 5
34872 215788 5 1 5
34872 215788 6 1 5
34872 215788 7 1 5
34872 215788 8 1 5
34872 215788 9 1 5
34872 215788 10 3 3
!sus 39640 209618 4 6 5 attackers:39640;victims:209618;type:1;valid_origin:True;recurrent:True;local:False
39640 209618 1 4 1
39640 209618 2 1 4
39640 209618 3 4 1
39640 209618 4 5 0
39640 209618 5 5 0
39640 209618 6 0 5
39640 209618 7 0 5
39640 209618 8 0 5
39640 209618 9 0 5
39640 209618 10 0 5
!sus 13180 133180 0 10 1 attackers:133180;victims:133180;type:2;valid_origin:True;recurrent:True;local:False
13180 133180 1 0 1
13180 133180 2 0 1
13180 133180 3 0 1
13180 133180 4 0 1
13180 133180 5 0 1
13180 133180 6 0 1
13180 133180 7 0 1
13180 133180 8 0 1
13180 133180 9 0 1
13180 133180 10 0 1
!leg 13786 272221 10 0 64 attackers:13786;victims:266192,272221;type:1,2;valid_origin:True;recurrent:True;local:False
13786 272221 1 34 30
13786 272221 2 38 26
13786 272221 3 39 25
13786 272221 4 47 17
13786 272221 5 46 18
13786 272221 6 50 14
13786 272221 7 47 17
13786 272221 8 46 18
13786 272221 9 52 12
13786 272221 10 55 9
!sus 44854 206924 3 7 6 attackers:44854;victims:206924;type:1;valid_origin:True;recurrent:True;local:False
44854 206924 1 0 6
44854 206924 2 0 6
44854 206924 3 0 6
44854 206924 4 1 5
44854 206924 5 1 5
44854 206924 6 2 4
44854 206924 7 6 0
44854 206924 8 3 3
44854 206924 9 6 0
44854 206924 10 6 0
!leg 17686 55818 10 0 1 attackers:17686;victims:9875;type:4;valid_origin:True;recurrent:False;local:False
17686 55818 1 1 0
17686 55818 2 1 0
17686 55818 3 1 0
17686 55818 4 1 0
17686 55818 5 1 0
17686 55818 6 1 0
17686 55818 7 1 0
17686 55818 8 1 0
17686 55818 9 1 0
17686 55818 10 1 0
!sus 268094 273344 1 9 2 attackers:268094;victims:273344;type:1;valid_origin:True;recurrent:True;local:False
268094 273344 1 0 2
268094 273344 2 0 2
268094 273344 3 0 2
268094 273344 4 2 0
268094 273344 5 0 2
268094 273344 6 0 2
268094 273344 7 0 2
268094 273344 8 0 2
268094 273344 9 0 2
268094 273344 10 0 2
!sus 43180 198231 0 10 126 attackers:43180;victims:198231;type:1;valid_origin:True;recurrent:True;local:False
43180 198231 1 0 126
43180 198231 2 0 126
43180 198231 3 0 126
43180 198231 4 0 126
43180 198231 5 0 126
43180 198231 6 0 126
43180 198231 7 0 126
43180 198231 8 0 126
43180 198231 9 0 126
43180 198231 10 0 126
!leg 17686 131949 10 0 1 attackers:17686;victims:131949;type:1;valid_origin:True;recurrent:False;local:False
17686 131949 1 1 0
17686 131949 2 1 0
17686 131949 3 1 0
17686 131949 4 1 0
17686 131949 5 1 0
17686 131949 6 1 0
17686 131949 7 1 0
17686 131949 8 1 0
17686 131949 9 1 0
17686 131949 10 1 0
!sus 60569 60659 0 10 41 attackers:60569;victims:60659;type:1;valid_origin:False;recurrent:True;local:False
60569 60659 1 8 33
60569 60659 2 8 33
60569 60659 3 9 32
60569 60659 4 9 32
60569 60659 5 9 32
60569 60659 6 12 29
60569 60659 7 10 31
60569 60659 8 9 32
60569 60659 9 14 27
60569 60659 10 11 30
!sus 21245 42473 0 10 1 attackers:21245;victims:42473;type:1;valid_origin:True;recurrent:True;local:False
21245 42473 1 0 1
21245 42473 2 0 1
21245 42473 3 0 1
21245 42473 4 0 1
21245 42473 5 0 1
21245 42473 6 0 1
21245 42473 7 0 1
21245 42473 8 0 1
21245 42473 9 0 1
21245 42473 10 0 1
!sus 139883 149446 6 4 7 attackers:139883;victims:149446;type:1;valid_origin:True;recurrent:True;local:False
139883 149446 1 0 7
139883 149446 2 1 6
139883 149446 3 0 7
139883 149446 4 0 7
139883 149446 5 7 0
139883 149446 6 7 0
139883 149446 7 7 0
139883 149446 8 7 0
139883 149446 9 7 0
139883 149446 10 7 0
!sus 8697 13335 0 10 72 attackers:8697;victims:13335;type:1;valid_origin:True;recurrent:True;local:False
8697 13335 1 0 72
8697 13335 2 0 72
8697 13335 3 0 72
8697 13335 4 2 70
8697 13335 5 2 70
8697 13335 6 3 69
8697 13335 7 3 69
8697 13335 8 3 69
8697 13335 9 3 69
8697 13335 10 3 69
!leg 9498 149214 10 0 309 attackers:9498;victims:149214;type:1;valid_origin:True;recurrent:False;local:False
9498 149214 1 253 56
9498 149214 2 272 37
9498 149214 3 276 33
9498 149214 4 279 30
9498 149214 5 276 33
9498 149214 6 276 33
9498 149214 7 280 29
9498 149214 8 276 33
9498 149214 9 282 27
9498 149214 10 283 26
!leg 23961 50414 10 0 1 attackers:23961;victims:50414;type:1;valid_origin:True;recurrent:False;local:False
23961 50414 1 1 0
23961 50414 2 1 0
23961 50414 3 1 0
23961 50414 4 1 0
23961 50414 5 1 0
23961 50414 6 1 0
23961 50414 7 1 0
23961 50414 8 1 0
23961 50414 9 1 0
23961 50414 10 1 0
!sus 5617 30012 0 10 88 attackers:5617;victims:30012;type:1;valid_origin:True;recurrent:True;local:False
5617 30012 1 0 88
5617 30012 2 0 88
5617 30012 3 0 88
5617 30012 4 0 88
5617 30012 5 0 88
5617 30012 6 0 88
5617 30012 7 0 88
5617 30012 8 0 88
5617 30012 9 0 88
5617 30012 10 1 87
!sus 10 202393 0 10 3 attackers:202393;victims:10;type:1;valid_origin:True;recurrent:True;local:False
10 202393 1 0 3
10 202393 2 0 3
10 202393 3 0 3
10 202393 4 0 3
10 202393 5 0 3
10 202393 6 0 3
10 202393 7 0 3
10 202393 8 0 3
10 202393 9 0 3
10 202393 10 0 3
!sus 3663 14159 8 2 5 attackers:3663;victims:14159;type:1;valid_origin:True;recurrent:True;local:False
3663 14159 1 5 0
3663 14159 2 5 0
3663 14159 3 5 0
3663 14159 4 5 0
3663 14159 5 5 0
3663 14159 6 3 2
3663 14159 7 2 3
3663 14159 8 1 4
3663 14159 9 5 0
3663 14159 10 5 0
!leg 328482 329343 10 0 77 attackers:328482;victims:329343;type:1;valid_origin:True;recurrent:True;local:False
328482 329343 1 77 0
328482 329343 2 77 0
328482 329343 3 77 0
328482 329343 4 77 0
328482 329343 5 77 0
328482 329343 6 77 0
328482 329343 7 77 0
328482 329343 8 77 0
328482 329343 9 77 0
328482 329343 10 77 0
!sus 215772 216075 5 5 7 attackers:216075;victims:215772;type:1;valid_origin:True;recurrent:True;local:False
215772 216075 1 7 0
215772 216075 2 7 0
215772 216075 3 0 7
215772 216075 4 7 0
215772 216075 5 6 1
215772 216075 6 0 7
215772 216075 7 0 7
215772 216075 8 0 7
215772 216075 9 1 6
215772 216075 10 7 0
!leg 48648 50509 10 0 1 attackers:50509;victims:49359;type:2;valid_origin:True;recurrent:False;local:False
48648 50509 1 1 0
48648 50509 2 1 0
48648 50509 3 1 0
48648 50509 4 1 0
48648 50509 5 1 0
48648 50509 6 1 0
48648 50509 7 1 0
48648 50509 8 1 0
48648 50509 9 1 0
48648 50509 10 1 0
!sus 64041 142148 0 10 5 attackers:64041;victims:7489;type:2;valid_origin:True;recurrent:True;local:False
64041 142148 1 0 5
64041 142148 2 0 5
64041 142148 3 0 5
64041 142148 4 0 5
64041 142148 5 0 5
64041 142148 6 0 5
64041 142148 7 0 5
64041 142148 8 0 5
64041 142148 9 0 5
64041 142148 10 0 5
!leg 16589 23961 10 0 3 attackers:23961;victims:16589;type:1;valid_origin:True;recurrent:False;local:False
16589 23961 1 3 0
16589 23961 2 3 0
16589 23961 3 3 0
16589 23961 4 3 0
16589 23961 5 3 0
16589 23961 6 3 0
16589 23961 7 3 0
16589 23961 8 3 0
16589 23961 9 3 0
16589 23961 10 3 0
!sus 7195 142561 6 4 3 attackers:7195;victims:142561;type:1;valid_origin:True;recurrent:True;local:False
7195 142561 1 0 3
7195 142561 2 0 3
7195 142561 3 0 3
7195 142561 4 0 3
7195 142561 5 2 1
7195 142561 6 3 0
7195 142561 7 2 1
7195 142561 8 3 0
7195 142561 9 3 0
7195 142561 10 3 0
!sus 209533 215650 9 1 24 attackers:209533;victims:215650;type:1;valid_origin:True;recurrent:True;local:False
209533 215650 1 2 22
209533 215650 2 23 1
209533 215650 3 23 1
209533 215650 4 23 1
209533 215650 5 23 1
209533 215650 6 24 0
209533 215650 7 24 0
209533 215650 8 24 0
209533 215650 9 24 0
209533 215650 10 24 0
!sus 16509 39686 0 10 1 attackers:39686;victims:16509;type:1;valid_origin:True;recurrent:True;local:False
16509 39686 1 0 1
16509 39686 2 0 1
16509 39686 3 0 1
16509 39686 4 0 1
16509 39686 5 0 1
16509 39686 6 0 1
16509 39686 7 0 1
16509 39686 8 0 1
16509 39686 9 0 1
16509 39686 10 0 1
!sus 42635 49353 7 3 1 attackers:49353;victims:42635;type:1;valid_origin:True;recurrent:True;local:False
42635 49353 1 1 0
42635 49353 2 1 0
42635 49353 3 1 0
42635 49353 4 1 0
42635 49353 5 1 0
42635 49353 6 0 1
42635 49353 7 0 1
42635 49353 8 0 1
42635 49353 9 1 0
42635 49353 10 1 0
!sus 37738 138627 0 10 1 attackers:37738;victims:138627;type:1;valid_origin:True;recurrent:True;local:False
37738 138627 1 0 1
37738 138627 2 0 1
37738 138627 3 0 1
37738 138627 4 0 1
37738 138627 5 0 1
37738 138627 6 0 1
37738 138627 7 0 1
37738 138627 8 0 1
37738 138627 9 0 1
37738 138627 10 0 1
!leg 138346 138640 10 0 8 attackers:138640;victims:138346;type:1;valid_origin:True;recurrent:True;local:False
138346 138640 1 5 3
138346 138640 2 5 3
138346 138640 3 5 3
138346 138640 4 5 3
138346 138640 5 5 3
138346 138640 6 5 3
138346 138640 7 5 3
138346 138640 8 5 3
138346 138640 9 5 3
138346 138640 10 5 3
!sus 10753 22056 9 1 1 attackers:22056;victims:10753;type:1;valid_origin:True;recurrent:True;local:False
10753 22056 1 0 1
10753 22056 2 1 0
10753 22056 3 1 0
10753 22056 4 1 0
10753 22056 5 1 0
10753 22056 6 1 0
10753 22056 7 1 0
10753 22056 8 1 0
10753 22056 9 1 0
10753 22056 10 1 0
!sus 23764 52593 2 8 15 attackers:23764;victims:52593;type:1;valid_origin:True;recurrent:True;local:False
23764 52593 1 0 15
23764 52593 2 4 11
23764 52593 3 4 11
23764 52593 4 5 10
23764 52593 5 5 10
23764 52593 6 6 9
23764 52593 7 6 9
23764 52593 8 6 9
23764 52593 9 8 7
23764 52593 10 9 6
!sus 13335 139922 2 8 17 attackers:139922;victims:13335;type:1;valid_origin:True;recurrent:True;local:False
13335 139922 1 1 16
13335 139922 2 1 16
13335 139922 3 1 16
13335 139922 4 2 15
13335 139922 5 2 15
13335 139922 6 3 14
13335 139922 7 7 10
13335 139922 8 4 13
13335 139922 9 11 6
13335 139922 10 12 5
!sus 21246 216122 0 10 4 attackers:21246;victims:216122;type:1;valid_origin:True;recurrent:True;local:False
21246 216122 1 0 4
21246 216122 2 0 4
21246 216122 3 0 4
21246 216122 4 0 4
21246 216122 5 0 4
21246 216122 6 0 4
21246 216122 7 0 4
21246 216122 8 0 4
21246 216122 9 0 4
21246 216122 10 0 4
!sus 8075 17686 9 1 3 attackers:17686;victims:8068,8075,3598;type:1,2;valid_origin:True;recurrent:False;local:False
8075 17686 1 0 3
8075 17686 2 3 0
8075 17686 3 3 0
8075 17686 4 3 0
8075 17686 5 3 0
8075 17686 6 3 0
8075 17686 7 3 0
8075 17686 8 3 0
8075 17686 9 3 0
8075 17686 10 3 0
!sus 47152 208753 0 10 4 attackers:47152;victims:208753;type:1;valid_origin:True;recurrent:True;local:False
47152 208753 1 0 4
47152 208753 2 0 4
47152 208753 3 2 2
47152 208753 4 2 2
47152 208753 5 1 3
47152 208753 6 2 2
47152 208753 7 2 2
47152 208753 8 2 2
47152 208753 9 2 2
47152 208753 10 2 2
!sus 50643 59956 0 10 2 attackers:50643;victims:59956;type:1;valid_origin:True;recurrent:True;local:False
50643 59956 1 0 2
50643 59956 2 0 2
50643 59956 3 0 2
50643 59956 4 0 2
50643 59956 5 0 2
50643 59956 6 0 2
50643 59956 7 0 2
50643 59956 8 0 2
50643 59956 9 0 2
50643 59956 10 0 2
!sus 44477 205007 0 10 9 attackers:205007;victims:44477;type:1;valid_origin:True;recurrent:True;local:False
44477 205007 1 0 9
44477 205007 2 0 9
44477 205007 3 0 9
44477 205007 4 0 9
44477 205007 5 0 9
44477 205007 6 0 9
44477 205007 7 0 9
44477 205007 8 0 9
44477 205007 9 0 9
44477 205007 10 0 9
!sus 9370 38040 0 10 1 attackers:9370;victims:54994;type:2;valid_origin:True;recurrent:False;local:False
9370 38040 1 0 1
9370 38040 2 0 1
9370 38040 3 0 1
9370 38040 4 0 1
9370 38040 5 0 1
9370 38040 6 0 1
9370 38040 7 0 1
9370 38040 8 0 1
9370 38040 9 0 1
9370 38040 10 0 1
!sus 198825 200136 1 9 198 attackers:200136;victims:198825;type:1;valid_origin:True;recurrent:True;local:False
198825 200136 1 47 151
198825 200136 2 78 120
198825 200136 3 51 147
198825 200136 4 67 131
198825 200136 5 70 128
198825 200136 6 70 128
198825 200136 7 65 133
198825 200136 8 80 118
198825 200136 9 111 87
198825 200136 10 81 117
!sus 30012 52468 8 2 2 attackers:52468;victims:30012;type:1;valid_origin:True;recurrent:True;local:False
30012 52468 1 0 2
30012 52468 2 1 1
30012 52468 3 2 0
30012 52468 4 2 0
30012 52468 5 2 0
30012 52468 6 2 0
30012 52468 7 2 0
30012 52468 8 2 0
30012 52468 9 2 0
30012 52468 10 2 0
!sus 7489 64041 0 10 10 attackers:7489;victims:7489,64041;type:1,3;valid_origin:True;recurrent:True;local:False
7489 64041 1 5 5
7489 64041 2 5 5
7489 64041 3 5 5
7489 64041 4 5 5
7489 64041 5 5 5
7489 64041 6 5 5
7489 64041 7 5 5
7489 64041 8 5 5
7489 64041 9 5 5
7489 64041 10 5 5
!sus 13705 399006 4 6 4 attackers:399006;victims:13705;type:1;valid_origin:True;recurrent:True;local:False
13705 399006 1 4 0
13705 399006 2 3 1
13705 399006 3 4 0
13705 399006 4 4 0
13705 399006 5 2 2
13705 399006 6 0 4
13705 399006 7 0 4
13705 399006 8 0 4
13705 399006 9 2 2
13705 399006 10 1 3
!leg 26744 46506 10 0 4 attackers:46506;victims:397118,33067;type:2;valid_origin:True;recurrent:False;local:False
26744 46506 1 4 0
26744 46506 2 4 0
26744 46506 3 4 0
26744 46506 4 4 0
26744 46506 5 4 0
26744 46506 6 4 0
26744 46506 7 4 0
26744 46506 8 4 0
26744 46506 9 4 0
26744 46506 10 4 0
!leg 23815 24277 10 0 1 attackers:23815;victims:24277;type:1;valid_origin:True;recurrent:False;local:False
23815 24277 1 1 0
23815 24277 2 1 0
23815 24277 3 1 0
23815 24277 4 1 0
23815 24277 5 1 0
23815 24277 6 1 0
23815 24277 7 1 0
23815 24277 8 1 0
23815 24277 9 1 0
23815 24277 10 1 0
!sus 15133 17686 9 1 2 attackers:17686;victims:14153,15133;type:1,2;valid_origin:True;recurrent:False;local:False
15133 17686 1 0 2
15133 17686 2 2 0
15133 17686 3 2 0
15133 17686 4 2 0
15133 17686 5 2 0
15133 17686 6 2 0
15133 17686 7 2 0
15133 17686 8 2 0
15133 17686 9 2 0
15133 17686 10 2 0
!sus 174 62081 0 10 218 attackers:174;victims:206282,57255,47466,203821,209208,197995,50153,203408,56449,198001,34169,200918,50550,57998,206048,42717,205146;type:2,3,4;valid_origin:True;recurrent:True;local:False
174 62081 1 0 218
174 62081 2 0 218
174 62081 3 0 218
174 62081 4 0 218
174 62081 5 2 216
174 62081 6 0 218
174 62081 7 0 218
174 62081 8 0 218
174 62081 9 3 215
174 62081 10 12 206
!sus 204465 208368 0 10 3 attackers:208368;victims:204465;type:1;valid_origin:True;recurrent:True;local:False
204465 208368 1 0 3
204465 208368 2 0 3
204465 208368 3 0 3
204465 208368 4 0 3
204465 208368 5 0 3
204465 208368 6 0 3
204465 208368 7 0 3
204465 208368 8 0 3
204465 208368 9 0 3
204465 208368 10 0 3
