!sus 199471 215754 7 3 2 attackers:199471;victims:215754;type:1;valid_origin:True;recurrent:False;local:False
199471 215754 1 2 0
199471 215754 2 2 0
199471 215754 3 2 0
199471 215754 4 1 1
199471 215754 5 2 0
199471 215754 6 2 0
199471 215754 7 0 2
199471 215754 8 2 0
199471 215754 9 2 0
199471 215754 10 0 2
!sus 9304 137897 0 10 2 attackers:137897;victims:9304;type:1;valid_origin:True;recurrent:True;local:False
9304 137897 1 0 2
9304 137897 2 0 2
9304 137897 3 0 2
9304 137897 4 0 2
9304 137897 5 0 2
9304 137897 6 0 2
9304 137897 7 0 2
9304 137897 8 0 2
9304 137897 9 0 2
9304 137897 10 0 2
!sus 5483 215920 3 7 6 attackers:5483;victims:100;type:2;valid_origin:True;recurrent:True;local:False
5483 215920 1 0 6
5483 215920 2 0 6
5483 215920 3 0 6
5483 215920 4 1 5
5483 215920 5 2 4
5483 215920 6 3 3
5483 215920 7 4 2
5483 215920 8 5 1
5483 215920 9 2 4
5483 215920 10 5 1
!sus 201409 208046 0 10 9 attackers:208046;victims:201409;type:1;valid_origin:False;recurrent:True;local:False
201409 208046 1 0 9
201409 208046 2 0 9
201409 208046 3 0 9
201409 208046 4 0 9
201409 208046 5 0 9
201409 208046 6 0 9
201409 208046 7 0 9
201409 208046 8 0 9
201409 208046 9 0 9
201409 208046 10 0 9
!sus 34987 44714 0 10 8 attackers:44714;victims:34987;type:1;valid_origin:True;recurrent:True;local:False
34987 44714 1 0 8
34987 44714 2 0 8
34987 44714 3 0 8
34987 44714 4 0 8
34987 44714 5 0 8
34987 44714 6 0 8
34987 44714 7 0 8
34987 44714 8 0 8
34987 44714 9 0 8
34987 44714 10 0 8
!sus 48581 59920 0 10 6 attackers:59920;victims:48581;type:1;valid_origin:True;recurrent:True;local:False
48581 59920 1 1 5
48581 59920 2 1 5
48581 59920 3 1 5
48581 59920 4 1 5
48581 59920 5 1 5
48581 59920 6 1 5
48581 59920 7 1 5
48581 59920 8 1 5
48581 59920 9 1 5
48581 59920 10 1 5
!sus 62309 209533 8 2 37 attackers:209533;victims:62309;type:1;valid_origin:True;recurrent:True;local:False
62309 209533 1 1 36
62309 209533 2 5 32
62309 209533 3 34 3
62309 209533 4 36 1
62309 209533 5 36 1
62309 209533 6 37 0
62309 209533 7 37 0
62309 209533 8 37 0
62309 209533 9 37 0
62309 209533 10 37 0
!sus 15353 203686 3 7 1 attackers:15353;victims:203686;type:1;valid_origin:True;recurrent:False;local:False
15353 203686 1 0 1
15353 203686 2 0 1
15353 203686 3 0 1
15353 203686 4 0 1
15353 203686 5 1 0
15353 203686 6 0 1
15353 203686 7 1 0
15353 203686 8 0 1
15353 203686 9 0 1
15353 203686 10 1 0
!sus 28792 62663 0 10 1 attackers:62663;victims:28792;type:1;valid_origin:True;recurrent:False;local:False
28792 62663 1 0 1
28792 62663 2 0 1
28792 62663 3 0 1
28792 62663 4 0 1
28792 62663 5 0 1
28792 62663 6 0 1
28792 62663 7 0 1
28792 62663 8 0 1
28792 62663 9 0 1
28792 62663 10 0 1
!leg 6939 400030 10 0 9 attackers:6939;victims:400030;type:1;valid_origin:True;recurrent:False;local:False
6939 400030 1 9 0
6939 400030 2 9 0
6939 400030 3 9 0
6939 400030 4 9 0
6939 400030 5 9 0
6939 400030 6 9 0
6939 400030 7 9 0
6939 400030 8 9 0
6939 400030 9 9 0
6939 400030 10 9 0
!sus 201684 204170 0 10 7 attackers:204170;victims:201684;type:1;valid_origin:True;recurrent:True;local:False
201684 204170 1 2 5
201684 204170 2 2 5
201684 204170 3 2 5
201684 204170 4 2 5
201684 204170 5 2 5
201684 204170 6 2 5
201684 204170 7 2 5
201684 204170 8 2 5
201684 204170 9 2 5
201684 204170 10 2 5
!sus 48605 216026 9 1 100 attackers:48605;victims:216026;type:1;valid_origin:True;recurrent:True;local:False
48605 216026 1 1 99
48605 216026 2 79 21
48605 216026 3 80 20
48605 216026 4 91 9
48605 216026 5 96 4
48605 216026 6 97 3
48605 216026 7 97 3
48605 216026 8 100 0
48605 216026 9 100 0
48605 216026 10 100 0
!sus 13876 399441 8 2 9 attackers:13876;victims:399441;type:1;valid_origin:False;recurrent:True;local:False
13876 399441 1 9 0
13876 399441 2 9 0
13876 399441 3 9 0
13876 399441 4 9 0
13876 399441 5 7 2
13876 399441 6 6 3
13876 399441 7 0 9
13876 399441 8 6 3
13876 399441 9 5 4
13876 399441 10 0 9
!sus 30205 46844 7 3 8 attackers:46844;victims:30205;type:1;valid_origin:True;recurrent:True;local:False
30205 46844 1 7 1
30205 46844 2 7 1
30205 46844 3 6 2
30205 46844 4 5 3
30205 46844 5 6 2
30205 46844 6 0 8
30205 46844 7 0 8
30205 46844 8 7 1
30205 46844 9 6 2
30205 46844 10 0 8
!sus 10753 273071 8 2 6 attackers:10753;victims:273071;type:1;valid_origin:True;recurrent:True;local:False
10753 273071 1 6 0
10753 273071 2 6 0
10753 273071 3 6 0
10753 273071 4 6 0
10753 273071 5 4 2
10753 273071 6 4 2
10753 273071 7 0 6
10753 273071 8 6 0
10753 273071 9 6 0
10753 273071 10 0 6
!sus 4761 38193 9 1 3 attackers:38193;victims:151587;type:2;valid_origin:True;recurrent:True;local:False
4761 38193 1 2 1
4761 38193 2 2 1
4761 38193 3 2 1
4761 38193 4 3 0
4761 38193 5 1 2
4761 38193 6 3 0
4761 38193 7 3 0
4761 38193 8 3 0
4761 38193 9 3 0
4761 38193 10 3 0
!sus 38733 150912 7 3 8 attackers:38733;victims:150912;type:1;valid_origin:True;recurrent:True;local:False
38733 150912 1 8 0
38733 150912 2 8 0
38733 150912 3 8 0
38733 150912 4 8 0
38733 150912 5 8 0
38733 150912 6 7 1
38733 150912 7 0 8
38733 150912 8 3 5
38733 150912 9 8 0
38733 150912 10 0 8
!sus 264974 273341 8 2 11 attackers:264974;victims:273341;type:1;valid_origin:True;recurrent:True;local:False
264974 273341 1 11 0
264974 273341 2 11 0
264974 273341 3 11 0
264974 273341 4 11 0
264974 273341 5 10 1
264974 273341 6 11 0
264974 273341 7 0 11
264974 273341 8 11 0
264974 273341 9 11 0
264974 273341 10 0 11
!sus 262900 262977 0 10 14 attackers:262977;victims:262900;type:1;valid_origin:True;recurrent:False;local:False
262900 262977 1 1 13
262900 262977 2 0 14
262900 262977 3 0 14
262900 262977 4 0 14
262900 262977 5 3 11
262900 262977 6 0 14
262900 262977 7 2 12
262900 262977 8 6 8
262900 262977 9 2 12
262900 262977 10 6 8
!sus 3356 400278 8 2 6 attackers:3356;victims:400278;type:1;valid_origin:True;recurrent:True;local:False
3356 400278 1 6 0
3356 400278 2 6 0
3356 400278 3 6 0
3356 400278 4 6 0
3356 400278 5 0 6
3356 400278 6 6 0
3356 400278 7 6 0
3356 400278 8 6 0
3356 400278 9 5 1
3356 400278 10 0 6
!leg 211604 393577 10 0 70 attackers:393577;victims:211604;type:1;valid_origin:True;recurrent:False;local:False
211604 393577 1 70 0
211604 393577 2 70 0
211604 393577 3 70 0
211604 393577 4 70 0
211604 393577 5 70 0
211604 393577 6 70 0
211604 393577 7 70 0
211604 393577 8 70 0
211604 393577 9 70 0
211604 393577 10 70 0
!sus 209533 215825 0 10 14 attackers:209533;victims:215825;type:1;valid_origin:True;recurrent:True;local:False
209533 215825 1 2 12
209533 215825 2 2 12
209533 215825 3 0 14
209533 215825 4 0 14
209533 215825 5 1 13
209533 215825 6 0 14
209533 215825 7 3 11
209533 215825 8 0 14
209533 215825 9 0 14
209533 215825 10 0 14
!sus 6984 58428 0 10 6 attackers:58428;victims:6984;type:1;valid_origin:True;recurrent:True;local:False
6984 58428 1 0 6
6984 58428 2 0 6
6984 58428 3 0 6
6984 58428 4 0 6
6984 58428 5 0 6
6984 58428 6 0 6
6984 58428 7 0 6
6984 58428 8 0 6
6984 58428 9 0 6
6984 58428 10 0 6
!leg 64116 270007 10 0 1 attackers:64116;victims:270007;type:1;valid_origin:True;recurrent:False;local:False
64116 270007 1 1 0
64116 270007 2 1 0
64116 270007 3 1 0
64116 270007 4 1 0
64116 270007 5 1 0
64116 270007 6 1 0
64116 270007 7 1 0
64116 270007 8 1 0
64116 270007 9 1 0
64116 270007 10 1 0
!sus 206075 212173 0 10 2 attackers:206075;victims:212173;type:1;valid_origin:True;recurrent:True;local:False
206075 212173 1 0 2
206075 212173 2 0 2
206075 212173 3 0 2
206075 212173 4 0 2
206075 212173 5 0 2
206075 212173 6 0 2
206075 212173 7 0 2
206075 212173 8 0 2
206075 212173 9 0 2
206075 212173 10 0 2
!sus 58655 152305 9 1 250 attackers:58655;victims:152305;type:1;valid_origin:True;recurrent:True;local:False
58655 152305 1 250 0
58655 152305 2 250 0
58655 152305 3 249 1
58655 152305 4 196 54
58655 152305 5 207 43
58655 152305 6 250 0
58655 152305 7 194 56
58655 152305 8 227 23
58655 152305 9 250 0
58655 152305 10 0 250
!sus 25198 62663 2 8 2 attackers:62663;victims:25198;type:1;valid_origin:True;recurrent:False;local:False
25198 62663 1 0 2
25198 62663 2 1 1
25198 62663 3 1 1
25198 62663 4 1 1
25198 62663 5 1 1
25198 62663 6 1 1
25198 62663 7 1 1
25198 62663 8 1 1
25198 62663 9 2 0
25198 62663 10 2 0
!leg 9590 13335 10 0 111 attackers:13335;victims:9590;type:1;valid_origin:True;recurrent:False;local:False
9590 13335 1 110 1
9590 13335 2 110 1
9590 13335 3 110 1
9590 13335 4 110 1
9590 13335 5 110 1
9590 13335 6 110 1
9590 13335 7 110 1
9590 13335 8 110 1
9590 13335 9 110 1
9590 13335 10 110 1
!leg 4199 12226 10 0 202 attackers:4199,12226;victims:4199,12226;type:1;valid_origin:True;recurrent:False;local:False
4199 12226 1 202 0
4199 12226 2 202 0
4199 12226 3 201 1
4199 12226 4 194 8
4199 12226 5 202 0
4199 12226 6 198 4
4199 12226 7 190 12
4199 12226 8 184 18
4199 12226 9 179 23
4199 12226 10 173 29
!sus 7862 200612 9 1 1 attackers:200612;victims:7862;type:1;valid_origin:True;recurrent:False;local:True
7862 200612 1 0 1
7862 200612 2 1 0
7862 200612 3 1 0
7862 200612 4 1 0
7862 200612 5 1 0
7862 200612 6 1 0
7862 200612 7 1 0
7862 200612 8 1 0
7862 200612 9 1 0
7862 200612 10 1 0
!sus 40747 133772 0 10 61 attackers:133772;victims:40747;type:1;valid_origin:False;recurrent:True;local:False
40747 133772 1 0 61
40747 133772 2 0 61
40747 133772 3 0 61
40747 133772 4 0 61
40747 133772 5 0 61
40747 133772 6 0 61
40747 133772 7 0 61
40747 133772 8 0 61
40747 133772 9 0 61
40747 133772 10 0 61
!leg 62663 203446 10 0 2 attackers:62663;victims:203446;type:1;valid_origin:True;recurrent:False;local:False
62663 203446 1 2 0
62663 203446 2 2 0
62663 203446 3 2 0
62663 203446 4 2 0
62663 203446 5 2 0
62663 203446 6 2 0
62663 203446 7 2 0
62663 203446 8 2 0
62663 203446 9 2 0
62663 203446 10 2 0
!sus 135097 142286 8 2 131 attackers:135097;victims:142286;type:1;valid_origin:False;recurrent:True;local:False
135097 142286 1 131 0
135097 142286 2 131 0
135097 142286 3 131 0
135097 142286 4 131 0
135097 142286 5 129 2
135097 142286 6 105 26
135097 142286 7 0 131
135097 142286 8 124 7
135097 142286 9 128 3
135097 142286 10 0 131
!sus 23077 209554 0 10 4 attackers:209554;victims:23077;type:1;valid_origin:True;recurrent:True;local:False
23077 209554 1 0 4
23077 209554 2 0 4
23077 209554 3 0 4
23077 209554 4 0 4
23077 209554 5 0 4
23077 209554 6 0 4
23077 209554 7 0 4
23077 209554 8 0 4
23077 209554 9 0 4
23077 209554 10 0 4
!sus 60000 149848 4 6 1 attackers:149848;victims:60000;type:1;valid_origin:False;recurrent:True;local:False
60000 149848 1 1 0
60000 149848 2 1 0
60000 149848 3 1 0
60000 149848 4 0 1
60000 149848 5 1 0
60000 149848 6 0 1
60000 149848 7 0 1
60000 149848 8 0 1
60000 149848 9 0 1
60000 149848 10 0 1
!sus 38149 327814 0 10 4 attackers:327814;victims:38149;type:1;valid_origin:True;recurrent:True;local:False
38149 327814 1 0 4
38149 327814 2 0 4
38149 327814 3 0 4
38149 327814 4 0 4
38149 327814 5 1 3
38149 327814 6 1 3
38149 327814 7 1 3
38149 327814 8 1 3
38149 327814 9 1 3
38149 327814 10 1 3
!leg 701 53773 10 0 122 attackers:701;victims:53773;type:1;valid_origin:True;recurrent:False;local:False
701 53773 1 122 0
701 53773 2 122 0
701 53773 3 122 0
701 53773 4 122 0
701 53773 5 122 0
701 53773 6 122 0
701 53773 7 122 0
701 53773 8 122 0
701 53773 9 122 0
701 53773 10 122 0
!sus 1030 25737 0 10 7 attackers:1030;victims:25737;type:1;valid_origin:True;recurrent:True;local:False
1030 25737 1 0 7
1030 25737 2 0 7
1030 25737 3 0 7
1030 25737 4 0 7
1030 25737 5 0 7
1030 25737 6 0 7
1030 25737 7 0 7
1030 25737 8 0 7
1030 25737 9 0 7
1030 25737 10 0 7
!sus 17665 203345 0 10 228 attackers:203345;victims:203345;type:2;valid_origin:True;recurrent:True;local:False
17665 203345 1 0 228
17665 203345 2 0 228
17665 203345 3 0 228
17665 203345 4 0 228
17665 203345 5 0 228
17665 203345 6 0 228
17665 203345 7 0 228
17665 203345 8 0 228
17665 203345 9 5 223
17665 203345 10 0 228
!sus 271486 271645 7 3 2 attackers:271645;victims:271486;type:1;valid_origin:True;recurrent:True;local:False
271486 271645 1 0 2
271486 271645 2 0 2
271486 271645 3 0 2
271486 271645 4 2 0
271486 271645 5 2 0
271486 271645 6 2 0
271486 271645 7 2 0
271486 271645 8 2 0
271486 271645 9 2 0
271486 271645 10 2 0
!sus 9730 151698 4 6 6 attackers:9730;victims:151698;type:1;valid_origin:True;recurrent:True;local:False
9730 151698 1 6 0
9730 151698 2 6 0
9730 151698 3 6 0
9730 151698 4 2 4
9730 151698 5 0 6
9730 151698 6 0 6
9730 151698 7 0 6
9730 151698 8 1 5
9730 151698 9 4 2
9730 151698 10 0 6
!sus 27569 400885 1 9 2 attackers:27569;victims:400885;type:1;valid_origin:True;recurrent:True;local:False
27569 400885 1 2 0
27569 400885 2 1 1
27569 400885 3 0 2
27569 400885 4 0 2
27569 400885 5 0 2
27569 400885 6 0 2
27569 400885 7 0 2
27569 400885 8 0 2
27569 400885 9 0 2
27569 400885 10 0 2
!sus 262977 269208 0 10 8 attackers:262977;victims:269208;type:1;valid_origin:True;recurrent:False;local:False
262977 269208 1 1 7
262977 269208 2 0 8
262977 269208 3 0 8
262977 269208 4 1 7
262977 269208 5 1 7
262977 269208 6 1 7
262977 269208 7 1 7
262977 269208 8 1 7
262977 269208 9 1 7
262977 269208 10 1 7
!sus 168 1249 0 10 2 attackers:1249;victims:168;type:1;valid_origin:True;recurrent:True;local:False
168 1249 1 0 2
168 1249 2 0 2
168 1249 3 0 2
168 1249 4 0 2
168 1249 5 0 2
168 1249 6 0 2
168 1249 7 0 2
168 1249 8 0 2
168 1249 9 0 2
168 1249 10 0 2
!leg 136334 151743 10 0 64 attackers:136334;victims:151743;type:1;valid_origin:True;recurrent:False;local:False
136334 151743 1 64 0
136334 151743 2 64 0
136334 151743 3 64 0
136334 151743 4 64 0
136334 151743 5 64 0
136334 151743 6 64 0
136334 151743 7 64 0
136334 151743 8 64 0
136334 151743 9 64 0
136334 151743 10 64 0
!sus 60539 398343 7 3 24 attackers:60539;victims:398343;type:1,3;valid_origin:True;recurrent:True;local:False
60539 398343 1 0 24
60539 398343 2 0 24
60539 398343 3 22 2
60539 398343 4 1 23
60539 398343 5 24 0
60539 398343 6 24 0
60539 398343 7 24 0
60539 398343 8 24 0
60539 398343 9 24 0
60539 398343 10 24 0
!sus 134478 204508 0 10 1 attackers:134478;victims:204508;type:1;valid_origin:True;recurrent:False;local:False
134478 204508 1 0 1
134478 204508 2 0 1
134478 204508 3 0 1
134478 204508 4 0 1
134478 204508 5 0 1
134478 204508 6 0 1
134478 204508 7 0 1
134478 204508 8 0 1
134478 204508 9 0 1
134478 204508 10 0 1
!sus 272809 273069 1 9 7 attackers:272809;victims:273069;type:1;valid_origin:True;recurrent:True;local:False
272809 273069 1 4 3
272809 273069 2 2 5
272809 273069 3 0 7
272809 273069 4 0 7
272809 273069 5 0 7
272809 273069 6 0 7
272809 273069 7 0 7
272809 273069 8 0 7
272809 273069 9 0 7
272809 273069 10 0 7
!sus 25184 203694 8 2 239 attackers:25184;victims:203694;type:1;valid_origin:True;recurrent:True;local:False
25184 203694 1 239 0
25184 203694 2 239 0
25184 203694 3 238 1
25184 203694 4 237 2
25184 203694 5 142 97
25184 203694 6 237 2
25184 203694 7 2 237
25184 203694 8 159 80
25184 203694 9 235 4
25184 203694 10 0 239
!sus 58057 207550 1 9 93 attackers:58057;victims:207550;type:1;valid_origin:True;recurrent:True;local:False
58057 207550 1 10 83
58057 207550 2 2 91
58057 207550 3 23 70
58057 207550 4 2 91
58057 207550 5 2 91
58057 207550 6 7 86
58057 207550 7 9 84
58057 207550 8 63 30
58057 207550 9 9 84
58057 207550 10 12 81
!sus 52739 273407 9 1 2 attackers:52739;victims:273407;type:1;valid_origin:True;recurrent:True;local:False
52739 273407 1 2 0
52739 273407 2 2 0
52739 273407 3 2 0
52739 273407 4 2 0
52739 273407 5 2 0
52739 273407 6 2 0
52739 273407 7 2 0
52739 273407 8 2 0
52739 273407 9 2 0
52739 273407 10 0 2
!sus 28590 270344 0 10 67 attackers:270344;victims:28590;type:1;valid_origin:True;recurrent:True;local:False
28590 270344 1 0 67
28590 270344 2 0 67
28590 270344 3 0 67
28590 270344 4 0 67
28590 270344 5 0 67
28590 270344 6 0 67
28590 270344 7 0 67
28590 270344 8 0 67
28590 270344 9 0 67
28590 270344 10 0 67
!leg 3356 21660 10 0 70 attackers:3356;victims:21660;type:1;valid_origin:True;recurrent:False;local:False
3356 21660 1 70 0
3356 21660 2 70 0
3356 21660 3 70 0
3356 21660 4 70 0
3356 21660 5 70 0
3356 21660 6 70 0
3356 21660 7 70 0
3356 21660 8 70 0
3356 21660 9 70 0
3356 21660 10 70 0
!leg 57463 208227 10 0 1 attackers:57463;victims:208227;type:1;valid_origin:True;recurrent:False;local:True
57463 208227 1 1 0
57463 208227 2 1 0
57463 208227 3 1 0
57463 208227 4 1 0
57463 208227 5 1 0
57463 208227 6 1 0
57463 208227 7 1 0
57463 208227 8 1 0
57463 208227 9 1 0
57463 208227 10 1 0
!sus 149295 149649 0 10 175 attackers:149295;victims:149649;type:1;valid_origin:False;recurrent:False;local:False
149295 149649 1 16 159
149295 149649 2 24 151
149295 149649 3 15 160
149295 149649 4 17 158
149295 149649 5 19 156
149295 149649 6 15 160
149295 149649 7 20 155
149295 149649 8 79 96
149295 149649 9 25 150
149295 149649 10 18 157
!leg 36874 62663 10 0 2 attackers:62663;victims:37199;type:2;valid_origin:True;recurrent:False;local:False
36874 62663 1 2 0
36874 62663 2 2 0
36874 62663 3 2 0
36874 62663 4 2 0
36874 62663 5 2 0
36874 62663 6 2 0
36874 62663 7 2 0
36874 62663 8 2 0
36874 62663 9 2 0
36874 62663 10 2 0
!leg 812 4199 10 0 253 attackers:812;victims:4199,12226;type:1,2;valid_origin:True;recurrent:False;local:False
812 4199 1 253 0
812 4199 2 253 0
812 4199 3 253 0
812 4199 4 253 0
812 4199 5 253 0
812 4199 6 253 0
812 4199 7 253 0
812 4199 8 253 0
812 4199 9 253 0
812 4199 10 253 0
!sus 1030 397668 0 10 7 attackers:1030;victims:397668;type:1;valid_origin:True;recurrent:True;local:False
1030 397668 1 0 7
1030 397668 2 0 7
1030 397668 3 0 7
1030 397668 4 0 7
1030 397668 5 0 7
1030 397668 6 0 7
1030 397668 7 0 7
1030 397668 8 0 7
1030 397668 9 0 7
1030 397668 10 0 7
!sus 64026 149360 0 10 81 attackers:149360;victims:64026;type:1;valid_origin:True;recurrent:True;local:False
64026 149360 1 16 65
64026 149360 2 20 61
64026 149360 3 28 53
64026 149360 4 40 41
64026 149360 5 37 44
64026 149360 6 14 67
64026 149360 7 31 50
64026 149360 8 30 51
64026 149360 9 28 53
64026 149360 10 36 45
!sus 13876 47061 8 2 6 attackers:13876;victims:47061;type:1;valid_origin:True;recurrent:True;local:False
13876 47061 1 6 0
13876 47061 2 6 0
13876 47061 3 6 0
13876 47061 4 6 0
13876 47061 5 4 2
13876 47061 6 4 2
13876 47061 7 0 6
13876 47061 8 5 1
13876 47061 9 5 1
13876 47061 10 0 6
!leg 137366 140456 10 0 82 attackers:137366;victims:140456;type:1;valid_origin:True;recurrent:False;local:False
137366 140456 1 82 0
137366 140456 2 82 0
137366 140456 3 82 0
137366 140456 4 82 0
137366 140456 5 82 0
137366 140456 6 82 0
137366 140456 7 82 0
137366 140456 8 82 0
137366 140456 9 82 0
137366 140456 10 82 0
!leg 3327 21574 10 0 2 attackers:21574;victims:3327;type:1;valid_origin:True;recurrent:False;local:False
3327 21574 1 2 0
3327 21574 2 2 0
3327 21574 3 2 0
3327 21574 4 2 0
3327 21574 5 2 0
3327 21574 6 2 0
3327 21574 7 2 0
3327 21574 8 2 0
3327 21574 9 2 0
3327 21574 10 2 0
!sus 149795 399888 0 10 3 attackers:399888;victims:149795;type:1;valid_origin:True;recurrent:True;local:False
149795 399888 1 0 3
149795 399888 2 0 3
149795 399888 3 0 3
149795 399888 4 0 3
149795 399888 5 0 3
149795 399888 6 0 3
149795 399888 7 0 3
149795 399888 8 0 3
149795 399888 9 0 3
149795 399888 10 0 3
!sus 51964 216134 8 2 7 attackers:51964;victims:216134;type:1;valid_origin:True;recurrent:True;local:False
51964 216134 1 7 0
51964 216134 2 7 0
51964 216134 3 7 0
51964 216134 4 7 0
51964 216134 5 6 1
51964 216134 6 7 0
51964 216134 7 0 7
51964 216134 8 6 1
51964 216134 9 7 0
51964 216134 10 0 7
!leg 12876 21574 10 0 2 attackers:21574;victims:12876;type:1;valid_origin:True;recurrent:False;local:False
12876 21574 1 2 0
12876 21574 2 2 0
12876 21574 3 2 0
12876 21574 4 2 0
12876 21574 5 2 0
12876 21574 6 2 0
12876 21574 7 2 0
12876 21574 8 2 0
12876 21574 9 2 0
12876 21574 10 2 0
!sus 269634 271588 1 9 30 attackers:269634;victims:271588;type:1;valid_origin:True;recurrent:True;local:False
269634 271588 1 27 3
269634 271588 2 9 21
269634 271588 3 5 25
269634 271588 4 5 25
269634 271588 5 4 26
269634 271588 6 7 23
269634 271588 7 4 26
269634 271588 8 5 25
269634 271588 9 4 26
269634 271588 10 2 28
!sus 62246 134478 3 7 19 attackers:134478;victims:62246;type:1;valid_origin:True;recurrent:False;local:False
62246 134478 1 9 10
62246 134478 2 0 19
62246 134478 3 10 9
62246 134478 4 9 10
62246 134478 5 2 17
62246 134478 6 4 15
62246 134478 7 12 7
62246 134478 8 7 12
62246 134478 9 11 8
62246 134478 10 5 14
!sus 13645 32903 3 7 5 attackers:13645;victims:32903;type:1;valid_origin:True;recurrent:True;local:False
13645 32903 1 5 0
13645 32903 2 5 0
13645 32903 3 0 5
13645 32903 4 0 5
13645 32903 5 4 1
13645 32903 6 0 5
13645 32903 7 0 5
13645 32903 8 0 5
13645 32903 9 0 5
13645 32903 10 0 5
!sus 28 51019 0 10 47 attackers:51019;victims:28;type:1;valid_origin:True;recurrent:True;local:False
28 51019 1 0 47
28 51019 2 0 47
28 51019 3 0 47
28 51019 4 0 47
28 51019 5 0 47
28 51019 6 0 47
28 51019 7 0 47
28 51019 8 0 47
28 51019 9 0 47
28 51019 10 0 47
!sus 12576 262589 0 10 1 attackers:262589;victims:12576;type:1;valid_origin:True;recurrent:True;local:False
12576 262589 1 0 1
12576 262589 2 0 1
12576 262589 3 0 1
12576 262589 4 0 1
12576 262589 5 0 1
12576 262589 6 0 1
12576 262589 7 0 1
12576 262589 8 0 1
12576 262589 9 0 1
12576 262589 10 0 1
!sus 2 135636 0 10 1 attackers:135636;victims:2;type:1;valid_origin:False;recurrent:True;local:False
2 135636 1 0 1
2 135636 2 0 1
2 135636 3 0 1
2 135636 4 0 1
2 135636 5 0 1
2 135636 6 0 1
2 135636 7 0 1
2 135636 8 0 1
2 135636 9 0 1
2 135636 10 0 1
!sus 44889 215850 8 2 188 attackers:44889;victims:215850;type:1;valid_origin:True;recurrent:True;local:False
44889 215850 1 188 0
44889 215850 2 188 0
44889 215850 3 188 0
44889 215850 4 188 0
44889 215850 5 188 0
44889 215850 6 181 7
44889 215850 7 0 188
44889 215850 8 167 21
44889 215850 9 188 0
44889 215850 10 0 188
!sus 49612 215881 4 6 9 attackers:49612;victims:215881;type:1;valid_origin:True;recurrent:True;local:False
49612 215881 1 0 9
49612 215881 2 0 9
49612 215881 3 0 9
49612 215881 4 0 9
49612 215881 5 0 9
49612 215881 6 7 2
49612 215881 7 8 1
49612 215881 8 4 5
49612 215881 9 7 2
49612 215881 10 7 2
!sus 13768 43541 8 2 5 attackers:13768;victims:43541;type:1;valid_origin:True;recurrent:True;local:False
13768 43541 1 0 5
13768 43541 2 1 4
13768 43541 3 4 1
13768 43541 4 5 0
13768 43541 5 5 0
13768 43541 6 5 0
13768 43541 7 5 0
13768 43541 8 5 0
13768 43541 9 5 0
13768 43541 10 5 0
!sus 10753 22056 0 10 10 attackers:22056;victims:10753;type:1;valid_origin:True;recurrent:True;local:False
10753 22056 1 0 10
10753 22056 2 0 10
10753 22056 3 0 10
10753 22056 4 0 10
10753 22056 5 0 10
10753 22056 6 0 10
10753 22056 7 0 10
10753 22056 8 0 10
10753 22056 9 0 10
10753 22056 10 0 10
!leg 264022 271656 10 0 111 attackers:264022;victims:271656;type:1;valid_origin:True;recurrent:False;local:False
264022 271656 1 111 0
264022 271656 2 111 0
264022 271656 3 111 0
264022 271656 4 111 0
264022 271656 5 105 6
264022 271656 6 109 2
264022 271656 7 103 8
264022 271656 8 111 0
264022 271656 9 105 6
264022 271656 10 111 0
!sus 197464 207252 0 10 4 attackers:207252;victims:197464;type:1;valid_origin:True;recurrent:True;local:False
197464 207252 1 1 3
197464 207252 2 1 3
197464 207252 3 1 3
197464 207252 4 1 3
197464 207252 5 1 3
197464 207252 6 1 3
197464 207252 7 1 3
197464 207252 8 1 3
197464 207252 9 1 3
197464 207252 10 1 3
!sus 138423 151365 8 2 53 attackers:138423;victims:151365;type:1;valid_origin:True;recurrent:True;local:False
138423 151365 1 53 0
138423 151365 2 53 0
138423 151365 3 53 0
138423 151365 4 53 0
138423 151365 5 50 3
138423 151365 6 48 5
138423 151365 7 3 50
138423 151365 8 46 7
138423 151365 9 50 3
138423 151365 10 0 53
!sus 200149 215877 1 9 327 attackers:200149;victims:215877;type:1;valid_origin:True;recurrent:True;local:False
200149 215877 1 168 159
200149 215877 2 37 290
200149 215877 3 37 290
200149 215877 4 33 294
200149 215877 5 28 299
200149 215877 6 30 297
200149 215877 7 36 291
200149 215877 8 39 288
200149 215877 9 53 274
200149 215877 10 33 294
!leg 140627 149020 10 0 63 attackers:140627;victims:149020;type:1;valid_origin:True;recurrent:False;local:False
140627 149020 1 63 0
140627 149020 2 63 0
140627 149020 3 63 0
140627 149020 4 63 0
140627 149020 5 63 0
140627 149020 6 63 0
140627 149020 7 63 0
140627 149020 8 63 0
140627 149020 9 63 0
140627 149020 10 63 0
!sus 41051 215980 5 5 256 attackers:41051;victims:215980;type:1;valid_origin:True;recurrent:True;local:False
41051 215980 1 0 256
41051 215980 2 36 220
41051 215980 3 65 191
41051 215980 4 123 133
41051 215980 5 108 148
41051 215980 6 149 107
41051 215980 7 148 108
41051 215980 8 195 61
41051 215980 9 218 38
41051 215980 10 216 40
!leg 21497 262589 10 0 2 attackers:262589;victims:29688,210068;type:2;valid_origin:True;recurrent:True;local:False
21497 262589 1 2 0
21497 262589 2 2 0
21497 262589 3 2 0
21497 262589 4 2 0
21497 262589 5 2 0
21497 262589 6 2 0
21497 262589 7 2 0
21497 262589 8 2 0
21497 262589 9 2 0
21497 262589 10 2 0
!sus 36902 37343 1 9 6 attackers:37343;victims:36902;type:1;valid_origin:True;recurrent:True;local:False
36902 37343 1 4 2
36902 37343 2 0 6
36902 37343 3 0 6
36902 37343 4 0 6
36902 37343 5 0 6
36902 37343 6 0 6
36902 37343 7 0 6
36902 37343 8 0 6
36902 37343 9 0 6
36902 37343 10 0 6
!sus 15704 329119 9 1 120 attackers:15704;victims:329119;type:1;valid_origin:True;recurrent:True;local:False
15704 329119 1 37 83
15704 329119 2 97 23
15704 329119 3 117 3
15704 329119 4 119 1
15704 329119 5 120 0
15704 329119 6 120 0
15704 329119 7 120 0
15704 329119 8 120 0
15704 329119 9 120 0
15704 329119 10 120 0
!sus 37100 328691 9 1 14 attackers:37100;victims:328691;type:1;valid_origin:True;recurrent:True;local:False
37100 328691 1 1 13
37100 328691 2 8 6
37100 328691 3 13 1
37100 328691 4 13 1
37100 328691 5 14 0
37100 328691 6 14 0
37100 328691 7 14 0
37100 328691 8 14 0
37100 328691 9 14 0
37100 328691 10 14 0
!leg 24198 149364 10 0 73 attackers:24198;victims:149364;type:1;valid_origin:True;recurrent:False;local:False
24198 149364 1 73 0
24198 149364 2 73 0
24198 149364 3 73 0
24198 149364 4 73 0
24198 149364 5 73 0
24198 149364 6 73 0
24198 149364 7 73 0
24198 149364 8 73 0
24198 149364 9 73 0
24198 149364 10 73 0
!sus 210233 216157 0 10 27 attackers:210233;victims:216157;type:1;valid_origin:True;recurrent:False;local:False
210233 216157 1 0 27
210233 216157 2 5 22
210233 216157 3 10 17
210233 216157 4 10 17
210233 216157 5 12 15
210233 216157 6 12 15
210233 216157 7 12 15
210233 216157 8 12 15
210233 216157 9 12 15
210233 216157 10 12 15
!sus 23750 140039 8 2 2 attackers:23750;victims:140039;type:1;valid_origin:True;recurrent:True;local:False
23750 140039 1 2 0
23750 140039 2 2 0
23750 140039 3 2 0
23750 140039 4 2 0
23750 140039 5 2 0
23750 140039 6 2 0
23750 140039 7 0 2
23750 140039 8 2 0
23750 140039 9 2 0
23750 140039 10 0 2
!leg 31042 48452 10 0 3 attackers:48452;victims:42805;type:3;valid_origin:True;recurrent:False;local:False
31042 48452 1 3 0
31042 48452 2 3 0
31042 48452 3 3 0
31042 48452 4 3 0
31042 48452 5 3 0
31042 48452 6 3 0
31042 48452 7 3 0
31042 48452 8 3 0
31042 48452 9 3 0
31042 48452 10 3 0
!sus 3360 52468 8 2 39 attackers:52468;victims:3360;type:1;valid_origin:True;recurrent:True;local:False
3360 52468 1 0 39
3360 52468 2 2 37
3360 52468 3 30 9
3360 52468 4 32 7
3360 52468 5 38 1
3360 52468 6 36 3
3360 52468 7 38 1
3360 52468 8 38 1
3360 52468 9 38 1
3360 52468 10 38 1
!sus 17501 152307 9 1 9 attackers:17501;victims:152307;type:1;valid_origin:True;recurrent:True;local:False
17501 152307 1 9 0
17501 152307 2 9 0
17501 152307 3 9 0
17501 152307 4 9 0
17501 152307 5 9 0
17501 152307 6 9 0
17501 152307 7 7 2
17501 152307 8 9 0
17501 152307 9 9 0
17501 152307 10 1 8
!sus 208293 211908 2 8 2 attackers:208293;victims:211908;type:1;valid_origin:True;recurrent:True;local:False
208293 211908 1 2 0
208293 211908 2 2 0
208293 211908 3 0 2
208293 211908 4 0 2
208293 211908 5 0 2
208293 211908 6 0 2
208293 211908 7 0 2
208293 211908 8 1 1
208293 211908 9 1 1
208293 211908 10 0 2
!leg 57344 205343 10 0 60 attackers:57344;victims:205343;type:1;valid_origin:True;recurrent:False;local:False
57344 205343 1 60 0
57344 205343 2 60 0
57344 205343 3 60 0
57344 205343 4 60 0
57344 205343 5 60 0
57344 205343 6 60 0
57344 205343 7 60 0
57344 205343 8 60 0
57344 205343 9 60 0
57344 205343 10 60 0
!sus 209533 215912 0 10 3 attackers:209533;victims:215912;type:1;valid_origin:True;recurrent:True;local:False
209533 215912 1 0 3
209533 215912 2 0 3
209533 215912 3 0 3
209533 215912 4 0 3
209533 215912 5 0 3
209533 215912 6 0 3
209533 215912 7 0 3
209533 215912 8 0 3
209533 215912 9 0 3
209533 215912 10 0 3
!sus 134478 201217 0 10 3 attackers:134478;victims:201217;type:1;valid_origin:True;recurrent:False;local:False
134478 201217 1 0 3
134478 201217 2 0 3
134478 201217 3 0 3
134478 201217 4 0 3
134478 201217 5 0 3
134478 201217 6 0 3
134478 201217 7 0 3
134478 201217 8 1 2
134478 201217 9 1 2
134478 201217 10 1 2
!sus 37100 329369 1 9 12 attackers:37100;victims:329369;type:1;valid_origin:True;recurrent:True;local:False
37100 329369 1 4 8
37100 329369 2 7 5
37100 329369 3 0 12
37100 329369 4 0 12
37100 329369 5 0 12
37100 329369 6 0 12
37100 329369 7 3 9
37100 329369 8 0 12
37100 329369 9 1 11
37100 329369 10 0 12
!sus 210645 393577 0 10 4 attackers:393577;victims:210645;type:1;valid_origin:True;recurrent:True;local:False
210645 393577 1 0 4
210645 393577 2 0 4
210645 393577 3 0 4
210645 393577 4 0 4
210645 393577 5 0 4
210645 393577 6 0 4
210645 393577 7 0 4
210645 393577 8 0 4
210645 393577 9 0 4
210645 393577 10 0 4
!sus 25184 216344 6 4 8 attackers:25184;victims:216344;type:1;valid_origin:True;recurrent:True;local:False
25184 216344 1 8 0
25184 216344 2 8 0
25184 216344 3 8 0
25184 216344 4 8 0
25184 216344 5 4 4
25184 216344 6 8 0
25184 216344 7 0 8
25184 216344 8 4 4
25184 216344 9 8 0
25184 216344 10 0 8
!sus 38235 139341 7 3 11 attackers:38235;victims:139341;type:1;valid_origin:True;recurrent:True;local:False
38235 139341 1 1 10
38235 139341 2 4 7
38235 139341 3 5 6
38235 139341 4 6 5
38235 139341 5 11 0
38235 139341 6 11 0
38235 139341 7 9 2
38235 139341 8 11 0
38235 139341 9 11 0
38235 139341 10 11 0
!sus 139620 150285 0 10 14 attackers:139620;victims:150285;type:1;valid_origin:True;recurrent:True;local:False
139620 150285 1 2 12
139620 150285 2 0 14
139620 150285 3 0 14
139620 150285 4 0 14
139620 150285 5 0 14
139620 150285 6 0 14
139620 150285 7 0 14
139620 150285 8 0 14
139620 150285 9 0 14
139620 150285 10 0 14
!leg 208171 393577 10 0 22 attackers:393577;victims:208171;type:1;valid_origin:True;recurrent:False;local:False
208171 393577 1 22 0
208171 393577 2 22 0
208171 393577 3 22 0
208171 393577 4 22 0
208171 393577 5 22 0
208171 393577 6 22 0
208171 393577 7 22 0
208171 393577 8 22 0
208171 393577 9 22 0
208171 393577 10 22 0
!sus 265415 273421 1 9 5 attackers:273421;victims:265415;type:1;valid_origin:True;recurrent:True;local:False
265415 273421 1 1 4
265415 273421 2 2 3
265415 273421 3 1 4
265415 273421 4 2 3
265415 273421 5 1 4
265415 273421 6 2 3
265415 273421 7 2 3
265415 273421 8 3 2
265415 273421 9 2 3
265415 273421 10 2 3
!sus 142270 211826 0 10 8 attackers:211826;victims:142270;type:1;valid_origin:True;recurrent:True;local:False
142270 211826 1 1 7
142270 211826 2 2 6
142270 211826 3 0 8
142270 211826 4 0 8
142270 211826 5 0 8
142270 211826 6 0 8
142270 211826 7 0 8
142270 211826 8 0 8
142270 211826 9 0 8
142270 211826 10 0 8
!sus 28158 270052 8 2 2 attackers:28158;victims:272026,273095;type:2;valid_origin:True;recurrent:True;local:False
28158 270052 1 0 2
28158 270052 2 1 1
28158 270052 3 2 0
28158 270052 4 2 0
28158 270052 5 2 0
28158 270052 6 2 0
28158 270052 7 2 0
28158 270052 8 2 0
28158 270052 9 2 0
28158 270052 10 2 0
!sus 198072 215966 0 10 4 attackers:198072;victims:215966;type:1;valid_origin:True;recurrent:True;local:False
198072 215966 1 0 4
198072 215966 2 0 4
198072 215966 3 0 4
198072 215966 4 0 4
198072 215966 5 0 4
198072 215966 6 0 4
198072 215966 7 0 4
198072 215966 8 0 4
198072 215966 9 0 4
198072 215966 10 0 4
!sus 138915 203217 0 10 2 attackers:203217;victims:138915;type:1;valid_origin:True;recurrent:True;local:False
138915 203217 1 0 2
138915 203217 2 0 2
138915 203217 3 0 2
138915 203217 4 0 2
138915 203217 5 0 2
138915 203217 6 0 2
138915 203217 7 0 2
138915 203217 8 0 2
138915 203217 9 0 2
138915 203217 10 0 2
!sus 1030 399737 0 10 7 attackers:1030;victims:399737;type:1;valid_origin:True;recurrent:True;local:False
1030 399737 1 0 7
1030 399737 2 0 7
1030 399737 3 0 7
1030 399737 4 0 7
1030 399737 5 0 7
1030 399737 6 0 7
1030 399737 7 0 7
1030 399737 8 0 7
1030 399737 9 0 7
1030 399737 10 0 7
!leg 8283 215842 10 0 79 attackers:8283;victims:215842;type:1;valid_origin:True;recurrent:False;local:False
8283 215842 1 46 33
8283 215842 2 68 11
8283 215842 3 73 6
8283 215842 4 78 1
8283 215842 5 78 1
8283 215842 6 79 0
8283 215842 7 79 0
8283 215842 8 78 1
8283 215842 9 79 0
8283 215842 10 79 0
!leg 263073 266635 10 0 77 attackers:263073;victims:266635;type:1;valid_origin:True;recurrent:False;local:False
263073 266635 1 77 0
263073 266635 2 77 0
263073 266635 3 77 0
263073 266635 4 77 0
263073 266635 5 77 0
263073 266635 6 77 0
263073 266635 7 77 0
263073 266635 8 77 0
263073 266635 9 77 0
263073 266635 10 77 0
!sus 9808 139137 5 5 2 attackers:9808;victims:139137;type:1;valid_origin:False;recurrent:True;local:False
9808 139137 1 2 0
9808 139137 2 2 0
9808 139137 3 2 0
9808 139137 4 2 0
9808 139137 5 1 1
9808 139137 6 2 0
9808 139137 7 0 2
9808 139137 8 1 1
9808 139137 9 1 1
9808 139137 10 0 2
!sus 58689 64201 1 9 11 attackers:58689;victims:64201;type:1;valid_origin:True;recurrent:True;local:False
58689 64201 1 0 11
58689 64201 2 0 11
58689 64201 3 0 11
58689 64201 4 0 11
58689 64201 5 0 11
58689 64201 6 5 6
58689 64201 7 0 11
58689 64201 8 4 7
58689 64201 9 0 11
58689 64201 10 11 0
!sus 38623 139844 9 1 1 attackers:38623;victims:139844;type:1;valid_origin:True;recurrent:True;local:False
38623 139844 1 0 1
38623 139844 2 1 0
38623 139844 3 1 0
38623 139844 4 1 0
38623 139844 5 1 0
38623 139844 6 1 0
38623 139844 7 1 0
38623 139844 8 1 0
38623 139844 9 1 0
38623 139844 10 1 0
!sus 15353 215907 9 1 9 attackers:15353;victims:215907;type:1;valid_origin:True;recurrent:True;local:False
15353 215907 1 1 8
15353 215907 2 6 3
15353 215907 3 8 1
15353 215907 4 9 0
15353 215907 5 9 0
15353 215907 6 9 0
15353 215907 7 9 0
15353 215907 8 9 0
15353 215907 9 9 0
15353 215907 10 9 0
!sus 61414 152092 2 8 9 attackers:61414;victims:152092;type:1;valid_origin:True;recurrent:True;local:False
61414 152092 1 0 9
61414 152092 2 0 9
61414 152092 3 0 9
61414 152092 4 0 9
61414 152092 5 0 9
61414 152092 6 0 9
61414 152092 7 0 9
61414 152092 8 0 9
61414 152092 9 7 2
61414 152092 10 6 3
!sus 100 215920 0 10 6 attackers:215920;victims:100;type:1;valid_origin:True;recurrent:True;local:False
100 215920 1 0 6
100 215920 2 0 6
100 215920 3 0 6
100 215920 4 0 6
100 215920 5 0 6
100 215920 6 0 6
100 215920 7 0 6
100 215920 8 0 6
100 215920 9 0 6
100 215920 10 0 6
!sus 64297 150283 0 10 7 attackers:64297;victims:150283;type:1;valid_origin:True;recurrent:True;local:False
64297 150283 1 0 7
64297 150283 2 0 7
64297 150283 3 0 7
64297 150283 4 0 7
64297 150283 5 0 7
64297 150283 6 0 7
64297 150283 7 0 7
64297 150283 8 1 6
64297 150283 9 0 7
64297 150283 10 1 6
!sus 131471 138467 8 2 34 attackers:131471;victims:138467;type:1;valid_origin:True;recurrent:True;local:False
131471 138467 1 34 0
131471 138467 2 34 0
131471 138467 3 34 0
131471 138467 4 34 0
131471 138467 5 34 0
131471 138467 6 33 1
131471 138467 7 0 34
131471 138467 8 32 2
131471 138467 9 34 0
131471 138467 10 0 34
!sus 264403 273421 0 10 2 attackers:273421;victims:264403;type:1;valid_origin:True;recurrent:True;local:False
264403 273421 1 1 1
264403 273421 2 1 1
264403 273421 3 1 1
264403 273421 4 1 1
264403 273421 5 1 1
264403 273421 6 1 1
264403 273421 7 1 1
264403 273421 8 1 1
264403 273421 9 1 1
264403 273421 10 1 1
!sus 10158 18160 0 10 7 attackers:10158;victims:18160;type:1;valid_origin:True;recurrent:True;local:False
10158 18160 1 0 7
10158 18160 2 0 7
10158 18160 3 0 7
10158 18160 4 0 7
10158 18160 5 0 7
10158 18160 6 0 7
10158 18160 7 0 7
10158 18160 8 0 7
10158 18160 9 0 7
10158 18160 10 0 7
!sus 19620 199765 1 9 130 attackers:199765;victims:19620;type:1;valid_origin:True;recurrent:False;local:False
19620 199765 1 130 0
19620 199765 2 19 111
19620 199765 3 20 110
19620 199765 4 34 96
19620 199765 5 46 84
19620 199765 6 35 95
19620 199765 7 35 95
19620 199765 8 45 85
19620 199765 9 16 114
19620 199765 10 13 117
!sus 26768 57175 3 7 6 attackers:57175;victims:26768;type:1;valid_origin:True;recurrent:True;local:False
26768 57175 1 6 0
26768 57175 2 6 0
26768 57175 3 6 0
26768 57175 4 0 6
26768 57175 5 1 5
26768 57175 6 0 6
26768 57175 7 0 6
26768 57175 8 0 6
26768 57175 9 0 6
26768 57175 10 0 6
!leg 266647 267613 10 0 1 attackers:267613;victims:266647;type:1;valid_origin:True;recurrent:False;local:False
266647 267613 1 1 0
266647 267613 2 1 0
266647 267613 3 1 0
266647 267613 4 1 0
266647 267613 5 1 0
266647 267613 6 1 0
266647 267613 7 1 0
266647 267613 8 1 0
266647 267613 9 1 0
266647 267613 10 1 0
!sus 26006 197841 6 4 4 attackers:26006;victims:197841;type:1;valid_origin:True;recurrent:True;local:False
26006 197841 1 1 3
26006 197841 2 2 2
26006 197841 3 3 1
26006 197841 4 4 0
26006 197841 5 1 3
26006 197841 6 1 3
26006 197841 7 4 0
26006 197841 8 4 0
26006 197841 9 4 0
26006 197841 10 4 0
!sus 262663 264422 0 10 10 attackers:264422;victims:262663;type:1;valid_origin:True;recurrent:True;local:False
262663 264422 1 0 10
262663 264422 2 0 10
262663 264422 3 0 10
262663 264422 4 0 10
262663 264422 5 0 10
262663 264422 6 0 10
262663 264422 7 0 10
262663 264422 8 0 10
262663 264422 9 0 10
262663 264422 10 0 10
!sus 34927 204033 0 10 71 attackers:34927;victims:204033;type:1;valid_origin:True;recurrent:False;local:False
34927 204033 1 33 38
34927 204033 2 17 54
34927 204033 3 28 43
34927 204033 4 21 50
34927 204033 5 15 56
34927 204033 6 18 53
34927 204033 7 19 52
34927 204033 8 32 39
34927 204033 9 33 38
34927 204033 10 26 45
!sus 136142 138423 5 5 13 attackers:138423;victims:136142;type:1;valid_origin:True;recurrent:True;local:False
136142 138423 1 13 0
136142 138423 2 13 0
136142 138423 3 13 0
136142 138423 4 12 1
136142 138423 5 13 0
136142 138423 6 0 13
136142 138423 7 0 13
136142 138423 8 0 13
136142 138423 9 0 13
136142 138423 10 0 13
!sus 21924 22516 1 9 9 attackers:22516;victims:21924;type:1;valid_origin:True;recurrent:True;local:False
21924 22516 1 4 5
21924 22516 2 1 8
21924 22516 3 7 2
21924 22516 4 3 6
21924 22516 5 3 6
21924 22516 6 2 7
21924 22516 7 2 7
21924 22516 8 4 5
21924 22516 9 0 9
21924 22516 10 4 5
!sus 52900 273397 5 5 2 attackers:52900;victims:273397;type:1;valid_origin:True;recurrent:True;local:False
52900 273397 1 2 0
52900 273397 2 2 0
52900 273397 3 2 0
52900 273397 4 2 0
52900 273397 5 1 1
52900 273397 6 2 0
52900 273397 7 0 2
52900 273397 8 0 2
52900 273397 9 1 1
52900 273397 10 0 2
!leg 21574 42652 10 0 2 attackers:21574;victims:12853;type:2;valid_origin:True;recurrent:False;local:False
21574 42652 1 2 0
21574 42652 2 2 0
21574 42652 3 2 0
21574 42652 4 2 0
21574 42652 5 2 0
21574 42652 6 2 0
21574 42652 7 2 0
21574 42652 8 2 0
21574 42652 9 2 0
21574 42652 10 2 0
!sus 26920 269205 0 10 58 attackers:269205;victims:26920;type:1;valid_origin:False;recurrent:True;local:False
26920 269205 1 0 58
26920 269205 2 0 58
26920 269205 3 0 58
26920 269205 4 0 58
26920 269205 5 0 58
26920 269205 6 0 58
26920 269205 7 0 58
26920 269205 8 0 58
26920 269205 9 0 58
26920 269205 10 0 58
!sus 57173 60427 1 9 1 attackers:60427;victims:57173;type:1;valid_origin:True;recurrent:True;local:False
57173 60427 1 1 0
57173 60427 2 0 1
57173 60427 3 0 1
57173 60427 4 0 1
57173 60427 5 0 1
57173 60427 6 0 1
57173 60427 7 0 1
57173 60427 8 0 1
57173 60427 9 0 1
57173 60427 10 0 1
!sus 41160 197000 4 6 1 attackers:41160;victims:197000;type:1;valid_origin:True;recurrent:True;local:False
41160 197000 1 0 1
41160 197000 2 0 1
41160 197000 3 0 1
41160 197000 4 0 1
41160 197000 5 0 1
41160 197000 6 0 1
41160 197000 7 1 0
41160 197000 8 1 0
41160 197000 9 1 0
41160 197000 10 1 0
!sus 135523 151340 8 2 44 attackers:135523;victims:151340;type:1;valid_origin:False;recurrent:True;local:False
135523 151340 1 44 0
135523 151340 2 44 0
135523 151340 3 44 0
135523 151340 4 44 0
135523 151340 5 41 3
135523 151340 6 44 0
135523 151340 7 0 44
135523 151340 8 42 2
135523 151340 9 44 0
135523 151340 10 0 44
!leg 8823 21574 10 0 5 attackers:21574;victims:8823;type:1;valid_origin:True;recurrent:False;local:False
8823 21574 1 5 0
8823 21574 2 5 0
8823 21574 3 5 0
8823 21574 4 5 0
8823 21574 5 5 0
8823 21574 6 5 0
8823 21574 7 5 0
8823 21574 8 5 0
8823 21574 9 5 0
8823 21574 10 5 0
!sus 29632 205255 0 10 1 attackers:29632;victims:205255;type:1;valid_origin:True;recurrent:True;local:False
29632 205255 1 0 1
29632 205255 2 0 1
29632 205255 3 0 1
29632 205255 4 0 1
29632 205255 5 0 1
29632 205255 6 0 1
29632 205255 7 0 1
29632 205255 8 0 1
29632 205255 9 0 1
29632 205255 10 0 1
!leg 20633 21574 10 0 2 attackers:21574;victims:20633;type:1;valid_origin:True;recurrent:False;local:False
20633 21574 1 2 0
20633 21574 2 2 0
20633 21574 3 2 0
20633 21574 4 2 0
20633 21574 5 2 0
20633 21574 6 2 0
20633 21574 7 2 0
20633 21574 8 2 0
20633 21574 9 2 0
20633 21574 10 2 0
!sus 398536 400146 0 10 24 attackers:400146;victims:398536;type:1;valid_origin:True;recurrent:True;local:False
398536 400146 1 0 24
398536 400146 2 0 24
398536 400146 3 0 24
398536 400146 4 0 24
398536 400146 5 0 24
398536 400146 6 0 24
398536 400146 7 0 24
398536 400146 8 0 24
398536 400146 9 0 24
398536 400146 10 0 24
!sus 151841 206075 8 2 8 attackers:206075;victims:151841;type:1;valid_origin:True;recurrent:True;local:False
151841 206075 1 1 7
151841 206075 2 2 6
151841 206075 3 6 2
151841 206075 4 7 1
151841 206075 5 8 0
151841 206075 6 8 0
151841 206075 7 8 0
151841 206075 8 8 0
151841 206075 9 8 0
151841 206075 10 8 0
!sus 57785 196695 0 10 12 attackers:196695;victims:57785;type:1;valid_origin:True;recurrent:True;local:False
57785 196695 1 0 12
57785 196695 2 0 12
57785 196695 3 0 12
57785 196695 4 0 12
57785 196695 5 0 12
57785 196695 6 0 12
57785 196695 7 0 12
57785 196695 8 0 12
57785 196695 9 0 12
57785 196695 10 0 12
!sus 50263 62081 0 10 36 attackers:62081;victims:212375,202538,204685,48385,210896,56899,212761,45022,204384,212048,60812,44921,44294,35588,50305,39513,39908,31685;type:2,3;valid_origin:True;recurrent:True;local:False
50263 62081 1 0 36
50263 62081 2 0 36
50263 62081 3 0 36
50263 62081 4 0 36
50263 62081 5 0 36
50263 62081 6 0 36
50263 62081 7 0 36
50263 62081 8 0 36
50263 62081 9 12 24
50263 62081 10 13 23
!sus 11179 205209 0 10 1 attackers:205209;victims:11179;type:1;valid_origin:True;recurrent:False;local:False
11179 205209 1 0 1
11179 205209 2 0 1
11179 205209 3 0 1
11179 205209 4 0 1
11179 205209 5 0 1
11179 205209 6 0 1
11179 205209 7 0 1
11179 205209 8 0 1
11179 205209 9 0 1
11179 205209 10 0 1
!sus 199310 393577 6 4 6 attackers:199310;victims:62246;type:4,5;valid_origin:True;recurrent:False;local:False
199310 393577 1 2 4
199310 393577 2 3 3
199310 393577 3 3 3
199310 393577 4 3 3
199310 393577 5 5 1
199310 393577 6 5 1
199310 393577 7 5 1
199310 393577 8 5 1
199310 393577 9 5 1
199310 393577 10 5 1
!leg 41327 215984 10 0 12 attackers:41327;victims:215984;type:1;valid_origin:False;recurrent:True;local:False
41327 215984 1 11 1
41327 215984 2 8 4
41327 215984 3 10 2
41327 215984 4 9 3
41327 215984 5 7 5
41327 215984 6 8 4
41327 215984 7 7 5
41327 215984 8 10 2
41327 215984 9 11 1
41327 215984 10 9 3
!sus 51684 139341 0 10 8 attackers:51684;victims:139341;type:1;valid_origin:True;recurrent:True;local:False
51684 139341 1 0 8
51684 139341 2 0 8
51684 139341 3 0 8
51684 139341 4 0 8
51684 139341 5 0 8
51684 139341 6 0 8
51684 139341 7 0 8
51684 139341 8 0 8
51684 139341 9 0 8
51684 139341 10 0 8
!leg 28573 265377 10 0 4 attackers:265377;victims:28573;type:1;valid_origin:True;recurrent:False;local:False
28573 265377 1 4 0
28573 265377 2 4 0
28573 265377 3 4 0
28573 265377 4 4 0
28573 265377 5 4 0
28573 265377 6 4 0
28573 265377 7 4 0
28573 265377 8 4 0
28573 265377 9 4 0
28573 265377 10 4 0
!sus 49612 150249 0 10 110 attackers:49612;victims:150249;type:1;valid_origin:False;recurrent:True;local:False
49612 150249 1 0 110
49612 150249 2 0 110
49612 150249 3 1 109
49612 150249 4 1 109
49612 150249 5 7 103
49612 150249 6 13 97
49612 150249 7 27 83
49612 150249 8 14 96
49612 150249 9 29 81
49612 150249 10 54 56
!sus 209605 215898 0 10 4 attackers:209605;victims:215898;type:1;valid_origin:True;recurrent:True;local:False
209605 215898 1 0 4
209605 215898 2 1 3
209605 215898 3 1 3
209605 215898 4 1 3
209605 215898 5 1 3
209605 215898 6 1 3
209605 215898 7 1 3
209605 215898 8 1 3
209605 215898 9 1 3
209605 215898 10 1 3
!leg 7552 131388 10 0 278 attackers:7552,131388;victims:45903,135921,131388;type:1,3,4;valid_origin:True;recurrent:False;local:False
7552 131388 1 278 0
7552 131388 2 278 0
7552 131388 3 278 0
7552 131388 4 278 0
7552 131388 5 278 0
7552 131388 6 278 0
7552 131388 7 278 0
7552 131388 8 278 0
7552 131388 9 278 0
7552 131388 10 278 0
!sus 23764 264570 5 5 10 attackers:23764;victims:264570;type:1;valid_origin:True;recurrent:True;local:False
23764 264570 1 0 10
23764 264570 2 0 10
23764 264570 3 0 10
23764 264570 4 5 5
23764 264570 5 2 8
23764 264570 6 6 4
23764 264570 7 8 2
23764 264570 8 6 4
23764 264570 9 8 2
23764 264570 10 8 2
!sus 38074 150325 9 1 33 attackers:38074;victims:150325;type:1;valid_origin:True;recurrent:True;local:False
38074 150325 1 8 25
38074 150325 2 23 10
38074 150325 3 33 0
38074 150325 4 33 0
38074 150325 5 33 0
38074 150325 6 33 0
38074 150325 7 33 0
38074 150325 8 33 0
38074 150325 9 33 0
38074 150325 10 33 0
!sus 209533 215842 8 2 121 attackers:209533;victims:215842;type:1;valid_origin:True;recurrent:True;local:False
209533 215842 1 3 118
209533 215842 2 21 100
209533 215842 3 83 38
209533 215842 4 114 7
209533 215842 5 117 4
209533 215842 6 117 4
209533 215842 7 117 4
209533 215842 8 121 0
209533 215842 9 121 0
209533 215842 10 121 0
!sus 72 5666 7 3 2 attackers:5666;victims:72;type:1;valid_origin:True;recurrent:True;local:False
72 5666 1 0 2
72 5666 2 0 2
72 5666 3 2 0
72 5666 4 1 1
72 5666 5 2 0
72 5666 6 2 0
72 5666 7 2 0
72 5666 8 2 0
72 5666 9 2 0
72 5666 10 2 0
!sus 47152 208753 0 10 3 attackers:47152;victims:208753;type:1;valid_origin:True;recurrent:True;local:False
47152 208753 1 0 3
47152 208753 2 0 3
47152 208753 3 0 3
47152 208753 4 0 3
47152 208753 5 0 3
47152 208753 6 0 3
47152 208753 7 0 3
47152 208753 8 0 3
47152 208753 9 0 3
47152 208753 10 0 3
!sus 134517 152093 2 8 16 attackers:134517;victims:152093;type:1;valid_origin:True;recurrent:True;local:False
134517 152093 1 16 0
134517 152093 2 16 0
134517 152093 3 0 16
134517 152093 4 0 16
134517 152093 5 6 10
134517 152093 6 0 16
134517 152093 7 0 16
134517 152093 8 0 16
134517 152093 9 0 16
134517 152093 10 0 16
!sus 63023 400904 7 3 42 attackers:63023;victims:400904;type:1;valid_origin:True;recurrent:True;local:False
63023 400904 1 39 3
63023 400904 2 38 4
63023 400904 3 31 11
63023 400904 4 8 34
63023 400904 5 12 30
63023 400904 6 14 28
63023 400904 7 37 5
63023 400904 8 36 6
63023 400904 9 23 19
63023 400904 10 37 5
!sus 30012 52468 8 2 8 attackers:52468;victims:30012;type:1;valid_origin:True;recurrent:True;local:False
30012 52468 1 1 7
30012 52468 2 3 5
30012 52468 3 6 2
30012 52468 4 7 1
30012 52468 5 8 0
30012 52468 6 8 0
30012 52468 7 8 0
30012 52468 8 8 0
30012 52468 9 8 0
30012 52468 10 8 0
!leg 28329 272321 10 0 25 attackers:272321;victims:270985;type:6;valid_origin:True;recurrent:False;local:False
28329 272321 1 25 0
28329 272321 2 25 0
28329 272321 3 25 0
28329 272321 4 25 0
28329 272321 5 25 0
28329 272321 6 25 0
28329 272321 7 25 0
28329 272321 8 25 0
28329 272321 9 25 0
28329 272321 10 25 0
!sus 208680 209533 8 2 2 attackers:209533;victims:208680;type:1;valid_origin:True;recurrent:True;local:False
208680 209533 1 0 2
208680 209533 2 0 2
208680 209533 3 2 0
208680 209533 4 2 0
208680 209533 5 2 0
208680 209533 6 2 0
208680 209533 7 2 0
208680 209533 8 2 0
208680 209533 9 2 0
208680 209533 10 2 0
!sus 204465 208368 0 10 3 attackers:208368;victims:204465;type:1;valid_origin:True;recurrent:True;local:False
204465 208368 1 1 2
204465 208368 2 1 2
204465 208368 3 0 3
204465 208368 4 0 3
204465 208368 5 1 2
204465 208368 6 0 3
204465 208368 7 0 3
204465 208368 8 0 3
204465 208368 9 0 3
204465 208368 10 0 3
!sus 209533 215734 0 10 287 attackers:209533;victims:215734;type:1;valid_origin:True;recurrent:False;local:False
209533 215734 1 26 261
209533 215734 2 21 266
209533 215734 3 3 284
209533 215734 4 0 287
209533 215734 5 40 247
209533 215734 6 0 287
209533 215734 7 16 271
209533 215734 8 0 287
209533 215734 9 0 287
209533 215734 10 0 287
!sus 40468 54439 5 5 7 attackers:40468;victims:54439;type:1;valid_origin:True;recurrent:True;local:False
40468 54439 1 7 0
40468 54439 2 7 0
40468 54439 3 4 3
40468 54439 4 4 3
40468 54439 5 4 3
40468 54439 6 0 7
40468 54439 7 0 7
40468 54439 8 0 7
40468 54439 9 0 7
40468 54439 10 0 7
!sus 50673 199404 9 1 54 attackers:50673;victims:199404;type:1;valid_origin:True;recurrent:False;local:False
50673 199404 1 19 35
50673 199404 2 37 17
50673 199404 3 44 10
50673 199404 4 42 12
50673 199404 5 47 7
50673 199404 6 52 2
50673 199404 7 52 2
50673 199404 8 52 2
50673 199404 9 52 2
50673 199404 10 52 2
!sus 20940 395502 0 10 10 attackers:395502;victims:20940;type:1;valid_origin:True;recurrent:True;local:False
20940 395502 1 0 10
20940 395502 2 0 10
20940 395502 3 0 10
20940 395502 4 0 10
20940 395502 5 0 10
20940 395502 6 0 10
20940 395502 7 0 10
20940 395502 8 0 10
20940 395502 9 0 10
20940 395502 10 0 10
!leg 4637 27399 10 0 55 attackers:4637;victims:27399;type:1;valid_origin:True;recurrent:False;local:False
4637 27399 1 55 0
4637 27399 2 55 0
4637 27399 3 55 0
4637 27399 4 55 0
4637 27399 5 55 0
4637 27399 6 55 0
4637 27399 7 55 0
4637 27399 8 55 0
4637 27399 9 55 0
4637 27399 10 55 0
!leg 21838 28319 10 0 2 attackers:28319;victims:52439;type:4;valid_origin:True;recurrent:False;local:False
21838 28319 1 2 0
21838 28319 2 2 0
21838 28319 3 2 0
21838 28319 4 2 0
21838 28319 5 2 0
21838 28319 6 2 0
21838 28319 7 2 0
21838 28319 8 2 0
21838 28319 9 2 0
21838 28319 10 2 0
!leg 23671 141643 10 0 53 attackers:23671;victims:141643;type:1;valid_origin:True;recurrent:False;local:False
23671 141643 1 53 0
23671 141643 2 53 0
23671 141643 3 53 0
23671 141643 4 53 0
23671 141643 5 53 0
23671 141643 6 53 0
23671 141643 7 53 0
23671 141643 8 53 0
23671 141643 9 53 0
23671 141643 10 53 0
!sus 51396 199582 9 1 13 attackers:51396;victims:199582;type:1;valid_origin:False;recurrent:True;local:False
51396 199582 1 0 13
51396 199582 2 13 0
51396 199582 3 13 0
51396 199582 4 13 0
51396 199582 5 13 0
51396 199582 6 13 0
51396 199582 7 13 0
51396 199582 8 13 0
51396 199582 9 13 0
51396 199582 10 13 0
!sus 199765 200936 8 2 139 attackers:199765;victims:200936;type:1;valid_origin:True;recurrent:True;local:False
199765 200936 1 63 76
199765 200936 2 47 92
199765 200936 3 136 3
199765 200936 4 139 0
199765 200936 5 125 14
199765 200936 6 115 24
199765 200936 7 133 6
199765 200936 8 139 0
199765 200936 9 139 0
199765 200936 10 139 0
!sus 50763 52041 0 10 73 attackers:52041;victims:50763;type:1;valid_origin:True;recurrent:True;local:False
50763 52041 1 0 73
50763 52041 2 0 73
50763 52041 3 0 73
50763 52041 4 0 73
50763 52041 5 0 73
50763 52041 6 0 73
50763 52041 7 0 73
50763 52041 8 0 73
50763 52041 9 2 71
50763 52041 10 0 73
!sus 50131 147173 3 7 10 attackers:50131;victims:147173;type:1;valid_origin:True;recurrent:True;local:False
50131 147173 1 0 10
50131 147173 2 0 10
50131 147173 3 0 10
50131 147173 4 0 10
50131 147173 5 0 10
50131 147173 6 0 10
50131 147173 7 4 6
50131 147173 8 9 1
50131 147173 9 10 0
50131 147173 10 10 0
!sus 38733 150910 7 3 8 attackers:38733;victims:150910;type:1;valid_origin:True;recurrent:True;local:False
38733 150910 1 8 0
38733 150910 2 8 0
38733 150910 3 8 0
38733 150910 4 8 0
38733 150910 5 8 0
38733 150910 6 7 1
38733 150910 7 0 8
38733 150910 8 3 5
38733 150910 9 8 0
38733 150910 10 0 8
!sus 199414 200202 0 10 9 attackers:199414;victims:200202;type:1;valid_origin:True;recurrent:True;local:False
199414 200202 1 0 9
199414 200202 2 0 9
199414 200202 3 0 9
199414 200202 4 0 9
199414 200202 5 0 9
199414 200202 6 0 9
199414 200202 7 0 9
199414 200202 8 0 9
199414 200202 9 0 9
199414 200202 10 0 9
!sus 150452 151193 2 8 10 attackers:150452;victims:151193;type:1;valid_origin:True;recurrent:True;local:False
150452 151193 1 0 10
150452 151193 2 1 9
150452 151193 3 0 10
150452 151193 4 0 10
150452 151193 5 0 10
150452 151193 6 2 8
150452 151193 7 9 1
150452 151193 8 0 10
150452 151193 9 10 0
150452 151193 10 0 10
!sus 266337 272593 1 9 192 attackers:272593;victims:266337;type:1;valid_origin:True;recurrent:True;local:False
266337 272593 1 56 136
266337 272593 2 7 185
266337 272593 3 25 167
266337 272593 4 42 150
266337 272593 5 11 181
266337 272593 6 34 158
266337 272593 7 55 137
266337 272593 8 99 93
266337 272593 9 78 114
266337 272593 10 21 171
!sus 135846 151722 0 10 9 attackers:135846;victims:151722;type:1;valid_origin:True;recurrent:True;local:False
135846 151722 1 2 7
135846 151722 2 0 9
135846 151722 3 0 9
135846 151722 4 0 9
135846 151722 5 0 9
135846 151722 6 0 9
135846 151722 7 0 9
135846 151722 8 0 9
135846 151722 9 0 9
135846 151722 10 0 9
!sus 21574 196844 9 1 8 attackers:21574;victims:16283,208930,196844;type:1,2,3;valid_origin:True;recurrent:True;local:False
21574 196844 1 4 4
21574 196844 2 5 3
21574 196844 3 5 3
21574 196844 4 5 3
21574 196844 5 5 3
21574 196844 6 5 3
21574 196844 7 5 3
21574 196844 8 5 3
21574 196844 9 7 1
21574 196844 10 7 1
!sus 8772 215828 9 1 154 attackers:8772;victims:215849,215828;type:1,2,3;valid_origin:True;recurrent:True;local:False
8772 215828 1 25 129
8772 215828 2 82 72
8772 215828 3 106 48
8772 215828 4 130 24
8772 215828 5 142 12
8772 215828 6 139 15
8772 215828 7 141 13
8772 215828 8 144 10
8772 215828 9 144 10
8772 215828 10 139 15
!sus 63539 146788 4 6 2 attackers:146788;victims:63539;type:1;valid_origin:True;recurrent:True;local:False
63539 146788 1 2 0
63539 146788 2 2 0
63539 146788 3 2 0
63539 146788 4 1 1
63539 146788 5 2 0
63539 146788 6 0 2
63539 146788 7 0 2
63539 146788 8 0 2
63539 146788 9 0 2
63539 146788 10 0 2
!sus 209533 215823 8 2 24 attackers:209533;victims:215823;type:1;valid_origin:True;recurrent:True;local:False
209533 215823 1 3 21
209533 215823 2 6 18
209533 215823 3 24 0
209533 215823 4 24 0
209533 215823 5 24 0
209533 215823 6 24 0
209533 215823 7 24 0
209533 215823 8 24 0
209533 215823 9 24 0
209533 215823 10 24 0
!sus 3491 328964 9 1 1 attackers:3491;victims:328964;type:1;valid_origin:True;recurrent:True;local:False
3491 328964 1 0 1
3491 328964 2 1 0
3491 328964 3 1 0
3491 328964 4 1 0
3491 328964 5 1 0
3491 328964 6 1 0
3491 328964 7 1 0
3491 328964 8 1 0
3491 328964 9 1 0
3491 328964 10 1 0
!leg 3356 54345 10 0 75 attackers:3356;victims:54345;type:1;valid_origin:True;recurrent:False;local:False
3356 54345 1 75 0
3356 54345 2 75 0
3356 54345 3 75 0
3356 54345 4 75 0
3356 54345 5 75 0
3356 54345 6 75 0
3356 54345 7 75 0
3356 54345 8 75 0
3356 54345 9 75 0
3356 54345 10 75 0
!sus 52210 202427 3 7 104 attackers:52210;victims:202427;type:1;valid_origin:True;recurrent:True;local:False
52210 202427 1 1 103
52210 202427 2 1 103
52210 202427 3 4 100
52210 202427 4 4 100
52210 202427 5 27 77
52210 202427 6 81 23
52210 202427 7 25 79
52210 202427 8 83 21
52210 202427 9 102 2
52210 202427 10 44 60
!sus 23764 263998 0 10 68 attackers:23764;victims:268829,268047,262970,263998,266940,267442,28267,263967;type:1,2;valid_origin:True;recurrent:True;local:False
23764 263998 1 1 67
23764 263998 2 5 63
23764 263998 3 17 51
23764 263998 4 8 60
23764 263998 5 18 50
23764 263998 6 16 52
23764 263998 7 18 50
23764 263998 8 22 46
23764 263998 9 23 45
23764 263998 10 22 46
!sus 1030 395497 0 10 7 attackers:1030;victims:395497;type:1;valid_origin:True;recurrent:True;local:False
1030 395497 1 0 7
1030 395497 2 0 7
1030 395497 3 0 7
1030 395497 4 0 7
1030 395497 5 0 7
1030 395497 6 0 7
1030 395497 7 0 7
1030 395497 8 0 7
1030 395497 9 0 7
1030 395497 10 0 7
!sus 60068 211301 9 1 73 attackers:60068;victims:211301;type:1;valid_origin:False;recurrent:True;local:False
60068 211301 1 13 60
60068 211301 2 42 31
60068 211301 3 55 18
60068 211301 4 51 22
60068 211301 5 69 4
60068 211301 6 69 4
60068 211301 7 73 0
60068 211301 8 73 0
60068 211301 9 73 0
60068 211301 10 73 0
!sus 41051 48231 9 1 3 attackers:41051;victims:48231;type:1;valid_origin:True;recurrent:True;local:False
41051 48231 1 0 3
41051 48231 2 3 0
41051 48231 3 3 0
41051 48231 4 3 0
41051 48231 5 3 0
41051 48231 6 3 0
41051 48231 7 3 0
41051 48231 8 3 0
41051 48231 9 3 0
41051 48231 10 3 0
!sus 5 268467 0 10 19 attackers:268467;victims:270709;type:2;valid_origin:True;recurrent:True;local:False
5 268467 1 0 19
5 268467 2 0 19
5 268467 3 0 19
5 268467 4 0 19
5 268467 5 0 19
5 268467 6 0 19
5 268467 7 0 19
5 268467 8 0 19
5 268467 9 0 19
5 268467 10 0 19
!sus 25159 216365 5 5 16 attackers:25159;victims:216365;type:1;valid_origin:True;recurrent:True;local:False
25159 216365 1 16 0
25159 216365 2 16 0
25159 216365 3 16 0
25159 216365 4 16 0
25159 216365 5 6 10
25159 216365 6 5 11
25159 216365 7 0 16
25159 216365 8 4 12
25159 216365 9 16 0
25159 216365 10 0 16
!sus 202262 215799 0 10 240 attackers:202262;victims:215799;type:1;valid_origin:True;recurrent:True;local:False
202262 215799 1 12 228
202262 215799 2 11 229
202262 215799 3 12 228
202262 215799 4 12 228
202262 215799 5 8 232
202262 215799 6 5 235
202262 215799 7 11 229
202262 215799 8 16 224
202262 215799 9 9 231
202262 215799 10 7 233
!sus 34927 215748 6 4 143 attackers:34927;victims:215748;type:1;valid_origin:True;recurrent:True;local:False
34927 215748 1 101 42
34927 215748 2 67 76
34927 215748 3 89 54
34927 215748 4 75 68
34927 215748 5 54 89
34927 215748 6 66 77
34927 215748 7 70 73
34927 215748 8 97 46
34927 215748 9 100 43
34927 215748 10 82 61
!sus 4230 22056 0 10 13 attackers:4230;victims:10753,22056;type:1,2;valid_origin:False;recurrent:True;local:False
4230 22056 1 3 10
4230 22056 2 3 10
4230 22056 3 3 10
4230 22056 4 3 10
4230 22056 5 3 10
4230 22056 6 3 10
4230 22056 7 3 10
4230 22056 8 3 10
4230 22056 9 3 10
4230 22056 10 3 10
!leg 58057 62246 10 0 37 attackers:58057;victims:62246;type:1;valid_origin:True;recurrent:False;local:False
58057 62246 1 37 0
58057 62246 2 37 0
58057 62246 3 37 0
58057 62246 4 37 0
58057 62246 5 37 0
58057 62246 6 37 0
58057 62246 7 37 0
58057 62246 8 37 0
58057 62246 9 37 0
58057 62246 10 37 0
!sus 29303 205702 0 10 30 attackers:205702;victims:29303;type:1;valid_origin:True;recurrent:True;local:False
29303 205702 1 4 26
29303 205702 2 6 24
29303 205702 3 5 25
29303 205702 4 4 26
29303 205702 5 4 26
29303 205702 6 7 23
29303 205702 7 4 26
29303 205702 8 4 26
29303 205702 9 4 26
29303 205702 10 4 26
!sus 2 272711 0 10 10 attackers:272711;victims:2;type:1;valid_origin:True;recurrent:True;local:False
2 272711 1 0 10
2 272711 2 0 10
2 272711 3 0 10
2 272711 4 0 10
2 272711 5 0 10
2 272711 6 0 10
2 272711 7 0 10
2 272711 8 0 10
2 272711 9 0 10
2 272711 10 0 10
!sus 10201 146887 4 6 2 attackers:146887;victims:10201;type:1;valid_origin:True;recurrent:True;local:False
10201 146887 1 2 0
10201 146887 2 2 0
10201 146887 3 2 0
10201 146887 4 1 1
10201 146887 5 2 0
10201 146887 6 0 2
10201 146887 7 0 2
10201 146887 8 0 2
10201 146887 9 0 2
10201 146887 10 0 2
!sus 38733 150909 7 3 8 attackers:38733;victims:150909;type:1;valid_origin:True;recurrent:True;local:False
38733 150909 1 8 0
38733 150909 2 8 0
38733 150909 3 8 0
38733 150909 4 8 0
38733 150909 5 8 0
38733 150909 6 7 1
38733 150909 7 0 8
38733 150909 8 3 5
38733 150909 9 8 0
38733 150909 10 0 8
!sus 209533 216375 9 1 3 attackers:209533;victims:216375;type:1;valid_origin:True;recurrent:True;local:False
209533 216375 1 0 3
209533 216375 2 3 0
209533 216375 3 3 0
209533 216375 4 3 0
209533 216375 5 3 0
209533 216375 6 3 0
209533 216375 7 3 0
209533 216375 8 3 0
209533 216375 9 3 0
209533 216375 10 3 0
!sus 38082 396986 4 6 9 attackers:38082;victims:396986;type:1;valid_origin:True;recurrent:True;local:False
38082 396986 1 2 7
38082 396986 2 4 5
38082 396986 3 4 5
38082 396986 4 4 5
38082 396986 5 4 5
38082 396986 6 4 5
38082 396986 7 5 4
38082 396986 8 5 4
38082 396986 9 5 4
38082 396986 10 6 3
!leg 3 141643 10 0 3 attackers:3;victims:141643;type:1;valid_origin:True;recurrent:False;local:False
3 141643 1 3 0
3 141643 2 3 0
3 141643 3 3 0
3 141643 4 3 0
3 141643 5 3 0
3 141643 6 3 0
3 141643 7 3 0
3 141643 8 3 0
3 141643 9 3 0
3 141643 10 3 0
!sus 34872 216157 9 1 29 attackers:34872;victims:216157;type:1;valid_origin:True;recurrent:False;local:False
34872 216157 1 10 19
34872 216157 2 16 13
34872 216157 3 17 12
34872 216157 4 26 3
34872 216157 5 26 3
34872 216157 6 26 3
34872 216157 7 28 1
34872 216157 8 29 0
34872 216157 9 29 0
34872 216157 10 29 0
!sus 198666 201749 0 10 4 attackers:201749;victims:198666;type:1;valid_origin:True;recurrent:True;local:False
198666 201749 1 0 4
198666 201749 2 0 4
198666 201749 3 0 4
198666 201749 4 0 4
198666 201749 5 0 4
198666 201749 6 0 4
198666 201749 7 0 4
198666 201749 8 0 4
198666 201749 9 0 4
198666 201749 10 0 4
!sus 13984 396998 8 2 17 attackers:396998;victims:13984;type:1;valid_origin:True;recurrent:True;local:False
13984 396998 1 7 10
13984 396998 2 8 9
13984 396998 3 13 4
13984 396998 4 12 5
13984 396998 5 14 3
13984 396998 6 16 1
13984 396998 7 16 1
13984 396998 8 17 0
13984 396998 9 17 0
13984 396998 10 17 0
!sus 44677 209024 3 7 8 attackers:209024;victims:44677;type:1;valid_origin:True;recurrent:True;local:False
44677 209024 1 7 1
44677 209024 2 8 0
44677 209024 3 3 5
44677 209024 4 0 8
44677 209024 5 5 3
44677 209024 6 0 8
44677 209024 7 0 8
44677 209024 8 0 8
44677 209024 9 0 8
44677 209024 10 0 8
!sus 35661 47885 6 4 355 attackers:35661;victims:47885;type:1,3;valid_origin:True;recurrent:True;local:False
35661 47885 1 338 17
35661 47885 2 171 184
35661 47885 3 219 136
35661 47885 4 232 123
35661 47885 5 56 299
35661 47885 6 97 258
35661 47885 7 304 51
35661 47885 8 300 55
35661 47885 9 303 52
35661 47885 10 90 265
!leg 28191 263431 10 0 26 attackers:263431;victims:271058,266627,263859,264241,264158,265463,269721,264070;type:2,3,4;valid_origin:True;recurrent:False;local:False
28191 263431 1 26 0
28191 263431 2 26 0
28191 263431 3 26 0
28191 263431 4 26 0
28191 263431 5 26 0
28191 263431 6 26 0
28191 263431 7 26 0
28191 263431 8 26 0
28191 263431 9 26 0
28191 263431 10 26 0
!sus 2 271695 0 10 49 attackers:271695;victims:2;type:1;valid_origin:False;recurrent:False;local:False
2 271695 1 0 49
2 271695 2 0 49
2 271695 3 0 49
2 271695 4 0 49
2 271695 5 0 49
2 271695 6 0 49
2 271695 7 0 49
2 271695 8 0 49
2 271695 9 0 49
2 271695 10 0 49
!leg 3 23671 10 0 3 attackers:23671;victims:141643;type:2;valid_origin:True;recurrent:False;local:False
3 23671 1 3 0
3 23671 2 3 0
3 23671 3 3 0
3 23671 4 3 0
3 23671 5 3 0
3 23671 6 3 0
3 23671 7 3 0
3 23671 8 3 0
3 23671 9 3 0
3 23671 10 3 0
!sus 45712 457112 0 10 5 attackers:45712;victims:457112;type:1;valid_origin:False;recurrent:True;local:False
45712 457112 1 0 5
45712 457112 2 0 5
45712 457112 3 0 5
45712 457112 4 0 5
45712 457112 5 0 5
45712 457112 6 0 5
45712 457112 7 0 5
45712 457112 8 0 5
45712 457112 9 0 5
45712 457112 10 0 5
!sus 265823 273116 8 2 22 attackers:265823;victims:273116;type:1;valid_origin:True;recurrent:True;local:False
265823 273116 1 22 0
265823 273116 2 22 0
265823 273116 3 22 0
265823 273116 4 22 0
265823 273116 5 22 0
265823 273116 6 19 3
265823 273116 7 0 22
265823 273116 8 22 0
265823 273116 9 14 8
265823 273116 10 0 22
!sus 6939 21485 5 5 1 attackers:6939;victims:57967;type:2;valid_origin:True;recurrent:True;local:False
6939 21485 1 1 0
6939 21485 2 0 1
6939 21485 3 1 0
6939 21485 4 0 1
6939 21485 5 1 0
6939 21485 6 0 1
6939 21485 7 0 1
6939 21485 8 0 1
6939 21485 9 1 0
6939 21485 10 1 0
!sus 209 399513 0 10 6 attackers:209;victims:399513;type:1;valid_origin:True;recurrent:True;local:False
209 399513 1 3 3
209 399513 2 2 4
209 399513 3 1 5
209 399513 4 1 5
209 399513 5 0 6
209 399513 6 0 6
209 399513 7 1 5
209 399513 8 0 6
209 399513 9 0 6
209 399513 10 0 6
!leg 266248 272213 10 0 3 attackers:266248;victims:272213;type:1;valid_origin:True;recurrent:True;local:False
266248 272213 1 3 0
266248 272213 2 3 0
266248 272213 3 3 0
266248 272213 4 3 0
266248 272213 5 3 0
266248 272213 6 3 0
266248 272213 7 3 0
266248 272213 8 3 0
266248 272213 9 3 0
266248 272213 10 3 0
!sus 207167 215777 8 2 114 attackers:207167;victims:215777;type:1;valid_origin:True;recurrent:True;local:False
207167 215777 1 114 0
207167 215777 2 114 0
207167 215777 3 109 5
207167 215777 4 111 3
207167 215777 5 98 16
207167 215777 6 86 28
207167 215777 7 0 114
207167 215777 8 71 43
207167 215777 9 113 1
207167 215777 10 0 114
!leg 4761 152072 10 0 81 attackers:4761;victims:152072;type:1;valid_origin:True;recurrent:True;local:False
4761 152072 1 81 0
4761 152072 2 81 0
4761 152072 3 81 0
4761 152072 4 81 0
4761 152072 5 73 8
4761 152072 6 79 2
4761 152072 7 81 0
4761 152072 8 81 0
4761 152072 9 78 3
4761 152072 10 75 6
!leg 264313 269534 10 0 12 attackers:269534;victims:264313;type:1;valid_origin:True;recurrent:False;local:False
264313 269534 1 12 0
264313 269534 2 12 0
264313 269534 3 12 0
264313 269534 4 12 0
264313 269534 5 12 0
264313 269534 6 12 0
264313 269534 7 12 0
264313 269534 8 12 0
264313 269534 9 12 0
264313 269534 10 12 0
!sus 38008 199656 7 3 32 attackers:38008;victims:199656;type:1;valid_origin:True;recurrent:True;local:False
38008 199656 1 0 32
38008 199656 2 0 32
38008 199656 3 24 8
38008 199656 4 4 28
38008 199656 5 18 14
38008 199656 6 28 4
38008 199656 7 24 8
38008 199656 8 30 2
38008 199656 9 30 2
38008 199656 10 31 1
!sus 269923 273149 0 10 2 attackers:269923;victims:273149;type:1;valid_origin:True;recurrent:True;local:False
269923 273149 1 0 2
269923 273149 2 0 2
269923 273149 3 0 2
269923 273149 4 0 2
269923 273149 5 0 2
269923 273149 6 0 2
269923 273149 7 0 2
269923 273149 8 0 2
269923 273149 9 0 2
269923 273149 10 0 2
!leg 34872 216026 10 0 69 attackers:34872;victims:216026;type:1;valid_origin:True;recurrent:False;local:False
34872 216026 1 68 1
34872 216026 2 69 0
34872 216026 3 69 0
34872 216026 4 69 0
34872 216026 5 69 0
34872 216026 6 69 0
34872 216026 7 69 0
34872 216026 8 69 0
34872 216026 9 69 0
34872 216026 10 69 0
!leg 137871 139901 10 0 150 attackers:139901;victims:137871;type:1;valid_origin:True;recurrent:False;local:False
137871 139901 1 150 0
137871 139901 2 150 0
137871 139901 3 150 0
137871 139901 4 150 0
137871 139901 5 150 0
137871 139901 6 150 0
137871 139901 7 150 0
137871 139901 8 150 0
137871 139901 9 150 0
137871 139901 10 150 0
!leg 21859 152179 10 0 74 attackers:21859;victims:152179;type:1;valid_origin:True;recurrent:False;local:False
21859 152179 1 74 0
21859 152179 2 74 0
21859 152179 3 74 0
21859 152179 4 74 0
21859 152179 5 74 0
21859 152179 6 74 0
21859 152179 7 74 0
21859 152179 8 74 0
21859 152179 9 74 0
21859 152179 10 74 0
!sus 203363 208046 1 9 8 attackers:208046;victims:203363;type:1;valid_origin:True;recurrent:True;local:False
203363 208046 1 4 4
203363 208046 2 2 6
203363 208046 3 0 8
203363 208046 4 0 8
203363 208046 5 1 7
203363 208046 6 0 8
203363 208046 7 0 8
203363 208046 8 1 7
203363 208046 9 2 6
203363 208046 10 6 2
!sus 60569 60659 0 10 43 attackers:60569;victims:60659;type:1;valid_origin:False;recurrent:True;local:False
60569 60659 1 0 43
60569 60659 2 0 43
60569 60659 3 1 42
60569 60659 4 0 43
60569 60659 5 0 43
60569 60659 6 0 43
60569 60659 7 0 43
60569 60659 8 0 43
60569 60659 9 0 43
60569 60659 10 5 38
!sus 134478 207268 0 10 1 attackers:134478;victims:207268;type:1;valid_origin:True;recurrent:False;local:False
134478 207268 1 0 1
134478 207268 2 0 1
134478 207268 3 0 1
134478 207268 4 0 1
134478 207268 5 0 1
134478 207268 6 0 1
134478 207268 7 0 1
134478 207268 8 0 1
134478 207268 9 0 1
134478 207268 10 0 1
!leg 138089 141130 10 0 33 attackers:138089;victims:141130;type:1;valid_origin:True;recurrent:False;local:False
138089 141130 1 33 0
138089 141130 2 33 0
138089 141130 3 33 0
138089 141130 4 33 0
138089 141130 5 33 0
138089 141130 6 33 0
138089 141130 7 33 0
138089 141130 8 33 0
138089 141130 9 33 0
138089 141130 10 33 0
!sus 47326 209806 0 10 64 attackers:47326;victims:209806;type:1;valid_origin:True;recurrent:False;local:False
47326 209806 1 0 64
47326 209806 2 0 64
47326 209806 3 0 64
47326 209806 4 0 64
47326 209806 5 0 64
47326 209806 6 0 64
47326 209806 7 0 64
47326 209806 8 1 63
47326 209806 9 1 63
47326 209806 10 1 63
!sus 208753 393577 0 10 68 attackers:393577;victims:208753;type:1;valid_origin:True;recurrent:True;local:False
208753 393577 1 3 65
208753 393577 2 3 65
208753 393577 3 3 65
208753 393577 4 3 65
208753 393577 5 3 65
208753 393577 6 3 65
208753 393577 7 3 65
208753 393577 8 4 64
208753 393577 9 4 64
208753 393577 10 4 64
!sus 29691 57204 4 6 29 attackers:29691;victims:57204;type:1;valid_origin:False;recurrent:True;local:False
29691 57204 1 24 5
29691 57204 2 5 24
29691 57204 3 10 19
29691 57204 4 6 23
29691 57204 5 5 24
29691 57204 6 7 22
29691 57204 7 27 2
29691 57204 8 28 1
29691 57204 9 24 5
29691 57204 10 6 23
!sus 50919 211809 0 10 4 attackers:50919;victims:211809;type:1;valid_origin:True;recurrent:True;local:False
50919 211809 1 0 4
50919 211809 2 0 4
50919 211809 3 0 4
50919 211809 4 0 4
50919 211809 5 0 4
50919 211809 6 0 4
50919 211809 7 0 4
50919 211809 8 0 4
50919 211809 9 0 4
50919 211809 10 0 4
!leg 7474 150717 10 0 188 attackers:7474;victims:150717;type:1;valid_origin:True;recurrent:False;local:False
7474 150717 1 188 0
7474 150717 2 188 0
7474 150717 3 188 0
7474 150717 4 188 0
7474 150717 5 188 0
7474 150717 6 188 0
7474 150717 7 188 0
7474 150717 8 188 0
7474 150717 9 188 0
7474 150717 10 188 0
!sus 16509 39686 6 4 1 attackers:39686;victims:16509;type:1;valid_origin:True;recurrent:True;local:False
16509 39686 1 0 1
16509 39686 2 0 1
16509 39686 3 0 1
16509 39686 4 0 1
16509 39686 5 1 0
16509 39686 6 1 0
16509 39686 7 1 0
16509 39686 8 1 0
16509 39686 9 1 0
16509 39686 10 1 0
!sus 49304 131640 2 8 4 attackers:49304;victims:131640;type:1;valid_origin:True;recurrent:True;local:False
49304 131640 1 3 1
49304 131640 2 2 2
49304 131640 3 0 4
49304 131640 4 0 4
49304 131640 5 3 1
49304 131640 6 0 4
49304 131640 7 0 4
49304 131640 8 0 4
49304 131640 9 0 4
49304 131640 10 0 4
!sus 23764 52593 2 8 7 attackers:23764;victims:52593;type:1;valid_origin:True;recurrent:True;local:False
23764 52593 1 0 7
23764 52593 2 0 7
23764 52593 3 0 7
23764 52593 4 0 7
23764 52593 5 0 7
23764 52593 6 0 7
23764 52593 7 3 4
23764 52593 8 2 5
23764 52593 9 4 3
23764 52593 10 4 3
!sus 13335 139922 0 10 20 attackers:139922;victims:13335;type:1;valid_origin:True;recurrent:True;local:False
13335 139922 1 0 20
13335 139922 2 0 20
13335 139922 3 0 20
13335 139922 4 0 20
13335 139922 5 0 20
13335 139922 6 4 16
13335 139922 7 0 20
13335 139922 8 0 20
13335 139922 9 0 20
13335 139922 10 0 20
!leg 4657 50324 10 0 1 attackers:4657;victims:50324;type:1;valid_origin:True;recurrent:False;local:False
4657 50324 1 1 0
4657 50324 2 1 0
4657 50324 3 1 0
4657 50324 4 1 0
4657 50324 5 1 0
4657 50324 6 1 0
4657 50324 7 1 0
4657 50324 8 1 0
4657 50324 9 1 0
4657 50324 10 1 0
!sus 206075 209554 8 2 2 attackers:206075;victims:209554;type:1;valid_origin:True;recurrent:True;local:False
206075 209554 1 0 2
206075 209554 2 1 1
206075 209554 3 2 0
206075 209554 4 2 0
206075 209554 5 2 0
206075 209554 6 2 0
206075 209554 7 2 0
206075 209554 8 2 0
206075 209554 9 2 0
206075 209554 10 2 0
!sus 52696 273568 2 8 89 attackers:52696;victims:28604;type:2;valid_origin:True;recurrent:True;local:False
52696 273568 1 6 83
52696 273568 2 18 71
52696 273568 3 34 55
52696 273568 4 38 51
52696 273568 5 37 52
52696 273568 6 37 52
52696 273568 7 67 22
52696 273568 8 67 22
52696 273568 9 40 49
52696 273568 10 40 49
!sus 198825 200136 0 10 196 attackers:200136;victims:198825;type:1;valid_origin:True;recurrent:False;local:False
198825 200136 1 22 174
198825 200136 2 23 173
198825 200136 3 21 175
198825 200136 4 20 176
198825 200136 5 35 161
198825 200136 6 22 174
198825 200136 7 25 171
198825 200136 8 22 174
198825 200136 9 29 167
198825 200136 10 30 166
!sus 39364 49228 0 10 136 attackers:39364;victims:49228;type:1;valid_origin:True;recurrent:True;local:False
39364 49228 1 59 77
39364 49228 2 59 77
39364 49228 3 0 136
39364 49228 4 1 135
39364 49228 5 59 77
39364 49228 6 0 136
39364 49228 7 0 136
39364 49228 8 0 136
39364 49228 9 0 136
39364 49228 10 0 136
!sus 7195 51095 2 8 53 attackers:7195;victims:22822,138915,139057,24429,51095;type:1,2,3;valid_origin:True;recurrent:True;local:False
7195 51095 1 6 47
7195 51095 2 17 36
7195 51095 3 18 35
7195 51095 4 25 28
7195 51095 5 19 34
7195 51095 6 25 28
7195 51095 7 26 27
7195 51095 8 24 29
7195 51095 9 27 26
7195 51095 10 28 25
!leg 945 199310 10 0 99 attackers:945;victims:199310,62246;type:1,2;valid_origin:True;recurrent:True;local:False
945 199310 1 97 2
945 199310 2 99 0
945 199310 3 84 15
945 199310 4 92 7
945 199310 5 84 15
945 199310 6 77 22
945 199310 7 82 17
945 199310 8 80 19
945 199310 9 58 41
945 199310 10 78 21
!leg 12902 21574 10 0 2 attackers:21574;victims:12902;type:1;valid_origin:True;recurrent:False;local:False
12902 21574 1 2 0
12902 21574 2 2 0
12902 21574 3 2 0
12902 21574 4 2 0
12902 21574 5 2 0
12902 21574 6 2 0
12902 21574 7 2 0
12902 21574 8 2 0
12902 21574 9 2 0
12902 21574 10 2 0
!sus 201814 215862 0 10 8 attackers:201814;victims:215862;type:1;valid_origin:True;recurrent:True;local:False
201814 215862 1 0 8
201814 215862 2 0 8
201814 215862 3 0 8
201814 215862 4 0 8
201814 215862 5 0 8
201814 215862 6 0 8
201814 215862 7 0 8
201814 215862 8 0 8
201814 215862 9 0 8
201814 215862 10 0 8
!sus 47152 204508 0 10 3 attackers:47152;victims:204508;type:1;valid_origin:True;recurrent:True;local:False
47152 204508 1 0 3
47152 204508 2 0 3
47152 204508 3 0 3
47152 204508 4 0 3
47152 204508 5 0 3
47152 204508 6 0 3
47152 204508 7 0 3
47152 204508 8 0 3
47152 204508 9 0 3
47152 204508 10 0 3
!leg 209533 216301 10 0 3 attackers:209533;victims:216301;type:1;valid_origin:True;recurrent:True;local:False
209533 216301 1 2 1
209533 216301 2 3 0
209533 216301 3 3 0
209533 216301 4 3 0
209533 216301 5 3 0
209533 216301 6 3 0
209533 216301 7 3 0
209533 216301 8 3 0
209533 216301 9 3 0
209533 216301 10 3 0
!sus 41221 216137 7 3 17 attackers:41221;victims:216137;type:1;valid_origin:False;recurrent:True;local:False
41221 216137 1 17 0
41221 216137 2 17 0
41221 216137 3 17 0
41221 216137 4 17 0
41221 216137 5 16 1
41221 216137 6 16 1
41221 216137 7 0 17
41221 216137 8 0 17
41221 216137 9 17 0
41221 216137 10 0 17
!sus 20473 263431 1 9 5 attackers:263431;victims:216191;type:2;valid_origin:True;recurrent:False;local:False
20473 263431 1 0 5
20473 263431 2 0 5
20473 263431 3 0 5
20473 263431 4 2 3
20473 263431 5 2 3
20473 263431 6 2 3
20473 263431 7 2 3
20473 263431 8 2 3
20473 263431 9 2 3
20473 263431 10 3 2
!sus 41160 197440 2 8 2 attackers:41160;victims:197440;type:1;valid_origin:True;recurrent:True;local:False
41160 197440 1 0 2
41160 197440 2 0 2
41160 197440 3 0 2
41160 197440 4 0 2
41160 197440 5 1 1
41160 197440 6 1 1
41160 197440 7 1 1
41160 197440 8 2 0
41160 197440 9 1 1
41160 197440 10 2 0
!leg 216360 393577 10 0 76 attackers:393577;victims:215828,216360;type:1,2;valid_origin:True;recurrent:False;local:False
216360 393577 1 76 0
216360 393577 2 45 31
216360 393577 3 52 24
216360 393577 4 58 18
216360 393577 5 46 30
216360 393577 6 51 25
216360 393577 7 67 9
216360 393577 8 72 4
216360 393577 9 76 0
216360 393577 10 61 15
!leg 132927 134291 10 0 164 attackers:132927;victims:134291;type:1;valid_origin:True;recurrent:False;local:False
132927 134291 1 164 0
132927 134291 2 164 0
132927 134291 3 164 0
132927 134291 4 164 0
132927 134291 5 164 0
132927 134291 6 164 0
132927 134291 7 164 0
132927 134291 8 164 0
132927 134291 9 164 0
132927 134291 10 164 0
!sus 51019 209806 8 2 2 attackers:51019;victims:209806;type:1;valid_origin:True;recurrent:False;local:False
51019 209806 1 0 2
51019 209806 2 0 2
51019 209806 3 2 0
51019 209806 4 2 0
51019 209806 5 2 0
51019 209806 6 2 0
51019 209806 7 2 0
51019 209806 8 2 0
51019 209806 9 2 0
51019 209806 10 2 0
!sus 48214 52209 2 8 8 attackers:52209;victims:48214;type:1;valid_origin:True;recurrent:True;local:False
48214 52209 1 6 2
48214 52209 2 8 0
48214 52209 3 0 8
48214 52209 4 0 8
48214 52209 5 3 5
48214 52209 6 0 8
48214 52209 7 0 8
48214 52209 8 0 8
48214 52209 9 0 8
48214 52209 10 0 8
!sus 14840 263922 6 4 6 attackers:263922;victims:267625;type:2;valid_origin:True;recurrent:True;local:False
14840 263922 1 0 6
14840 263922 2 0 6
14840 263922 3 1 5
14840 263922 4 1 5
14840 263922 5 4 2
14840 263922 6 6 0
14840 263922 7 6 0
14840 263922 8 6 0
14840 263922 9 6 0
14840 263922 10 5 1
!sus 269237 273412 9 1 2 attackers:269237;victims:273412;type:1;valid_origin:True;recurrent:True;local:False
269237 273412 1 2 0
269237 273412 2 2 0
269237 273412 3 2 0
269237 273412 4 2 0
269237 273412 5 2 0
269237 273412 6 2 0
269237 273412 7 2 0
269237 273412 8 2 0
269237 273412 9 2 0
269237 273412 10 0 2
!sus 63023 216419 7 3 49 attackers:63023;victims:216419;type:1;valid_origin:True;recurrent:False;local:False
63023 216419 1 0 49
63023 216419 2 1 48
63023 216419 3 2 47
63023 216419 4 26 23
63023 216419 5 48 1
63023 216419 6 49 0
63023 216419 7 49 0
63023 216419 8 49 0
63023 216419 9 49 0
63023 216419 10 49 0
!sus 955 147039 8 2 11 attackers:955;victims:147039;type:1;valid_origin:True;recurrent:True;local:False
955 147039 1 1 10
955 147039 2 9 2
955 147039 3 5 6
955 147039 4 11 0
955 147039 5 8 3
955 147039 6 11 0
955 147039 7 11 0
955 147039 8 11 0
955 147039 9 11 0
955 147039 10 11 0
!sus 41051 207849 7 3 3 attackers:41051;victims:207849;type:1;valid_origin:True;recurrent:True;local:False
41051 207849 1 0 3
41051 207849 2 0 3
41051 207849 3 0 3
41051 207849 4 3 0
41051 207849 5 3 0
41051 207849 6 3 0
41051 207849 7 3 0
41051 207849 8 3 0
41051 207849 9 3 0
41051 207849 10 3 0
!sus 42441 49889 0 10 151 attackers:49889;victims:42441;type:1;valid_origin:True;recurrent:False;local:False
42441 49889 1 61 90
42441 49889 2 44 107
42441 49889 3 62 89
42441 49889 4 47 104
42441 49889 5 51 100
42441 49889 6 47 104
42441 49889 7 50 101
42441 49889 8 49 102
42441 49889 9 51 100
42441 49889 10 51 100
!sus 52468 273142 0 10 6 attackers:52468;victims:273142;type:1;valid_origin:True;recurrent:True;local:False
52468 273142 1 0 6
52468 273142 2 0 6
52468 273142 3 0 6
52468 273142 4 0 6
52468 273142 5 0 6
52468 273142 6 0 6
52468 273142 7 0 6
52468 273142 8 0 6
52468 273142 9 0 6
52468 273142 10 0 6
!sus 17639 132905 9 1 7 attackers:17639;victims:132905;type:1;valid_origin:True;recurrent:True;local:False
17639 132905 1 0 7
17639 132905 2 6 1
17639 132905 3 6 1
17639 132905 4 6 1
17639 132905 5 6 1
17639 132905 6 6 1
17639 132905 7 6 1
17639 132905 8 6 1
17639 132905 9 6 1
17639 132905 10 6 1
!sus 269050 269371 9 1 3 attackers:269050;victims:269371;type:1;valid_origin:True;recurrent:True;local:False
269050 269371 1 2 1
269050 269371 2 2 1
269050 269371 3 1 2
269050 269371 4 2 1
269050 269371 5 2 1
269050 269371 6 2 1
269050 269371 7 2 1
269050 269371 8 2 1
269050 269371 9 2 1
269050 269371 10 2 1
!sus 63023 216387 7 3 49 attackers:63023;victims:216387;type:1;valid_origin:True;recurrent:False;local:False
63023 216387 1 48 1
63023 216387 2 47 2
63023 216387 3 36 13
63023 216387 4 17 32
63023 216387 5 20 29
63023 216387 6 20 29
63023 216387 7 46 3
63023 216387 8 47 2
63023 216387 9 31 18
63023 216387 10 47 2
!leg 137367 140456 10 0 10 attackers:137367;victims:140456;type:1;valid_origin:True;recurrent:False;local:False
137367 140456 1 10 0
137367 140456 2 10 0
137367 140456 3 10 0
137367 140456 4 10 0
137367 140456 5 10 0
137367 140456 6 10 0
137367 140456 7 10 0
137367 140456 8 10 0
137367 140456 9 10 0
137367 140456 10 10 0
!leg 203214 205473 10 0 1 attackers:203214;victims:205473;type:3;valid_origin:True;recurrent:False;local:False
203214 205473 1 1 0
203214 205473 2 1 0
203214 205473 3 1 0
203214 205473 4 1 0
203214 205473 5 1 0
203214 205473 6 1 0
203214 205473 7 1 0
203214 205473 8 1 0
203214 205473 9 1 0
203214 205473 10 1 0
!sus 11665 27373 5 5 7 attackers:27373;victims:11665;type:1;valid_origin:True;recurrent:True;local:False
11665 27373 1 7 0
11665 27373 2 7 0
11665 27373 3 7 0
11665 27373 4 7 0
11665 27373 5 7 0
11665 27373 6 0 7
11665 27373 7 0 7
11665 27373 8 0 7
11665 27373 9 0 7
11665 27373 10 0 7
!sus 395862 400146 0 10 7 attackers:400146;victims:395862;type:1;valid_origin:True;recurrent:True;local:False
395862 400146 1 0 7
395862 400146 2 0 7
395862 400146 3 0 7
395862 400146 4 0 7
395862 400146 5 0 7
395862 400146 6 0 7
395862 400146 7 0 7
395862 400146 8 0 7
395862 400146 9 0 7
395862 400146 10 0 7
!sus 51431 200296 8 2 213 attackers:51431;victims:200296;type:1;valid_origin:True;recurrent:True;local:False
51431 200296 1 199 14
51431 200296 2 198 15
51431 200296 3 3 210
51431 200296 4 199 14
51431 200296 5 198 15
51431 200296 6 198 15
51431 200296 7 198 15
51431 200296 8 213 0
51431 200296 9 198 15
51431 200296 10 3 210
!leg 200579 215849 10 0 1 attackers:215849;victims:216412;type:2;valid_origin:True;recurrent:False;local:False
200579 215849 1 1 0
200579 215849 2 1 0
200579 215849 3 1 0
200579 215849 4 1 0
200579 215849 5 1 0
200579 215849 6 1 0
200579 215849 7 1 0
200579 215849 8 1 0
200579 215849 9 1 0
200579 215849 10 1 0
!sus 109 17621 9 1 118 attackers:17621;victims:109;type:1;valid_origin:True;recurrent:False;local:False
109 17621 1 0 118
109 17621 2 110 8
109 17621 3 118 0
109 17621 4 118 0
109 17621 5 118 0
109 17621 6 118 0
109 17621 7 118 0
109 17621 8 118 0
109 17621 9 118 0
109 17621 10 118 0
!sus 398355 400226 4 6 102 attackers:398355;victims:400226;type:1;valid_origin:False;recurrent:True;local:False
398355 400226 1 102 0
398355 400226 2 102 0
398355 400226 3 71 31
398355 400226 4 95 7
398355 400226 5 0 102
398355 400226 6 0 102
398355 400226 7 2 100
398355 400226 8 0 102
398355 400226 9 0 102
398355 400226 10 0 102
!sus 49666 198150 0 10 127 attackers:198150;victims:202735,58224,44244,197207;type:2,3;valid_origin:True;recurrent:True;local:False
49666 198150 1 0 127
49666 198150 2 0 127
49666 198150 3 0 127
49666 198150 4 0 127
49666 198150 5 0 127
49666 198150 6 20 107
49666 198150 7 0 127
49666 198150 8 21 106
49666 198150 9 24 103
49666 198150 10 24 103
!sus 60068 215826 2 8 6 attackers:60068;victims:215826;type:1;valid_origin:True;recurrent:True;local:False
60068 215826 1 4 2
60068 215826 2 0 6
60068 215826 3 4 2
60068 215826 4 3 3
60068 215826 5 0 6
60068 215826 6 0 6
60068 215826 7 2 4
60068 215826 8 0 6
60068 215826 9 1 5
60068 215826 10 1 5
!sus 41913 62663 8 2 2 attackers:62663;victims:41913;type:1;valid_origin:True;recurrent:True;local:False
41913 62663 1 1 1
41913 62663 2 1 1
41913 62663 3 2 0
41913 62663 4 2 0
41913 62663 5 2 0
41913 62663 6 2 0
41913 62663 7 2 0
41913 62663 8 2 0
41913 62663 9 2 0
41913 62663 10 2 0
!sus 399723 400638 0 10 9 attackers:399723;victims:400638;type:1;valid_origin:True;recurrent:True;local:False
399723 400638 1 1 8
399723 400638 2 1 8
399723 400638 3 2 7
399723 400638 4 1 8
399723 400638 5 0 9
399723 400638 6 1 8
399723 400638 7 0 9
399723 400638 8 1 8
399723 400638 9 0 9
399723 400638 10 0 9
!leg 38712 58826 10 0 2 attackers:38712;victims:63984;type:2;valid_origin:True;recurrent:False;local:False
38712 58826 1 2 0
38712 58826 2 2 0
38712 58826 3 2 0
38712 58826 4 2 0
38712 58826 5 2 0
38712 58826 6 2 0
38712 58826 7 2 0
38712 58826 8 2 0
38712 58826 9 2 0
38712 58826 10 2 0
!sus 15757 151757 0 10 3 attackers:151757;victims:15757;type:1;valid_origin:False;recurrent:True;local:False
15757 151757 1 0 3
15757 151757 2 0 3
15757 151757 3 0 3
15757 151757 4 0 3
15757 151757 5 0 3
15757 151757 6 0 3
15757 151757 7 0 3
15757 151757 8 0 3
15757 151757 9 0 3
15757 151757 10 0 3
!leg 15594 21574 10 0 2 attackers:21574;victims:15594;type:1;valid_origin:True;recurrent:False;local:False
15594 21574 1 2 0
15594 21574 2 2 0
15594 21574 3 2 0
15594 21574 4 2 0
15594 21574 5 2 0
15594 21574 6 2 0
15594 21574 7 2 0
15594 21574 8 2 0
15594 21574 9 2 0
15594 21574 10 2 0
!sus 267336 271332 0 10 107 attackers:267336;victims:271332;type:1;valid_origin:True;recurrent:True;local:False
267336 271332 1 8 99
267336 271332 2 12 95
267336 271332 3 11 96
267336 271332 4 12 95
267336 271332 5 15 92
267336 271332 6 14 93
267336 271332 7 14 93
267336 271332 8 21 86
267336 271332 9 18 89
267336 271332 10 17 90
!sus 9730 133999 0 10 17 attackers:133999;victims:9730;type:1;valid_origin:False;recurrent:False;local:False
9730 133999 1 0 17
9730 133999 2 0 17
9730 133999 3 0 17
9730 133999 4 0 17
9730 133999 5 0 17
9730 133999 6 0 17
9730 133999 7 0 17
9730 133999 8 0 17
9730 133999 9 0 17
9730 133999 10 0 17
!sus 58050 61372 5 5 7 attackers:61372;victims:58050;type:1;valid_origin:True;recurrent:True;local:False
58050 61372 1 7 0
58050 61372 2 7 0
58050 61372 3 7 0
58050 61372 4 7 0
58050 61372 5 7 0
58050 61372 6 0 7
58050 61372 7 0 7
58050 61372 8 0 7
58050 61372 9 0 7
58050 61372 10 0 7
!sus 138915 203214 0 10 2 attackers:203214;victims:63139;type:2;valid_origin:True;recurrent:True;local:False
138915 203214 1 0 2
138915 203214 2 0 2
138915 203214 3 0 2
138915 203214 4 0 2
138915 203214 5 0 2
138915 203214 6 0 2
138915 203214 7 0 2
138915 203214 8 0 2
138915 203214 9 0 2
138915 203214 10 0 2
!leg 13786 52971 10 0 4 attackers:52971;victims:267502;type:4;valid_origin:True;recurrent:False;local:False
13786 52971 1 4 0
13786 52971 2 4 0
13786 52971 3 4 0
13786 52971 4 4 0
13786 52971 5 4 0
13786 52971 6 4 0
13786 52971 7 4 0
13786 52971 8 4 0
13786 52971 9 4 0
13786 52971 10 4 0
!leg 9136 21574 10 0 2 attackers:21574;victims:208942;type:2;valid_origin:True;recurrent:False;local:False
9136 21574 1 2 0
9136 21574 2 2 0
9136 21574 3 2 0
9136 21574 4 2 0
9136 21574 5 2 0
9136 21574 6 2 0
9136 21574 7 2 0
9136 21574 8 2 0
9136 21574 9 2 0
9136 21574 10 2 0
!sus 56630 200250 0 10 8 attackers:56630;victims:200250;type:1;valid_origin:True;recurrent:True;local:False
56630 200250 1 0 8
56630 200250 2 0 8
56630 200250 3 0 8
56630 200250 4 0 8
56630 200250 5 0 8
56630 200250 6 0 8
56630 200250 7 0 8
56630 200250 8 0 8
56630 200250 9 0 8
56630 200250 10 0 8
!sus 5 270709 0 10 19 attackers:5;victims:270709;type:1;valid_origin:True;recurrent:True;local:False
5 270709 1 0 19
5 270709 2 0 19
5 270709 3 0 19
5 270709 4 0 19
5 270709 5 0 19
5 270709 6 0 19
5 270709 7 0 19
5 270709 8 1 18
5 270709 9 0 19
5 270709 10 0 19
!leg 4648 24183 10 0 1 attackers:4648;victims:141710;type:2;valid_origin:True;recurrent:False;local:False
4648 24183 1 1 0
4648 24183 2 1 0
4648 24183 3 1 0
4648 24183 4 1 0
4648 24183 5 1 0
4648 24183 6 1 0
4648 24183 7 1 0
4648 24183 8 1 0
4648 24183 9 1 0
4648 24183 10 1 0
!sus 18186 64200 0 10 9 attackers:18186;victims:64200;type:1;valid_origin:True;recurrent:True;local:False
18186 64200 1 0 9
18186 64200 2 0 9
18186 64200 3 0 9
18186 64200 4 0 9
18186 64200 5 0 9
18186 64200 6 0 9
18186 64200 7 0 9
18186 64200 8 0 9
18186 64200 9 0 9
18186 64200 10 0 9
!sus 58945 152168 8 2 3 attackers:58945;victims:152168;type:1;valid_origin:True;recurrent:True;local:False
58945 152168 1 3 0
58945 152168 2 3 0
58945 152168 3 3 0
58945 152168 4 2 1
58945 152168 5 1 2
58945 152168 6 3 0
58945 152168 7 3 0
58945 152168 8 2 1
58945 152168 9 2 1
58945 152168 10 0 3
!sus 38136 215829 0 10 3 attackers:38136;victims:215829;type:1;valid_origin:True;recurrent:True;local:False
38136 215829 1 0 3
38136 215829 2 0 3
38136 215829 3 0 3
38136 215829 4 0 3
38136 215829 5 0 3
38136 215829 6 0 3
38136 215829 7 0 3
38136 215829 8 0 3
38136 215829 9 0 3
38136 215829 10 0 3
!sus 207876 215883 8 2 1 attackers:207876;victims:215883;type:1;valid_origin:True;recurrent:True;local:False
207876 215883 1 1 0
207876 215883 2 1 0
207876 215883 3 1 0
207876 215883 4 1 0
207876 215883 5 1 0
207876 215883 6 1 0
207876 215883 7 0 1
207876 215883 8 1 0
207876 215883 9 1 0
207876 215883 10 0 1
!sus 44854 200149 0 10 316 attackers:44854;victims:215877;type:2;valid_origin:True;recurrent:True;local:False
44854 200149 1 7 309
44854 200149 2 8 308
44854 200149 3 11 305
44854 200149 4 20 296
44854 200149 5 16 300
44854 200149 6 21 295
44854 200149 7 23 293
44854 200149 8 25 291
44854 200149 9 29 287
44854 200149 10 29 287
!leg 12414 21574 10 0 2 attackers:21574;victims:12414;type:1;valid_origin:True;recurrent:False;local:False
12414 21574 1 2 0
12414 21574 2 2 0
12414 21574 3 2 0
12414 21574 4 2 0
12414 21574 5 2 0
12414 21574 6 2 0
12414 21574 7 2 0
12414 21574 8 2 0
12414 21574 9 2 0
12414 21574 10 2 0
!sus 3216 9121 0 10 56 attackers:9121;victims:3235,8402;type:2;valid_origin:True;recurrent:True;local:False
3216 9121 1 0 56
3216 9121 2 0 56
3216 9121 3 0 56
3216 9121 4 0 56
3216 9121 5 0 56
3216 9121 6 1 55
3216 9121 7 0 56
3216 9121 8 1 55
3216 9121 9 0 56
3216 9121 10 0 56
!sus 61961 204012 0 10 93 attackers:61961;victims:204012;type:1;valid_origin:True;recurrent:True;local:False
61961 204012 1 10 83
61961 204012 2 9 84
61961 204012 3 1 92
61961 204012 4 3 90
61961 204012 5 5 88
61961 204012 6 3 90
61961 204012 7 0 93
61961 204012 8 0 93
61961 204012 9 0 93
61961 204012 10 0 93
!sus 64118 272845 8 2 1 attackers:64118;victims:272845;type:1;valid_origin:True;recurrent:True;local:False
64118 272845 1 1 0
64118 272845 2 1 0
64118 272845 3 1 0
64118 272845 4 1 0
64118 272845 5 1 0
64118 272845 6 1 0
64118 272845 7 0 1
64118 272845 8 1 0
64118 272845 9 1 0
64118 272845 10 0 1
!sus 2018 62663 9 1 2 attackers:62663;victims:2018;type:1;valid_origin:True;recurrent:True;local:False
2018 62663 1 1 1
2018 62663 2 2 0
2018 62663 3 2 0
2018 62663 4 2 0
2018 62663 5 2 0
2018 62663 6 2 0
2018 62663 7 2 0
2018 62663 8 2 0
2018 62663 9 2 0
2018 62663 10 2 0
!sus 21245 42473 0 10 6 attackers:21245;victims:42473;type:1;valid_origin:True;recurrent:True;local:False
21245 42473 1 0 6
21245 42473 2 0 6
21245 42473 3 0 6
21245 42473 4 0 6
21245 42473 5 0 6
21245 42473 6 0 6
21245 42473 7 0 6
21245 42473 8 0 6
21245 42473 9 0 6
21245 42473 10 0 6
!sus 139883 149446 6 4 7 attackers:139883;victims:149446;type:1;valid_origin:True;recurrent:True;local:False
139883 149446 1 0 7
139883 149446 2 0 7
139883 149446 3 0 7
139883 149446 4 0 7
139883 149446 5 5 2
139883 149446 6 7 0
139883 149446 7 6 1
139883 149446 8 7 0
139883 149446 9 7 0
139883 149446 10 7 0
!sus 8772 205255 1 9 1 attackers:8772;victims:205255;type:1;valid_origin:True;recurrent:True;local:False
8772 205255 1 0 1
8772 205255 2 0 1
8772 205255 3 0 1
8772 205255 4 0 1
8772 205255 5 0 1
8772 205255 6 0 1
8772 205255 7 0 1
8772 205255 8 0 1
8772 205255 9 0 1
8772 205255 10 1 0
!leg 812 12226 10 0 262 attackers:812;victims:4199,12226;type:1,2;valid_origin:True;recurrent:False;local:False
812 12226 1 211 51
812 12226 2 215 47
812 12226 3 231 31
812 12226 4 230 32
812 12226 5 229 33
812 12226 6 237 25
812 12226 7 242 20
812 12226 8 230 32
812 12226 9 239 23
812 12226 10 232 30
!leg 212539 393577 10 0 96 attackers:393577;victims:212539;type:1;valid_origin:True;recurrent:False;local:False
212539 393577 1 96 0
212539 393577 2 96 0
212539 393577 3 96 0
212539 393577 4 96 0
212539 393577 5 96 0
212539 393577 6 96 0
212539 393577 7 96 0
212539 393577 8 96 0
212539 393577 9 96 0
212539 393577 10 96 0
!sus 15353 20473 4 6 4 attackers:20473;victims:15353;type:1;valid_origin:True;recurrent:True;local:False
15353 20473 1 1 3
15353 20473 2 1 3
15353 20473 3 2 2
15353 20473 4 2 2
15353 20473 5 2 2
15353 20473 6 2 2
15353 20473 7 3 1
15353 20473 8 3 1
15353 20473 9 3 1
15353 20473 10 3 1
!sus 1030 399935 0 10 6 attackers:1030;victims:399935;type:1;valid_origin:True;recurrent:True;local:False
1030 399935 1 0 6
1030 399935 2 0 6
1030 399935 3 0 6
1030 399935 4 0 6
1030 399935 5 0 6
1030 399935 6 0 6
1030 399935 7 0 6
1030 399935 8 0 6
1030 399935 9 0 6
1030 399935 10 0 6
!sus 210718 215780 0 10 154 attackers:210718;victims:215780;type:1;valid_origin:True;recurrent:False;local:False
210718 215780 1 11 143
210718 215780 2 10 144
210718 215780 3 17 137
210718 215780 4 18 136
210718 215780 5 15 139
210718 215780 6 15 139
210718 215780 7 15 139
210718 215780 8 20 134
210718 215780 9 16 138
210718 215780 10 20 134
!sus 47152 211411 0 10 3 attackers:47152;victims:211411;type:1;valid_origin:True;recurrent:True;local:False
47152 211411 1 0 3
47152 211411 2 0 3
47152 211411 3 1 2
47152 211411 4 1 2
47152 211411 5 1 2
47152 211411 6 1 2
47152 211411 7 1 2
47152 211411 8 1 2
47152 211411 9 1 2
47152 211411 10 1 2
!leg 7029 53773 10 0 16 attackers:7029;victims:53773;type:1;valid_origin:True;recurrent:False;local:False
7029 53773 1 16 0
7029 53773 2 16 0
7029 53773 3 16 0
7029 53773 4 16 0
7029 53773 5 16 0
7029 53773 6 16 0
7029 53773 7 16 0
7029 53773 8 16 0
7029 53773 9 16 0
7029 53773 10 16 0
!sus 41051 215795 8 2 491 attackers:41051;victims:215795;type:1;valid_origin:True;recurrent:True;local:False
41051 215795 1 18 473
41051 215795 2 129 362
41051 215795 3 293 198
41051 215795 4 370 121
41051 215795 5 412 79
41051 215795 6 396 95
41051 215795 7 397 94
41051 215795 8 460 31
41051 215795 9 491 0
41051 215795 10 420 71
!sus 204866 210031 2 8 10 attackers:204866;victims:210031;type:1;valid_origin:True;recurrent:True;local:False
204866 210031 1 9 1
204866 210031 2 8 2
204866 210031 3 0 10
204866 210031 4 0 10
204866 210031 5 0 10
204866 210031 6 0 10
204866 210031 7 0 10
204866 210031 8 0 10
204866 210031 9 0 10
204866 210031 10 0 10
!sus 56286 147049 0 10 7 attackers:56286;victims:147049;type:1;valid_origin:True;recurrent:True;local:False
56286 147049 1 0 7
56286 147049 2 0 7
56286 147049 3 0 7
56286 147049 4 0 7
56286 147049 5 0 7
56286 147049 6 0 7
56286 147049 7 0 7
56286 147049 8 0 7
56286 147049 9 0 7
56286 147049 10 0 7
!leg 8804 28876 10 0 19 attackers:28876;victims:59474;type:4;valid_origin:True;recurrent:False;local:False
8804 28876 1 19 0
8804 28876 2 19 0
8804 28876 3 19 0
8804 28876 4 19 0
8804 28876 5 19 0
8804 28876 6 19 0
8804 28876 7 19 0
8804 28876 8 19 0
8804 28876 9 19 0
8804 28876 10 19 0
!sus 205192 215812 8 2 2 attackers:205192;victims:215812;type:1;valid_origin:True;recurrent:True;local:False
205192 215812 1 2 0
205192 215812 2 2 0
205192 215812 3 2 0
205192 215812 4 2 0
205192 215812 5 2 0
205192 215812 6 2 0
205192 215812 7 0 2
205192 215812 8 2 0
205192 215812 9 2 0
205192 215812 10 0 2
!sus 12231 396318 0 10 76 attackers:12231;victims:396318;type:1;valid_origin:True;recurrent:False;local:False
12231 396318 1 0 76
12231 396318 2 0 76
12231 396318 3 0 76
12231 396318 4 0 76
12231 396318 5 0 76
12231 396318 6 1 75
12231 396318 7 1 75
12231 396318 8 1 75
12231 396318 9 1 75
12231 396318 10 1 75
!sus 233936 263936 2 8 52 attackers:263936;victims:263936;type:2;valid_origin:True;recurrent:False;local:False
233936 263936 1 52 0
233936 263936 2 18 34
233936 263936 3 46 6
233936 263936 4 18 34
233936 263936 5 9 43
233936 263936 6 0 52
233936 263936 7 0 52
233936 263936 8 2 50
233936 263936 9 0 52
233936 263936 10 0 52
!sus 6984 58429 0 10 75 attackers:58429;victims:6984;type:1;valid_origin:False;recurrent:False;local:False
6984 58429 1 0 75
6984 58429 2 0 75
6984 58429 3 0 75
6984 58429 4 0 75
6984 58429 5 0 75
6984 58429 6 0 75
6984 58429 7 0 75
6984 58429 8 0 75
6984 58429 9 0 75
6984 58429 10 0 75
!sus 48090 215845 1 9 94 attackers:48090;victims:215845;type:1;valid_origin:True;recurrent:True;local:False
48090 215845 1 94 0
48090 215845 2 0 94
48090 215845 3 0 94
48090 215845 4 0 94
48090 215845 5 0 94
48090 215845 6 0 94
48090 215845 7 0 94
48090 215845 8 0 94
48090 215845 9 0 94
48090 215845 10 0 94
!sus 8849 200250 0 10 121 attackers:8849;victims:200250;type:1;valid_origin:True;recurrent:True;local:False
8849 200250 1 0 121
8849 200250 2 0 121
8849 200250 3 0 121
8849 200250 4 0 121
8849 200250 5 0 121
8849 200250 6 0 121
8849 200250 7 0 121
8849 200250 8 0 121
8849 200250 9 0 121
8849 200250 10 0 121
!sus 211826 262361 0 10 4 attackers:262361;victims:211826;type:1;valid_origin:True;recurrent:True;local:False
211826 262361 1 0 4
211826 262361 2 0 4
211826 262361 3 0 4
211826 262361 4 0 4
211826 262361 5 0 4
211826 262361 6 0 4
211826 262361 7 0 4
211826 262361 8 0 4
211826 262361 9 0 4
211826 262361 10 0 4
