!sus 7552 19551 4 6 1 attackers:7552;victims:19551;type:1;valid_origin:True;recurrent:True;local:False
7552 19551 1 0 1
7552 19551 2 1 0
7552 19551 3 0 1
7552 19551 4 0 1
7552 19551 5 1 0
7552 19551 6 1 0
7552 19551 7 0 1
7552 19551 8 0 1
7552 19551 9 1 0
7552 19551 10 0 1
!sus 7195 51095 0 10 27 attackers:7195;victims:22822,138915,24429,51095,21859;type:1,2,3;valid_origin:True;recurrent:True;local:False
7195 51095 1 1 26
7195 51095 2 3 24
7195 51095 3 1 26
7195 51095 4 3 24
7195 51095 5 3 24
7195 51095 6 4 23
7195 51095 7 4 23
7195 51095 8 4 23
7195 51095 9 5 22
7195 51095 10 5 22
!leg 266348 271387 10 0 2 attackers:266348;victims:272723;type:2;valid_origin:True;recurrent:True;local:False
266348 271387 1 2 0
266348 271387 2 2 0
266348 271387 3 2 0
266348 271387 4 2 0
266348 271387 5 2 0
266348 271387 6 2 0
266348 271387 7 2 0
266348 271387 8 2 0
266348 271387 9 2 0
266348 271387 10 2 0
!sus 5483 215920 0 10 2 attackers:5483;victims:100;type:2;valid_origin:True;recurrent:True;local:False
5483 215920 1 0 2
5483 215920 2 0 2
5483 215920 3 0 2
5483 215920 4 0 2
5483 215920 5 0 2
5483 215920 6 0 2
5483 215920 7 0 2
5483 215920 8 0 2
5483 215920 9 0 2
5483 215920 10 1 1
!sus 37100 328691 9 1 8 attackers:37100;victims:328691;type:1;valid_origin:True;recurrent:True;local:False
37100 328691 1 2 6
37100 328691 2 7 1
37100 328691 3 8 0
37100 328691 4 8 0
37100 328691 5 8 0
37100 328691 6 8 0
37100 328691 7 8 0
37100 328691 8 8 0
37100 328691 9 8 0
37100 328691 10 8 0
!leg 57324 210513 10 0 275 attackers:210513,57324;victims:210513,51684;type:1,2;valid_origin:True;recurrent:True;local:False
57324 210513 1 275 0
57324 210513 2 275 0
57324 210513 3 275 0
57324 210513 4 275 0
57324 210513 5 275 0
57324 210513 6 275 0
57324 210513 7 275 0
57324 210513 8 275 0
57324 210513 9 275 0
57324 210513 10 275 0
!sus 53356 211849 8 2 95 attackers:53356;victims:211849;type:1;valid_origin:True;recurrent:True;local:False
53356 211849 1 0 95
53356 211849 2 0 95
53356 211849 3 88 7
53356 211849 4 69 26
53356 211849 5 95 0
53356 211849 6 91 4
53356 211849 7 95 0
53356 211849 8 95 0
53356 211849 9 95 0
53356 211849 10 95 0
!sus 9304 137897 0 10 1 attackers:137897;victims:9304;type:1;valid_origin:True;recurrent:True;local:False
9304 137897 1 0 1
9304 137897 2 0 1
9304 137897 3 0 1
9304 137897 4 0 1
9304 137897 5 0 1
9304 137897 6 0 1
9304 137897 7 0 1
9304 137897 8 0 1
9304 137897 9 0 1
9304 137897 10 0 1
!sus 201409 208046 0 10 6 attackers:208046;victims:201409;type:1;valid_origin:False;recurrent:True;local:False
201409 208046 1 0 6
201409 208046 2 0 6
201409 208046 3 0 6
201409 208046 4 0 6
201409 208046 5 0 6
201409 208046 6 0 6
201409 208046 7 0 6
201409 208046 8 0 6
201409 208046 9 0 6
201409 208046 10 0 6
!sus 40468 54439 2 8 2 attackers:40468;victims:54439;type:1;valid_origin:True;recurrent:True;local:False
40468 54439 1 2 0
40468 54439 2 1 1
40468 54439 3 2 0
40468 54439 4 1 1
40468 54439 5 0 2
40468 54439 6 0 2
40468 54439 7 0 2
40468 54439 8 0 2
40468 54439 9 0 2
40468 54439 10 0 2
!leg 266523 267056 10 0 177 attackers:267056;victims:266523;type:1;valid_origin:True;recurrent:False;local:False
266523 267056 1 177 0
266523 267056 2 177 0
266523 267056 3 177 0
266523 267056 4 177 0
266523 267056 5 177 0
266523 267056 6 177 0
266523 267056 7 177 0
266523 267056 8 177 0
266523 267056 9 177 0
266523 267056 10 177 0
!sus 34987 44714 0 10 197 attackers:44714;victims:34987;type:1;valid_origin:True;recurrent:False;local:False
34987 44714 1 0 197
34987 44714 2 0 197
34987 44714 3 0 197
34987 44714 4 0 197
34987 44714 5 0 197
34987 44714 6 0 197
34987 44714 7 2 195
34987 44714 8 0 197
34987 44714 9 0 197
34987 44714 10 0 197
!sus 20940 395502 0 10 4 attackers:395502;victims:20940;type:1;valid_origin:True;recurrent:True;local:False
20940 395502 1 0 4
20940 395502 2 0 4
20940 395502 3 0 4
20940 395502 4 0 4
20940 395502 5 0 4
20940 395502 6 0 4
20940 395502 7 0 4
20940 395502 8 0 4
20940 395502 9 0 4
20940 395502 10 0 4
!leg 42861 62663 10 0 2 attackers:62663;victims:39191;type:3;valid_origin:True;recurrent:False;local:False
42861 62663 1 2 0
42861 62663 2 2 0
42861 62663 3 2 0
42861 62663 4 2 0
42861 62663 5 2 0
42861 62663 6 2 0
42861 62663 7 2 0
42861 62663 8 2 0
42861 62663 9 2 0
42861 62663 10 2 0
!sus 47152 204508 0 10 2 attackers:47152;victims:204508;type:1;valid_origin:True;recurrent:True;local:False
47152 204508 1 0 2
47152 204508 2 0 2
47152 204508 3 1 1
47152 204508 4 1 1
47152 204508 5 1 1
47152 204508 6 1 1
47152 204508 7 1 1
47152 204508 8 1 1
47152 204508 9 1 1
47152 204508 10 1 1
!sus 201814 215862 0 10 2 attackers:201814;victims:215862;type:1;valid_origin:True;recurrent:True;local:False
201814 215862 1 0 2
201814 215862 2 0 2
201814 215862 3 0 2
201814 215862 4 0 2
201814 215862 5 0 2
201814 215862 6 0 2
201814 215862 7 0 2
201814 215862 8 0 2
201814 215862 9 0 2
201814 215862 10 0 2
!sus 23750 140039 4 6 2 attackers:23750;victims:140039;type:1;valid_origin:True;recurrent:True;local:False
23750 140039 1 2 0
23750 140039 2 2 0
23750 140039 3 2 0
23750 140039 4 2 0
23750 140039 5 0 2
23750 140039 6 0 2
23750 140039 7 0 2
23750 140039 8 0 2
23750 140039 9 0 2
23750 140039 10 0 2
!leg 44324 150184 10 0 2 attackers:44324;victims:150184;type:1;valid_origin:True;recurrent:False;local:False
44324 150184 1 2 0
44324 150184 2 2 0
44324 150184 3 2 0
44324 150184 4 2 0
44324 150184 5 2 0
44324 150184 6 2 0
44324 150184 7 2 0
44324 150184 8 2 0
44324 150184 9 2 0
44324 150184 10 2 0
!sus 27059 270593 1 9 4 attackers:270593;victims:270593;type:2;valid_origin:True;recurrent:True;local:False
27059 270593 1 4 0
27059 270593 2 1 3
27059 270593 3 1 3
27059 270593 4 0 4
27059 270593 5 0 4
27059 270593 6 0 4
27059 270593 7 0 4
27059 270593 8 0 4
27059 270593 9 0 4
27059 270593 10 0 4
!leg 34876 196925 10 0 68 attackers:34876;victims:200154;type:2;valid_origin:False;recurrent:False;local:False
34876 196925 1 50 18
34876 196925 2 68 0
34876 196925 3 68 0
34876 196925 4 68 0
34876 196925 5 68 0
34876 196925 6 68 0
34876 196925 7 68 0
34876 196925 8 68 0
34876 196925 9 68 0
34876 196925 10 68 0
!leg 265453 267056 10 0 115 attackers:267056;victims:265453;type:1;valid_origin:True;recurrent:False;local:False
265453 267056 1 115 0
265453 267056 2 115 0
265453 267056 3 115 0
265453 267056 4 115 0
265453 267056 5 115 0
265453 267056 6 115 0
265453 267056 7 115 0
265453 267056 8 115 0
265453 267056 9 115 0
265453 267056 10 115 0
!sus 41221 216137 4 6 4 attackers:41221;victims:216137;type:1;valid_origin:True;recurrent:True;local:False
41221 216137 1 4 0
41221 216137 2 4 0
41221 216137 3 4 0
41221 216137 4 4 0
41221 216137 5 0 4
41221 216137 6 0 4
41221 216137 7 0 4
41221 216137 8 0 4
41221 216137 9 0 4
41221 216137 10 0 4
!leg 267056 269587 10 0 48 attackers:267056;victims:269587;type:1;valid_origin:True;recurrent:False;local:False
267056 269587 1 48 0
267056 269587 2 48 0
267056 269587 3 48 0
267056 269587 4 48 0
267056 269587 5 48 0
267056 269587 6 48 0
267056 269587 7 48 0
267056 269587 8 48 0
267056 269587 9 48 0
267056 269587 10 48 0
!leg 44324 200895 10 0 2 attackers:44324;victims:200895;type:1;valid_origin:True;recurrent:False;local:False
44324 200895 1 2 0
44324 200895 2 2 0
44324 200895 3 2 0
44324 200895 4 2 0
44324 200895 5 2 0
44324 200895 6 2 0
44324 200895 7 2 0
44324 200895 8 2 0
44324 200895 9 2 0
44324 200895 10 2 0
!sus 48581 59920 0 10 37 attackers:59920;victims:48581;type:1;valid_origin:True;recurrent:True;local:False
48581 59920 1 0 37
48581 59920 2 0 37
48581 59920 3 1 36
48581 59920 4 3 34
48581 59920 5 1 36
48581 59920 6 8 29
48581 59920 7 4 33
48581 59920 8 2 35
48581 59920 9 1 36
48581 59920 10 2 35
!sus 38732 151873 4 6 1 attackers:38732;victims:151873;type:1;valid_origin:True;recurrent:True;local:False
38732 151873 1 1 0
38732 151873 2 1 0
38732 151873 3 1 0
38732 151873 4 1 0
38732 151873 5 0 1
38732 151873 6 0 1
38732 151873 7 0 1
38732 151873 8 0 1
38732 151873 9 0 1
38732 151873 10 0 1
!sus 6453 24173 0 10 36 attackers:24173;victims:6453;type:1;valid_origin:False;recurrent:False;local:False
6453 24173 1 0 36
6453 24173 2 0 36
6453 24173 3 0 36
6453 24173 4 0 36
6453 24173 5 1 35
6453 24173 6 1 35
6453 24173 7 1 35
6453 24173 8 1 35
6453 24173 9 1 35
6453 24173 10 1 35
!leg 37721 204193 10 0 2 attackers:37721;victims:204193;type:1,3;valid_origin:True;recurrent:False;local:True
37721 204193 1 2 0
37721 204193 2 2 0
37721 204193 3 2 0
37721 204193 4 2 0
37721 204193 5 2 0
37721 204193 6 2 0
37721 204193 7 2 0
37721 204193 8 2 0
37721 204193 9 2 0
37721 204193 10 2 0
!sus 34250 199528 4 6 7 attackers:34250;victims:199528;type:1;valid_origin:True;recurrent:True;local:False
34250 199528 1 7 0
34250 199528 2 7 0
34250 199528 3 7 0
34250 199528 4 7 0
34250 199528 5 2 5
34250 199528 6 0 7
34250 199528 7 0 7
34250 199528 8 0 7
34250 199528 9 0 7
34250 199528 10 0 7
!leg 28642 262977 10 0 7 attackers:262977;victims:271543;type:2;valid_origin:True;recurrent:False;local:False
28642 262977 1 7 0
28642 262977 2 7 0
28642 262977 3 7 0
28642 262977 4 7 0
28642 262977 5 7 0
28642 262977 6 7 0
28642 262977 7 7 0
28642 262977 8 7 0
28642 262977 9 7 0
28642 262977 10 7 0
!leg 29465 37125 10 0 1 attackers:29465;victims:37125;type:1;valid_origin:True;recurrent:False;local:False
29465 37125 1 1 0
29465 37125 2 1 0
29465 37125 3 1 0
29465 37125 4 1 0
29465 37125 5 1 0
29465 37125 6 1 0
29465 37125 7 1 0
29465 37125 8 1 0
29465 37125 9 1 0
29465 37125 10 1 0
!leg 23764 262691 10 0 1 attackers:262691;victims:267055;type:2;valid_origin:True;recurrent:True;local:False
23764 262691 1 1 0
23764 262691 2 1 0
23764 262691 3 1 0
23764 262691 4 1 0
23764 262691 5 1 0
23764 262691 6 1 0
23764 262691 7 1 0
23764 262691 8 1 0
23764 262691 9 1 0
23764 262691 10 1 0
!leg 32708 131642 10 0 214 attackers:32708;victims:131642;type:1;valid_origin:True;recurrent:False;local:False
32708 131642 1 213 1
32708 131642 2 214 0
32708 131642 3 214 0
32708 131642 4 214 0
32708 131642 5 214 0
32708 131642 6 214 0
32708 131642 7 214 0
32708 131642 8 214 0
32708 131642 9 214 0
32708 131642 10 214 0
!sus 199765 200936 3 7 139 attackers:199765;victims:200936;type:1;valid_origin:True;recurrent:True;local:False
199765 200936 1 39 100
199765 200936 2 55 84
199765 200936 3 45 94
199765 200936 4 53 86
199765 200936 5 55 84
199765 200936 6 45 94
199765 200936 7 104 35
199765 200936 8 128 11
199765 200936 9 65 74
199765 200936 10 111 28
!sus 38077 140223 5 5 81 attackers:140223;victims:38077;type:1;valid_origin:True;recurrent:True;local:False
38077 140223 1 26 55
38077 140223 2 26 55
38077 140223 3 32 49
38077 140223 4 37 44
38077 140223 5 60 21
38077 140223 6 80 1
38077 140223 7 26 55
38077 140223 8 74 7
38077 140223 9 80 1
38077 140223 10 80 1
!sus 12764 216287 4 6 6 attackers:12764;victims:216287;type:1;valid_origin:True;recurrent:True;local:False
12764 216287 1 6 0
12764 216287 2 6 0
12764 216287 3 6 0
12764 216287 4 6 0
12764 216287 5 1 5
12764 216287 6 2 4
12764 216287 7 0 6
12764 216287 8 0 6
12764 216287 9 0 6
12764 216287 10 0 6
!sus 50763 52041 0 10 88 attackers:52041;victims:50763;type:1;valid_origin:True;recurrent:True;local:False
50763 52041 1 0 88
50763 52041 2 0 88
50763 52041 3 0 88
50763 52041 4 0 88
50763 52041 5 0 88
50763 52041 6 0 88
50763 52041 7 0 88
50763 52041 8 1 87
50763 52041 9 2 86
50763 52041 10 3 85
!sus 38733 150910 4 6 178 attackers:38733;victims:150910;type:1;valid_origin:True;recurrent:False;local:False
38733 150910 1 178 0
38733 150910 2 177 1
38733 150910 3 178 0
38733 150910 4 159 19
38733 150910 5 20 158
38733 150910 6 47 131
38733 150910 7 0 178
38733 150910 8 0 178
38733 150910 9 0 178
38733 150910 10 0 178
!leg 53115 273568 10 0 16 attackers:273568;victims:262937;type:2;valid_origin:True;recurrent:False;local:False
53115 273568 1 16 0
53115 273568 2 16 0
53115 273568 3 16 0
53115 273568 4 16 0
53115 273568 5 16 0
53115 273568 6 16 0
53115 273568 7 16 0
53115 273568 8 16 0
53115 273568 9 16 0
53115 273568 10 16 0
!sus 15412 204193 8 2 4 attackers:15412;victims:204193;type:1,3;valid_origin:True;recurrent:False;local:False
15412 204193 1 2 2
15412 204193 2 2 2
15412 204193 3 3 1
15412 204193 4 3 1
15412 204193 5 3 1
15412 204193 6 3 1
15412 204193 7 4 0
15412 204193 8 3 1
15412 204193 9 4 0
15412 204193 10 3 1
!sus 57463 212415 0 10 1 attackers:57463;victims:212415;type:1;valid_origin:True;recurrent:True;local:True
57463 212415 1 0 1
57463 212415 2 0 1
57463 212415 3 0 1
57463 212415 4 0 1
57463 212415 5 0 1
57463 212415 6 0 1
57463 212415 7 0 1
57463 212415 8 0 1
57463 212415 9 0 1
57463 212415 10 0 1
!sus 199414 200202 0 10 18 attackers:199414;victims:200202;type:1;valid_origin:True;recurrent:True;local:False
199414 200202 1 0 18
199414 200202 2 0 18
199414 200202 3 0 18
199414 200202 4 0 18
199414 200202 5 0 18
199414 200202 6 0 18
199414 200202 7 0 18
199414 200202 8 0 18
199414 200202 9 0 18
199414 200202 10 0 18
!sus 48214 52209 0 10 168 attackers:52209;victims:48214;type:1;valid_origin:True;recurrent:True;local:False
48214 52209 1 2 166
48214 52209 2 0 168
48214 52209 3 0 168
48214 52209 4 0 168
48214 52209 5 0 168
48214 52209 6 0 168
48214 52209 7 0 168
48214 52209 8 0 168
48214 52209 9 0 168
48214 52209 10 0 168
!sus 150452 151193 0 10 7 attackers:150452;victims:151193;type:1;valid_origin:True;recurrent:True;local:False
150452 151193 1 0 7
150452 151193 2 0 7
150452 151193 3 0 7
150452 151193 4 0 7
150452 151193 5 0 7
150452 151193 6 0 7
150452 151193 7 0 7
150452 151193 8 0 7
150452 151193 9 0 7
150452 151193 10 0 7
!sus 14840 263922 2 8 5 attackers:263922;victims:267625;type:2;valid_origin:True;recurrent:True;local:False
14840 263922 1 0 5
14840 263922 2 0 5
14840 263922 3 0 5
14840 263922 4 1 4
14840 263922 5 1 4
14840 263922 6 1 4
14840 263922 7 4 1
14840 263922 8 2 3
14840 263922 9 4 1
14840 263922 10 2 3
!sus 57695 152156 7 3 3 attackers:57695;victims:152156;type:1;valid_origin:True;recurrent:True;local:False
57695 152156 1 0 3
57695 152156 2 1 2
57695 152156 3 0 3
57695 152156 4 2 1
57695 152156 5 3 0
57695 152156 6 3 0
57695 152156 7 3 0
57695 152156 8 3 0
57695 152156 9 3 0
57695 152156 10 3 0
!sus 51396 215870 4 6 5 attackers:51396;victims:215870;type:1;valid_origin:True;recurrent:True;local:False
51396 215870 1 5 0
51396 215870 2 5 0
51396 215870 3 5 0
51396 215870 4 3 2
51396 215870 5 0 5
51396 215870 6 0 5
51396 215870 7 0 5
51396 215870 8 0 5
51396 215870 9 0 5
51396 215870 10 0 5
!sus 269237 273412 9 1 39 attackers:269237;victims:273412;type:1;valid_origin:True;recurrent:True;local:False
269237 273412 1 39 0
269237 273412 2 38 1
269237 273412 3 39 0
269237 273412 4 39 0
269237 273412 5 39 0
269237 273412 6 39 0
269237 273412 7 36 3
269237 273412 8 29 10
269237 273412 9 36 3
269237 273412 10 0 39
!sus 209533 215912 0 10 7 attackers:209533;victims:215912;type:1;valid_origin:True;recurrent:True;local:False
209533 215912 1 0 7
209533 215912 2 0 7
209533 215912 3 0 7
209533 215912 4 0 7
209533 215912 5 0 7
209533 215912 6 0 7
209533 215912 7 0 7
209533 215912 8 0 7
209533 215912 9 0 7
209533 215912 10 0 7
!sus 205203 206446 7 3 109 attackers:206446;victims:205203;type:1;valid_origin:True;recurrent:False;local:False
205203 206446 1 34 75
205203 206446 2 87 22
205203 206446 3 27 82
205203 206446 4 87 22
205203 206446 5 25 84
205203 206446 6 86 23
205203 206446 7 94 15
205203 206446 8 103 6
205203 206446 9 96 13
205203 206446 10 67 42
!sus 45430 396986 2 8 7 attackers:45430;victims:396986;type:1;valid_origin:True;recurrent:True;local:False
45430 396986 1 1 6
45430 396986 2 1 6
45430 396986 3 1 6
45430 396986 4 1 6
45430 396986 5 3 4
45430 396986 6 1 6
45430 396986 7 4 3
45430 396986 8 3 4
45430 396986 9 2 5
45430 396986 10 4 3
!leg 52865 52965 10 0 35 attackers:52865;victims:52865;type:2;valid_origin:True;recurrent:False;local:False
52865 52965 1 35 0
52865 52965 2 35 0
52865 52965 3 35 0
52865 52965 4 35 0
52865 52965 5 35 0
52865 52965 6 35 0
52865 52965 7 35 0
52865 52965 8 35 0
52865 52965 9 35 0
52865 52965 10 35 0
!sus 30205 46844 6 4 5 attackers:46844;victims:30205;type:1;valid_origin:True;recurrent:True;local:False
30205 46844 1 4 1
30205 46844 2 4 1
30205 46844 3 5 0
30205 46844 4 3 2
30205 46844 5 4 1
30205 46844 6 2 3
30205 46844 7 4 1
30205 46844 8 0 5
30205 46844 9 0 5
30205 46844 10 0 5
!leg 29465 37347 10 0 6 attackers:29465;victims:37347;type:1;valid_origin:True;recurrent:False;local:False
29465 37347 1 6 0
29465 37347 2 6 0
29465 37347 3 6 0
29465 37347 4 6 0
29465 37347 5 6 0
29465 37347 6 6 0
29465 37347 7 6 0
29465 37347 8 6 0
29465 37347 9 6 0
29465 37347 10 6 0
!leg 16735 52842 10 0 2 attackers:52842;victims:270866;type:4;valid_origin:True;recurrent:False;local:False
16735 52842 1 2 0
16735 52842 2 2 0
16735 52842 3 2 0
16735 52842 4 2 0
16735 52842 5 2 0
16735 52842 6 2 0
16735 52842 7 2 0
16735 52842 8 2 0
16735 52842 9 2 0
16735 52842 10 2 0
!sus 37100 329369 1 9 9 attackers:37100;victims:329369;type:1;valid_origin:True;recurrent:True;local:False
37100 329369 1 5 4
37100 329369 2 0 9
37100 329369 3 1 8
37100 329369 4 0 9
37100 329369 5 0 9
37100 329369 6 1 8
37100 329369 7 0 9
37100 329369 8 0 9
37100 329369 9 2 7
37100 329369 10 0 9
!sus 25184 216344 5 5 4 attackers:25184;victims:216344;type:1;valid_origin:True;recurrent:True;local:False
25184 216344 1 4 0
25184 216344 2 4 0
25184 216344 3 4 0
25184 216344 4 4 0
25184 216344 5 3 1
25184 216344 6 0 4
25184 216344 7 0 4
25184 216344 8 0 4
25184 216344 9 0 4
25184 216344 10 0 4
!sus 38235 139341 8 2 6 attackers:38235;victims:139341;type:1;valid_origin:True;recurrent:True;local:False
38235 139341 1 3 3
38235 139341 2 3 3
38235 139341 3 5 1
38235 139341 4 6 0
38235 139341 5 6 0
38235 139341 6 6 0
38235 139341 7 6 0
38235 139341 8 6 0
38235 139341 9 6 0
38235 139341 10 6 0
!sus 8772 215828 9 1 196 attackers:8772;victims:215849,215828;type:1,2;valid_origin:True;recurrent:True;local:False
8772 215828 1 28 168
8772 215828 2 122 74
8772 215828 3 116 80
8772 215828 4 148 48
8772 215828 5 146 50
8772 215828 6 158 38
8772 215828 7 164 32
8772 215828 8 163 33
8772 215828 9 164 32
8772 215828 10 165 31
!sus 43754 64422 2 8 2 attackers:43754;victims:64422;type:1;valid_origin:True;recurrent:True;local:False
43754 64422 1 2 0
43754 64422 2 1 1
43754 64422 3 2 0
43754 64422 4 1 1
43754 64422 5 0 2
43754 64422 6 0 2
43754 64422 7 0 2
43754 64422 8 0 2
43754 64422 9 0 2
43754 64422 10 0 2
!sus 3258 215871 0 10 3 attackers:3258;victims:215871;type:1;valid_origin:True;recurrent:True;local:False
3258 215871 1 0 3
3258 215871 2 0 3
3258 215871 3 0 3
3258 215871 4 0 3
3258 215871 5 0 3
3258 215871 6 0 3
3258 215871 7 0 3
3258 215871 8 0 3
3258 215871 9 0 3
3258 215871 10 0 3
!sus 38733 150912 4 6 178 attackers:38733;victims:150912;type:1;valid_origin:True;recurrent:False;local:False
38733 150912 1 178 0
38733 150912 2 177 1
38733 150912 3 178 0
38733 150912 4 159 19
38733 150912 5 20 158
38733 150912 6 47 131
38733 150912 7 0 178
38733 150912 8 0 178
38733 150912 9 0 178
38733 150912 10 0 178
!sus 139620 150285 0 10 25 attackers:139620;victims:150285;type:1;valid_origin:True;recurrent:True;local:False
139620 150285 1 0 25
139620 150285 2 0 25
139620 150285 3 0 25
139620 150285 4 0 25
139620 150285 5 0 25
139620 150285 6 0 25
139620 150285 7 0 25
139620 150285 8 0 25
139620 150285 9 0 25
139620 150285 10 0 25
!sus 135905 149068 6 4 8 attackers:135905;victims:149068;type:1;valid_origin:True;recurrent:True;local:False
135905 149068 1 8 0
135905 149068 2 8 0
135905 149068 3 8 0
135905 149068 4 8 0
135905 149068 5 7 1
135905 149068 6 5 3
135905 149068 7 0 8
135905 149068 8 0 8
135905 149068 9 0 8
135905 149068 10 0 8
!sus 264974 273341 5 5 35 attackers:264974;victims:273341;type:1;valid_origin:True;recurrent:True;local:False
264974 273341 1 35 0
264974 273341 2 35 0
264974 273341 3 35 0
264974 273341 4 29 6
264974 273341 5 4 31
264974 273341 6 30 5
264974 273341 7 0 35
264974 273341 8 0 35
264974 273341 9 0 35
264974 273341 10 0 35
!sus 209533 215823 2 8 124 attackers:209533;victims:215823;type:1;valid_origin:True;recurrent:True;local:False
209533 215823 1 0 124
209533 215823 2 0 124
209533 215823 3 7 117
209533 215823 4 0 124
209533 215823 5 38 86
209533 215823 6 28 96
209533 215823 7 39 85
209533 215823 8 36 88
209533 215823 9 108 16
209533 215823 10 106 18
!leg 4755 22764 10 0 57 attackers:4755;victims:22764;type:1;valid_origin:True;recurrent:False;local:False
4755 22764 1 56 1
4755 22764 2 56 1
4755 22764 3 56 1
4755 22764 4 57 0
4755 22764 5 56 1
4755 22764 6 56 1
4755 22764 7 57 0
4755 22764 8 57 0
4755 22764 9 56 1
4755 22764 10 57 0
!sus 44841 400810 4 6 139 attackers:400810;victims:44841;type:1;valid_origin:True;recurrent:True;local:False
44841 400810 1 136 3
44841 400810 2 129 10
44841 400810 3 139 0
44841 400810 4 121 18
44841 400810 5 49 90
44841 400810 6 9 130
44841 400810 7 0 139
44841 400810 8 1 138
44841 400810 9 0 139
44841 400810 10 1 138
!leg 206075 216052 10 0 55 attackers:206075;victims:216052;type:1;valid_origin:True;recurrent:False;local:False
206075 216052 1 39 16
206075 216052 2 55 0
206075 216052 3 55 0
206075 216052 4 55 0
206075 216052 5 55 0
206075 216052 6 55 0
206075 216052 7 55 0
206075 216052 8 55 0
206075 216052 9 55 0
206075 216052 10 55 0
!leg 29465 37148 10 0 1 attackers:29465;victims:37088;type:3;valid_origin:True;recurrent:False;local:False
29465 37148 1 1 0
29465 37148 2 1 0
29465 37148 3 1 0
29465 37148 4 1 0
29465 37148 5 1 0
29465 37148 6 1 0
29465 37148 7 1 0
29465 37148 8 1 0
29465 37148 9 1 0
29465 37148 10 1 0
!leg 61568 265300 10 0 2 attackers:61568;victims:265300;type:1;valid_origin:True;recurrent:False;local:False
61568 265300 1 2 0
61568 265300 2 2 0
61568 265300 3 2 0
61568 265300 4 2 0
61568 265300 5 2 0
61568 265300 6 2 0
61568 265300 7 2 0
61568 265300 8 2 0
61568 265300 9 2 0
61568 265300 10 2 0
!leg 50745 200736 10 0 1 attackers:50745;victims:200736;type:1;valid_origin:True;recurrent:False;local:False
50745 200736 1 1 0
50745 200736 2 1 0
50745 200736 3 1 0
50745 200736 4 1 0
50745 200736 5 1 0
50745 200736 6 1 0
50745 200736 7 1 0
50745 200736 8 1 0
50745 200736 9 1 0
50745 200736 10 1 0
!sus 28292 273568 0 10 16 attackers:273568;victims:28292;type:1;valid_origin:True;recurrent:False;local:False
28292 273568 1 0 16
28292 273568 2 0 16
28292 273568 3 0 16
28292 273568 4 0 16
28292 273568 5 0 16
28292 273568 6 0 16
28292 273568 7 4 12
28292 273568 8 1 15
28292 273568 9 1 15
28292 273568 10 2 14
!leg 59318 152144 10 0 1 attackers:59318;victims:45845;type:5;valid_origin:True;recurrent:False;local:True
59318 152144 1 1 0
59318 152144 2 1 0
59318 152144 3 1 0
59318 152144 4 1 0
59318 152144 5 1 0
59318 152144 6 1 0
59318 152144 7 1 0
59318 152144 8 1 0
59318 152144 9 1 0
59318 152144 10 1 0
!sus 206244 211726 0 10 2 attackers:206244;victims:211726;type:1;valid_origin:True;recurrent:True;local:False
206244 211726 1 0 2
206244 211726 2 0 2
206244 211726 3 0 2
206244 211726 4 0 2
206244 211726 5 0 2
206244 211726 6 0 2
206244 211726 7 0 2
206244 211726 8 0 2
206244 211726 9 0 2
206244 211726 10 0 2
!sus 44687 196695 6 4 8 attackers:196695;victims:44687;type:1;valid_origin:True;recurrent:True;local:False
44687 196695 1 8 0
44687 196695 2 8 0
44687 196695 3 8 0
44687 196695 4 8 0
44687 196695 5 8 0
44687 196695 6 4 4
44687 196695 7 4 4
44687 196695 8 7 1
44687 196695 9 4 4
44687 196695 10 0 8
!sus 23764 263998 6 4 9 attackers:23764;victims:263967;type:2;valid_origin:True;recurrent:True;local:False
23764 263998 1 0 9
23764 263998 2 0 9
23764 263998 3 1 8
23764 263998 4 6 3
23764 263998 5 3 6
23764 263998 6 7 2
23764 263998 7 7 2
23764 263998 8 7 2
23764 263998 9 7 2
23764 263998 10 7 2
!leg 29465 37230 10 0 1 attackers:29465;victims:37230;type:1;valid_origin:True;recurrent:False;local:False
29465 37230 1 1 0
29465 37230 2 1 0
29465 37230 3 1 0
29465 37230 4 1 0
29465 37230 5 1 0
29465 37230 6 1 0
29465 37230 7 1 0
29465 37230 8 1 0
29465 37230 9 1 0
29465 37230 10 1 0
!sus 204193 1754604701 2 8 32 attackers:204193;victims:204193;type:2;valid_origin:True;recurrent:False;local:False
204193 1754604701 1 32 0
204193 1754604701 2 18 14
204193 1754604701 3 1 31
204193 1754604701 4 5 27
204193 1754604701 5 0 32
204193 1754604701 6 0 32
204193 1754604701 7 0 32
204193 1754604701 8 0 32
204193 1754604701 9 0 32
204193 1754604701 10 0 32
!leg 200612 204193 10 0 2 attackers:200612;victims:204193;type:1,3;valid_origin:True;recurrent:False;local:True
200612 204193 1 2 0
200612 204193 2 2 0
200612 204193 3 2 0
200612 204193 4 2 0
200612 204193 5 2 0
200612 204193 6 2 0
200612 204193 7 2 0
200612 204193 8 2 0
200612 204193 9 2 0
200612 204193 10 2 0
!sus 41051 207849 8 2 50 attackers:41051;victims:207849;type:1;valid_origin:True;recurrent:True;local:False
41051 207849 1 10 40
41051 207849 2 2 48
41051 207849 3 34 16
41051 207849 4 49 1
41051 207849 5 49 1
41051 207849 6 50 0
41051 207849 7 50 0
41051 207849 8 50 0
41051 207849 9 50 0
41051 207849 10 50 0
!sus 1239 204193 4 6 2 attackers:1239;victims:204193;type:1,3;valid_origin:True;recurrent:False;local:False
1239 204193 1 1 1
1239 204193 2 1 1
1239 204193 3 1 1
1239 204193 4 1 1
1239 204193 5 1 1
1239 204193 6 2 0
1239 204193 7 1 1
1239 204193 8 2 0
1239 204193 9 2 0
1239 204193 10 2 0
!leg 29465 36940 10 0 40 attackers:29465;victims:37286,37540,327891,328585,36872,328522,37340;type:2,3;valid_origin:True;recurrent:False;local:False
29465 36940 1 40 0
29465 36940 2 40 0
29465 36940 3 40 0
29465 36940 4 40 0
29465 36940 5 40 0
29465 36940 6 40 0
29465 36940 7 40 0
29465 36940 8 40 0
29465 36940 9 40 0
29465 36940 10 40 0
!sus 41051 48231 9 1 5 attackers:41051;victims:48231;type:1;valid_origin:True;recurrent:True;local:False
41051 48231 1 0 5
41051 48231 2 3 2
41051 48231 3 5 0
41051 48231 4 5 0
41051 48231 5 5 0
41051 48231 6 5 0
41051 48231 7 5 0
41051 48231 8 5 0
41051 48231 9 5 0
41051 48231 10 5 0
!sus 18207 151982 4 6 3 attackers:18207;victims:151982;type:1;valid_origin:True;recurrent:True;local:False
18207 151982 1 3 0
18207 151982 2 3 0
18207 151982 3 3 0
18207 151982 4 2 1
18207 151982 5 0 3
18207 151982 6 1 2
18207 151982 7 0 3
18207 151982 8 0 3
18207 151982 9 0 3
18207 151982 10 0 3
!sus 142270 211826 0 10 2 attackers:211826;victims:142270;type:1;valid_origin:True;recurrent:True;local:False
142270 211826 1 0 2
142270 211826 2 0 2
142270 211826 3 0 2
142270 211826 4 0 2
142270 211826 5 0 2
142270 211826 6 0 2
142270 211826 7 0 2
142270 211826 8 0 2
142270 211826 9 0 2
142270 211826 10 0 2
!sus 209533 215825 0 10 3 attackers:209533;victims:215825;type:1;valid_origin:True;recurrent:True;local:False
209533 215825 1 1 2
209533 215825 2 0 3
209533 215825 3 0 3
209533 215825 4 1 2
209533 215825 5 0 3
209533 215825 6 0 3
209533 215825 7 0 3
209533 215825 8 1 2
209533 215825 9 0 3
209533 215825 10 0 3
!leg 44324 62246 10 0 2 attackers:44324;victims:62246;type:1;valid_origin:True;recurrent:False;local:False
44324 62246 1 2 0
44324 62246 2 2 0
44324 62246 3 2 0
44324 62246 4 2 0
44324 62246 5 2 0
44324 62246 6 2 0
44324 62246 7 2 0
44324 62246 8 2 0
44324 62246 9 2 0
44324 62246 10 2 0
!sus 6984 58428 0 10 3 attackers:58428;victims:6984;type:1;valid_origin:True;recurrent:True;local:False
6984 58428 1 0 3
6984 58428 2 0 3
6984 58428 3 0 3
6984 58428 4 0 3
6984 58428 5 0 3
6984 58428 6 0 3
6984 58428 7 0 3
6984 58428 8 0 3
6984 58428 9 0 3
6984 58428 10 0 3
!sus 29076 29632 9 1 13 attackers:29076;victims:44477;type:2;valid_origin:True;recurrent:True;local:False
29076 29632 1 0 13
29076 29632 2 13 0
29076 29632 3 13 0
29076 29632 4 13 0
29076 29632 5 13 0
29076 29632 6 13 0
29076 29632 7 13 0
29076 29632 8 13 0
29076 29632 9 13 0
29076 29632 10 13 0
!leg 47626 62663 10 0 1 attackers:62663;victims:57562;type:2;valid_origin:True;recurrent:False;local:False
47626 62663 1 1 0
47626 62663 2 1 0
47626 62663 3 1 0
47626 62663 4 1 0
47626 62663 5 1 0
47626 62663 6 1 0
47626 62663 7 1 0
47626 62663 8 1 0
47626 62663 9 1 0
47626 62663 10 1 0
!sus 17639 132905 0 10 2 attackers:17639;victims:132905;type:1;valid_origin:True;recurrent:True;local:False
17639 132905 1 1 1
17639 132905 2 1 1
17639 132905 3 1 1
17639 132905 4 1 1
17639 132905 5 1 1
17639 132905 6 1 1
17639 132905 7 1 1
17639 132905 8 1 1
17639 132905 9 1 1
17639 132905 10 1 1
!leg 52320 204193 10 0 7 attackers:52320;victims:204193;type:1,3;valid_origin:True;recurrent:False;local:False
52320 204193 1 4 3
52320 204193 2 4 3
52320 204193 3 4 3
52320 204193 4 4 3
52320 204193 5 4 3
52320 204193 6 4 3
52320 204193 7 4 3
52320 204193 8 4 3
52320 204193 9 5 2
52320 204193 10 4 3
!sus 35280 204193 5 5 2 attackers:35280;victims:204193;type:1,3;valid_origin:True;recurrent:False;local:False
35280 204193 1 1 1
35280 204193 2 1 1
35280 204193 3 1 1
35280 204193 4 1 1
35280 204193 5 1 1
35280 204193 6 2 0
35280 204193 7 2 0
35280 204193 8 2 0
35280 204193 9 2 0
35280 204193 10 2 0
!sus 202262 215799 0 10 186 attackers:202262;victims:215799;type:1;valid_origin:True;recurrent:True;local:False
202262 215799 1 18 168
202262 215799 2 1 185
202262 215799 3 6 180
202262 215799 4 5 181
202262 215799 5 5 181
202262 215799 6 1 185
202262 215799 7 5 181
202262 215799 8 4 182
202262 215799 9 1 185
202262 215799 10 1 185
!leg 29465 37269 10 0 77 attackers:29465;victims:37269;type:1;valid_origin:True;recurrent:False;local:False
29465 37269 1 77 0
29465 37269 2 77 0
29465 37269 3 77 0
29465 37269 4 77 0
29465 37269 5 77 0
29465 37269 6 77 0
29465 37269 7 77 0
29465 37269 8 77 0
29465 37269 9 77 0
29465 37269 10 77 0
!sus 38041 40916 7 3 38 attackers:40916;victims:38041;type:1;valid_origin:True;recurrent:True;local:False
38041 40916 1 14 24
38041 40916 2 22 16
38041 40916 3 2 36
38041 40916 4 34 4
38041 40916 5 37 1
38041 40916 6 27 11
38041 40916 7 4 34
38041 40916 8 27 11
38041 40916 9 24 14
38041 40916 10 25 13
!sus 44947 56687 0 10 44 attackers:44947;victims:56687;type:1;valid_origin:True;recurrent:True;local:False
44947 56687 1 0 44
44947 56687 2 0 44
44947 56687 3 0 44
44947 56687 4 0 44
44947 56687 5 0 44
44947 56687 6 0 44
44947 56687 7 0 44
44947 56687 8 0 44
44947 56687 9 0 44
44947 56687 10 0 44
!sus 37662 328585 2 8 2 attackers:37662;victims:328585;type:1;valid_origin:True;recurrent:True;local:False
37662 328585 1 1 1
37662 328585 2 0 2
37662 328585 3 1 1
37662 328585 4 0 2
37662 328585 5 1 1
37662 328585 6 1 1
37662 328585 7 2 0
37662 328585 8 1 1
37662 328585 9 1 1
37662 328585 10 2 0
!sus 47311 203686 7 3 97 attackers:47311;victims:203686;type:1;valid_origin:True;recurrent:True;local:False
47311 203686 1 0 97
47311 203686 2 0 97
47311 203686 3 48 49
47311 203686 4 93 4
47311 203686 5 95 2
47311 203686 6 97 0
47311 203686 7 94 3
47311 203686 8 97 0
47311 203686 9 97 0
47311 203686 10 97 0
!leg 44324 202881 10 0 2 attackers:44324;victims:202881;type:1;valid_origin:True;recurrent:False;local:False
44324 202881 1 2 0
44324 202881 2 2 0
44324 202881 3 2 0
44324 202881 4 2 0
44324 202881 5 2 0
44324 202881 6 2 0
44324 202881 7 2 0
44324 202881 8 2 0
44324 202881 9 2 0
44324 202881 10 2 0
!leg 6939 151544 10 0 5 attackers:6939;victims:151544;type:1;valid_origin:True;recurrent:False;local:False
6939 151544 1 5 0
6939 151544 2 5 0
6939 151544 3 5 0
6939 151544 4 5 0
6939 151544 5 5 0
6939 151544 6 5 0
6939 151544 7 5 0
6939 151544 8 5 0
6939 151544 9 5 0
6939 151544 10 5 0
!sus 11665 27373 4 6 1 attackers:27373;victims:11665;type:1;valid_origin:True;recurrent:True;local:False
11665 27373 1 1 0
11665 27373 2 1 0
11665 27373 3 1 0
11665 27373 4 1 0
11665 27373 5 0 1
11665 27373 6 0 1
11665 27373 7 0 1
11665 27373 8 0 1
11665 27373 9 0 1
11665 27373 10 0 1
!leg 44324 142553 10 0 2 attackers:44324;victims:142553;type:1;valid_origin:True;recurrent:False;local:False
44324 142553 1 2 0
44324 142553 2 2 0
44324 142553 3 2 0
44324 142553 4 2 0
44324 142553 5 2 0
44324 142553 6 2 0
44324 142553 7 2 0
44324 142553 8 2 0
44324 142553 9 2 0
44324 142553 10 2 0
!leg 44324 60900 10 0 3 attackers:44324;victims:60900;type:1;valid_origin:True;recurrent:False;local:False
44324 60900 1 3 0
44324 60900 2 3 0
44324 60900 3 3 0
44324 60900 4 3 0
44324 60900 5 3 0
44324 60900 6 3 0
44324 60900 7 3 0
44324 60900 8 3 0
44324 60900 9 3 0
44324 60900 10 3 0
!sus 29465 37662 8 2 12 attackers:29465;victims:37018,328160,37540,37605,37209,36872,328522,328131,37340;type:2,3;valid_origin:False;recurrent:False;local:False
29465 37662 1 6 6
29465 37662 2 6 6
29465 37662 3 12 0
29465 37662 4 12 0
29465 37662 5 12 0
29465 37662 6 12 0
29465 37662 7 12 0
29465 37662 8 12 0
29465 37662 9 12 0
29465 37662 10 12 0
!leg 53667 215791 10 0 48 attackers:53667;victims:215791;type:1;valid_origin:True;recurrent:False;local:False
53667 215791 1 48 0
53667 215791 2 48 0
53667 215791 3 48 0
53667 215791 4 48 0
53667 215791 5 48 0
53667 215791 6 48 0
53667 215791 7 48 0
53667 215791 8 48 0
53667 215791 9 48 0
53667 215791 10 48 0
!sus 198769 208107 2 8 106 attackers:198769;victims:208107;type:1;valid_origin:True;recurrent:False;local:False
198769 208107 1 58 48
198769 208107 2 50 56
198769 208107 3 42 64
198769 208107 4 51 55
198769 208107 5 52 54
198769 208107 6 55 51
198769 208107 7 52 54
198769 208107 8 52 54
198769 208107 9 52 54
198769 208107 10 52 54
!leg 50745 57463 10 0 1 attackers:57463;victims:200736;type:2;valid_origin:True;recurrent:False;local:True
50745 57463 1 1 0
50745 57463 2 1 0
50745 57463 3 1 0
50745 57463 4 1 0
50745 57463 5 1 0
50745 57463 6 1 0
50745 57463 7 1 0
50745 57463 8 1 0
50745 57463 9 1 0
50745 57463 10 1 0
!sus 2 272711 0 10 12 attackers:272711;victims:2;type:1;valid_origin:True;recurrent:True;local:False
2 272711 1 0 12
2 272711 2 0 12
2 272711 3 0 12
2 272711 4 0 12
2 272711 5 0 12
2 272711 6 0 12
2 272711 7 0 12
2 272711 8 0 12
2 272711 9 0 12
2 272711 10 0 12
!leg 57463 204193 10 0 2 attackers:57463;victims:204193;type:1,3;valid_origin:True;recurrent:False;local:True
57463 204193 1 2 0
57463 204193 2 2 0
57463 204193 3 2 0
57463 204193 4 2 0
57463 204193 5 2 0
57463 204193 6 2 0
57463 204193 7 2 0
57463 204193 8 2 0
57463 204193 9 2 0
57463 204193 10 2 0
!leg 50629 204193 10 0 2 attackers:50629;victims:204193;type:1,3;valid_origin:True;recurrent:False;local:True
50629 204193 1 2 0
50629 204193 2 2 0
50629 204193 3 2 0
50629 204193 4 2 0
50629 204193 5 2 0
50629 204193 6 2 0
50629 204193 7 2 0
50629 204193 8 2 0
50629 204193 9 2 0
50629 204193 10 2 0
!leg 8400 62663 10 0 1 attackers:62663;victims:52116;type:2;valid_origin:True;recurrent:False;local:False
8400 62663 1 1 0
8400 62663 2 1 0
8400 62663 3 1 0
8400 62663 4 1 0
8400 62663 5 1 0
8400 62663 6 1 0
8400 62663 7 1 0
8400 62663 8 1 0
8400 62663 9 1 0
8400 62663 10 1 0
!sus 63741 151326 8 2 16 attackers:151326;victims:63741;type:1;valid_origin:True;recurrent:True;local:False
63741 151326 1 0 16
63741 151326 2 7 9
63741 151326 3 10 6
63741 151326 4 9 7
63741 151326 5 15 1
63741 151326 6 16 0
63741 151326 7 15 1
63741 151326 8 16 0
63741 151326 9 16 0
63741 151326 10 16 0
!sus 58689 64201 0 10 106 attackers:58689;victims:64201;type:1;valid_origin:True;recurrent:True;local:False
58689 64201 1 0 106
58689 64201 2 0 106
58689 64201 3 0 106
58689 64201 4 0 106
58689 64201 5 7 99
58689 64201 6 0 106
58689 64201 7 0 106
58689 64201 8 0 106
58689 64201 9 5 101
58689 64201 10 22 84
!leg 270674 273568 10 0 1 attackers:270674;victims:9318;type:3;valid_origin:True;recurrent:False;local:False
270674 273568 1 1 0
270674 273568 2 1 0
270674 273568 3 1 0
270674 273568 4 1 0
270674 273568 5 1 0
270674 273568 6 1 0
270674 273568 7 1 0
270674 273568 8 1 0
270674 273568 9 1 0
270674 273568 10 1 0
!leg 208293 210513 10 0 238 attackers:208293;victims:210513,51684;type:1,3;valid_origin:True;recurrent:False;local:False
208293 210513 1 238 0
208293 210513 2 238 0
208293 210513 3 238 0
208293 210513 4 238 0
208293 210513 5 238 0
208293 210513 6 238 0
208293 210513 7 238 0
208293 210513 8 238 0
208293 210513 9 238 0
208293 210513 10 238 0
!sus 136952 141216 5 5 4 attackers:141216;victims:136952;type:1;valid_origin:True;recurrent:True;local:False
136952 141216 1 4 0
136952 141216 2 4 0
136952 141216 3 4 0
136952 141216 4 4 0
136952 141216 5 3 1
136952 141216 6 0 4
136952 141216 7 0 4
136952 141216 8 0 4
136952 141216 9 0 4
136952 141216 10 0 4
!sus 38149 327814 0 10 2 attackers:327814;victims:38149;type:1;valid_origin:True;recurrent:True;local:False
38149 327814 1 0 2
38149 327814 2 0 2
38149 327814 3 0 2
38149 327814 4 0 2
38149 327814 5 0 2
38149 327814 6 0 2
38149 327814 7 0 2
38149 327814 8 0 2
38149 327814 9 0 2
38149 327814 10 0 2
!sus 10201 146887 3 7 1 attackers:146887;victims:10201;type:1;valid_origin:True;recurrent:True;local:False
10201 146887 1 1 0
10201 146887 2 1 0
10201 146887 3 1 0
10201 146887 4 0 1
10201 146887 5 0 1
10201 146887 6 0 1
10201 146887 7 0 1
10201 146887 8 0 1
10201 146887 9 0 1
10201 146887 10 0 1
!leg 63473 150766 10 0 41 attackers:63473;victims:150766;type:1;valid_origin:True;recurrent:False;local:False
63473 150766 1 41 0
63473 150766 2 41 0
63473 150766 3 41 0
63473 150766 4 41 0
63473 150766 5 41 0
63473 150766 6 41 0
63473 150766 7 41 0
63473 150766 8 41 0
63473 150766 9 41 0
63473 150766 10 41 0
!sus 262977 263009 8 2 9 attackers:262977;victims:266118;type:2;valid_origin:True;recurrent:True;local:False
262977 263009 1 1 8
262977 263009 2 5 4
262977 263009 3 3 6
262977 263009 4 9 0
262977 263009 5 9 0
262977 263009 6 9 0
262977 263009 7 9 0
262977 263009 8 9 0
262977 263009 9 9 0
262977 263009 10 9 0
!leg 199545 200993 10 0 7 attackers:199545;victims:200993;type:1;valid_origin:True;recurrent:True;local:False
199545 200993 1 5 2
199545 200993 2 7 0
199545 200993 3 7 0
199545 200993 4 7 0
199545 200993 5 7 0
199545 200993 6 7 0
199545 200993 7 7 0
199545 200993 8 7 0
199545 200993 9 7 0
199545 200993 10 7 0
!sus 100 215920 0 10 2 attackers:215920;victims:100;type:1;valid_origin:True;recurrent:True;local:False
100 215920 1 0 2
100 215920 2 0 2
100 215920 3 0 2
100 215920 4 0 2
100 215920 5 0 2
100 215920 6 0 2
100 215920 7 0 2
100 215920 8 0 2
100 215920 9 0 2
100 215920 10 0 2
!sus 8714 204193 5 5 2 attackers:8714;victims:204193;type:1,3;valid_origin:True;recurrent:False;local:False
8714 204193 1 1 1
8714 204193 2 1 1
8714 204193 3 1 1
8714 204193 4 1 1
8714 204193 5 1 1
8714 204193 6 2 0
8714 204193 7 2 0
8714 204193 8 2 0
8714 204193 9 2 0
8714 204193 10 2 0
!leg 6461 33173 10 0 64 attackers:6461;victims:33173;type:1;valid_origin:True;recurrent:False;local:False
6461 33173 1 64 0
6461 33173 2 64 0
6461 33173 3 64 0
6461 33173 4 64 0
6461 33173 5 64 0
6461 33173 6 64 0
6461 33173 7 64 0
6461 33173 8 64 0
6461 33173 9 64 0
6461 33173 10 64 0
!sus 64297 150283 5 5 4 attackers:64297;victims:150283;type:1;valid_origin:True;recurrent:True;local:False
64297 150283 1 3 1
64297 150283 2 2 2
64297 150283 3 2 2
64297 150283 4 2 2
64297 150283 5 3 1
64297 150283 6 2 2
64297 150283 7 3 1
64297 150283 8 3 1
64297 150283 9 2 2
64297 150283 10 3 1
!sus 38733 150909 4 6 179 attackers:38733;victims:150909;type:1;valid_origin:True;recurrent:False;local:False
38733 150909 1 179 0
38733 150909 2 178 1
38733 150909 3 179 0
38733 150909 4 160 19
38733 150909 5 21 158
38733 150909 6 47 132
38733 150909 7 0 179
38733 150909 8 0 179
38733 150909 9 0 179
38733 150909 10 0 179
!leg 3356 263988 10 0 117 attackers:3356;victims:263988;type:1;valid_origin:True;recurrent:False;local:False
3356 263988 1 85 32
3356 263988 2 111 6
3356 263988 3 104 13
3356 263988 4 112 5
3356 263988 5 111 6
3356 263988 6 112 5
3356 263988 7 112 5
3356 263988 8 116 1
3356 263988 9 115 2
3356 263988 10 116 1
!sus 17665 203345 0 10 2 attackers:203345;victims:203345;type:2;valid_origin:True;recurrent:True;local:False
17665 203345 1 0 2
17665 203345 2 0 2
17665 203345 3 0 2
17665 203345 4 0 2
17665 203345 5 0 2
17665 203345 6 0 2
17665 203345 7 0 2
17665 203345 8 0 2
17665 203345 9 0 2
17665 203345 10 0 2
!sus 136557 140543 0 10 2 attackers:136557;victims:140543;type:1;valid_origin:True;recurrent:True;local:False
136557 140543 1 0 2
136557 140543 2 0 2
136557 140543 3 0 2
136557 140543 4 1 1
136557 140543 5 1 1
136557 140543 6 0 2
136557 140543 7 1 1
136557 140543 8 1 1
136557 140543 9 1 1
136557 140543 10 1 1
!sus 34876 200154 7 3 181 attackers:34876;victims:200154;type:1;valid_origin:False;recurrent:False;local:False
34876 200154 1 181 0
34876 200154 2 174 7
34876 200154 3 125 56
34876 200154 4 68 113
34876 200154 5 171 10
34876 200154 6 87 94
34876 200154 7 140 41
34876 200154 8 88 93
34876 200154 9 126 55
34876 200154 10 172 9
!sus 9730 151698 2 8 1 attackers:9730;victims:151698;type:1;valid_origin:True;recurrent:True;local:False
9730 151698 1 1 0
9730 151698 2 0 1
9730 151698 3 1 0
9730 151698 4 0 1
9730 151698 5 0 1
9730 151698 6 0 1
9730 151698 7 0 1
9730 151698 8 0 1
9730 151698 9 0 1
9730 151698 10 0 1
!leg 6939 150362 10 0 44 attackers:6939;victims:150362;type:1;valid_origin:True;recurrent:False;local:False
6939 150362 1 44 0
6939 150362 2 44 0
6939 150362 3 44 0
6939 150362 4 44 0
6939 150362 5 44 0
6939 150362 6 44 0
6939 150362 7 44 0
6939 150362 8 44 0
6939 150362 9 44 0
6939 150362 10 44 0
!sus 209533 216375 9 1 4 attackers:209533;victims:216375;type:1;valid_origin:True;recurrent:True;local:False
209533 216375 1 0 4
209533 216375 2 4 0
209533 216375 3 4 0
209533 216375 4 4 0
209533 216375 5 4 0
209533 216375 6 4 0
209533 216375 7 4 0
209533 216375 8 4 0
209533 216375 9 4 0
209533 216375 10 4 0
!sus 27569 400885 0 10 2 attackers:27569;victims:400885;type:1;valid_origin:True;recurrent:True;local:False
27569 400885 1 1 1
27569 400885 2 0 2
27569 400885 3 0 2
27569 400885 4 0 2
27569 400885 5 0 2
27569 400885 6 0 2
27569 400885 7 0 2
27569 400885 8 0 2
27569 400885 9 0 2
27569 400885 10 0 2
!sus 174 138926 0 10 4 attackers:138926;victims:174;type:1;valid_origin:True;recurrent:True;local:False
174 138926 1 0 4
174 138926 2 0 4
174 138926 3 0 4
174 138926 4 0 4
174 138926 5 0 4
174 138926 6 0 4
174 138926 7 0 4
174 138926 8 0 4
174 138926 9 0 4
174 138926 10 0 4
!leg 265905 267056 10 0 122 attackers:267056;victims:265905;type:1;valid_origin:True;recurrent:False;local:False
265905 267056 1 122 0
265905 267056 2 122 0
265905 267056 3 122 0
265905 267056 4 122 0
265905 267056 5 122 0
265905 267056 6 122 0
265905 267056 7 122 0
265905 267056 8 122 0
265905 267056 9 122 0
265905 267056 10 122 0
!sus 12831 61319 0 10 1 attackers:12831;victims:61319;type:1;valid_origin:True;recurrent:True;local:False
12831 61319 1 0 1
12831 61319 2 0 1
12831 61319 3 0 1
12831 61319 4 0 1
12831 61319 5 0 1
12831 61319 6 0 1
12831 61319 7 0 1
12831 61319 8 0 1
12831 61319 9 0 1
12831 61319 10 0 1
!sus 41913 62663 8 2 2 attackers:62663;victims:41913;type:1;valid_origin:True;recurrent:True;local:False
41913 62663 1 1 1
41913 62663 2 1 1
41913 62663 3 2 0
41913 62663 4 2 0
41913 62663 5 2 0
41913 62663 6 2 0
41913 62663 7 2 0
41913 62663 8 2 0
41913 62663 9 2 0
41913 62663 10 2 0
!leg 51342 210147 10 0 1 attackers:210147;victims:51342;type:1;valid_origin:True;recurrent:True;local:False
51342 210147 1 1 0
51342 210147 2 1 0
51342 210147 3 1 0
51342 210147 4 1 0
51342 210147 5 1 0
51342 210147 6 1 0
51342 210147 7 1 0
51342 210147 8 1 0
51342 210147 9 1 0
51342 210147 10 1 0
!sus 168 1249 0 10 1 attackers:1249;victims:168;type:1;valid_origin:True;recurrent:True;local:False
168 1249 1 0 1
168 1249 2 0 1
168 1249 3 0 1
168 1249 4 0 1
168 1249 5 0 1
168 1249 6 0 1
168 1249 7 0 1
168 1249 8 0 1
168 1249 9 0 1
168 1249 10 0 1
!sus 262977 263292 2 8 40 attackers:262977;victims:263292;type:1;valid_origin:True;recurrent:True;local:False
262977 263292 1 1 39
262977 263292 2 1 39
262977 263292 3 1 39
262977 263292 4 5 35
262977 263292 5 0 40
262977 263292 6 6 34
262977 263292 7 24 16
262977 263292 8 7 33
262977 263292 9 24 16
262977 263292 10 20 20
!sus 10158 18160 0 10 3 attackers:10158;victims:18160;type:1;valid_origin:True;recurrent:True;local:False
10158 18160 1 1 2
10158 18160 2 0 3
10158 18160 3 0 3
10158 18160 4 0 3
10158 18160 5 0 3
10158 18160 6 0 3
10158 18160 7 0 3
10158 18160 8 0 3
10158 18160 9 0 3
10158 18160 10 0 3
!sus 138890 152044 4 6 10 attackers:138890;victims:152044;type:1;valid_origin:True;recurrent:True;local:False
138890 152044 1 10 0
138890 152044 2 10 0
138890 152044 3 10 0
138890 152044 4 8 2
138890 152044 5 2 8
138890 152044 6 0 10
138890 152044 7 0 10
138890 152044 8 0 10
138890 152044 9 0 10
138890 152044 10 0 10
!leg 264518 267056 10 0 202 attackers:267056;victims:264518;type:1;valid_origin:True;recurrent:False;local:False
264518 267056 1 202 0
264518 267056 2 202 0
264518 267056 3 202 0
264518 267056 4 202 0
264518 267056 5 202 0
264518 267056 6 202 0
264518 267056 7 202 0
264518 267056 8 202 0
264518 267056 9 202 0
264518 267056 10 202 0
!sus 44324 212483 5 5 2 attackers:44324;victims:212483;type:1;valid_origin:True;recurrent:False;local:False
44324 212483 1 1 1
44324 212483 2 2 0
44324 212483 3 2 0
44324 212483 4 0 2
44324 212483 5 2 0
44324 212483 6 2 0
44324 212483 7 2 0
44324 212483 8 1 1
44324 212483 9 1 1
44324 212483 10 1 1
!sus 60539 398343 6 4 20 attackers:60539;victims:398343;type:1,3;valid_origin:True;recurrent:True;local:False
60539 398343 1 0 20
60539 398343 2 0 20
60539 398343 3 0 20
60539 398343 4 0 20
60539 398343 5 18 2
60539 398343 6 17 3
60539 398343 7 18 2
60539 398343 8 20 0
60539 398343 9 20 0
60539 398343 10 20 0
!leg 44324 204508 10 0 2 attackers:44324;victims:204508;type:1;valid_origin:True;recurrent:False;local:False
44324 204508 1 2 0
44324 204508 2 2 0
44324 204508 3 2 0
44324 204508 4 2 0
44324 204508 5 2 0
44324 204508 6 2 0
44324 204508 7 2 0
44324 204508 8 2 0
44324 204508 9 2 0
44324 204508 10 2 0
!leg 57724 62663 10 0 2 attackers:62663;victims:211392;type:3;valid_origin:True;recurrent:False;local:False
57724 62663 1 2 0
57724 62663 2 2 0
57724 62663 3 2 0
57724 62663 4 2 0
57724 62663 5 2 0
57724 62663 6 2 0
57724 62663 7 2 0
57724 62663 8 2 0
57724 62663 9 2 0
57724 62663 10 2 0
!leg 29465 36873 10 0 49 attackers:29465;victims:327895,328171,37018,37347,327986,328256,327891,37230,36873;type:1,2;valid_origin:True;recurrent:False;local:False
29465 36873 1 49 0
29465 36873 2 49 0
29465 36873 3 49 0
29465 36873 4 49 0
29465 36873 5 49 0
29465 36873 6 49 0
29465 36873 7 49 0
29465 36873 8 49 0
29465 36873 9 49 0
29465 36873 10 49 0
!sus 206075 215960 8 2 3 attackers:206075;victims:215960;type:1;valid_origin:True;recurrent:True;local:False
206075 215960 1 3 0
206075 215960 2 3 0
206075 215960 3 3 0
206075 215960 4 3 0
206075 215960 5 3 0
206075 215960 6 2 1
206075 215960 7 3 0
206075 215960 8 1 2
206075 215960 9 2 1
206075 215960 10 0 3
!sus 34465 44324 9 1 164 attackers:34465;victims:200936,151674,44324,212623,199656;type:1,2;valid_origin:False;recurrent:True;local:False
34465 44324 1 28 136
34465 44324 2 99 65
34465 44324 3 160 4
34465 44324 4 162 2
34465 44324 5 162 2
34465 44324 6 162 2
34465 44324 7 163 1
34465 44324 8 163 1
34465 44324 9 163 1
34465 44324 10 164 0
!leg 62663 202984 10 0 2 attackers:62663;victims:49698,8507;type:3;valid_origin:True;recurrent:False;local:False
62663 202984 1 2 0
62663 202984 2 2 0
62663 202984 3 2 0
62663 202984 4 2 0
62663 202984 5 2 0
62663 202984 6 2 0
62663 202984 7 2 0
62663 202984 8 2 0
62663 202984 9 2 0
62663 202984 10 2 0
!sus 26006 197841 3 7 46 attackers:26006;victims:197841;type:1;valid_origin:True;recurrent:True;local:False
26006 197841 1 4 42
26006 197841 2 31 15
26006 197841 3 35 11
26006 197841 4 7 39
26006 197841 5 8 38
26006 197841 6 6 40
26006 197841 7 20 26
26006 197841 8 18 28
26006 197841 9 18 28
26006 197841 10 35 11
!leg 149880 150221 10 0 5 attackers:149880;victims:150221;type:1;valid_origin:True;recurrent:True;local:False
149880 150221 1 5 0
149880 150221 2 5 0
149880 150221 3 5 0
149880 150221 4 5 0
149880 150221 5 5 0
149880 150221 6 5 0
149880 150221 7 5 0
149880 150221 8 5 0
149880 150221 9 5 0
149880 150221 10 5 0
!sus 272809 273069 2 8 5 attackers:272809;victims:273069;type:1;valid_origin:True;recurrent:True;local:False
272809 273069 1 2 3
272809 273069 2 5 0
272809 273069 3 5 0
272809 273069 4 0 5
272809 273069 5 0 5
272809 273069 6 0 5
272809 273069 7 0 5
272809 273069 8 0 5
272809 273069 9 0 5
272809 273069 10 0 5
!sus 58050 61372 4 6 1 attackers:61372;victims:58050;type:1;valid_origin:True;recurrent:True;local:False
58050 61372 1 1 0
58050 61372 2 1 0
58050 61372 3 1 0
58050 61372 4 1 0
58050 61372 5 0 1
58050 61372 6 0 1
58050 61372 7 0 1
58050 61372 8 0 1
58050 61372 9 0 1
58050 61372 10 0 1
!sus 25184 203694 5 5 12 attackers:25184;victims:203694;type:1;valid_origin:True;recurrent:True;local:False
25184 203694 1 12 0
25184 203694 2 12 0
25184 203694 3 12 0
25184 203694 4 12 0
25184 203694 5 10 2
25184 203694 6 0 12
25184 203694 7 0 12
25184 203694 8 0 12
25184 203694 9 0 12
25184 203694 10 0 12
!sus 262663 264422 0 10 2 attackers:264422;victims:262663;type:1;valid_origin:True;recurrent:True;local:False
262663 264422 1 0 2
262663 264422 2 0 2
262663 264422 3 0 2
262663 264422 4 0 2
262663 264422 5 0 2
262663 264422 6 0 2
262663 264422 7 0 2
262663 264422 8 0 2
262663 264422 9 0 2
262663 264422 10 0 2
!sus 52739 273407 8 2 1 attackers:52739;victims:273407;type:1;valid_origin:True;recurrent:True;local:False
52739 273407 1 1 0
52739 273407 2 1 0
52739 273407 3 1 0
52739 273407 4 1 0
52739 273407 5 1 0
52739 273407 6 1 0
52739 273407 7 0 1
52739 273407 8 1 0
52739 273407 9 1 0
52739 273407 10 0 1
!leg 262503 271011 10 0 1 attackers:271011;victims:271419;type:3;valid_origin:True;recurrent:False;local:False
262503 271011 1 1 0
262503 271011 2 1 0
262503 271011 3 1 0
262503 271011 4 1 0
262503 271011 5 1 0
262503 271011 6 1 0
262503 271011 7 1 0
262503 271011 8 1 0
262503 271011 9 1 0
262503 271011 10 1 0
!sus 138915 203214 0 10 5 attackers:203214;victims:63139;type:2;valid_origin:True;recurrent:True;local:False
138915 203214 1 0 5
138915 203214 2 0 5
138915 203214 3 0 5
138915 203214 4 0 5
138915 203214 5 0 5
138915 203214 6 0 5
138915 203214 7 0 5
138915 203214 8 0 5
138915 203214 9 0 5
138915 203214 10 0 5
!leg 204193 328832 10 0 2 attackers:328832;victims:204193;type:1,3;valid_origin:True;recurrent:False;local:False
204193 328832 1 2 0
204193 328832 2 2 0
204193 328832 3 2 0
204193 328832 4 2 0
204193 328832 5 2 0
204193 328832 6 2 0
204193 328832 7 2 0
204193 328832 8 2 0
204193 328832 9 2 0
204193 328832 10 2 0
!leg 45352 204193 10 0 2 attackers:45352;victims:204193;type:1,3;valid_origin:True;recurrent:False;local:True
45352 204193 1 2 0
45352 204193 2 2 0
45352 204193 3 2 0
45352 204193 4 2 0
45352 204193 5 2 0
45352 204193 6 2 0
45352 204193 7 2 0
45352 204193 8 2 0
45352 204193 9 2 0
45352 204193 10 2 0
!sus 53143 262977 2 8 5 attackers:262977;victims:53143;type:1;valid_origin:True;recurrent:False;local:False
53143 262977 1 1 4
53143 262977 2 1 4
53143 262977 3 0 5
53143 262977 4 2 3
53143 262977 5 2 3
53143 262977 6 3 2
53143 262977 7 2 3
53143 262977 8 2 3
53143 262977 9 3 2
53143 262977 10 2 3
!sus 198666 201749 0 10 26 attackers:201749;victims:198666;type:1;valid_origin:True;recurrent:False;local:False
198666 201749 1 0 26
198666 201749 2 0 26
198666 201749 3 0 26
198666 201749 4 0 26
198666 201749 5 0 26
198666 201749 6 0 26
198666 201749 7 0 26
198666 201749 8 0 26
198666 201749 9 0 26
198666 201749 10 0 26
!sus 28590 270344 0 10 1 attackers:270344;victims:28590;type:1;valid_origin:True;recurrent:True;local:False
28590 270344 1 0 1
28590 270344 2 0 1
28590 270344 3 0 1
28590 270344 4 0 1
28590 270344 5 0 1
28590 270344 6 0 1
28590 270344 7 0 1
28590 270344 8 0 1
28590 270344 9 0 1
28590 270344 10 0 1
!sus 21924 22516 1 9 1 attackers:22516;victims:21924;type:1;valid_origin:True;recurrent:True;local:False
21924 22516 1 1 0
21924 22516 2 0 1
21924 22516 3 0 1
21924 22516 4 0 1
21924 22516 5 0 1
21924 22516 6 0 1
21924 22516 7 0 1
21924 22516 8 0 1
21924 22516 9 0 1
21924 22516 10 0 1
!sus 52900 273397 4 6 4 attackers:52900;victims:273397;type:1;valid_origin:True;recurrent:True;local:False
52900 273397 1 4 0
52900 273397 2 4 0
52900 273397 3 4 0
52900 273397 4 4 0
52900 273397 5 1 3
52900 273397 6 1 3
52900 273397 7 0 4
52900 273397 8 0 4
52900 273397 9 0 4
52900 273397 10 0 4
!sus 56630 200250 0 10 4 attackers:56630;victims:200250;type:1;valid_origin:True;recurrent:True;local:False
56630 200250 1 0 4
56630 200250 2 0 4
56630 200250 3 0 4
56630 200250 4 0 4
56630 200250 5 0 4
56630 200250 6 0 4
56630 200250 7 0 4
56630 200250 8 0 4
56630 200250 9 0 4
56630 200250 10 0 4
!sus 44677 209024 1 9 4 attackers:209024;victims:44677;type:1;valid_origin:True;recurrent:True;local:False
44677 209024 1 2 2
44677 209024 2 0 4
44677 209024 3 4 0
44677 209024 4 0 4
44677 209024 5 0 4
44677 209024 6 0 4
44677 209024 7 0 4
44677 209024 8 0 4
44677 209024 9 0 4
44677 209024 10 0 4
!sus 50000 149848 4 6 2 attackers:149848;victims:50000;type:1;valid_origin:False;recurrent:True;local:False
50000 149848 1 2 0
50000 149848 2 2 0
50000 149848 3 2 0
50000 149848 4 2 0
50000 149848 5 0 2
50000 149848 6 0 2
50000 149848 7 0 2
50000 149848 8 0 2
50000 149848 9 0 2
50000 149848 10 0 2
!leg 29465 37613 10 0 2 attackers:29465;victims:20598;type:2;valid_origin:True;recurrent:False;local:False
29465 37613 1 2 0
29465 37613 2 2 0
29465 37613 3 2 0
29465 37613 4 2 0
29465 37613 5 2 0
29465 37613 6 2 0
29465 37613 7 2 0
29465 37613 8 2 0
29465 37613 9 2 0
29465 37613 10 2 0
!sus 64026 149360 0 10 49 attackers:149360;victims:64026;type:1;valid_origin:True;recurrent:True;local:False
64026 149360 1 10 39
64026 149360 2 5 44
64026 149360 3 9 40
64026 149360 4 7 42
64026 149360 5 6 43
64026 149360 6 8 41
64026 149360 7 9 40
64026 149360 8 17 32
64026 149360 9 17 32
64026 149360 10 9 40
!leg 29465 37076 10 0 20 attackers:29465;victims:328256;type:2;valid_origin:True;recurrent:False;local:False
29465 37076 1 20 0
29465 37076 2 20 0
29465 37076 3 20 0
29465 37076 4 20 0
29465 37076 5 20 0
29465 37076 6 20 0
29465 37076 7 20 0
29465 37076 8 20 0
29465 37076 9 20 0
29465 37076 10 20 0
!sus 29632 205255 0 10 2 attackers:29632;victims:205255;type:1;valid_origin:True;recurrent:True;local:False
29632 205255 1 0 2
29632 205255 2 0 2
29632 205255 3 0 2
29632 205255 4 0 2
29632 205255 5 0 2
29632 205255 6 0 2
29632 205255 7 0 2
29632 205255 8 0 2
29632 205255 9 0 2
29632 205255 10 0 2
!sus 151841 206075 8 2 4 attackers:206075;victims:151841;type:1;valid_origin:True;recurrent:True;local:False
151841 206075 1 0 4
151841 206075 2 1 3
151841 206075 3 4 0
151841 206075 4 4 0
151841 206075 5 4 0
151841 206075 6 4 0
151841 206075 7 4 0
151841 206075 8 4 0
151841 206075 9 4 0
151841 206075 10 4 0
!sus 266428 266445 2 8 1 attackers:266428;victims:13335;type:2;valid_origin:True;recurrent:False;local:False
266428 266445 1 0 1
266428 266445 2 0 1
266428 266445 3 0 1
266428 266445 4 0 1
266428 266445 5 0 1
266428 266445 6 0 1
266428 266445 7 0 1
266428 266445 8 1 0
266428 266445 9 1 0
266428 266445 10 0 1
!sus 31549 216131 6 4 9 attackers:31549;victims:216131;type:1;valid_origin:True;recurrent:True;local:False
31549 216131 1 9 0
31549 216131 2 9 0
31549 216131 3 9 0
31549 216131 4 9 0
31549 216131 5 9 0
31549 216131 6 9 0
31549 216131 7 0 9
31549 216131 8 0 9
31549 216131 9 0 9
31549 216131 10 0 9
!leg 149767 152179 10 0 48 attackers:149767;victims:152179;type:1;valid_origin:True;recurrent:False;local:False
149767 152179 1 48 0
149767 152179 2 48 0
149767 152179 3 48 0
149767 152179 4 48 0
149767 152179 5 48 0
149767 152179 6 48 0
149767 152179 7 48 0
149767 152179 8 48 0
149767 152179 9 48 0
149767 152179 10 48 0
!leg 44324 203472 10 0 5 attackers:44324,203472;victims:44324,212623,200536,203472;type:1,2;valid_origin:False;recurrent:False;local:False
44324 203472 1 5 0
44324 203472 2 5 0
44324 203472 3 5 0
44324 203472 4 5 0
44324 203472 5 5 0
44324 203472 6 5 0
44324 203472 7 5 0
44324 203472 8 5 0
44324 203472 9 5 0
44324 203472 10 5 0
!sus 262900 273568 0 10 16 attackers:273568;victims:262900;type:1;valid_origin:True;recurrent:False;local:False
262900 273568 1 1 15
262900 273568 2 0 16
262900 273568 3 0 16
262900 273568 4 2 14
262900 273568 5 0 16
262900 273568 6 1 15
262900 273568 7 4 12
262900 273568 8 1 15
262900 273568 9 2 14
262900 273568 10 2 14
!leg 263099 271645 10 0 4 attackers:263099;victims:271645;type:1;valid_origin:True;recurrent:False;local:False
263099 271645 1 4 0
263099 271645 2 4 0
263099 271645 3 4 0
263099 271645 4 4 0
263099 271645 5 4 0
263099 271645 6 4 0
263099 271645 7 4 0
263099 271645 8 4 0
263099 271645 9 4 0
263099 271645 10 4 0
!leg 45458 132514 10 0 87 attackers:45458;victims:132514;type:1;valid_origin:True;recurrent:False;local:False
45458 132514 1 87 0
45458 132514 2 87 0
45458 132514 3 87 0
45458 132514 4 87 0
45458 132514 5 87 0
45458 132514 6 87 0
45458 132514 7 87 0
45458 132514 8 87 0
45458 132514 9 87 0
45458 132514 10 87 0
!sus 1921 7195 3 7 8 attackers:7195;victims:1921;type:1;valid_origin:False;recurrent:True;local:False
1921 7195 1 2 6
1921 7195 2 2 6
1921 7195 3 2 6
1921 7195 4 2 6
1921 7195 5 2 6
1921 7195 6 4 4
1921 7195 7 7 1
1921 7195 8 4 4
1921 7195 9 6 2
1921 7195 10 7 1
!leg 1680 50079 10 0 63 attackers:1680;victims:50079;type:1;valid_origin:True;recurrent:False;local:False
1680 50079 1 63 0
1680 50079 2 63 0
1680 50079 3 63 0
1680 50079 4 63 0
1680 50079 5 63 0
1680 50079 6 63 0
1680 50079 7 63 0
1680 50079 8 63 0
1680 50079 9 63 0
1680 50079 10 63 0
!sus 202673 215972 0 10 2 attackers:202673;victims:215972;type:1;valid_origin:True;recurrent:False;local:False
202673 215972 1 0 2
202673 215972 2 0 2
202673 215972 3 0 2
202673 215972 4 0 2
202673 215972 5 0 2
202673 215972 6 1 1
202673 215972 7 0 2
202673 215972 8 0 2
202673 215972 9 1 1
202673 215972 10 1 1
!sus 7018 64295 3 7 2 attackers:7018;victims:64295;type:1;valid_origin:True;recurrent:True;local:False
7018 64295 1 2 0
7018 64295 2 2 0
7018 64295 3 2 0
7018 64295 4 1 1
7018 64295 5 0 2
7018 64295 6 0 2
7018 64295 7 0 2
7018 64295 8 0 2
7018 64295 9 0 2
7018 64295 10 0 2
!leg 8966 22324 10 0 1 attackers:8966;victims:22324;type:1;valid_origin:True;recurrent:False;local:False
8966 22324 1 1 0
8966 22324 2 1 0
8966 22324 3 1 0
8966 22324 4 1 0
8966 22324 5 1 0
8966 22324 6 1 0
8966 22324 7 1 0
8966 22324 8 1 0
8966 22324 9 1 0
8966 22324 10 1 0
!leg 44324 213262 10 0 2 attackers:44324;victims:213262;type:1;valid_origin:True;recurrent:False;local:False
44324 213262 1 2 0
44324 213262 2 2 0
44324 213262 3 2 0
44324 213262 4 2 0
44324 213262 5 2 0
44324 213262 6 2 0
44324 213262 7 2 0
44324 213262 8 2 0
44324 213262 9 2 0
44324 213262 10 2 0
!sus 265823 273116 4 6 35 attackers:265823;victims:273116;type:1;valid_origin:True;recurrent:True;local:False
265823 273116 1 35 0
265823 273116 2 35 0
265823 273116 3 35 0
265823 273116 4 22 13
265823 273116 5 8 27
265823 273116 6 6 29
265823 273116 7 0 35
265823 273116 8 0 35
265823 273116 9 0 35
265823 273116 10 0 35
!leg 6939 201873 10 0 52 attackers:6939;victims:201873;type:1;valid_origin:True;recurrent:False;local:False
6939 201873 1 52 0
6939 201873 2 52 0
6939 201873 3 52 0
6939 201873 4 52 0
6939 201873 5 52 0
6939 201873 6 52 0
6939 201873 7 52 0
6939 201873 8 52 0
6939 201873 9 52 0
6939 201873 10 52 0
!sus 57785 196695 0 10 8 attackers:196695;victims:57785;type:1;valid_origin:True;recurrent:True;local:False
57785 196695 1 0 8
57785 196695 2 0 8
57785 196695 3 0 8
57785 196695 4 0 8
57785 196695 5 0 8
57785 196695 6 0 8
57785 196695 7 0 8
57785 196695 8 0 8
57785 196695 9 0 8
57785 196695 10 0 8
!sus 209 399513 3 7 5 attackers:209;victims:399513;type:1;valid_origin:True;recurrent:True;local:False
209 399513 1 5 0
209 399513 2 3 2
209 399513 3 1 4
209 399513 4 4 1
209 399513 5 0 5
209 399513 6 0 5
209 399513 7 0 5
209 399513 8 0 5
209 399513 9 0 5
209 399513 10 0 5
!sus 202984 215895 8 2 5 attackers:202984;victims:215895;type:1;valid_origin:True;recurrent:True;local:False
202984 215895 1 5 0
202984 215895 2 5 0
202984 215895 3 5 0
202984 215895 4 5 0
202984 215895 5 5 0
202984 215895 6 5 0
202984 215895 7 5 0
202984 215895 8 0 5
202984 215895 9 3 2
202984 215895 10 0 5
!leg 52025 205848 10 0 187 attackers:52025;victims:205848;type:1;valid_origin:True;recurrent:False;local:False
52025 205848 1 187 0
52025 205848 2 187 0
52025 205848 3 187 0
52025 205848 4 187 0
52025 205848 5 187 0
52025 205848 6 187 0
52025 205848 7 187 0
52025 205848 8 187 0
52025 205848 9 187 0
52025 205848 10 187 0
!sus 58945 152168 9 1 3 attackers:58945;victims:152168;type:1;valid_origin:True;recurrent:True;local:False
58945 152168 1 3 0
58945 152168 2 3 0
58945 152168 3 3 0
58945 152168 4 3 0
58945 152168 5 3 0
58945 152168 6 3 0
58945 152168 7 3 0
58945 152168 8 2 1
58945 152168 9 2 1
58945 152168 10 0 3
!sus 207167 215777 5 5 1 attackers:207167;victims:215777;type:1;valid_origin:True;recurrent:True;local:False
207167 215777 1 1 0
207167 215777 2 1 0
207167 215777 3 1 0
207167 215777 4 1 0
207167 215777 5 0 1
207167 215777 6 1 0
207167 215777 7 0 1
207167 215777 8 0 1
207167 215777 9 0 1
207167 215777 10 0 1
!sus 50263 62081 0 10 40 attackers:62081;victims:56907,48385,210896,212761,204384,45022,212048,60812,35588,56899,50305,39513,44294,39908,31685;type:2,3;valid_origin:True;recurrent:True;local:False
50263 62081 1 0 40
50263 62081 2 0 40
50263 62081 3 0 40
50263 62081 4 0 40
50263 62081 5 0 40
50263 62081 6 0 40
50263 62081 7 1 39
50263 62081 8 0 40
50263 62081 9 0 40
50263 62081 10 0 40
!leg 6939 265300 10 0 9 attackers:6939;victims:265300;type:1;valid_origin:True;recurrent:False;local:False
6939 265300 1 9 0
6939 265300 2 9 0
6939 265300 3 9 0
6939 265300 4 9 0
6939 265300 5 9 0
6939 265300 6 9 0
6939 265300 7 9 0
6939 265300 8 9 0
6939 265300 9 9 0
6939 265300 10 9 0
!sus 51964 216134 5 5 5 attackers:51964;victims:216134;type:1;valid_origin:True;recurrent:True;local:False
51964 216134 1 5 0
51964 216134 2 5 0
51964 216134 3 5 0
51964 216134 4 5 0
51964 216134 5 3 2
51964 216134 6 1 4
51964 216134 7 0 5
51964 216134 8 0 5
51964 216134 9 0 5
51964 216134 10 0 5
!sus 44854 200149 0 10 351 attackers:44854;victims:215877;type:2;valid_origin:True;recurrent:True;local:False
44854 200149 1 6 345
44854 200149 2 6 345
44854 200149 3 11 340
44854 200149 4 14 337
44854 200149 5 22 329
44854 200149 6 22 329
44854 200149 7 29 322
44854 200149 8 32 319
44854 200149 9 35 316
44854 200149 10 33 318
!sus 40545 55181 8 2 2 attackers:40545;victims:55181;type:1;valid_origin:True;recurrent:True;local:False
40545 55181 1 2 0
40545 55181 2 2 0
40545 55181 3 2 0
40545 55181 4 2 0
40545 55181 5 2 0
40545 55181 6 2 0
40545 55181 7 2 0
40545 55181 8 0 2
40545 55181 9 2 0
40545 55181 10 0 2
!leg 20473 151499 10 0 6 attackers:20473;victims:151499;type:1;valid_origin:False;recurrent:True;local:False
20473 151499 1 6 0
20473 151499 2 5 1
20473 151499 3 6 0
20473 151499 4 6 0
20473 151499 5 6 0
20473 151499 6 6 0
20473 151499 7 5 1
20473 151499 8 6 0
20473 151499 9 5 1
20473 151499 10 6 0
!leg 1237 9780 10 0 274 attackers:1237;victims:9780;type:1;valid_origin:True;recurrent:False;local:False
1237 9780 1 274 0
1237 9780 2 274 0
1237 9780 3 274 0
1237 9780 4 274 0
1237 9780 5 274 0
1237 9780 6 274 0
1237 9780 7 274 0
1237 9780 8 274 0
1237 9780 9 274 0
1237 9780 10 274 0
!sus 140607 149283 4 6 6 attackers:140607;victims:149283;type:1;valid_origin:True;recurrent:True;local:False
140607 149283 1 6 0
140607 149283 2 6 0
140607 149283 3 6 0
140607 149283 4 5 1
140607 149283 5 1 5
140607 149283 6 0 6
140607 149283 7 0 6
140607 149283 8 0 6
140607 149283 9 0 6
140607 149283 10 0 6
!sus 3216 9121 0 10 74 attackers:9121;victims:3235,8402;type:2;valid_origin:True;recurrent:True;local:False
3216 9121 1 0 74
3216 9121 2 0 74
3216 9121 3 0 74
3216 9121 4 0 74
3216 9121 5 1 73
3216 9121 6 1 73
3216 9121 7 1 73
3216 9121 8 1 73
3216 9121 9 1 73
3216 9121 10 0 74
!sus 58655 152160 9 1 1 attackers:58655;victims:152160;type:1;valid_origin:True;recurrent:True;local:False
58655 152160 1 1 0
58655 152160 2 1 0
58655 152160 3 1 0
58655 152160 4 1 0
58655 152160 5 1 0
58655 152160 6 1 0
58655 152160 7 1 0
58655 152160 8 1 0
58655 152160 9 1 0
58655 152160 10 0 1
!sus 264096 273404 8 2 7 attackers:264096;victims:273404;type:1;valid_origin:True;recurrent:True;local:False
264096 273404 1 7 0
264096 273404 2 7 0
264096 273404 3 7 0
264096 273404 4 7 0
264096 273404 5 7 0
264096 273404 6 7 0
264096 273404 7 6 1
264096 273404 8 3 4
264096 273404 9 6 1
264096 273404 10 0 7
!leg 38733 63730 10 0 118 attackers:38733;victims:63730;type:1;valid_origin:True;recurrent:False;local:False
38733 63730 1 118 0
38733 63730 2 118 0
38733 63730 3 118 0
38733 63730 4 118 0
38733 63730 5 118 0
38733 63730 6 118 0
38733 63730 7 118 0
38733 63730 8 118 0
38733 63730 9 118 0
38733 63730 10 118 0
!sus 7 135420 0 10 47 attackers:135420;victims:7;type:1;valid_origin:False;recurrent:False;local:False
7 135420 1 0 47
7 135420 2 0 47
7 135420 3 0 47
7 135420 4 0 47
7 135420 5 0 47
7 135420 6 0 47
7 135420 7 0 47
7 135420 8 0 47
7 135420 9 0 47
7 135420 10 0 47
!leg 51847 152179 10 0 36 attackers:51847;victims:152179;type:1;valid_origin:True;recurrent:False;local:False
51847 152179 1 36 0
51847 152179 2 36 0
51847 152179 3 36 0
51847 152179 4 36 0
51847 152179 5 36 0
51847 152179 6 36 0
51847 152179 7 36 0
51847 152179 8 36 0
51847 152179 9 36 0
51847 152179 10 36 0
!leg 50300 204193 10 0 2 attackers:50300;victims:204193;type:1,3;valid_origin:True;recurrent:False;local:True
50300 204193 1 2 0
50300 204193 2 2 0
50300 204193 3 2 0
50300 204193 4 2 0
50300 204193 5 2 0
50300 204193 6 2 0
50300 204193 7 2 0
50300 204193 8 2 0
50300 204193 9 2 0
50300 204193 10 2 0
!sus 24555 63528 9 1 5 attackers:63528;victims:24555;type:1;valid_origin:True;recurrent:True;local:False
24555 63528 1 0 5
24555 63528 2 4 1
24555 63528 3 5 0
24555 63528 4 5 0
24555 63528 5 5 0
24555 63528 6 5 0
24555 63528 7 5 0
24555 63528 8 5 0
24555 63528 9 5 0
24555 63528 10 5 0
!sus 262977 269180 0 10 13 attackers:262977;victims:269180;type:1;valid_origin:True;recurrent:False;local:False
262977 269180 1 1 12
262977 269180 2 1 12
262977 269180 3 1 12
262977 269180 4 1 12
262977 269180 5 0 13
262977 269180 6 1 12
262977 269180 7 2 11
262977 269180 8 1 12
262977 269180 9 3 10
262977 269180 10 2 11
!leg 132337 204193 10 0 2 attackers:132337;victims:204193;type:1,3;valid_origin:True;recurrent:False;local:True
132337 204193 1 2 0
132337 204193 2 2 0
132337 204193 3 2 0
132337 204193 4 2 0
132337 204193 5 2 0
132337 204193 6 2 0
132337 204193 7 2 0
132337 204193 8 2 0
132337 204193 9 2 0
132337 204193 10 2 0
!leg 263966 264590 10 0 103 attackers:263966;victims:264590;type:1;valid_origin:True;recurrent:False;local:False
263966 264590 1 98 5
263966 264590 2 102 1
263966 264590 3 101 2
263966 264590 4 103 0
263966 264590 5 103 0
263966 264590 6 103 0
263966 264590 7 103 0
263966 264590 8 103 0
263966 264590 9 103 0
263966 264590 10 103 0
!sus 51684 139341 0 10 118 attackers:51684;victims:139341;type:1;valid_origin:True;recurrent:False;local:False
51684 139341 1 0 118
51684 139341 2 0 118
51684 139341 3 0 118
51684 139341 4 0 118
51684 139341 5 0 118
51684 139341 6 0 118
51684 139341 7 0 118
51684 139341 8 0 118
51684 139341 9 0 118
51684 139341 10 0 118
!leg 140389 151000 10 0 1 attackers:151000;victims:140389;type:1;valid_origin:True;recurrent:True;local:False
140389 151000 1 1 0
140389 151000 2 1 0
140389 151000 3 1 0
140389 151000 4 1 0
140389 151000 5 1 0
140389 151000 6 1 0
140389 151000 7 1 0
140389 151000 8 1 0
140389 151000 9 1 0
140389 151000 10 1 0
!leg 25229 29632 10 0 3 attackers:29632;victims:44477;type:3;valid_origin:True;recurrent:False;local:False
25229 29632 1 3 0
25229 29632 2 3 0
25229 29632 3 3 0
25229 29632 4 3 0
25229 29632 5 3 0
25229 29632 6 3 0
25229 29632 7 3 0
25229 29632 8 3 0
25229 29632 9 3 0
25229 29632 10 3 0
!leg 23764 152144 10 0 48 attackers:152144;victims:24504,58433,4613;type:3,4;valid_origin:True;recurrent:False;local:False
23764 152144 1 48 0
23764 152144 2 48 0
23764 152144 3 48 0
23764 152144 4 48 0
23764 152144 5 48 0
23764 152144 6 48 0
23764 152144 7 48 0
23764 152144 8 48 0
23764 152144 9 48 0
23764 152144 10 48 0
!sus 13645 32903 1 9 1 attackers:13645;victims:32903;type:1;valid_origin:True;recurrent:True;local:False
13645 32903 1 1 0
13645 32903 2 0 1
13645 32903 3 0 1
13645 32903 4 0 1
13645 32903 5 0 1
13645 32903 6 0 1
13645 32903 7 0 1
13645 32903 8 0 1
13645 32903 9 0 1
13645 32903 10 0 1
!leg 8767 50965 10 0 65 attackers:8767;victims:50965;type:1;valid_origin:True;recurrent:False;local:False
8767 50965 1 65 0
8767 50965 2 65 0
8767 50965 3 65 0
8767 50965 4 65 0
8767 50965 5 65 0
8767 50965 6 65 0
8767 50965 7 65 0
8767 50965 8 65 0
8767 50965 9 65 0
8767 50965 10 65 0
!sus 262977 263566 0 10 16 attackers:262977;victims:263566;type:1;valid_origin:True;recurrent:False;local:False
262977 263566 1 3 13
262977 263566 2 1 15
262977 263566 3 0 16
262977 263566 4 3 13
262977 263566 5 4 12
262977 263566 6 2 14
262977 263566 7 4 12
262977 263566 8 5 11
262977 263566 9 3 13
262977 263566 10 4 12
!sus 3269 198462 2 8 7 attackers:3269;victims:198462;type:1;valid_origin:True;recurrent:True;local:False
3269 198462 1 7 0
3269 198462 2 3 4
3269 198462 3 7 0
3269 198462 4 0 7
3269 198462 5 0 7
3269 198462 6 0 7
3269 198462 7 0 7
3269 198462 8 0 7
3269 198462 9 0 7
3269 198462 10 0 7
!sus 57695 210041 1 9 6 attackers:57695;victims:210041;type:1;valid_origin:True;recurrent:True;local:False
57695 210041 1 0 6
57695 210041 2 2 4
57695 210041 3 1 5
57695 210041 4 2 4
57695 210041 5 3 3
57695 210041 6 3 3
57695 210041 7 3 3
57695 210041 8 2 4
57695 210041 9 5 1
57695 210041 10 2 4
!sus 49612 150249 1 9 123 attackers:49612;victims:150249;type:1;valid_origin:False;recurrent:True;local:False
49612 150249 1 0 123
49612 150249 2 0 123
49612 150249 3 2 121
49612 150249 4 9 114
49612 150249 5 12 111
49612 150249 6 7 116
49612 150249 7 12 111
49612 150249 8 56 67
49612 150249 9 42 81
49612 150249 10 68 55
!sus 28 51019 0 10 2 attackers:51019;victims:28;type:1;valid_origin:True;recurrent:True;local:False
28 51019 1 0 2
28 51019 2 0 2
28 51019 3 0 2
28 51019 4 0 2
28 51019 5 0 2
28 51019 6 0 2
28 51019 7 0 2
28 51019 8 0 2
28 51019 9 0 2
28 51019 10 0 2
!leg 15830 198858 10 0 142 attackers:15830;victims:198858;type:1;valid_origin:True;recurrent:False;local:False
15830 198858 1 80 62
15830 198858 2 90 52
15830 198858 3 115 27
15830 198858 4 129 13
15830 198858 5 137 5
15830 198858 6 137 5
15830 198858 7 139 3
15830 198858 8 140 2
15830 198858 9 139 3
15830 198858 10 141 1
!sus 203363 208046 8 2 4 attackers:208046;victims:203363;type:1;valid_origin:True;recurrent:True;local:False
203363 208046 1 3 1
203363 208046 2 0 4
203363 208046 3 0 4
203363 208046 4 3 1
203363 208046 5 3 1
203363 208046 6 3 1
203363 208046 7 3 1
203363 208046 8 3 1
203363 208046 9 3 1
203363 208046 10 3 1
!sus 36944 329376 0 10 7 attackers:36944;victims:329376;type:1;valid_origin:True;recurrent:True;local:False
36944 329376 1 0 7
36944 329376 2 0 7
36944 329376 3 0 7
36944 329376 4 0 7
36944 329376 5 0 7
36944 329376 6 0 7
36944 329376 7 0 7
36944 329376 8 0 7
36944 329376 9 0 7
36944 329376 10 0 7
!sus 2018 62663 9 1 1 attackers:62663;victims:2018;type:1;valid_origin:True;recurrent:True;local:False
2018 62663 1 0 1
2018 62663 2 1 0
2018 62663 3 1 0
2018 62663 4 1 0
2018 62663 5 1 0
2018 62663 6 1 0
2018 62663 7 1 0
2018 62663 8 1 0
2018 62663 9 1 0
2018 62663 10 1 0
!sus 4538 140570 7 3 6 attackers:140570;victims:4538;type:1;valid_origin:True;recurrent:True;local:False
4538 140570 1 3 3
4538 140570 2 1 5
4538 140570 3 4 2
4538 140570 4 4 2
4538 140570 5 3 3
4538 140570 6 4 2
4538 140570 7 4 2
4538 140570 8 4 2
4538 140570 9 4 2
4538 140570 10 4 2
!leg 6939 204193 10 0 17 attackers:6939;victims:204193;type:1,3;valid_origin:True;recurrent:False;local:False
6939 204193 1 10 7
6939 204193 2 10 7
6939 204193 3 10 7
6939 204193 4 10 7
6939 204193 5 10 7
6939 204193 6 10 7
6939 204193 7 10 7
6939 204193 8 10 7
6939 204193 9 10 7
6939 204193 10 10 7
!sus 54998 62844 1 9 1 attackers:62844;victims:54998;type:1;valid_origin:True;recurrent:True;local:False
54998 62844 1 1 0
54998 62844 2 0 1
54998 62844 3 0 1
54998 62844 4 0 1
54998 62844 5 0 1
54998 62844 6 0 1
54998 62844 7 0 1
54998 62844 8 0 1
54998 62844 9 0 1
54998 62844 10 0 1
!sus 209605 215898 0 10 4 attackers:209605;victims:215898;type:1;valid_origin:True;recurrent:True;local:False
209605 215898 1 1 3
209605 215898 2 1 3
209605 215898 3 1 3
209605 215898 4 1 3
209605 215898 5 1 3
209605 215898 6 1 3
209605 215898 7 1 3
209605 215898 8 1 3
209605 215898 9 1 3
209605 215898 10 1 3
!sus 8772 205255 0 10 5 attackers:8772;victims:205255;type:1;valid_origin:True;recurrent:True;local:False
8772 205255 1 0 5
8772 205255 2 0 5
8772 205255 3 0 5
8772 205255 4 0 5
8772 205255 5 0 5
8772 205255 6 1 4
8772 205255 7 0 5
8772 205255 8 0 5
8772 205255 9 0 5
8772 205255 10 2 3
!sus 39176 216329 0 10 6 attackers:39176;victims:216329;type:1;valid_origin:True;recurrent:True;local:False
39176 216329 1 0 6
39176 216329 2 0 6
39176 216329 3 0 6
39176 216329 4 0 6
39176 216329 5 0 6
39176 216329 6 0 6
39176 216329 7 0 6
39176 216329 8 0 6
39176 216329 9 0 6
39176 216329 10 0 6
!sus 201492 210819 0 10 2 attackers:201492;victims:210819;type:1;valid_origin:True;recurrent:True;local:False
201492 210819 1 0 2
201492 210819 2 0 2
201492 210819 3 0 2
201492 210819 4 0 2
201492 210819 5 0 2
201492 210819 6 0 2
201492 210819 7 0 2
201492 210819 8 0 2
201492 210819 9 0 2
201492 210819 10 0 2
!leg 20559 29396 10 0 1 attackers:29396;victims:20559;type:1;valid_origin:True;recurrent:False;local:False
20559 29396 1 1 0
20559 29396 2 1 0
20559 29396 3 1 0
20559 29396 4 1 0
20559 29396 5 1 0
20559 29396 6 1 0
20559 29396 7 1 0
20559 29396 8 1 0
20559 29396 9 1 0
20559 29396 10 1 0
!sus 208753 393577 0 10 82 attackers:393577;victims:208753;type:1;valid_origin:True;recurrent:True;local:False
208753 393577 1 1 81
208753 393577 2 3 79
208753 393577 3 1 81
208753 393577 4 3 79
208753 393577 5 3 79
208753 393577 6 4 78
208753 393577 7 4 78
208753 393577 8 2 80
208753 393577 9 4 78
208753 393577 10 4 78
!leg 15169 39686 10 0 1 attackers:39686;victims:396982;type:2;valid_origin:True;recurrent:True;local:False
15169 39686 1 1 0
15169 39686 2 1 0
15169 39686 3 1 0
15169 39686 4 1 0
15169 39686 5 1 0
15169 39686 6 1 0
15169 39686 7 1 0
15169 39686 8 1 0
15169 39686 9 1 0
15169 39686 10 1 0
!sus 151673 209533 9 1 112 attackers:209533;victims:151673;type:1;valid_origin:True;recurrent:False;local:False
151673 209533 1 54 58
151673 209533 2 112 0
151673 209533 3 112 0
151673 209533 4 112 0
151673 209533 5 112 0
151673 209533 6 112 0
151673 209533 7 112 0
151673 209533 8 112 0
151673 209533 9 112 0
151673 209533 10 112 0
!sus 50919 211809 0 10 68 attackers:50919;victims:211809;type:1;valid_origin:True;recurrent:False;local:False
50919 211809 1 1 67
50919 211809 2 0 68
50919 211809 3 0 68
50919 211809 4 0 68
50919 211809 5 0 68
50919 211809 6 0 68
50919 211809 7 0 68
50919 211809 8 0 68
50919 211809 9 0 68
50919 211809 10 0 68
!leg 38965 47869 10 0 9 attackers:47869;victims:38965;type:1;valid_origin:True;recurrent:False;local:False
38965 47869 1 9 0
38965 47869 2 9 0
38965 47869 3 9 0
38965 47869 4 9 0
38965 47869 5 9 0
38965 47869 6 9 0
38965 47869 7 9 0
38965 47869 8 9 0
38965 47869 9 9 0
38965 47869 10 9 0
!sus 262977 263486 0 10 13 attackers:262977;victims:263486;type:1;valid_origin:True;recurrent:False;local:False
262977 263486 1 1 12
262977 263486 2 1 12
262977 263486 3 1 12
262977 263486 4 1 12
262977 263486 5 0 13
262977 263486 6 1 12
262977 263486 7 2 11
262977 263486 8 1 12
262977 263486 9 1 12
262977 263486 10 2 11
!sus 13335 38442 0 10 4 attackers:38442;victims:13335;type:1;valid_origin:True;recurrent:True;local:False
13335 38442 1 0 4
13335 38442 2 0 4
13335 38442 3 0 4
13335 38442 4 0 4
13335 38442 5 0 4
13335 38442 6 0 4
13335 38442 7 0 4
13335 38442 8 0 4
13335 38442 9 0 4
13335 38442 10 0 4
!leg 45117 150106 10 0 1 attackers:45117;victims:150106;type:1;valid_origin:True;recurrent:False;local:False
45117 150106 1 1 0
45117 150106 2 1 0
45117 150106 3 1 0
45117 150106 4 1 0
45117 150106 5 1 0
45117 150106 6 1 0
45117 150106 7 1 0
45117 150106 8 1 0
45117 150106 9 1 0
45117 150106 10 1 0
!leg 141778 396998 10 0 3 attackers:396998;victims:141778;type:1;valid_origin:True;recurrent:True;local:False
141778 396998 1 2 1
141778 396998 2 2 1
141778 396998 3 2 1
141778 396998 4 2 1
141778 396998 5 2 1
141778 396998 6 2 1
141778 396998 7 2 1
141778 396998 8 2 1
141778 396998 9 2 1
141778 396998 10 2 1
!sus 47152 211411 0 10 2 attackers:47152;victims:211411;type:1;valid_origin:True;recurrent:True;local:False
47152 211411 1 1 1
47152 211411 2 1 1
47152 211411 3 1 1
47152 211411 4 1 1
47152 211411 5 1 1
47152 211411 6 1 1
47152 211411 7 1 1
47152 211411 8 1 1
47152 211411 9 1 1
47152 211411 10 1 1
!sus 2 135636 0 10 4 attackers:135636;victims:2;type:1;valid_origin:False;recurrent:True;local:False
2 135636 1 0 4
2 135636 2 0 4
2 135636 3 0 4
2 135636 4 0 4
2 135636 5 0 4
2 135636 6 0 4
2 135636 7 0 4
2 135636 8 0 4
2 135636 9 0 4
2 135636 10 0 4
!sus 44889 215850 4 6 167 attackers:44889;victims:215850;type:1;valid_origin:True;recurrent:True;local:False
44889 215850 1 167 0
44889 215850 2 167 0
44889 215850 3 167 0
44889 215850 4 167 0
44889 215850 5 0 167
44889 215850 6 32 135
44889 215850 7 0 167
44889 215850 8 0 167
44889 215850 9 0 167
44889 215850 10 0 167
!sus 23764 264570 7 3 7 attackers:23764;victims:264570;type:1;valid_origin:True;recurrent:True;local:False
23764 264570 1 0 7
23764 264570 2 5 2
23764 264570 3 1 6
23764 264570 4 5 2
23764 264570 5 0 7
23764 264570 6 6 1
23764 264570 7 6 1
23764 264570 8 5 2
23764 264570 9 6 1
23764 264570 10 6 1
!sus 13768 43541 6 4 3 attackers:13768;victims:43541;type:1;valid_origin:True;recurrent:True;local:False
13768 43541 1 0 3
13768 43541 2 0 3
13768 43541 3 1 2
13768 43541 4 1 2
13768 43541 5 2 1
13768 43541 6 2 1
13768 43541 7 2 1
13768 43541 8 3 0
13768 43541 9 3 0
13768 43541 10 3 0
!sus 49612 215881 4 6 65 attackers:49612;victims:215881;type:1;valid_origin:True;recurrent:False;local:False
49612 215881 1 0 65
49612 215881 2 0 65
49612 215881 3 0 65
49612 215881 4 0 65
49612 215881 5 0 65
49612 215881 6 0 65
49612 215881 7 48 17
49612 215881 8 49 16
49612 215881 9 39 26
49612 215881 10 48 17
!leg 57463 208992 10 0 1 attackers:57463;victims:208992;type:1;valid_origin:True;recurrent:False;local:True
57463 208992 1 1 0
57463 208992 2 1 0
57463 208992 3 1 0
57463 208992 4 1 0
57463 208992 5 1 0
57463 208992 6 1 0
57463 208992 7 1 0
57463 208992 8 1 0
57463 208992 9 1 0
57463 208992 10 1 0
!sus 38074 150325 8 2 4 attackers:38074;victims:150325;type:1;valid_origin:True;recurrent:True;local:False
38074 150325 1 0 4
38074 150325 2 1 3
38074 150325 3 4 0
38074 150325 4 4 0
38074 150325 5 4 0
38074 150325 6 4 0
38074 150325 7 4 0
38074 150325 8 4 0
38074 150325 9 4 0
38074 150325 10 4 0
!leg 57463 151544 10 0 1 attackers:57463;victims:151544;type:1;valid_origin:True;recurrent:False;local:True
57463 151544 1 1 0
57463 151544 2 1 0
57463 151544 3 1 0
57463 151544 4 1 0
57463 151544 5 1 0
57463 151544 6 1 0
57463 151544 7 1 0
57463 151544 8 1 0
57463 151544 9 1 0
57463 151544 10 1 0
!sus 49304 131640 1 9 3 attackers:49304;victims:131640;type:1;valid_origin:True;recurrent:True;local:False
49304 131640 1 3 0
49304 131640 2 0 3
49304 131640 3 0 3
49304 131640 4 0 3
49304 131640 5 0 3
49304 131640 6 0 3
49304 131640 7 0 3
49304 131640 8 0 3
49304 131640 9 0 3
49304 131640 10 0 3
!sus 59318 137491 9 1 1 attackers:59318;victims:13335;type:2;valid_origin:True;recurrent:True;local:True
59318 137491 1 0 1
59318 137491 2 1 0
59318 137491 3 1 0
59318 137491 4 1 0
59318 137491 5 1 0
59318 137491 6 1 0
59318 137491 7 1 0
59318 137491 8 1 0
59318 137491 9 1 0
59318 137491 10 1 0
!leg 29465 37521 10 0 5 attackers:29465;victims:37521;type:1;valid_origin:True;recurrent:False;local:False
29465 37521 1 5 0
29465 37521 2 5 0
29465 37521 3 5 0
29465 37521 4 5 0
29465 37521 5 5 0
29465 37521 6 5 0
29465 37521 7 5 0
29465 37521 8 5 0
29465 37521 9 5 0
29465 37521 10 5 0
!leg 29465 36920 10 0 85 attackers:29465;victims:37433,409,37377,36920;type:1,2;valid_origin:True;recurrent:False;local:False
29465 36920 1 85 0
29465 36920 2 85 0
29465 36920 3 85 0
29465 36920 4 85 0
29465 36920 5 85 0
29465 36920 6 85 0
29465 36920 7 85 0
29465 36920 8 85 0
29465 36920 9 85 0
29465 36920 10 85 0
!sus 204866 210031 1 9 2 attackers:204866;victims:210031;type:1;valid_origin:True;recurrent:True;local:False
204866 210031 1 2 0
204866 210031 2 0 2
204866 210031 3 0 2
204866 210031 4 0 2
204866 210031 5 0 2
204866 210031 6 0 2
204866 210031 7 0 2
204866 210031 8 0 2
204866 210031 9 0 2
204866 210031 10 0 2
!sus 266922 273350 1 9 3 attackers:266922;victims:273350;type:1;valid_origin:True;recurrent:True;local:False
266922 273350 1 3 0
266922 273350 2 1 2
266922 273350 3 1 2
266922 273350 4 1 2
266922 273350 5 0 3
266922 273350 6 0 3
266922 273350 7 0 3
266922 273350 8 1 2
266922 273350 9 0 3
266922 273350 10 0 3
!leg 52988 267056 10 0 192 attackers:267056;victims:52988;type:1;valid_origin:True;recurrent:False;local:False
52988 267056 1 192 0
52988 267056 2 192 0
52988 267056 3 192 0
52988 267056 4 192 0
52988 267056 5 192 0
52988 267056 6 192 0
52988 267056 7 192 0
52988 267056 8 192 0
52988 267056 9 192 0
52988 267056 10 192 0
!sus 23764 52593 0 10 2 attackers:23764;victims:52593;type:1;valid_origin:True;recurrent:True;local:False
23764 52593 1 0 2
23764 52593 2 0 2
23764 52593 3 0 2
23764 52593 4 0 2
23764 52593 5 0 2
23764 52593 6 0 2
23764 52593 7 0 2
23764 52593 8 0 2
23764 52593 9 0 2
23764 52593 10 0 2
!sus 56286 147049 0 10 4 attackers:56286;victims:147049;type:1;valid_origin:True;recurrent:True;local:False
56286 147049 1 0 4
56286 147049 2 0 4
56286 147049 3 0 4
56286 147049 4 0 4
56286 147049 5 0 4
56286 147049 6 0 4
56286 147049 7 0 4
56286 147049 8 0 4
56286 147049 9 0 4
56286 147049 10 1 3
!sus 205192 215812 6 4 13 attackers:205192;victims:215812;type:1;valid_origin:True;recurrent:True;local:False
205192 215812 1 13 0
205192 215812 2 13 0
205192 215812 3 13 0
205192 215812 4 13 0
205192 215812 5 9 4
205192 215812 6 11 2
205192 215812 7 0 13
205192 215812 8 0 13
205192 215812 9 0 13
205192 215812 10 0 13
!sus 8849 200250 0 10 125 attackers:8849;victims:200250;type:1;valid_origin:True;recurrent:True;local:False
8849 200250 1 0 125
8849 200250 2 0 125
8849 200250 3 0 125
8849 200250 4 0 125
8849 200250 5 0 125
8849 200250 6 0 125
8849 200250 7 0 125
8849 200250 8 0 125
8849 200250 9 0 125
8849 200250 10 0 125
!leg 266197 273568 10 0 5 attackers:273568;victims:266197;type:1;valid_origin:True;recurrent:False;local:False
266197 273568 1 5 0
266197 273568 2 5 0
266197 273568 3 5 0
266197 273568 4 5 0
266197 273568 5 5 0
266197 273568 6 5 0
266197 273568 7 5 0
266197 273568 8 5 0
266197 273568 9 5 0
266197 273568 10 5 0
!leg 3356 9083 10 0 92 attackers:3356;victims:9083;type:1;valid_origin:True;recurrent:False;local:False
3356 9083 1 82 10
3356 9083 2 85 7
3356 9083 3 85 7
3356 9083 4 85 7
3356 9083 5 85 7
3356 9083 6 86 6
3356 9083 7 90 2
3356 9083 8 87 5
3356 9083 9 91 1
3356 9083 10 90 2
!leg 29465 36938 10 0 5 attackers:29465;victims:36938;type:1;valid_origin:True;recurrent:False;local:False
29465 36938 1 5 0
29465 36938 2 5 0
29465 36938 3 5 0
29465 36938 4 5 0
29465 36938 5 5 0
29465 36938 6 5 0
29465 36938 7 5 0
29465 36938 8 5 0
29465 36938 9 5 0
29465 36938 10 5 0
!leg 52935 262977 10 0 8 attackers:262977;victims:273379;type:2;valid_origin:True;recurrent:False;local:False
52935 262977 1 8 0
52935 262977 2 8 0
52935 262977 3 8 0
52935 262977 4 8 0
52935 262977 5 8 0
52935 262977 6 8 0
52935 262977 7 8 0
52935 262977 8 8 0
52935 262977 9 8 0
52935 262977 10 8 0
!sus 47152 208753 0 10 2 attackers:47152;victims:208753;type:1;valid_origin:True;recurrent:True;local:False
47152 208753 1 0 2
47152 208753 2 0 2
47152 208753 3 0 2
47152 208753 4 0 2
47152 208753 5 0 2
47152 208753 6 0 2
47152 208753 7 0 2
47152 208753 8 0 2
47152 208753 9 0 2
47152 208753 10 0 2
!sus 20473 198989 4 6 401 attackers:20473;victims:198989;type:1;valid_origin:True;recurrent:False;local:False
20473 198989 1 112 289
20473 198989 2 147 254
20473 198989 3 267 134
20473 198989 4 239 162
20473 198989 5 140 261
20473 198989 6 172 229
20473 198989 7 95 306
20473 198989 8 205 196
20473 198989 9 113 288
20473 198989 10 205 196
!leg 52742 265377 10 0 38 attackers:265377;victims:52742;type:1;valid_origin:True;recurrent:False;local:False
52742 265377 1 38 0
52742 265377 2 38 0
52742 265377 3 38 0
52742 265377 4 38 0
52742 265377 5 38 0
52742 265377 6 38 0
52742 265377 7 38 0
52742 265377 8 38 0
52742 265377 9 38 0
52742 265377 10 38 0
!leg 8309 204193 10 0 1 attackers:8309;victims:204193;type:1;valid_origin:True;recurrent:False;local:False
8309 204193 1 1 0
8309 204193 2 1 0
8309 204193 3 1 0
8309 204193 4 1 0
8309 204193 5 1 0
8309 204193 6 1 0
8309 204193 7 1 0
8309 204193 8 1 0
8309 204193 9 1 0
8309 204193 10 1 0
!sus 200149 215877 0 10 351 attackers:200149;victims:215877;type:1;valid_origin:True;recurrent:True;local:False
200149 215877 1 36 315
200149 215877 2 33 318
200149 215877 3 31 320
200149 215877 4 30 321
200149 215877 5 32 319
200149 215877 6 23 328
200149 215877 7 27 324
200149 215877 8 13 338
200149 215877 9 24 327
200149 215877 10 25 326
!leg 31713 138994 10 0 1 attackers:31713;victims:138994;type:1;valid_origin:True;recurrent:False;local:False
31713 138994 1 1 0
31713 138994 2 1 0
31713 138994 3 1 0
31713 138994 4 1 0
31713 138994 5 1 0
31713 138994 6 1 0
31713 138994 7 1 0
31713 138994 8 1 0
31713 138994 9 1 0
31713 138994 10 1 0
!sus 134517 152093 1 9 12 attackers:134517;victims:152093;type:1;valid_origin:True;recurrent:True;local:False
134517 152093 1 12 0
134517 152093 2 0 12
134517 152093 3 6 6
134517 152093 4 0 12
134517 152093 5 0 12
134517 152093 6 0 12
134517 152093 7 0 12
134517 152093 8 0 12
134517 152093 9 0 12
134517 152093 10 0 12
!sus 61580 262977 3 7 31 attackers:262977;victims:61580;type:1;valid_origin:True;recurrent:False;local:False
61580 262977 1 0 31
61580 262977 2 0 31
61580 262977 3 1 30
61580 262977 4 5 26
61580 262977 5 0 31
61580 262977 6 3 28
61580 262977 7 19 12
61580 262977 8 4 27
61580 262977 9 18 13
61580 262977 10 19 12
!sus 39364 49228 1 9 75 attackers:39364;victims:49228;type:1;valid_origin:True;recurrent:True;local:False
39364 49228 1 75 0
39364 49228 2 3 72
39364 49228 3 33 42
39364 49228 4 0 75
39364 49228 5 0 75
39364 49228 6 0 75
39364 49228 7 0 75
39364 49228 8 0 75
39364 49228 9 0 75
39364 49228 10 0 75
!leg 49821 62663 10 0 1 attackers:62663;victims:49821;type:1;valid_origin:True;recurrent:False;local:False
49821 62663 1 1 0
49821 62663 2 1 0
49821 62663 3 1 0
49821 62663 4 1 0
49821 62663 5 1 0
49821 62663 6 1 0
49821 62663 7 1 0
49821 62663 8 1 0
49821 62663 9 1 0
49821 62663 10 1 0
!sus 20940 61135 0 10 3 attackers:61135;victims:21342;type:2;valid_origin:True;recurrent:True;local:False
20940 61135 1 0 3
20940 61135 2 0 3
20940 61135 3 0 3
20940 61135 4 0 3
20940 61135 5 0 3
20940 61135 6 0 3
20940 61135 7 0 3
20940 61135 8 0 3
20940 61135 9 0 3
20940 61135 10 0 3
!leg 25163 29465 10 0 65 attackers:29465;victims:25163;type:1;valid_origin:True;recurrent:False;local:False
25163 29465 1 65 0
25163 29465 2 65 0
25163 29465 3 65 0
25163 29465 4 65 0
25163 29465 5 65 0
25163 29465 6 65 0
25163 29465 7 65 0
25163 29465 8 65 0
25163 29465 9 65 0
25163 29465 10 65 0
!sus 48090 215845 0 10 3 attackers:48090;victims:215845;type:1;valid_origin:True;recurrent:True;local:False
48090 215845 1 0 3
48090 215845 2 0 3
48090 215845 3 0 3
48090 215845 4 0 3
48090 215845 5 0 3
48090 215845 6 0 3
48090 215845 7 0 3
48090 215845 8 0 3
48090 215845 9 0 3
48090 215845 10 0 3
!sus 41051 215980 8 2 3 attackers:41051;victims:215980;type:1;valid_origin:True;recurrent:True;local:False
41051 215980 1 0 3
41051 215980 2 0 3
41051 215980 3 3 0
41051 215980 4 3 0
41051 215980 5 3 0
41051 215980 6 3 0
41051 215980 7 3 0
41051 215980 8 3 0
41051 215980 9 3 0
41051 215980 10 3 0
!sus 211826 262361 0 10 21 attackers:262361;victims:211826;type:1;valid_origin:True;recurrent:True;local:False
211826 262361 1 0 21
211826 262361 2 0 21
211826 262361 3 0 21
211826 262361 4 0 21
211826 262361 5 0 21
211826 262361 6 0 21
211826 262361 7 0 21
211826 262361 8 0 21
211826 262361 9 0 21
211826 262361 10 0 21
!sus 36902 37343 0 10 2 attackers:37343;victims:36902;type:1;valid_origin:True;recurrent:True;local:False
36902 37343 1 0 2
36902 37343 2 0 2
36902 37343 3 0 2
36902 37343 4 0 2
36902 37343 5 0 2
36902 37343 6 0 2
36902 37343 7 0 2
36902 37343 8 0 2
36902 37343 9 0 2
36902 37343 10 0 2
!leg 133968 146932 10 0 2 attackers:133968;victims:146932;type:1;valid_origin:True;recurrent:False;local:False
133968 146932 1 2 0
133968 146932 2 2 0
133968 146932 3 2 0
133968 146932 4 2 0
133968 146932 5 2 0
133968 146932 6 2 0
133968 146932 7 2 0
133968 146932 8 2 0
133968 146932 9 2 0
133968 146932 10 2 0
