!sus 200529 216164 0 10 50 attackers:216164;victims:200529;type:1;valid_origin:True;recurrent:False;local:False
200529 216164 1 0 50
200529 216164 2 0 50
200529 216164 3 0 50
200529 216164 4 0 50
200529 216164 5 0 50
200529 216164 6 0 50
200529 216164 7 0 50
200529 216164 8 0 50
200529 216164 9 0 50
200529 216164 10 0 50
!leg 2515 9299 10 0 1 attackers:9299;victims:2515;type:1;valid_origin:True;recurrent:False;local:False
2515 9299 1 1 0
2515 9299 2 1 0
2515 9299 3 1 0
2515 9299 4 1 0
2515 9299 5 1 0
2515 9299 6 1 0
2515 9299 7 1 0
2515 9299 8 1 0
2515 9299 9 1 0
2515 9299 10 1 0
!sus 15830 213939 4 6 9 attackers:15830;victims:213939;type:1;valid_origin:True;recurrent:True;local:False
15830 213939 1 9 0
15830 213939 2 6 3
15830 213939 3 6 3
15830 213939 4 4 5
15830 213939 5 2 7
15830 213939 6 7 2
15830 213939 7 0 9
15830 213939 8 0 9
15830 213939 9 0 9
15830 213939 10 0 9
!leg 262589 263793 10 0 1 attackers:262589;victims:267679;type:2;valid_origin:True;recurrent:False;local:False
262589 263793 1 1 0
262589 263793 2 1 0
262589 263793 3 1 0
262589 263793 4 1 0
262589 263793 5 1 0
262589 263793 6 1 0
262589 263793 7 1 0
262589 263793 8 1 0
262589 263793 9 1 0
262589 263793 10 1 0
!sus 603 15830 0 10 9 attackers:15830;victims:603;type:1;valid_origin:False;recurrent:False;local:False
603 15830 1 0 9
603 15830 2 0 9
603 15830 3 0 9
603 15830 4 0 9
603 15830 5 0 9
603 15830 6 0 9
603 15830 7 0 9
603 15830 8 0 9
603 15830 9 2 7
603 15830 10 0 9
!sus 49542 215540 8 2 6 attackers:49542;victims:215540;type:1;valid_origin:False;recurrent:True;local:False
49542 215540 1 0 6
49542 215540 2 0 6
49542 215540 3 6 0
49542 215540 4 5 1
49542 215540 5 6 0
49542 215540 6 6 0
49542 215540 7 6 0
49542 215540 8 6 0
49542 215540 9 6 0
49542 215540 10 6 0
!sus 262179 263812 0 10 7 attackers:262179;victims:263812;type:1;valid_origin:True;recurrent:True;local:False
262179 263812 1 0 7
262179 263812 2 0 7
262179 263812 3 1 6
262179 263812 4 1 6
262179 263812 5 1 6
262179 263812 6 2 5
262179 263812 7 2 5
262179 263812 8 2 5
262179 263812 9 2 5
262179 263812 10 2 5
!leg 34872 215248 10 0 1 attackers:34872;victims:215248;type:1;valid_origin:True;recurrent:False;local:False
34872 215248 1 1 0
34872 215248 2 1 0
34872 215248 3 1 0
34872 215248 4 1 0
34872 215248 5 1 0
34872 215248 6 1 0
34872 215248 7 1 0
34872 215248 8 1 0
34872 215248 9 1 0
34872 215248 10 1 0
!sus 7492 9249 0 10 38 attackers:7492;victims:9249;type:1;valid_origin:True;recurrent:True;local:False
7492 9249 1 0 38
7492 9249 2 0 38
7492 9249 3 0 38
7492 9249 4 0 38
7492 9249 5 0 38
7492 9249 6 0 38
7492 9249 7 0 38
7492 9249 8 0 38
7492 9249 9 0 38
7492 9249 10 0 38
!leg 59318 138915 10 0 1 attackers:59318;victims:132203;type:3;valid_origin:True;recurrent:False;local:True
59318 138915 1 1 0
59318 138915 2 1 0
59318 138915 3 1 0
59318 138915 4 1 0
59318 138915 5 1 0
59318 138915 6 1 0
59318 138915 7 1 0
59318 138915 8 1 0
59318 138915 9 1 0
59318 138915 10 1 0
!leg 58682 150408 10 0 88 attackers:58682;victims:150408;type:1;valid_origin:True;recurrent:False;local:False
58682 150408 1 88 0
58682 150408 2 88 0
58682 150408 3 88 0
58682 150408 4 88 0
58682 150408 5 88 0
58682 150408 6 88 0
58682 150408 7 88 0
58682 150408 8 88 0
58682 150408 9 88 0
58682 150408 10 88 0
!sus 135905 139057 0 10 1 attackers:135905;victims:139057;type:1;valid_origin:True;recurrent:True;local:False
135905 139057 1 0 1
135905 139057 2 0 1
135905 139057 3 0 1
135905 139057 4 0 1
135905 139057 5 0 1
135905 139057 6 0 1
135905 139057 7 0 1
135905 139057 8 0 1
135905 139057 9 0 1
135905 139057 10 0 1
!leg 138737 140171 10 0 518 attackers:140171;victims:133677,149610;type:2;valid_origin:True;recurrent:False;local:False
138737 140171 1 518 0
138737 140171 2 518 0
138737 140171 3 518 0
138737 140171 4 518 0
138737 140171 5 518 0
138737 140171 6 518 0
138737 140171 7 518 0
138737 140171 8 518 0
138737 140171 9 518 0
138737 140171 10 518 0
!sus 8751 44901 8 2 44 attackers:8751;victims:44901,204641;type:1,2;valid_origin:True;recurrent:True;local:False
8751 44901 1 2 42
8751 44901 2 19 25
8751 44901 3 42 2
8751 44901 4 30 14
8751 44901 5 37 7
8751 44901 6 42 2
8751 44901 7 42 2
8751 44901 8 43 1
8751 44901 9 43 1
8751 44901 10 43 1
!leg 174 397168 10 0 49 attackers:174;victims:397168;type:1;valid_origin:True;recurrent:False;local:False
174 397168 1 48 1
174 397168 2 48 1
174 397168 3 49 0
174 397168 4 49 0
174 397168 5 49 0
174 397168 6 49 0
174 397168 7 49 0
174 397168 8 49 0
174 397168 9 49 0
174 397168 10 49 0
!sus 139311 152671 0 10 129 attackers:139311;victims:152671;type:1;valid_origin:True;recurrent:True;local:False
139311 152671 1 0 129
139311 152671 2 0 129
139311 152671 3 0 129
139311 152671 4 0 129
139311 152671 5 0 129
139311 152671 6 0 129
139311 152671 7 0 129
139311 152671 8 0 129
139311 152671 9 0 129
139311 152671 10 0 129
!sus 41051 213758 0 10 1 attackers:41051;victims:213758;type:1;valid_origin:True;recurrent:True;local:False
41051 213758 1 0 1
41051 213758 2 0 1
41051 213758 3 0 1
41051 213758 4 0 1
41051 213758 5 0 1
41051 213758 6 0 1
41051 213758 7 0 1
41051 213758 8 0 1
41051 213758 9 0 1
41051 213758 10 0 1
!leg 31500 213625 10 0 1 attackers:31500;victims:213625;type:1;valid_origin:True;recurrent:False;local:False
31500 213625 1 1 0
31500 213625 2 1 0
31500 213625 3 1 0
31500 213625 4 1 0
31500 213625 5 1 0
31500 213625 6 1 0
31500 213625 7 1 0
31500 213625 8 1 0
31500 213625 9 1 0
31500 213625 10 1 0
!leg 9299 31529 10 0 5 attackers:9299;victims:197997,31529,25354,51966,208366;type:1,2;valid_origin:True;recurrent:False;local:False
9299 31529 1 5 0
9299 31529 2 5 0
9299 31529 3 5 0
9299 31529 4 5 0
9299 31529 5 5 0
9299 31529 6 5 0
9299 31529 7 5 0
9299 31529 8 5 0
9299 31529 9 5 0
9299 31529 10 5 0
!sus 202425 214295 0 10 5 attackers:202425;victims:214295;type:1;valid_origin:True;recurrent:True;local:False
202425 214295 1 0 5
202425 214295 2 0 5
202425 214295 3 0 5
202425 214295 4 0 5
202425 214295 5 0 5
202425 214295 6 0 5
202425 214295 7 0 5
202425 214295 8 0 5
202425 214295 9 0 5
202425 214295 10 0 5
!leg 4678 9299 10 0 1 attackers:9299;victims:4678;type:1;valid_origin:True;recurrent:False;local:False
4678 9299 1 1 0
4678 9299 2 1 0
4678 9299 3 1 0
4678 9299 4 1 0
4678 9299 5 1 0
4678 9299 6 1 0
4678 9299 7 1 0
4678 9299 8 1 0
4678 9299 9 1 0
4678 9299 10 1 0
!sus 10103 202888 0 10 95 attackers:202888;victims:10103;type:1;valid_origin:False;recurrent:True;local:False
10103 202888 1 0 95
10103 202888 2 0 95
10103 202888 3 0 95
10103 202888 4 0 95
10103 202888 5 0 95
10103 202888 6 0 95
10103 202888 7 0 95
10103 202888 8 0 95
10103 202888 9 0 95
10103 202888 10 0 95
!sus 57463 207748 9 1 1 attackers:57463;victims:207748;type:1;valid_origin:True;recurrent:False;local:True
57463 207748 1 1 0
57463 207748 2 0 1
57463 207748 3 1 0
57463 207748 4 1 0
57463 207748 5 1 0
57463 207748 6 1 0
57463 207748 7 1 0
57463 207748 8 1 0
57463 207748 9 1 0
57463 207748 10 1 0
!sus 37662 329427 0 10 173 attackers:37662;victims:329427;type:1;valid_origin:True;recurrent:True;local:False
37662 329427 1 40 133
37662 329427 2 16 157
37662 329427 3 7 166
37662 329427 4 10 163
37662 329427 5 0 173
37662 329427 6 0 173
37662 329427 7 19 154
37662 329427 8 0 173
37662 329427 9 4 169
37662 329427 10 0 173
!leg 20473 213604 10 0 152 attackers:20473;victims:213604;type:1,3;valid_origin:True;recurrent:True;local:False
20473 213604 1 137 15
20473 213604 2 134 18
20473 213604 3 101 51
20473 213604 4 129 23
20473 213604 5 126 26
20473 213604 6 140 12
20473 213604 7 114 38
20473 213604 8 143 9
20473 213604 9 122 30
20473 213604 10 139 13
!sus 56971 214174 0 10 5 attackers:214174;victims:56971;type:1;valid_origin:True;recurrent:True;local:False
56971 214174 1 0 5
56971 214174 2 0 5
56971 214174 3 0 5
56971 214174 4 0 5
56971 214174 5 0 5
56971 214174 6 0 5
56971 214174 7 0 5
56971 214174 8 0 5
56971 214174 9 0 5
56971 214174 10 0 5
!sus 12956 28665 1 9 1 attackers:12956;victims:28665;type:1;valid_origin:True;recurrent:True;local:False
12956 28665 1 0 1
12956 28665 2 0 1
12956 28665 3 0 1
12956 28665 4 0 1
12956 28665 5 0 1
12956 28665 6 0 1
12956 28665 7 0 1
12956 28665 8 0 1
12956 28665 9 1 0
12956 28665 10 0 1
!leg 4680 9299 10 0 1 attackers:9299;victims:4680;type:1;valid_origin:True;recurrent:False;local:False
4680 9299 1 1 0
4680 9299 2 1 0
4680 9299 3 1 0
4680 9299 4 1 0
4680 9299 5 1 0
4680 9299 6 1 0
4680 9299 7 1 0
4680 9299 8 1 0
4680 9299 9 1 0
4680 9299 10 1 0
!leg 9299 18068 10 0 1 attackers:9299;victims:18068;type:1;valid_origin:True;recurrent:False;local:False
9299 18068 1 1 0
9299 18068 2 1 0
9299 18068 3 1 0
9299 18068 4 1 0
9299 18068 5 1 0
9299 18068 6 1 0
9299 18068 7 1 0
9299 18068 8 1 0
9299 18068 9 1 0
9299 18068 10 1 0
!sus 7470 26937 7 3 3 attackers:7470;victims:26937;type:1;valid_origin:True;recurrent:True;local:False
7470 26937 1 0 3
7470 26937 2 0 3
7470 26937 3 1 2
7470 26937 4 3 0
7470 26937 5 3 0
7470 26937 6 3 0
7470 26937 7 3 0
7470 26937 8 3 0
7470 26937 9 3 0
7470 26937 10 3 0
!sus 32595 53343 9 1 4 attackers:32595;victims:53343;type:1;valid_origin:True;recurrent:True;local:False
32595 53343 1 2 2
32595 53343 2 3 1
32595 53343 3 4 0
32595 53343 4 4 0
32595 53343 5 4 0
32595 53343 6 4 0
32595 53343 7 4 0
32595 53343 8 4 0
32595 53343 9 4 0
32595 53343 10 4 0
!leg 10796 47087 10 0 65 attackers:10796;victims:47087;type:1;valid_origin:True;recurrent:False;local:False
10796 47087 1 65 0
10796 47087 2 65 0
10796 47087 3 65 0
10796 47087 4 65 0
10796 47087 5 65 0
10796 47087 6 65 0
10796 47087 7 65 0
10796 47087 8 65 0
10796 47087 9 65 0
10796 47087 10 65 0
!sus 214271 396356 5 5 4 attackers:396356;victims:214271;type:1;valid_origin:True;recurrent:True;local:False
214271 396356 1 0 4
214271 396356 2 0 4
214271 396356 3 1 3
214271 396356 4 0 4
214271 396356 5 4 0
214271 396356 6 1 3
214271 396356 7 3 1
214271 396356 8 4 0
214271 396356 9 4 0
214271 396356 10 4 0
!sus 9812 146762 0 10 4 attackers:146762;victims:9812;type:1;valid_origin:True;recurrent:True;local:False
9812 146762 1 0 4
9812 146762 2 0 4
9812 146762 3 0 4
9812 146762 4 0 4
9812 146762 5 0 4
9812 146762 6 0 4
9812 146762 7 0 4
9812 146762 8 0 4
9812 146762 9 0 4
9812 146762 10 0 4
!sus 269514 274606 6 4 5 attackers:269514;victims:274606;type:1;valid_origin:True;recurrent:True;local:False
269514 274606 1 5 0
269514 274606 2 5 0
269514 274606 3 5 0
269514 274606 4 5 0
269514 274606 5 5 0
269514 274606 6 5 0
269514 274606 7 0 5
269514 274606 8 0 5
269514 274606 9 0 5
269514 274606 10 0 5
!leg 205207 214361 10 0 26 attackers:205207;victims:214361;type:1;valid_origin:True;recurrent:False;local:False
205207 214361 1 26 0
205207 214361 2 26 0
205207 214361 3 26 0
205207 214361 4 26 0
205207 214361 5 26 0
205207 214361 6 26 0
205207 214361 7 26 0
205207 214361 8 26 0
205207 214361 9 26 0
205207 214361 10 26 0
!leg 35708 57027 10 0 1 attackers:35708;victims:57027;type:1;valid_origin:True;recurrent:False;local:True
35708 57027 1 1 0
35708 57027 2 1 0
35708 57027 3 1 0
35708 57027 4 1 0
35708 57027 5 1 0
35708 57027 6 1 0
35708 57027 7 1 0
35708 57027 8 1 0
35708 57027 9 1 0
35708 57027 10 1 0
!leg 9269 59378 10 0 1 attackers:9269;victims:38054;type:3;valid_origin:True;recurrent:False;local:False
9269 59378 1 1 0
9269 59378 2 1 0
9269 59378 3 1 0
9269 59378 4 1 0
9269 59378 5 1 0
9269 59378 6 1 0
9269 59378 7 1 0
9269 59378 8 1 0
9269 59378 9 1 0
9269 59378 10 1 0
!sus 38256 149524 0 10 28 attackers:38256;victims:1,149524;type:1,2;valid_origin:False;recurrent:True;local:False
38256 149524 1 6 22
38256 149524 2 5 23
38256 149524 3 6 22
38256 149524 4 5 23
38256 149524 5 5 23
38256 149524 6 7 21
38256 149524 7 5 23
38256 149524 8 6 22
38256 149524 9 7 21
38256 149524 10 5 23
!leg 174 35918 10 0 44 attackers:174;victims:35918;type:1;valid_origin:True;recurrent:False;local:False
174 35918 1 43 1
174 35918 2 44 0
174 35918 3 44 0
174 35918 4 44 0
174 35918 5 44 0
174 35918 6 44 0
174 35918 7 44 0
174 35918 8 44 0
174 35918 9 44 0
174 35918 10 44 0
!sus 13378 63567 0 10 5 attackers:13378;victims:63567;type:1;valid_origin:True;recurrent:True;local:False
13378 63567 1 0 5
13378 63567 2 0 5
13378 63567 3 0 5
13378 63567 4 0 5
13378 63567 5 0 5
13378 63567 6 0 5
13378 63567 7 0 5
13378 63567 8 0 5
13378 63567 9 0 5
13378 63567 10 0 5
!sus 48003 198949 9 1 5 attackers:198949;victims:48003;type:1;valid_origin:True;recurrent:True;local:False
48003 198949 1 0 5
48003 198949 2 5 0
48003 198949 3 4 1
48003 198949 4 5 0
48003 198949 5 5 0
48003 198949 6 5 0
48003 198949 7 5 0
48003 198949 8 5 0
48003 198949 9 5 0
48003 198949 10 5 0
!sus 8772 34800 7 3 4 attackers:8772;victims:34800;type:1;valid_origin:True;recurrent:True;local:False
8772 34800 1 0 4
8772 34800 2 1 3
8772 34800 3 2 2
8772 34800 4 4 0
8772 34800 5 4 0
8772 34800 6 4 0
8772 34800 7 4 0
8772 34800 8 4 0
8772 34800 9 4 0
8772 34800 10 4 0
!sus 262589 273905 0 10 7 attackers:262589;victims:273905;type:1;valid_origin:True;recurrent:True;local:False
262589 273905 1 2 5
262589 273905 2 0 7
262589 273905 3 0 7
262589 273905 4 0 7
262589 273905 5 0 7
262589 273905 6 0 7
262589 273905 7 0 7
262589 273905 8 0 7
262589 273905 9 0 7
262589 273905 10 0 7
!leg 23031 273003 10 0 100 attackers:23031;victims:273003;type:1;valid_origin:True;recurrent:False;local:False
23031 273003 1 100 0
23031 273003 2 100 0
23031 273003 3 100 0
23031 273003 4 100 0
23031 273003 5 100 0
23031 273003 6 100 0
23031 273003 7 100 0
23031 273003 8 100 0
23031 273003 9 100 0
23031 273003 10 100 0
!leg 17494 152661 10 0 69 attackers:17494;victims:152661;type:1;valid_origin:True;recurrent:False;local:False
17494 152661 1 69 0
17494 152661 2 69 0
17494 152661 3 69 0
17494 152661 4 69 0
17494 152661 5 69 0
17494 152661 6 69 0
17494 152661 7 69 0
17494 152661 8 69 0
17494 152661 9 69 0
17494 152661 10 69 0
!leg 58656 149991 10 0 130 attackers:58656;victims:149991;type:1;valid_origin:True;recurrent:False;local:False
58656 149991 1 130 0
58656 149991 2 130 0
58656 149991 3 130 0
58656 149991 4 130 0
58656 149991 5 130 0
58656 149991 6 130 0
58656 149991 7 130 0
58656 149991 8 130 0
58656 149991 9 130 0
58656 149991 10 130 0
!leg 9299 23629 10 0 1 attackers:9299;victims:23629;type:1;valid_origin:True;recurrent:False;local:False
9299 23629 1 1 0
9299 23629 2 1 0
9299 23629 3 1 0
9299 23629 4 1 0
9299 23629 5 1 0
9299 23629 6 1 0
9299 23629 7 1 0
9299 23629 8 1 0
9299 23629 9 1 0
9299 23629 10 1 0
!sus 265590 273253 0 10 1 attackers:265590;victims:273253;type:1;valid_origin:True;recurrent:True;local:False
265590 273253 1 0 1
265590 273253 2 0 1
265590 273253 3 0 1
265590 273253 4 0 1
265590 273253 5 0 1
265590 273253 6 0 1
265590 273253 7 0 1
265590 273253 8 0 1
265590 273253 9 0 1
265590 273253 10 0 1
!sus 268314 273730 0 10 2 attackers:273730;victims:268314;type:1;valid_origin:True;recurrent:True;local:False
268314 273730 1 0 2
268314 273730 2 0 2
268314 273730 3 0 2
268314 273730 4 0 2
268314 273730 5 1 1
268314 273730 6 0 2
268314 273730 7 1 1
268314 273730 8 1 1
268314 273730 9 1 1
268314 273730 10 1 1
!sus 13004 44477 5 5 3 attackers:13004;victims:44477;type:1;valid_origin:True;recurrent:True;local:False
13004 44477 1 0 3
13004 44477 2 0 3
13004 44477 3 0 3
13004 44477 4 1 2
13004 44477 5 1 2
13004 44477 6 2 1
13004 44477 7 2 1
13004 44477 8 2 1
13004 44477 9 3 0
13004 44477 10 3 0
!leg 31554 48067 10 0 1 attackers:31554;victims:48067;type:1;valid_origin:True;recurrent:False;local:True
31554 48067 1 1 0
31554 48067 2 1 0
31554 48067 3 1 0
31554 48067 4 1 0
31554 48067 5 1 0
31554 48067 6 1 0
31554 48067 7 1 0
31554 48067 8 1 0
31554 48067 9 1 0
31554 48067 10 1 0
!leg 39351 214514 10 0 1 attackers:39351;victims:214514;type:1;valid_origin:True;recurrent:False;local:True
39351 214514 1 1 0
39351 214514 2 1 0
39351 214514 3 1 0
39351 214514 4 1 0
39351 214514 5 1 0
39351 214514 6 1 0
39351 214514 7 1 0
39351 214514 8 1 0
39351 214514 9 1 0
39351 214514 10 1 0
!sus 52758 274660 6 4 2 attackers:52758;victims:274660;type:1;valid_origin:True;recurrent:True;local:False
52758 274660 1 2 0
52758 274660 2 2 0
52758 274660 3 2 0
52758 274660 4 2 0
52758 274660 5 2 0
52758 274660 6 1 1
52758 274660 7 2 0
52758 274660 8 0 2
52758 274660 9 0 2
52758 274660 10 0 2
!leg 53062 266129 10 0 2 attackers:53062;victims:271135;type:2;valid_origin:True;recurrent:False;local:False
53062 266129 1 2 0
53062 266129 2 2 0
53062 266129 3 2 0
53062 266129 4 2 0
53062 266129 5 2 0
53062 266129 6 2 0
53062 266129 7 2 0
53062 266129 8 2 0
53062 266129 9 2 0
53062 266129 10 2 0
!leg 9299 141114 10 0 1 attackers:9299;victims:150519;type:2;valid_origin:True;recurrent:False;local:False
9299 141114 1 1 0
9299 141114 2 1 0
9299 141114 3 1 0
9299 141114 4 1 0
9299 141114 5 1 0
9299 141114 6 1 0
9299 141114 7 1 0
9299 141114 8 1 0
9299 141114 9 1 0
9299 141114 10 1 0
!leg 61614 264892 10 0 1 attackers:264892;victims:273453;type:2;valid_origin:True;recurrent:False;local:False
61614 264892 1 1 0
61614 264892 2 1 0
61614 264892 3 1 0
61614 264892 4 1 0
61614 264892 5 1 0
61614 264892 6 1 0
61614 264892 7 1 0
61614 264892 8 1 0
61614 264892 9 1 0
61614 264892 10 1 0
!sus 19711 30619 5 5 532 attackers:30619;victims:32398,16800,37510,328531,10798,328690,19711,327765,328169,328628;type:1,2,3,4,5;valid_origin:False;recurrent:True;local:False
19711 30619 1 0 532
19711 30619 2 162 370
19711 30619 3 173 359
19711 30619 4 220 312
19711 30619 5 264 268
19711 30619 6 281 251
19711 30619 7 288 244
19711 30619 8 458 74
19711 30619 9 289 243
19711 30619 10 371 161
!sus 3356 21643 7 3 67 attackers:3356;victims:21643;type:1;valid_origin:False;recurrent:True;local:False
3356 21643 1 67 0
3356 21643 2 62 5
3356 21643 3 60 7
3356 21643 4 64 3
3356 21643 5 0 67
3356 21643 6 62 5
3356 21643 7 39 28
3356 21643 8 14 53
3356 21643 9 53 14
3356 21643 10 0 67
!sus 21859 270776 0 10 1 attackers:270776;victims:24409;type:2;valid_origin:True;recurrent:True;local:False
21859 270776 1 0 1
21859 270776 2 0 1
21859 270776 3 0 1
21859 270776 4 0 1
21859 270776 5 0 1
21859 270776 6 0 1
21859 270776 7 0 1
21859 270776 8 0 1
21859 270776 9 0 1
21859 270776 10 0 1
!leg 34872 213641 10 0 381 attackers:34872;victims:213641;type:1;valid_origin:True;recurrent:False;local:False
34872 213641 1 299 82
34872 213641 2 357 24
34872 213641 3 381 0
34872 213641 4 379 2
34872 213641 5 380 1
34872 213641 6 381 0
34872 213641 7 381 0
34872 213641 8 381 0
34872 213641 9 381 0
34872 213641 10 381 0
!leg 23688 58668 10 0 109 attackers:58668;victims:23688;type:1;valid_origin:True;recurrent:False;local:False
23688 58668 1 107 2
23688 58668 2 109 0
23688 58668 3 109 0
23688 58668 4 108 1
23688 58668 5 109 0
23688 58668 6 109 0
23688 58668 7 109 0
23688 58668 8 109 0
23688 58668 9 109 0
23688 58668 10 109 0
!leg 28539 270126 10 0 38 attackers:270126;victims:28539;type:1;valid_origin:True;recurrent:False;local:False
28539 270126 1 38 0
28539 270126 2 38 0
28539 270126 3 38 0
28539 270126 4 38 0
28539 270126 5 38 0
28539 270126 6 38 0
28539 270126 7 38 0
28539 270126 8 38 0
28539 270126 9 38 0
28539 270126 10 38 0
!leg 35100 56630 10 0 88 attackers:56630;victims:35100;type:1;valid_origin:True;recurrent:False;local:False
35100 56630 1 73 15
35100 56630 2 86 2
35100 56630 3 86 2
35100 56630 4 88 0
35100 56630 5 88 0
35100 56630 6 86 2
35100 56630 7 88 0
35100 56630 8 88 0
35100 56630 9 88 0
35100 56630 10 88 0
!leg 7505 9299 10 0 1 attackers:9299;victims:7505;type:1;valid_origin:True;recurrent:False;local:False
7505 9299 1 1 0
7505 9299 2 1 0
7505 9299 3 1 0
7505 9299 4 1 0
7505 9299 5 1 0
7505 9299 6 1 0
7505 9299 7 1 0
7505 9299 8 1 0
7505 9299 9 1 0
7505 9299 10 1 0
!sus 2734 262415 6 4 160 attackers:2734;victims:262415;type:1;valid_origin:False;recurrent:False;local:False
2734 262415 1 0 160
2734 262415 2 0 160
2734 262415 3 12 148
2734 262415 4 51 109
2734 262415 5 110 50
2734 262415 6 125 35
2734 262415 7 129 31
2734 262415 8 147 13
2734 262415 9 153 7
2734 262415 10 157 3
!sus 213691 216334 7 3 8 attackers:216334;victims:213691;type:1;valid_origin:True;recurrent:True;local:False
213691 216334 1 8 0
213691 216334 2 8 0
213691 216334 3 8 0
213691 216334 4 8 0
213691 216334 5 8 0
213691 216334 6 2 6
213691 216334 7 8 0
213691 216334 8 8 0
213691 216334 9 3 5
213691 216334 10 0 8
!sus 27524 198831 5 5 334 attackers:198831;victims:27524;type:1;valid_origin:True;recurrent:True;local:False
27524 198831 1 0 334
27524 198831 2 0 334
27524 198831 3 0 334
27524 198831 4 0 334
27524 198831 5 211 123
27524 198831 6 289 45
27524 198831 7 152 182
27524 198831 8 281 53
27524 198831 9 318 16
27524 198831 10 323 11
!sus 25620 270038 0 10 4 attackers:25620;victims:270038;type:1;valid_origin:True;recurrent:True;local:False
25620 270038 1 0 4
25620 270038 2 0 4
25620 270038 3 0 4
25620 270038 4 0 4
25620 270038 5 0 4
25620 270038 6 0 4
25620 270038 7 0 4
25620 270038 8 0 4
25620 270038 9 0 4
25620 270038 10 0 4
!sus 41264 327727 9 1 5 attackers:327727;victims:41264;type:1;valid_origin:True;recurrent:True;local:False
41264 327727 1 0 5
41264 327727 2 5 0
41264 327727 3 5 0
41264 327727 4 5 0
41264 327727 5 5 0
41264 327727 6 5 0
41264 327727 7 5 0
41264 327727 8 5 0
41264 327727 9 5 0
41264 327727 10 5 0
!leg 2914 28201 10 0 3 attackers:2914;victims:28201;type:1;valid_origin:True;recurrent:True;local:False
2914 28201 1 3 0
2914 28201 2 3 0
2914 28201 3 3 0
2914 28201 4 3 0
2914 28201 5 3 0
2914 28201 6 3 0
2914 28201 7 3 0
2914 28201 8 3 0
2914 28201 9 3 0
2914 28201 10 3 0
!sus 51019 215680 0 10 2 attackers:215680;victims:51019;type:1;valid_origin:True;recurrent:True;local:False
51019 215680 1 0 2
51019 215680 2 1 1
51019 215680 3 1 1
51019 215680 4 1 1
51019 215680 5 1 1
51019 215680 6 1 1
51019 215680 7 1 1
51019 215680 8 1 1
51019 215680 9 1 1
51019 215680 10 1 1
!sus 29049 50959 3 7 9 attackers:29049;victims:50959;type:1;valid_origin:True;recurrent:True;local:False
29049 50959 1 0 9
29049 50959 2 0 9
29049 50959 3 1 8
29049 50959 4 2 7
29049 50959 5 6 3
29049 50959 6 4 5
29049 50959 7 0 9
29049 50959 8 2 7
29049 50959 9 9 0
29049 50959 10 9 0
!sus 252855 262855 3 7 24 attackers:262855;victims:262855;type:2;valid_origin:True;recurrent:True;local:False
252855 262855 1 24 0
252855 262855 2 21 3
252855 262855 3 17 7
252855 262855 4 3 21
252855 262855 5 7 17
252855 262855 6 1 23
252855 262855 7 3 21
252855 262855 8 8 16
252855 262855 9 1 23
252855 262855 10 2 22
!sus 52468 263791 1 9 32 attackers:52468;victims:263791;type:1;valid_origin:True;recurrent:True;local:False
52468 263791 1 0 32
52468 263791 2 0 32
52468 263791 3 4 28
52468 263791 4 9 23
52468 263791 5 14 18
52468 263791 6 4 28
52468 263791 7 10 22
52468 263791 8 7 25
52468 263791 9 13 19
52468 263791 10 18 14
!leg 137453 138482 10 0 2 attackers:137453;victims:147070;type:2;valid_origin:True;recurrent:False;local:False
137453 138482 1 2 0
137453 138482 2 2 0
137453 138482 3 2 0
137453 138482 4 2 0
137453 138482 5 2 0
137453 138482 6 2 0
137453 138482 7 2 0
137453 138482 8 2 0
137453 138482 9 2 0
137453 138482 10 2 0
!sus 56264 133496 8 2 11 attackers:56264;victims:133496;type:1;valid_origin:True;recurrent:True;local:False
56264 133496 1 11 0
56264 133496 2 11 0
56264 133496 3 11 0
56264 133496 4 11 0
56264 133496 5 10 1
56264 133496 6 11 0
56264 133496 7 11 0
56264 133496 8 4 7
56264 133496 9 8 3
56264 133496 10 0 11
!sus 52154 214952 0 10 2 attackers:52154;victims:214952;type:1;valid_origin:True;recurrent:True;local:False
52154 214952 1 0 2
52154 214952 2 0 2
52154 214952 3 0 2
52154 214952 4 0 2
52154 214952 5 0 2
52154 214952 6 0 2
52154 214952 7 0 2
52154 214952 8 0 2
52154 214952 9 0 2
52154 214952 10 0 2
!leg 174 269630 10 0 7 attackers:174;victims:269630;type:1;valid_origin:True;recurrent:False;local:False
174 269630 1 6 1
174 269630 2 6 1
174 269630 3 6 1
174 269630 4 6 1
174 269630 5 6 1
174 269630 6 6 1
174 269630 7 6 1
174 269630 8 6 1
174 269630 9 7 0
174 269630 10 7 0
!sus 64487 214337 1 9 231 attackers:64487;victims:214337;type:1;valid_origin:True;recurrent:True;local:False
64487 214337 1 51 180
64487 214337 2 41 190
64487 214337 3 57 174
64487 214337 4 22 209
64487 214337 5 33 198
64487 214337 6 42 189
64487 214337 7 38 193
64487 214337 8 51 180
64487 214337 9 72 159
64487 214337 10 144 87
!sus 8551 47872 2 8 1 attackers:47872;victims:8551;type:1;valid_origin:True;recurrent:True;local:False
8551 47872 1 0 1
8551 47872 2 0 1
8551 47872 3 0 1
8551 47872 4 0 1
8551 47872 5 0 1
8551 47872 6 0 1
8551 47872 7 0 1
8551 47872 8 0 1
8551 47872 9 1 0
8551 47872 10 1 0
!sus 3399 209625 0 10 3 attackers:3399;victims:209625;type:1;valid_origin:True;recurrent:True;local:False
3399 209625 1 0 3
3399 209625 2 1 2
3399 209625 3 1 2
3399 209625 4 0 3
3399 209625 5 0 3
3399 209625 6 0 3
3399 209625 7 0 3
3399 209625 8 0 3
3399 209625 9 0 3
3399 209625 10 0 3
!sus 139311 147036 0 10 132 attackers:139311;victims:147036;type:1;valid_origin:True;recurrent:True;local:False
139311 147036 1 0 132
139311 147036 2 0 132
139311 147036 3 0 132
139311 147036 4 0 132
139311 147036 5 0 132
139311 147036 6 0 132
139311 147036 7 0 132
139311 147036 8 0 132
139311 147036 9 0 132
139311 147036 10 0 132
!sus 42198 54014 7 3 6 attackers:42198;victims:54014;type:1;valid_origin:True;recurrent:True;local:False
42198 54014 1 6 0
42198 54014 2 6 0
42198 54014 3 6 0
42198 54014 4 6 0
42198 54014 5 6 0
42198 54014 6 6 0
42198 54014 7 3 3
42198 54014 8 4 2
42198 54014 9 3 3
42198 54014 10 0 6
!leg 5511 43531 10 0 1 attackers:43531;victims:197869;type:3;valid_origin:True;recurrent:False;local:False
5511 43531 1 1 0
5511 43531 2 1 0
5511 43531 3 1 0
5511 43531 4 1 0
5511 43531 5 1 0
5511 43531 6 1 0
5511 43531 7 1 0
5511 43531 8 1 0
5511 43531 9 1 0
5511 43531 10 1 0
!sus 31529 270776 3 7 1 attackers:270776;victims:25354;type:2;valid_origin:True;recurrent:True;local:False
31529 270776 1 0 1
31529 270776 2 0 1
31529 270776 3 0 1
31529 270776 4 0 1
31529 270776 5 0 1
31529 270776 6 0 1
31529 270776 7 0 1
31529 270776 8 1 0
31529 270776 9 1 0
31529 270776 10 1 0
!sus 213725 216078 0 10 165 attackers:216078;victims:213725;type:1;valid_origin:True;recurrent:True;local:False
213725 216078 1 0 165
213725 216078 2 0 165
213725 216078 3 4 161
213725 216078 4 4 161
213725 216078 5 4 161
213725 216078 6 4 161
213725 216078 7 4 161
213725 216078 8 4 161
213725 216078 9 4 161
213725 216078 10 5 160
!sus 6939 267388 0 10 2 attackers:6939;victims:52872;type:2;valid_origin:True;recurrent:True;local:False
6939 267388 1 0 2
6939 267388 2 0 2
6939 267388 3 0 2
6939 267388 4 0 2
6939 267388 5 0 2
6939 267388 6 0 2
6939 267388 7 0 2
6939 267388 8 0 2
6939 267388 9 0 2
6939 267388 10 0 2
!leg 270126 272369 10 0 40 attackers:272369,270126;victims:272369,28539;type:1,2;valid_origin:True;recurrent:False;local:False
270126 272369 1 40 0
270126 272369 2 40 0
270126 272369 3 40 0
270126 272369 4 40 0
270126 272369 5 40 0
270126 272369 6 40 0
270126 272369 7 40 0
270126 272369 8 40 0
270126 272369 9 40 0
270126 272369 10 40 0
!sus 139311 151349 0 10 162 attackers:139311;victims:151349;type:1;valid_origin:True;recurrent:True;local:False
139311 151349 1 0 162
139311 151349 2 0 162
139311 151349 3 0 162
139311 151349 4 0 162
139311 151349 5 0 162
139311 151349 6 0 162
139311 151349 7 0 162
139311 151349 8 0 162
139311 151349 9 0 162
139311 151349 10 1 161
!sus 272801 272978 0 10 5 attackers:272801;victims:272978;type:1;valid_origin:True;recurrent:True;local:False
272801 272978 1 0 5
272801 272978 2 0 5
272801 272978 3 0 5
272801 272978 4 0 5
272801 272978 5 0 5
272801 272978 6 0 5
272801 272978 7 0 5
272801 272978 8 0 5
272801 272978 9 0 5
272801 272978 10 0 5
!leg 45430 55818 10 0 1 attackers:45430;victims:152833;type:3;valid_origin:True;recurrent:False;local:False
45430 55818 1 1 0
45430 55818 2 1 0
45430 55818 3 1 0
45430 55818 4 1 0
45430 55818 5 1 0
45430 55818 6 1 0
45430 55818 7 1 0
45430 55818 8 1 0
45430 55818 9 1 0
45430 55818 10 1 0
!leg 7565 137453 10 0 1 attackers:7565;victims:138026;type:2;valid_origin:True;recurrent:False;local:False
7565 137453 1 1 0
7565 137453 2 1 0
7565 137453 3 1 0
7565 137453 4 1 0
7565 137453 5 1 0
7565 137453 6 1 0
7565 137453 7 1 0
7565 137453 8 1 0
7565 137453 9 1 0
7565 137453 10 1 0
!sus 1 149524 0 10 20 attackers:149524;victims:1;type:1;valid_origin:False;recurrent:True;local:False
1 149524 1 0 20
1 149524 2 0 20
1 149524 3 0 20
1 149524 4 0 20
1 149524 5 0 20
1 149524 6 0 20
1 149524 7 0 20
1 149524 8 0 20
1 149524 9 0 20
1 149524 10 0 20
!sus 213714 215400 1 9 6 attackers:215400;victims:213714;type:1;valid_origin:True;recurrent:True;local:False
213714 215400 1 5 1
213714 215400 2 3 3
213714 215400 3 1 5
213714 215400 4 0 6
213714 215400 5 1 5
213714 215400 6 0 6
213714 215400 7 0 6
213714 215400 8 0 6
213714 215400 9 0 6
213714 215400 10 0 6
!sus 262801 265334 0 10 2 attackers:265334;victims:262801;type:1;valid_origin:True;recurrent:True;local:False
262801 265334 1 0 2
262801 265334 2 0 2
262801 265334 3 0 2
262801 265334 4 0 2
262801 265334 5 0 2
262801 265334 6 0 2
262801 265334 7 0 2
262801 265334 8 0 2
262801 265334 9 0 2
262801 265334 10 0 2
!leg 3204 213625 10 0 106 attackers:3204;victims:213625;type:1;valid_origin:True;recurrent:False;local:False
3204 213625 1 100 6
3204 213625 2 104 2
3204 213625 3 104 2
3204 213625 4 106 0
3204 213625 5 106 0
3204 213625 6 106 0
3204 213625 7 106 0
3204 213625 8 106 0
3204 213625 9 106 0
3204 213625 10 106 0
!leg 9299 10019 10 0 1 attackers:9299;victims:10019;type:1;valid_origin:True;recurrent:False;local:False
9299 10019 1 1 0
9299 10019 2 1 0
9299 10019 3 1 0
9299 10019 4 1 0
9299 10019 5 1 0
9299 10019 6 1 0
9299 10019 7 1 0
9299 10019 8 1 0
9299 10019 9 1 0
9299 10019 10 1 0
!sus 34872 214139 8 2 6 attackers:34872;victims:214139;type:1;valid_origin:True;recurrent:True;local:False
34872 214139 1 5 1
34872 214139 2 6 0
34872 214139 3 4 2
34872 214139 4 4 2
34872 214139 5 5 1
34872 214139 6 4 2
34872 214139 7 5 1
34872 214139 8 1 5
34872 214139 9 4 2
34872 214139 10 0 6
!sus 58212 61112 8 2 8 attackers:58212;victims:61112;type:1;valid_origin:True;recurrent:True;local:False
58212 61112 1 0 8
58212 61112 2 2 6
58212 61112 3 7 1
58212 61112 4 7 1
58212 61112 5 8 0
58212 61112 6 8 0
58212 61112 7 8 0
58212 61112 8 8 0
58212 61112 9 8 0
58212 61112 10 8 0
!leg 34927 215286 10 0 34 attackers:34927;victims:215286;type:1;valid_origin:True;recurrent:False;local:False
34927 215286 1 34 0
34927 215286 2 34 0
34927 215286 3 34 0
34927 215286 4 34 0
34927 215286 5 34 0
34927 215286 6 34 0
34927 215286 7 34 0
34927 215286 8 34 0
34927 215286 9 34 0
34927 215286 10 34 0
!sus 10753 26382 6 4 2 attackers:10753;victims:26382;type:1;valid_origin:False;recurrent:True;local:False
10753 26382 1 2 0
10753 26382 2 2 0
10753 26382 3 2 0
10753 26382 4 2 0
10753 26382 5 2 0
10753 26382 6 2 0
10753 26382 7 1 1
10753 26382 8 0 2
10753 26382 9 0 2
10753 26382 10 0 2
!sus 135660 152333 4 6 110 attackers:152333;victims:135660;type:1;valid_origin:True;recurrent:True;local:False
135660 152333 1 110 0
135660 152333 2 105 5
135660 152333 3 105 5
135660 152333 4 0 110
135660 152333 5 63 47
135660 152333 6 0 110
135660 152333 7 0 110
135660 152333 8 0 110
135660 152333 9 0 110
135660 152333 10 0 110
!sus 5 134801 0 10 2 attackers:134801;victims:5;type:1;valid_origin:False;recurrent:False;local:False
5 134801 1 0 2
5 134801 2 0 2
5 134801 3 0 2
5 134801 4 0 2
5 134801 5 0 2
5 134801 6 0 2
5 134801 7 0 2
5 134801 8 0 2
5 134801 9 0 2
5 134801 10 0 2
!leg 3356 263558 10 0 43 attackers:3356;victims:263558,264468;type:1,2;valid_origin:True;recurrent:False;local:False
3356 263558 1 42 1
3356 263558 2 43 0
3356 263558 3 43 0
3356 263558 4 43 0
3356 263558 5 43 0
3356 263558 6 43 0
3356 263558 7 43 0
3356 263558 8 43 0
3356 263558 9 43 0
3356 263558 10 43 0
!sus 27845 273999 9 1 2 attackers:27845;victims:273999;type:1;valid_origin:True;recurrent:True;local:False
27845 273999 1 2 0
27845 273999 2 2 0
27845 273999 3 2 0
27845 273999 4 2 0
27845 273999 5 2 0
27845 273999 6 2 0
27845 273999 7 2 0
27845 273999 8 2 0
27845 273999 9 2 0
27845 273999 10 0 2
!leg 9299 48237 10 0 1 attackers:9299;victims:35819;type:2;valid_origin:True;recurrent:False;local:False
9299 48237 1 1 0
9299 48237 2 1 0
9299 48237 3 1 0
9299 48237 4 1 0
9299 48237 5 1 0
9299 48237 6 1 0
9299 48237 7 1 0
9299 48237 8 1 0
9299 48237 9 1 0
9299 48237 10 1 0
!sus 20118 60539 6 4 1 attackers:60539;victims:20118;type:1;valid_origin:True;recurrent:True;local:False
20118 60539 1 0 1
20118 60539 2 0 1
20118 60539 3 0 1
20118 60539 4 1 0
20118 60539 5 0 1
20118 60539 6 1 0
20118 60539 7 1 0
20118 60539 8 1 0
20118 60539 9 1 0
20118 60539 10 1 0
!sus 7049 47872 9 1 1 attackers:47872;victims:27935;type:2;valid_origin:True;recurrent:True;local:False
7049 47872 1 0 1
7049 47872 2 1 0
7049 47872 3 1 0
7049 47872 4 1 0
7049 47872 5 1 0
7049 47872 6 1 0
7049 47872 7 1 0
7049 47872 8 1 0
7049 47872 9 1 0
7049 47872 10 1 0
!sus 24406 33071 6 4 3 attackers:33071;victims:24406;type:1;valid_origin:True;recurrent:True;local:False
24406 33071 1 0 3
24406 33071 2 0 3
24406 33071 3 1 2
24406 33071 4 3 0
24406 33071 5 3 0
24406 33071 6 1 2
24406 33071 7 3 0
24406 33071 8 3 0
24406 33071 9 3 0
24406 33071 10 3 0
!sus 6 61945 1 9 62 attackers:6;victims:61945;type:1;valid_origin:True;recurrent:False;local:False
6 61945 1 60 2
6 61945 2 22 40
6 61945 3 7 55
6 61945 4 7 55
6 61945 5 13 49
6 61945 6 15 47
6 61945 7 7 55
6 61945 8 8 54
6 61945 9 7 55
6 61945 10 7 55
!sus 37580 327727 0 10 8 attackers:37580;victims:327727;type:1;valid_origin:False;recurrent:True;local:False
37580 327727 1 0 8
37580 327727 2 0 8
37580 327727 3 0 8
37580 327727 4 0 8
37580 327727 5 0 8
37580 327727 6 0 8
37580 327727 7 0 8
37580 327727 8 0 8
37580 327727 9 0 8
37580 327727 10 0 8
!leg 214675 214757 10 0 4 attackers:214757;victims:214675;type:1;valid_origin:True;recurrent:False;local:False
214675 214757 1 4 0
214675 214757 2 4 0
214675 214757 3 4 0
214675 214757 4 4 0
214675 214757 5 4 0
214675 214757 6 4 0
214675 214757 7 4 0
214675 214757 8 4 0
214675 214757 9 4 0
214675 214757 10 4 0
!sus 3 149524 0 10 4 attackers:149524;victims:3;type:1;valid_origin:False;recurrent:True;local:False
3 149524 1 0 4
3 149524 2 0 4
3 149524 3 0 4
3 149524 4 0 4
3 149524 5 0 4
3 149524 6 0 4
3 149524 7 0 4
3 149524 8 0 4
3 149524 9 0 4
3 149524 10 0 4
!leg 9299 62902 10 0 1 attackers:9299;victims:62902;type:1;valid_origin:True;recurrent:False;local:False
9299 62902 1 1 0
9299 62902 2 1 0
9299 62902 3 1 0
9299 62902 4 1 0
9299 62902 5 1 0
9299 62902 6 1 0
9299 62902 7 1 0
9299 62902 8 1 0
9299 62902 9 1 0
9299 62902 10 1 0
!sus 212514 214909 7 3 49 attackers:212514;victims:214909;type:1;valid_origin:True;recurrent:False;local:False
212514 214909 1 0 49
212514 214909 2 0 49
212514 214909 3 49 0
212514 214909 4 0 49
212514 214909 5 45 4
212514 214909 6 47 2
212514 214909 7 49 0
212514 214909 8 49 0
212514 214909 9 49 0
212514 214909 10 49 0
!sus 206264 213724 2 8 81 attackers:206264;victims:213724;type:1;valid_origin:True;recurrent:False;local:False
206264 213724 1 62 19
206264 213724 2 73 8
206264 213724 3 20 61
206264 213724 4 37 44
206264 213724 5 36 45
206264 213724 6 0 81
206264 213724 7 0 81
206264 213724 8 0 81
206264 213724 9 0 81
206264 213724 10 0 81
!leg 8738 12849 10 0 126 attackers:12849;victims:8738;type:1;valid_origin:True;recurrent:False;local:False
8738 12849 1 126 0
8738 12849 2 126 0
8738 12849 3 126 0
8738 12849 4 126 0
8738 12849 5 126 0
8738 12849 6 126 0
8738 12849 7 126 0
8738 12849 8 126 0
8738 12849 9 126 0
8738 12849 10 126 0
!sus 37100 329396 2 8 4 attackers:37100;victims:329396;type:1;valid_origin:True;recurrent:True;local:False
37100 329396 1 3 1
37100 329396 2 4 0
37100 329396 3 0 4
37100 329396 4 1 3
37100 329396 5 0 4
37100 329396 6 1 3
37100 329396 7 1 3
37100 329396 8 0 4
37100 329396 9 0 4
37100 329396 10 0 4
!leg 45296 150210 10 0 61 attackers:150210;victims:63493;type:2;valid_origin:True;recurrent:False;local:False
45296 150210 1 61 0
45296 150210 2 61 0
45296 150210 3 61 0
45296 150210 4 61 0
45296 150210 5 61 0
45296 150210 6 61 0
45296 150210 7 61 0
45296 150210 8 61 0
45296 150210 9 61 0
45296 150210 10 61 0
!sus 13378 149304 0 10 4 attackers:13378;victims:149304;type:1;valid_origin:True;recurrent:True;local:False
13378 149304 1 0 4
13378 149304 2 0 4
13378 149304 3 0 4
13378 149304 4 0 4
13378 149304 5 0 4
13378 149304 6 0 4
13378 149304 7 0 4
13378 149304 8 0 4
13378 149304 9 0 4
13378 149304 10 0 4
!sus 265270 269608 7 3 4 attackers:265270;victims:269608;type:1;valid_origin:True;recurrent:True;local:False
265270 269608 1 1 3
265270 269608 2 3 1
265270 269608 3 3 1
265270 269608 4 4 0
265270 269608 5 2 2
265270 269608 6 3 1
265270 269608 7 4 0
265270 269608 8 3 1
265270 269608 9 0 4
265270 269608 10 3 1
!leg 30433 215828 10 0 3 attackers:215828;victims:30433;type:1;valid_origin:True;recurrent:True;local:False
30433 215828 1 2 1
30433 215828 2 3 0
30433 215828 3 3 0
30433 215828 4 3 0
30433 215828 5 3 0
30433 215828 6 3 0
30433 215828 7 3 0
30433 215828 8 3 0
30433 215828 9 3 0
30433 215828 10 3 0
!leg 9299 139225 10 0 1 attackers:9299;victims:139225;type:1;valid_origin:True;recurrent:False;local:False
9299 139225 1 1 0
9299 139225 2 1 0
9299 139225 3 1 0
9299 139225 4 1 0
9299 139225 5 1 0
9299 139225 6 1 0
9299 139225 7 1 0
9299 139225 8 1 0
9299 139225 9 1 0
9299 139225 10 1 0
!sus 52468 273057 7 3 1 attackers:52468;victims:273057;type:1;valid_origin:True;recurrent:True;local:False
52468 273057 1 0 1
52468 273057 2 0 1
52468 273057 3 0 1
52468 273057 4 1 0
52468 273057 5 1 0
52468 273057 6 1 0
52468 273057 7 1 0
52468 273057 8 1 0
52468 273057 9 1 0
52468 273057 10 1 0
!leg 34872 215288 10 0 55 attackers:34872;victims:215288;type:1;valid_origin:True;recurrent:True;local:False
34872 215288 1 46 9
34872 215288 2 53 2
34872 215288 3 55 0
34872 215288 4 55 0
34872 215288 5 55 0
34872 215288 6 55 0
34872 215288 7 55 0
34872 215288 8 55 0
34872 215288 9 55 0
34872 215288 10 55 0
!sus 137037 149020 2 8 6 attackers:149020;victims:137037;type:1;valid_origin:True;recurrent:True;local:False
137037 149020 1 6 0
137037 149020 2 2 4
137037 149020 3 0 6
137037 149020 4 0 6
137037 149020 5 6 0
137037 149020 6 0 6
137037 149020 7 0 6
137037 149020 8 0 6
137037 149020 9 0 6
137037 149020 10 0 6
!leg 6939 207748 10 0 13 attackers:6939;victims:207748;type:1;valid_origin:True;recurrent:False;local:False
6939 207748 1 13 0
6939 207748 2 13 0
6939 207748 3 13 0
6939 207748 4 13 0
6939 207748 5 13 0
6939 207748 6 13 0
6939 207748 7 13 0
6939 207748 8 13 0
6939 207748 9 13 0
6939 207748 10 13 0
!sus 7226 13709 6 4 4 attackers:7226;victims:13709;type:1;valid_origin:True;recurrent:True;local:False
7226 13709 1 4 0
7226 13709 2 4 0
7226 13709 3 4 0
7226 13709 4 4 0
7226 13709 5 4 0
7226 13709 6 4 0
7226 13709 7 0 4
7226 13709 8 0 4
7226 13709 9 0 4
7226 13709 10 0 4
!sus 11426 394138 7 3 2 attackers:11426;victims:394138;type:1;valid_origin:True;recurrent:True;local:False
11426 394138 1 2 0
11426 394138 2 2 0
11426 394138 3 2 0
11426 394138 4 2 0
11426 394138 5 2 0
11426 394138 6 2 0
11426 394138 7 2 0
11426 394138 8 0 2
11426 394138 9 0 2
11426 394138 10 0 2
!leg 1299 43531 10 0 10 attackers:43531;victims:197869;type:2,3;valid_origin:True;recurrent:False;local:False
1299 43531 1 10 0
1299 43531 2 10 0
1299 43531 3 10 0
1299 43531 4 10 0
1299 43531 5 10 0
1299 43531 6 10 0
1299 43531 7 10 0
1299 43531 8 10 0
1299 43531 9 10 0
1299 43531 10 10 0
!sus 152900 214731 0 10 1 attackers:152900;victims:214731;type:1;valid_origin:True;recurrent:True;local:False
152900 214731 1 0 1
152900 214731 2 0 1
152900 214731 3 0 1
152900 214731 4 0 1
152900 214731 5 0 1
152900 214731 6 0 1
152900 214731 7 0 1
152900 214731 8 0 1
152900 214731 9 0 1
152900 214731 10 0 1
!sus 213737 215242 0 10 9 attackers:213737;victims:215242;type:1;valid_origin:True;recurrent:True;local:False
213737 215242 1 0 9
213737 215242 2 0 9
213737 215242 3 0 9
213737 215242 4 0 9
213737 215242 5 0 9
213737 215242 6 0 9
213737 215242 7 4 5
213737 215242 8 0 9
213737 215242 9 0 9
213737 215242 10 0 9
!sus 201086 210107 0 10 3 attackers:201086;victims:210107;type:1;valid_origin:True;recurrent:True;local:False
201086 210107 1 0 3
201086 210107 2 0 3
201086 210107 3 0 3
201086 210107 4 0 3
201086 210107 5 0 3
201086 210107 6 0 3
201086 210107 7 0 3
201086 210107 8 0 3
201086 210107 9 0 3
201086 210107 10 1 2
!leg 61832 266117 10 0 1 attackers:266117;victims:273659;type:3;valid_origin:True;recurrent:False;local:False
61832 266117 1 1 0
61832 266117 2 1 0
61832 266117 3 1 0
61832 266117 4 1 0
61832 266117 5 1 0
61832 266117 6 1 0
61832 266117 7 1 0
61832 266117 8 1 0
61832 266117 9 1 0
61832 266117 10 1 0
!leg 206075 212378 10 0 1 attackers:206075;victims:212378;type:1;valid_origin:True;recurrent:False;local:False
206075 212378 1 1 0
206075 212378 2 1 0
206075 212378 3 1 0
206075 212378 4 1 0
206075 212378 5 1 0
206075 212378 6 1 0
206075 212378 7 1 0
206075 212378 8 1 0
206075 212378 9 1 0
206075 212378 10 1 0
!leg 3288 12849 10 0 1 attackers:12849;victims:3288;type:1;valid_origin:True;recurrent:False;local:False
3288 12849 1 1 0
3288 12849 2 1 0
3288 12849 3 1 0
3288 12849 4 1 0
3288 12849 5 1 0
3288 12849 6 1 0
3288 12849 7 1 0
3288 12849 8 1 0
3288 12849 9 1 0
3288 12849 10 1 0
!leg 6939 197869 10 0 17 attackers:6939;victims:197869;type:1;valid_origin:True;recurrent:False;local:False
6939 197869 1 17 0
6939 197869 2 17 0
6939 197869 3 17 0
6939 197869 4 17 0
6939 197869 5 17 0
6939 197869 6 17 0
6939 197869 7 17 0
6939 197869 8 17 0
6939 197869 9 17 0
6939 197869 10 17 0
!sus 17561 263681 2 8 4 attackers:263681;victims:17561;type:1;valid_origin:True;recurrent:True;local:False
17561 263681 1 0 4
17561 263681 2 0 4
17561 263681 3 0 4
17561 263681 4 0 4
17561 263681 5 0 4
17561 263681 6 0 4
17561 263681 7 0 4
17561 263681 8 1 3
17561 263681 9 3 1
17561 263681 10 4 0
!sus 40934 49915 0 10 6 attackers:49915;victims:40934;type:1;valid_origin:True;recurrent:True;local:False
40934 49915 1 0 6
40934 49915 2 0 6
40934 49915 3 0 6
40934 49915 4 1 5
40934 49915 5 0 6
40934 49915 6 1 5
40934 49915 7 0 6
40934 49915 8 1 5
40934 49915 9 1 5
40934 49915 10 2 4
!leg 28329 270340 10 0 13 attackers:270340;victims:271687;type:3;valid_origin:True;recurrent:False;local:False
28329 270340 1 13 0
28329 270340 2 13 0
28329 270340 3 13 0
28329 270340 4 13 0
28329 270340 5 13 0
28329 270340 6 13 0
28329 270340 7 13 0
28329 270340 8 13 0
28329 270340 9 13 0
28329 270340 10 13 0
!sus 17561 35916 0 10 4 attackers:35916;victims:17561;type:1;valid_origin:True;recurrent:True;local:False
17561 35916 1 0 4
17561 35916 2 0 4
17561 35916 3 0 4
17561 35916 4 0 4
17561 35916 5 0 4
17561 35916 6 0 4
17561 35916 7 0 4
17561 35916 8 0 4
17561 35916 9 0 4
17561 35916 10 0 4
!leg 10075 137453 10 0 2 attackers:137453;victims:140077;type:4;valid_origin:True;recurrent:False;local:False
10075 137453 1 2 0
10075 137453 2 2 0
10075 137453 3 2 0
10075 137453 4 2 0
10075 137453 5 2 0
10075 137453 6 2 0
10075 137453 7 2 0
10075 137453 8 2 0
10075 137453 9 2 0
10075 137453 10 2 0
!leg 140915 153376 10 0 44 attackers:140915;victims:153376;type:1;valid_origin:True;recurrent:False;local:False
140915 153376 1 44 0
140915 153376 2 23 21
140915 153376 3 43 1
140915 153376 4 43 1
140915 153376 5 44 0
140915 153376 6 44 0
140915 153376 7 43 1
140915 153376 8 43 1
140915 153376 9 44 0
140915 153376 10 44 0
!sus 3479 5555 1 9 2 attackers:5555;victims:3479;type:1;valid_origin:True;recurrent:True;local:False
3479 5555 1 0 2
3479 5555 2 0 2
3479 5555 3 0 2
3479 5555 4 0 2
3479 5555 5 0 2
3479 5555 6 0 2
3479 5555 7 0 2
3479 5555 8 0 2
3479 5555 9 0 2
3479 5555 10 2 0
!sus 202991 213708 0 10 47 attackers:202991;victims:213708;type:1;valid_origin:False;recurrent:True;local:False
202991 213708 1 9 38
202991 213708 2 9 38
202991 213708 3 9 38
202991 213708 4 9 38
202991 213708 5 9 38
202991 213708 6 9 38
202991 213708 7 9 38
202991 213708 8 10 37
202991 213708 9 9 38
202991 213708 10 9 38
!sus 214024 214654 0 10 61 attackers:214654;victims:214024;type:1;valid_origin:False;recurrent:True;local:False
214024 214654 1 6 55
214024 214654 2 8 53
214024 214654 3 8 53
214024 214654 4 24 37
214024 214654 5 6 55
214024 214654 6 10 51
214024 214654 7 21 40
214024 214654 8 13 48
214024 214654 9 18 43
214024 214654 10 16 45
!leg 48858 61696 10 0 1 attackers:61696;victims:39785;type:2;valid_origin:True;recurrent:False;local:False
48858 61696 1 1 0
48858 61696 2 1 0
48858 61696 3 1 0
48858 61696 4 1 0
48858 61696 5 1 0
48858 61696 6 1 0
48858 61696 7 1 0
48858 61696 8 1 0
48858 61696 9 1 0
48858 61696 10 1 0
!sus 60539 137933 0 10 5 attackers:60539;victims:137933;type:1;valid_origin:True;recurrent:True;local:False
60539 137933 1 0 5
60539 137933 2 0 5
60539 137933 3 0 5
60539 137933 4 0 5
60539 137933 5 0 5
60539 137933 6 0 5
60539 137933 7 0 5
60539 137933 8 0 5
60539 137933 9 0 5
60539 137933 10 0 5
!leg 9299 216444 10 0 1 attackers:9299;victims:216444;type:1;valid_origin:True;recurrent:False;local:False
9299 216444 1 1 0
9299 216444 2 1 0
9299 216444 3 1 0
9299 216444 4 1 0
9299 216444 5 1 0
9299 216444 6 1 0
9299 216444 7 1 0
9299 216444 8 1 0
9299 216444 9 1 0
9299 216444 10 1 0
!sus 133652 152509 1 9 5 attackers:133652;victims:152509;type:1;valid_origin:True;recurrent:True;local:False
133652 152509 1 5 0
133652 152509 2 1 4
133652 152509 3 0 5
133652 152509 4 1 4
133652 152509 5 1 4
133652 152509 6 0 5
133652 152509 7 0 5
133652 152509 8 1 4
133652 152509 9 0 5
133652 152509 10 0 5
!sus 2 268733 0 10 77 attackers:268733;victims:2;type:1;valid_origin:False;recurrent:False;local:False
2 268733 1 0 77
2 268733 2 0 77
2 268733 3 0 77
2 268733 4 0 77
2 268733 5 0 77
2 268733 6 0 77
2 268733 7 0 77
2 268733 8 0 77
2 268733 9 0 77
2 268733 10 0 77
!leg 19711 55329 10 0 1 attackers:55329;victims:328690;type:2;valid_origin:True;recurrent:False;local:False
19711 55329 1 1 0
19711 55329 2 1 0
19711 55329 3 1 0
19711 55329 4 1 0
19711 55329 5 1 0
19711 55329 6 1 0
19711 55329 7 1 0
19711 55329 8 1 0
19711 55329 9 1 0
19711 55329 10 1 0
!sus 9304 202888 2 8 64 attackers:202888;victims:9304;type:1;valid_origin:True;recurrent:True;local:False
9304 202888 1 0 64
9304 202888 2 15 49
9304 202888 3 23 41
9304 202888 4 0 64
9304 202888 5 15 49
9304 202888 6 23 41
9304 202888 7 30 34
9304 202888 8 36 28
9304 202888 9 23 41
9304 202888 10 36 28
!leg 7387 9299 10 0 1 attackers:9299;victims:7387;type:1;valid_origin:True;recurrent:False;local:False
7387 9299 1 1 0
7387 9299 2 1 0
7387 9299 3 1 0
7387 9299 4 1 0
7387 9299 5 1 0
7387 9299 6 1 0
7387 9299 7 1 0
7387 9299 8 1 0
7387 9299 9 1 0
7387 9299 10 1 0
!sus 55707 270564 0 10 3 attackers:55707;victims:270564;type:1;valid_origin:True;recurrent:True;local:False
55707 270564 1 0 3
55707 270564 2 0 3
55707 270564 3 0 3
55707 270564 4 0 3
55707 270564 5 0 3
55707 270564 6 0 3
55707 270564 7 0 3
55707 270564 8 0 3
55707 270564 9 0 3
55707 270564 10 0 3
!sus 42192 64050 9 1 7 attackers:64050;victims:42192;type:1;valid_origin:True;recurrent:True;local:False
42192 64050 1 0 7
42192 64050 2 6 1
42192 64050 3 7 0
42192 64050 4 7 0
42192 64050 5 7 0
42192 64050 6 7 0
42192 64050 7 7 0
42192 64050 8 7 0
42192 64050 9 7 0
42192 64050 10 7 0
!sus 15830 59204 8 2 3 attackers:15830;victims:59204;type:1;valid_origin:True;recurrent:True;local:False
15830 59204 1 1 2
15830 59204 2 0 3
15830 59204 3 3 0
15830 59204 4 3 0
15830 59204 5 3 0
15830 59204 6 3 0
15830 59204 7 3 0
15830 59204 8 3 0
15830 59204 9 3 0
15830 59204 10 3 0
!sus 271547 273621 9 1 46 attackers:273621;victims:271547;type:1;valid_origin:False;recurrent:False;local:False
271547 273621 1 34 12
271547 273621 2 33 13
271547 273621 3 31 15
271547 273621 4 25 21
271547 273621 5 29 17
271547 273621 6 29 17
271547 273621 7 36 10
271547 273621 8 15 31
271547 273621 9 24 22
271547 273621 10 32 14
!leg 42708 215551 10 0 4 attackers:215551;victims:21227,50066;type:2;valid_origin:True;recurrent:False;local:False
42708 215551 1 4 0
42708 215551 2 4 0
42708 215551 3 4 0
42708 215551 4 4 0
42708 215551 5 4 0
42708 215551 6 4 0
42708 215551 7 4 0
42708 215551 8 4 0
42708 215551 9 4 0
42708 215551 10 4 0
!sus 268314 268419 0 10 4 attackers:268419;victims:268314;type:1;valid_origin:True;recurrent:True;local:False
268314 268419 1 2 2
268314 268419 2 2 2
268314 268419 3 2 2
268314 268419 4 2 2
268314 268419 5 2 2
268314 268419 6 2 2
268314 268419 7 2 2
268314 268419 8 2 2
268314 268419 9 2 2
268314 268419 10 2 2
!sus 21538 29774 0 10 43 attackers:29774;victims:21538;type:1;valid_origin:True;recurrent:False;local:False
21538 29774 1 0 43
21538 29774 2 0 43
21538 29774 3 0 43
21538 29774 4 0 43
21538 29774 5 0 43
21538 29774 6 0 43
21538 29774 7 0 43
21538 29774 8 0 43
21538 29774 9 0 43
21538 29774 10 0 43
!sus 49276 58010 0 10 1 attackers:58010;victims:49276;type:1;valid_origin:True;recurrent:True;local:False
49276 58010 1 0 1
49276 58010 2 0 1
49276 58010 3 0 1
49276 58010 4 0 1
49276 58010 5 0 1
49276 58010 6 0 1
49276 58010 7 0 1
49276 58010 8 0 1
49276 58010 9 0 1
49276 58010 10 0 1
!sus 262663 268982 3 7 2 attackers:268982;victims:262663;type:1;valid_origin:True;recurrent:True;local:False
262663 268982 1 0 2
262663 268982 2 1 1
262663 268982 3 1 1
262663 268982 4 1 1
262663 268982 5 1 1
262663 268982 6 1 1
262663 268982 7 1 1
262663 268982 8 2 0
262663 268982 9 2 0
262663 268982 10 2 0
!sus 58052 199654 3 7 1 attackers:199654;victims:58052;type:1;valid_origin:True;recurrent:True;local:False
58052 199654 1 0 1
58052 199654 2 0 1
58052 199654 3 0 1
58052 199654 4 0 1
58052 199654 5 1 0
58052 199654 6 0 1
58052 199654 7 0 1
58052 199654 8 0 1
58052 199654 9 1 0
58052 199654 10 1 0
!leg 2914 213176 10 0 94 attackers:2914;victims:213176;type:1;valid_origin:True;recurrent:False;local:False
2914 213176 1 92 2
2914 213176 2 93 1
2914 213176 3 93 1
2914 213176 4 93 1
2914 213176 5 93 1
2914 213176 6 93 1
2914 213176 7 94 0
2914 213176 8 94 0
2914 213176 9 93 1
2914 213176 10 93 1
!sus 47436 214135 0 10 2 attackers:214135;victims:47436;type:1;valid_origin:False;recurrent:True;local:False
47436 214135 1 1 1
47436 214135 2 1 1
47436 214135 3 1 1
47436 214135 4 1 1
47436 214135 5 1 1
47436 214135 6 1 1
47436 214135 7 1 1
47436 214135 8 1 1
47436 214135 9 1 1
47436 214135 10 1 1
!leg 6204 216334 10 0 1 attackers:6204;victims:216334;type:1;valid_origin:True;recurrent:False;local:False
6204 216334 1 1 0
6204 216334 2 1 0
6204 216334 3 1 0
6204 216334 4 1 0
6204 216334 5 1 0
6204 216334 6 1 0
6204 216334 7 1 0
6204 216334 8 1 0
6204 216334 9 1 0
6204 216334 10 1 0
!leg 27523 202662 10 0 135 attackers:202662;victims:27523,203023;type:1,2;valid_origin:True;recurrent:False;local:False
27523 202662 1 100 35
27523 202662 2 126 9
27523 202662 3 97 38
27523 202662 4 129 6
27523 202662 5 122 13
27523 202662 6 107 28
27523 202662 7 132 3
27523 202662 8 132 3
27523 202662 9 128 7
27523 202662 10 129 6
!sus 47992 215304 0 10 2 attackers:215304;victims:23764;type:2;valid_origin:True;recurrent:True;local:False
47992 215304 1 0 2
47992 215304 2 0 2
47992 215304 3 0 2
47992 215304 4 0 2
47992 215304 5 0 2
47992 215304 6 0 2
47992 215304 7 0 2
47992 215304 8 0 2
47992 215304 9 0 2
47992 215304 10 0 2
!sus 3269 20959 4 6 2 attackers:3269;victims:20959;type:1;valid_origin:False;recurrent:True;local:False
3269 20959 1 2 0
3269 20959 2 2 0
3269 20959 3 2 0
3269 20959 4 1 1
3269 20959 5 2 0
3269 20959 6 0 2
3269 20959 7 0 2
3269 20959 8 0 2
3269 20959 9 0 2
3269 20959 10 0 2
!sus 264320 268314 0 10 8 attackers:264320;victims:268314;type:1;valid_origin:True;recurrent:True;local:False
264320 268314 1 0 8
264320 268314 2 0 8
264320 268314 3 0 8
264320 268314 4 0 8
264320 268314 5 0 8
264320 268314 6 0 8
264320 268314 7 0 8
264320 268314 8 0 8
264320 268314 9 0 8
264320 268314 10 0 8
!leg 42742 44534 10 0 60 attackers:42742;victims:44534;type:1;valid_origin:True;recurrent:False;local:False
42742 44534 1 60 0
42742 44534 2 60 0
42742 44534 3 60 0
42742 44534 4 60 0
42742 44534 5 60 0
42742 44534 6 60 0
42742 44534 7 60 0
42742 44534 8 60 0
42742 44534 9 60 0
42742 44534 10 60 0
!sus 19905 22894 8 2 7 attackers:19905;victims:22894;type:1;valid_origin:True;recurrent:True;local:False
19905 22894 1 0 7
19905 22894 2 2 5
19905 22894 3 6 1
19905 22894 4 7 0
19905 22894 5 6 1
19905 22894 6 6 1
19905 22894 7 7 0
19905 22894 8 7 0
19905 22894 9 7 0
19905 22894 10 7 0
!leg 262527 262907 10 0 326 attackers:262907;victims:265427;type:2;valid_origin:True;recurrent:False;local:False
262527 262907 1 326 0
262527 262907 2 326 0
262527 262907 3 326 0
262527 262907 4 326 0
262527 262907 5 326 0
262527 262907 6 326 0
262527 262907 7 326 0
262527 262907 8 326 0
262527 262907 9 326 0
262527 262907 10 326 0
!sus 59796 212219 9 1 66 attackers:59796;victims:215181,212219;type:1,2;valid_origin:True;recurrent:True;local:False
59796 212219 1 26 40
59796 212219 2 63 3
59796 212219 3 66 0
59796 212219 4 66 0
59796 212219 5 66 0
59796 212219 6 66 0
59796 212219 7 66 0
59796 212219 8 66 0
59796 212219 9 66 0
59796 212219 10 66 0
!sus 23764 47992 0 10 2 attackers:47992;victims:23764;type:1;valid_origin:True;recurrent:True;local:False
23764 47992 1 0 2
23764 47992 2 0 2
23764 47992 3 0 2
23764 47992 4 0 2
23764 47992 5 0 2
23764 47992 6 0 2
23764 47992 7 0 2
23764 47992 8 0 2
23764 47992 9 0 2
23764 47992 10 0 2
!sus 8849 36932 0 10 1 attackers:36932;victims:44324;type:2;valid_origin:True;recurrent:False;local:False
8849 36932 1 0 1
8849 36932 2 0 1
8849 36932 3 0 1
8849 36932 4 0 1
8849 36932 5 0 1
8849 36932 6 0 1
8849 36932 7 0 1
8849 36932 8 0 1
8849 36932 9 0 1
8849 36932 10 0 1
!leg 45296 63493 10 0 96 attackers:45296;victims:63493;type:1;valid_origin:True;recurrent:False;local:False
45296 63493 1 96 0
45296 63493 2 96 0
45296 63493 3 96 0
45296 63493 4 96 0
45296 63493 5 96 0
45296 63493 6 96 0
45296 63493 7 96 0
45296 63493 8 96 0
45296 63493 9 96 0
45296 63493 10 96 0
!sus 197438 212514 8 2 10 attackers:212514;victims:197438;type:1;valid_origin:True;recurrent:True;local:False
197438 212514 1 0 10
197438 212514 2 0 10
197438 212514 3 10 0
197438 212514 4 9 1
197438 212514 5 10 0
197438 212514 6 10 0
197438 212514 7 10 0
197438 212514 8 10 0
197438 212514 9 10 0
197438 212514 10 10 0
!leg 9299 147106 10 0 1 attackers:9299;victims:147106;type:1;valid_origin:True;recurrent:False;local:False
9299 147106 1 1 0
9299 147106 2 1 0
9299 147106 3 1 0
9299 147106 4 1 0
9299 147106 5 1 0
9299 147106 6 1 0
9299 147106 7 1 0
9299 147106 8 1 0
9299 147106 9 1 0
9299 147106 10 1 0
!sus 46844 400282 2 8 1236 attackers:46844;victims:268039,262880,28139,264100,264023,262672,268678,263339,213738,262808,269324,268939,265028,268006,265930,263902,272575,262613,267489,53134,266529,264369,269060,262713,28590,268208,272750,268378,262325,266045,267091,265066,264962,263912,265033,270440,268479,263884,266235,271025,52872,268263,272053,11432,271634,263543,264065,264479,213920,272432,270517,269737,266618,262663,269700,268531,53004,270704,264119,266615,270956,25832,268286,61763,263347,262787,264929,262369,267257,264148,267388,269070,271656,267246,53243,269537,53183,269294,52924,268713,52864,267981,270444,53107,268628,264485,263442,268226,27720,265169,262593,28296,273651,264254,270930,269139,262954,28186,268397,271669,271562;type:3,4,5,6;valid_origin:False;recurrent:True;local:False
46844 400282 1 826 410
46844 400282 2 772 464
46844 400282 3 438 798
46844 400282 4 354 882
46844 400282 5 543 693
46844 400282 6 444 792
46844 400282 7 516 720
46844 400282 8 510 726
46844 400282 9 422 814
46844 400282 10 552 684
!leg 9299 131931 10 0 1 attackers:9299;victims:131931;type:1;valid_origin:True;recurrent:False;local:False
9299 131931 1 1 0
9299 131931 2 1 0
9299 131931 3 1 0
9299 131931 4 1 0
9299 131931 5 1 0
9299 131931 6 1 0
9299 131931 7 1 0
9299 131931 8 1 0
9299 131931 9 1 0
9299 131931 10 1 0
!leg 9299 56172 10 0 1 attackers:9299;victims:56172;type:1;valid_origin:True;recurrent:False;local:False
9299 56172 1 1 0
9299 56172 2 1 0
9299 56172 3 1 0
9299 56172 4 1 0
9299 56172 5 1 0
9299 56172 6 1 0
9299 56172 7 1 0
9299 56172 8 1 0
9299 56172 9 1 0
9299 56172 10 1 0
!leg 48147 205207 10 0 31 attackers:205207;victims:214088;type:2;valid_origin:True;recurrent:False;local:False
48147 205207 1 31 0
48147 205207 2 31 0
48147 205207 3 31 0
48147 205207 4 31 0
48147 205207 5 31 0
48147 205207 6 31 0
48147 205207 7 31 0
48147 205207 8 31 0
48147 205207 9 31 0
48147 205207 10 31 0
!sus 34872 138398 3 7 1 attackers:34872;victims:138398;type:1;valid_origin:True;recurrent:True;local:False
34872 138398 1 0 1
34872 138398 2 0 1
34872 138398 3 0 1
34872 138398 4 0 1
34872 138398 5 0 1
34872 138398 6 0 1
34872 138398 7 1 0
34872 138398 8 0 1
34872 138398 9 1 0
34872 138398 10 1 0
!sus 199545 213733 9 1 3 attackers:199545;victims:213733;type:1;valid_origin:True;recurrent:True;local:False
199545 213733 1 0 3
199545 213733 2 2 1
199545 213733 3 3 0
199545 213733 4 3 0
199545 213733 5 3 0
199545 213733 6 3 0
199545 213733 7 3 0
199545 213733 8 3 0
199545 213733 9 3 0
199545 213733 10 3 0
!sus 27038 270388 0 10 2 attackers:270388;victims:27038;type:1;valid_origin:False;recurrent:True;local:False
27038 270388 1 0 2
27038 270388 2 0 2
27038 270388 3 0 2
27038 270388 4 0 2
27038 270388 5 0 2
27038 270388 6 0 2
27038 270388 7 0 2
27038 270388 8 0 2
27038 270388 9 0 2
27038 270388 10 0 2
!leg 9299 131958 10 0 1 attackers:9299;victims:131958;type:1;valid_origin:True;recurrent:False;local:False
9299 131958 1 1 0
9299 131958 2 1 0
9299 131958 3 1 0
9299 131958 4 1 0
9299 131958 5 1 0
9299 131958 6 1 0
9299 131958 7 1 0
9299 131958 8 1 0
9299 131958 9 1 0
9299 131958 10 1 0
!sus 63293 133982 0 10 2 attackers:133982;victims:63293;type:1;valid_origin:True;recurrent:True;local:False
63293 133982 1 0 2
63293 133982 2 0 2
63293 133982 3 1 1
63293 133982 4 1 1
63293 133982 5 1 1
63293 133982 6 1 1
63293 133982 7 1 1
63293 133982 8 1 1
63293 133982 9 1 1
63293 133982 10 1 1
!sus 207841 214223 8 2 5 attackers:207841;victims:214223;type:1;valid_origin:True;recurrent:True;local:False
207841 214223 1 0 5
207841 214223 2 1 4
207841 214223 3 3 2
207841 214223 4 3 2
207841 214223 5 3 2
207841 214223 6 4 1
207841 214223 7 5 0
207841 214223 8 5 0
207841 214223 9 4 1
207841 214223 10 4 1
!sus 11427 399692 7 3 2 attackers:11427;victims:399692;type:1;valid_origin:True;recurrent:True;local:False
11427 399692 1 2 0
11427 399692 2 2 0
11427 399692 3 2 0
11427 399692 4 2 0
11427 399692 5 2 0
11427 399692 6 2 0
11427 399692 7 2 0
11427 399692 8 0 2
11427 399692 9 0 2
11427 399692 10 0 2
!sus 136030 136184 6 4 34 attackers:136030;victims:136184;type:1;valid_origin:True;recurrent:True;local:False
136030 136184 1 34 0
136030 136184 2 21 13
136030 136184 3 22 12
136030 136184 4 17 17
136030 136184 5 26 8
136030 136184 6 19 15
136030 136184 7 16 18
136030 136184 8 18 16
136030 136184 9 17 17
136030 136184 10 16 18
!sus 15351 16628 2 8 4 attackers:16628;victims:15351;type:1;valid_origin:True;recurrent:True;local:False
15351 16628 1 4 0
15351 16628 2 3 1
15351 16628 3 0 4
15351 16628 4 0 4
15351 16628 5 1 3
15351 16628 6 0 4
15351 16628 7 0 4
15351 16628 8 0 4
15351 16628 9 0 4
15351 16628 10 0 4
!sus 203062 216164 0 10 131 attackers:216164;victims:203062;type:1;valid_origin:True;recurrent:True;local:False
203062 216164 1 0 131
203062 216164 2 0 131
203062 216164 3 0 131
203062 216164 4 0 131
203062 216164 5 1 130
203062 216164 6 0 131
203062 216164 7 0 131
203062 216164 8 1 130
203062 216164 9 1 130
203062 216164 10 1 130
!sus 1221 60068 2 8 4 attackers:1221;victims:60068,212238;type:1,2;valid_origin:True;recurrent:True;local:False
1221 60068 1 4 0
1221 60068 2 4 0
1221 60068 3 0 4
1221 60068 4 1 3
1221 60068 5 1 3
1221 60068 6 0 4
1221 60068 7 0 4
1221 60068 8 0 4
1221 60068 9 1 3
1221 60068 10 1 3
!leg 31117 47232 10 0 1 attackers:47232;victims:44234;type:2;valid_origin:True;recurrent:False;local:False
31117 47232 1 1 0
31117 47232 2 1 0
31117 47232 3 1 0
31117 47232 4 1 0
31117 47232 5 1 0
31117 47232 6 1 0
31117 47232 7 1 0
31117 47232 8 1 0
31117 47232 9 1 0
31117 47232 10 1 0
!sus 6 264927 4 6 62 attackers:264927;victims:61945;type:2;valid_origin:True;recurrent:False;local:False
6 264927 1 9 53
6 264927 2 16 46
6 264927 3 16 46
6 264927 4 7 55
6 264927 5 36 26
6 264927 6 34 28
6 264927 7 45 17
6 264927 8 46 16
6 264927 9 23 39
6 264927 10 31 31
!sus 18450 213621 9 1 238 attackers:18450;victims:213621;type:1;valid_origin:False;recurrent:False;local:False
18450 213621 1 0 238
18450 213621 2 138 100
18450 213621 3 220 18
18450 213621 4 226 12
18450 213621 5 237 1
18450 213621 6 234 4
18450 213621 7 234 4
18450 213621 8 237 1
18450 213621 9 237 1
18450 213621 10 238 0
!leg 9299 53813 10 0 1 attackers:9299;victims:53813;type:1;valid_origin:True;recurrent:False;local:False
9299 53813 1 1 0
9299 53813 2 1 0
9299 53813 3 1 0
9299 53813 4 1 0
9299 53813 5 1 0
9299 53813 6 1 0
9299 53813 7 1 0
9299 53813 8 1 0
9299 53813 9 1 0
9299 53813 10 1 0
!leg 31133 265038 10 0 1 attackers:265038;victims:39178;type:3;valid_origin:True;recurrent:False;local:False
31133 265038 1 1 0
31133 265038 2 1 0
31133 265038 3 1 0
31133 265038 4 1 0
31133 265038 5 1 0
31133 265038 6 1 0
31133 265038 7 1 0
31133 265038 8 1 0
31133 265038 9 1 0
31133 265038 10 1 0
!sus 209533 213641 9 1 435 attackers:209533;victims:213641;type:1;valid_origin:True;recurrent:True;local:False
209533 213641 1 96 339
209533 213641 2 419 16
209533 213641 3 429 6
209533 213641 4 432 3
209533 213641 5 430 5
209533 213641 6 433 2
209533 213641 7 435 0
209533 213641 8 435 0
209533 213641 9 435 0
209533 213641 10 435 0
!leg 9299 141995 10 0 1 attackers:9299;victims:141995;type:1;valid_origin:True;recurrent:False;local:False
9299 141995 1 1 0
9299 141995 2 1 0
9299 141995 3 1 0
9299 141995 4 1 0
9299 141995 5 1 0
9299 141995 6 1 0
9299 141995 7 1 0
9299 141995 8 1 0
9299 141995 9 1 0
9299 141995 10 1 0
!leg 150001 153516 10 0 88 attackers:150001;victims:153516;type:1;valid_origin:True;recurrent:False;local:False
150001 153516 1 88 0
150001 153516 2 88 0
150001 153516 3 88 0
150001 153516 4 88 0
150001 153516 5 88 0
150001 153516 6 88 0
150001 153516 7 87 1
150001 153516 8 88 0
150001 153516 9 75 13
150001 153516 10 88 0
!sus 29049 213881 0 10 6 attackers:29049;victims:213881;type:1;valid_origin:True;recurrent:True;local:False
29049 213881 1 1 5
29049 213881 2 1 5
29049 213881 3 0 6
29049 213881 4 0 6
29049 213881 5 0 6
29049 213881 6 0 6
29049 213881 7 0 6
29049 213881 8 0 6
29049 213881 9 0 6
29049 213881 10 0 6
!leg 9299 40627 10 0 1 attackers:9299;victims:40627;type:1;valid_origin:True;recurrent:False;local:False
9299 40627 1 1 0
9299 40627 2 1 0
9299 40627 3 1 0
9299 40627 4 1 0
9299 40627 5 1 0
9299 40627 6 1 0
9299 40627 7 1 0
9299 40627 8 1 0
9299 40627 9 1 0
9299 40627 10 1 0
!sus 50045 62379 0 10 2 attackers:62379;victims:50045;type:1;valid_origin:True;recurrent:True;local:False
50045 62379 1 0 2
50045 62379 2 0 2
50045 62379 3 0 2
50045 62379 4 0 2
50045 62379 5 0 2
50045 62379 6 0 2
50045 62379 7 0 2
50045 62379 8 0 2
50045 62379 9 0 2
50045 62379 10 0 2
!sus 142132 152919 5 5 2 attackers:142132;victims:152919;type:1;valid_origin:True;recurrent:True;local:False
142132 152919 1 0 2
142132 152919 2 0 2
142132 152919 3 0 2
142132 152919 4 1 1
142132 152919 5 1 1
142132 152919 6 2 0
142132 152919 7 2 0
142132 152919 8 2 0
142132 152919 9 2 0
142132 152919 10 2 0
!leg 5617 35745 10 0 1 attackers:5617;victims:199234;type:2;valid_origin:True;recurrent:False;local:False
5617 35745 1 1 0
5617 35745 2 1 0
5617 35745 3 1 0
5617 35745 4 1 0
5617 35745 5 1 0
5617 35745 6 1 0
5617 35745 7 1 0
5617 35745 8 1 0
5617 35745 9 1 0
5617 35745 10 1 0
!sus 917 1299 2 8 7 attackers:1299;victims:212245,48539,35487,208393,34939;type:2,3;valid_origin:True;recurrent:True;local:False
917 1299 1 0 7
917 1299 2 0 7
917 1299 3 1 6
917 1299 4 1 6
917 1299 5 1 6
917 1299 6 0 7
917 1299 7 3 4
917 1299 8 4 3
917 1299 9 3 4
917 1299 10 4 3
!leg 52630 264329 10 0 5 attackers:52630;victims:265026;type:2;valid_origin:True;recurrent:False;local:False
52630 264329 1 5 0
52630 264329 2 5 0
52630 264329 3 5 0
52630 264329 4 5 0
52630 264329 5 5 0
52630 264329 6 5 0
52630 264329 7 5 0
52630 264329 8 5 0
52630 264329 9 5 0
52630 264329 10 5 0
!leg 17426 140641 10 0 92 attackers:140641;victims:64267,146943;type:2,4;valid_origin:True;recurrent:False;local:False
17426 140641 1 92 0
17426 140641 2 92 0
17426 140641 3 92 0
17426 140641 4 92 0
17426 140641 5 92 0
17426 140641 6 92 0
17426 140641 7 92 0
17426 140641 8 92 0
17426 140641 9 92 0
17426 140641 10 92 0
!leg 30880 30893 10 0 3 attackers:30893;victims:13308,56848,30880;type:1,2;valid_origin:True;recurrent:False;local:False
30880 30893 1 3 0
30880 30893 2 3 0
30880 30893 3 3 0
30880 30893 4 3 0
30880 30893 5 3 0
30880 30893 6 3 0
30880 30893 7 3 0
30880 30893 8 3 0
30880 30893 9 3 0
30880 30893 10 3 0
!leg 13786 214657 10 0 2 attackers:13786;victims:20473,25048;type:3,4;valid_origin:True;recurrent:False;local:True
13786 214657 1 2 0
13786 214657 2 2 0
13786 214657 3 2 0
13786 214657 4 2 0
13786 214657 5 2 0
13786 214657 6 2 0
13786 214657 7 2 0
13786 214657 8 2 0
13786 214657 9 2 0
13786 214657 10 2 0
!sus 18229 203724 0 10 5 attackers:18229;victims:203724;type:1;valid_origin:True;recurrent:True;local:False
18229 203724 1 0 5
18229 203724 2 0 5
18229 203724 3 0 5
18229 203724 4 0 5
18229 203724 5 0 5
18229 203724 6 0 5
18229 203724 7 0 5
18229 203724 8 0 5
18229 203724 9 0 5
18229 203724 10 0 5
!sus 209735 214223 0 10 1 attackers:209735;victims:214223;type:1;valid_origin:True;recurrent:True;local:False
209735 214223 1 0 1
209735 214223 2 0 1
209735 214223 3 0 1
209735 214223 4 0 1
209735 214223 5 0 1
209735 214223 6 0 1
209735 214223 7 0 1
209735 214223 8 0 1
209735 214223 9 0 1
209735 214223 10 0 1
!leg 31287 210021 10 0 1 attackers:31287;victims:215311;type:2;valid_origin:True;recurrent:False;local:False
31287 210021 1 1 0
31287 210021 2 1 0
31287 210021 3 1 0
31287 210021 4 1 0
31287 210021 5 1 0
31287 210021 6 1 0
31287 210021 7 1 0
31287 210021 8 1 0
31287 210021 9 1 0
31287 210021 10 1 0
!sus 56910 213835 4 6 15 attackers:56910;victims:213835;type:1;valid_origin:True;recurrent:True;local:False
56910 213835 1 1 14
56910 213835 2 5 10
56910 213835 3 10 5
56910 213835 4 15 0
56910 213835 5 11 4
56910 213835 6 0 15
56910 213835 7 13 2
56910 213835 8 0 15
56910 213835 9 1 14
56910 213835 10 2 13
!sus 34872 153495 0 10 202 attackers:34872;victims:153495;type:1;valid_origin:True;recurrent:True;local:False
34872 153495 1 24 178
34872 153495 2 55 147
34872 153495 3 9 193
34872 153495 4 9 193
34872 153495 5 16 186
34872 153495 6 8 194
34872 153495 7 18 184
34872 153495 8 2 200
34872 153495 9 11 191
34872 153495 10 5 197
!sus 207292 213045 8 2 1 attackers:207292;victims:39753;type:2;valid_origin:True;recurrent:False;local:False
207292 213045 1 0 1
207292 213045 2 0 1
207292 213045 3 1 0
207292 213045 4 1 0
207292 213045 5 1 0
207292 213045 6 1 0
207292 213045 7 1 0
207292 213045 8 1 0
207292 213045 9 1 0
207292 213045 10 1 0
!sus 200 268733 0 10 19 attackers:268733;victims:200;type:1;valid_origin:False;recurrent:False;local:False
200 268733 1 0 19
200 268733 2 0 19
200 268733 3 0 19
200 268733 4 0 19
200 268733 5 0 19
200 268733 6 0 19
200 268733 7 0 19
200 268733 8 0 19
200 268733 9 0 19
200 268733 10 0 19
!leg 33659 51896 10 0 5 attackers:33659;victims:60539;type:3;valid_origin:True;recurrent:True;local:False
33659 51896 1 4 1
33659 51896 2 5 0
33659 51896 3 5 0
33659 51896 4 5 0
33659 51896 5 5 0
33659 51896 6 5 0
33659 51896 7 5 0
33659 51896 8 5 0
33659 51896 9 5 0
33659 51896 10 5 0
!sus 2 273535 0 10 5 attackers:273535;victims:2;type:1;valid_origin:True;recurrent:True;local:False
2 273535 1 0 5
2 273535 2 0 5
2 273535 3 0 5
2 273535 4 0 5
2 273535 5 0 5
2 273535 6 0 5
2 273535 7 0 5
2 273535 8 0 5
2 273535 9 0 5
2 273535 10 0 5
!sus 47741 202888 7 3 159 attackers:47741;victims:10103,9304;type:2;valid_origin:False;recurrent:True;local:False
47741 202888 1 123 36
47741 202888 2 111 48
47741 202888 3 50 109
47741 202888 4 137 22
47741 202888 5 85 74
47741 202888 6 52 107
47741 202888 7 107 52
47741 202888 8 58 101
47741 202888 9 80 79
47741 202888 10 89 70
!leg 9299 18135 10 0 1 attackers:9299;victims:18135;type:1;valid_origin:True;recurrent:False;local:False
9299 18135 1 1 0
9299 18135 2 1 0
9299 18135 3 1 0
9299 18135 4 1 0
9299 18135 5 1 0
9299 18135 6 1 0
9299 18135 7 1 0
9299 18135 8 1 0
9299 18135 9 1 0
9299 18135 10 1 0
!leg 10111 205610 10 0 16 attackers:10111;victims:205610;type:1;valid_origin:True;recurrent:False;local:False
10111 205610 1 16 0
10111 205610 2 16 0
10111 205610 3 16 0
10111 205610 4 16 0
10111 205610 5 16 0
10111 205610 6 16 0
10111 205610 7 16 0
10111 205610 8 16 0
10111 205610 9 16 0
10111 205610 10 16 0
!sus 485 27064 8 2 2 attackers:27064;victims:485;type:1;valid_origin:True;recurrent:True;local:False
485 27064 1 2 0
485 27064 2 2 0
485 27064 3 2 0
485 27064 4 2 0
485 27064 5 2 0
485 27064 6 2 0
485 27064 7 2 0
485 27064 8 2 0
485 27064 9 0 2
485 27064 10 0 2
!leg 61614 273478 10 0 126 attackers:273478;victims:61614;type:1;valid_origin:True;recurrent:True;local:False
61614 273478 1 91 35
61614 273478 2 124 2
61614 273478 3 95 31
61614 273478 4 120 6
61614 273478 5 112 14
61614 273478 6 119 7
61614 273478 7 77 49
61614 273478 8 115 11
61614 273478 9 104 22
61614 273478 10 118 8
!sus 208972 215625 8 2 61 attackers:208972;victims:215625;type:1;valid_origin:False;recurrent:True;local:False
208972 215625 1 24 37
208972 215625 2 28 33
208972 215625 3 61 0
208972 215625 4 61 0
208972 215625 5 61 0
208972 215625 6 61 0
208972 215625 7 61 0
208972 215625 8 61 0
208972 215625 9 61 0
208972 215625 10 61 0
!leg 267567 269595 10 0 1 attackers:267567;victims:266270;type:3;valid_origin:True;recurrent:False;local:False
267567 269595 1 1 0
267567 269595 2 1 0
267567 269595 3 1 0
267567 269595 4 1 0
267567 269595 5 1 0
267567 269595 6 1 0
267567 269595 7 1 0
267567 269595 8 1 0
267567 269595 9 1 0
267567 269595 10 1 0
!leg 44331 210464 10 0 137 attackers:210464;victims:44331;type:1;valid_origin:False;recurrent:False;local:False
44331 210464 1 137 0
44331 210464 2 137 0
44331 210464 3 137 0
44331 210464 4 137 0
44331 210464 5 137 0
44331 210464 6 137 0
44331 210464 7 137 0
44331 210464 8 137 0
44331 210464 9 137 0
44331 210464 10 137 0
!leg 45588 149019 10 0 85 attackers:45588;victims:149019;type:1;valid_origin:True;recurrent:False;local:False
45588 149019 1 85 0
45588 149019 2 85 0
45588 149019 3 85 0
45588 149019 4 85 0
45588 149019 5 85 0
45588 149019 6 85 0
45588 149019 7 85 0
45588 149019 8 85 0
45588 149019 9 85 0
45588 149019 10 85 0
!sus 146943 152491 7 3 12 attackers:146943;victims:152491;type:1;valid_origin:True;recurrent:True;local:False
146943 152491 1 12 0
146943 152491 2 12 0
146943 152491 3 12 0
146943 152491 4 12 0
146943 152491 5 12 0
146943 152491 6 12 0
146943 152491 7 12 0
146943 152491 8 1 11
146943 152491 9 0 12
146943 152491 10 0 12
!sus 50053 51765 8 2 73 attackers:51765;victims:50053;type:1;valid_origin:False;recurrent:True;local:False
50053 51765 1 2 71
50053 51765 2 0 73
50053 51765 3 54 19
50053 51765 4 71 2
50053 51765 5 73 0
50053 51765 6 72 1
50053 51765 7 73 0
50053 51765 8 73 0
50053 51765 9 73 0
50053 51765 10 73 0
!sus 56694 213633 8 2 5 attackers:56694;victims:213633;type:1;valid_origin:True;recurrent:True;local:False
56694 213633 1 5 0
56694 213633 2 5 0
56694 213633 3 5 0
56694 213633 4 5 0
56694 213633 5 5 0
56694 213633 6 5 0
56694 213633 7 2 3
56694 213633 8 5 0
56694 213633 9 5 0
56694 213633 10 1 4
!leg 44336 44600 10 0 61 attackers:44600;victims:44336;type:1;valid_origin:True;recurrent:False;local:False
44336 44600 1 61 0
44336 44600 2 61 0
44336 44600 3 61 0
44336 44600 4 61 0
44336 44600 5 61 0
44336 44600 6 61 0
44336 44600 7 61 0
44336 44600 8 61 0
44336 44600 9 61 0
44336 44600 10 61 0
!leg 9299 9595 10 0 1 attackers:9299;victims:9595;type:1;valid_origin:True;recurrent:False;local:False
9299 9595 1 1 0
9299 9595 2 1 0
9299 9595 3 1 0
9299 9595 4 1 0
9299 9595 5 1 0
9299 9595 6 1 0
9299 9595 7 1 0
9299 9595 8 1 0
9299 9595 9 1 0
9299 9595 10 1 0
!sus 58224 213745 8 2 1 attackers:58224;victims:213745;type:1;valid_origin:True;recurrent:True;local:False
58224 213745 1 1 0
58224 213745 2 1 0
58224 213745 3 1 0
58224 213745 4 1 0
58224 213745 5 1 0
58224 213745 6 1 0
58224 213745 7 1 0
58224 213745 8 1 0
58224 213745 9 0 1
58224 213745 10 0 1
!sus 199275 206014 7 3 3 attackers:199275;victims:206014;type:1;valid_origin:True;recurrent:True;local:False
199275 206014 1 0 3
199275 206014 2 0 3
199275 206014 3 0 3
199275 206014 4 2 1
199275 206014 5 2 1
199275 206014 6 2 1
199275 206014 7 2 1
199275 206014 8 2 1
199275 206014 9 2 1
199275 206014 10 3 0
!sus 57463 396317 9 1 1 attackers:57463;victims:396317;type:1;valid_origin:True;recurrent:True;local:True
57463 396317 1 0 1
57463 396317 2 1 0
57463 396317 3 1 0
57463 396317 4 1 0
57463 396317 5 1 0
57463 396317 6 1 0
57463 396317 7 1 0
57463 396317 8 1 0
57463 396317 9 1 0
57463 396317 10 1 0
!sus 134176 203067 0 10 4 attackers:134176;victims:12390;type:2;valid_origin:True;recurrent:True;local:False
134176 203067 1 0 4
134176 203067 2 0 4
134176 203067 3 0 4
134176 203067 4 0 4
134176 203067 5 0 4
134176 203067 6 0 4
134176 203067 7 0 4
134176 203067 8 0 4
134176 203067 9 0 4
134176 203067 10 0 4
!leg 9299 63772 10 0 1 attackers:9299;victims:63772;type:1;valid_origin:True;recurrent:False;local:False
9299 63772 1 1 0
9299 63772 2 1 0
9299 63772 3 1 0
9299 63772 4 1 0
9299 63772 5 1 0
9299 63772 6 1 0
9299 63772 7 1 0
9299 63772 8 1 0
9299 63772 9 1 0
9299 63772 10 1 0
!leg 9299 23824 10 0 1 attackers:9299;victims:23824;type:1;valid_origin:True;recurrent:False;local:False
9299 23824 1 1 0
9299 23824 2 1 0
9299 23824 3 1 0
9299 23824 4 1 0
9299 23824 5 1 0
9299 23824 6 1 0
9299 23824 7 1 0
9299 23824 8 1 0
9299 23824 9 1 0
9299 23824 10 1 0
!sus 15830 393861 6 4 5 attackers:15830;victims:393861;type:1;valid_origin:True;recurrent:True;local:False
15830 393861 1 0 5
15830 393861 2 2 3
15830 393861 3 0 5
15830 393861 4 1 4
15830 393861 5 3 2
15830 393861 6 3 2
15830 393861 7 3 2
15830 393861 8 3 2
15830 393861 9 3 2
15830 393861 10 3 2
!sus 28917 62379 9 1 4 attackers:62379;victims:50045;type:2;valid_origin:True;recurrent:True;local:False
28917 62379 1 1 3
28917 62379 2 3 1
28917 62379 3 3 1
28917 62379 4 4 0
28917 62379 5 4 0
28917 62379 6 4 0
28917 62379 7 4 0
28917 62379 8 4 0
28917 62379 9 4 0
28917 62379 10 4 0
!sus 15830 132018 6 4 15 attackers:15830;victims:132018;type:1;valid_origin:True;recurrent:True;local:False
15830 132018 1 0 15
15830 132018 2 4 11
15830 132018 3 0 15
15830 132018 4 12 3
15830 132018 5 12 3
15830 132018 6 13 2
15830 132018 7 12 3
15830 132018 8 7 8
15830 132018 9 13 2
15830 132018 10 13 2
!sus 10798 19711 9 1 165 attackers:19711;victims:10798;type:1;valid_origin:False;recurrent:True;local:False
10798 19711 1 47 118
10798 19711 2 137 28
10798 19711 3 140 25
10798 19711 4 142 23
10798 19711 5 144 21
10798 19711 6 144 21
10798 19711 7 144 21
10798 19711 8 144 21
10798 19711 9 153 12
10798 19711 10 165 0
!sus 210233 213638 0 10 257 attackers:210233;victims:213638;type:1;valid_origin:False;recurrent:True;local:False
210233 213638 1 0 257
210233 213638 2 0 257
210233 213638 3 0 257
210233 213638 4 0 257
210233 213638 5 0 257
210233 213638 6 0 257
210233 213638 7 10 247
210233 213638 8 0 257
210233 213638 9 0 257
210233 213638 10 0 257
!sus 209533 215286 9 1 105 attackers:209533;victims:215286;type:1;valid_origin:True;recurrent:False;local:False
209533 215286 1 13 92
209533 215286 2 59 46
209533 215286 3 96 9
209533 215286 4 100 5
209533 215286 5 105 0
209533 215286 6 104 1
209533 215286 7 105 0
209533 215286 8 105 0
209533 215286 9 105 0
209533 215286 10 105 0
!sus 13876 401231 7 3 4 attackers:13876;victims:401231;type:1;valid_origin:True;recurrent:True;local:False
13876 401231 1 4 0
13876 401231 2 4 0
13876 401231 3 4 0
13876 401231 4 4 0
13876 401231 5 4 0
13876 401231 6 4 0
13876 401231 7 3 1
13876 401231 8 0 4
13876 401231 9 0 4
13876 401231 10 0 4
!sus 25184 51396 4 6 152 attackers:51396;victims:214526;type:2;valid_origin:True;recurrent:True;local:False
25184 51396 1 0 152
25184 51396 2 0 152
25184 51396 3 0 152
25184 51396 4 0 152
25184 51396 5 140 12
25184 51396 6 152 0
25184 51396 7 22 130
25184 51396 8 0 152
25184 51396 9 109 43
25184 51396 10 152 0
!sus 21245 57152 4 6 5 attackers:57152;victims:21245;type:1;valid_origin:True;recurrent:True;local:False
21245 57152 1 0 5
21245 57152 2 0 5
21245 57152 3 1 4
21245 57152 4 2 3
21245 57152 5 1 4
21245 57152 6 2 3
21245 57152 7 3 2
21245 57152 8 3 2
21245 57152 9 3 2
21245 57152 10 5 0
!sus 60223 198154 0 10 595 attackers:60223;victims:198154;type:1;valid_origin:True;recurrent:True;local:False
60223 198154 1 0 595
60223 198154 2 0 595
60223 198154 3 0 595
60223 198154 4 0 595
60223 198154 5 0 595
60223 198154 6 0 595
60223 198154 7 0 595
60223 198154 8 0 595
60223 198154 9 0 595
60223 198154 10 0 595
!sus 26873 57463 9 1 1 attackers:57463;victims:26873;type:1;valid_origin:True;recurrent:True;local:True
26873 57463 1 0 1
26873 57463 2 1 0
26873 57463 3 1 0
26873 57463 4 1 0
26873 57463 5 1 0
26873 57463 6 1 0
26873 57463 7 1 0
26873 57463 8 1 0
26873 57463 9 1 0
26873 57463 10 1 0
!sus 138915 140666 0 10 7 attackers:140666;victims:138915;type:1;valid_origin:True;recurrent:True;local:False
138915 140666 1 0 7
138915 140666 2 0 7
138915 140666 3 0 7
138915 140666 4 1 6
138915 140666 5 0 7
138915 140666 6 0 7
138915 140666 7 1 6
138915 140666 8 0 7
138915 140666 9 1 6
138915 140666 10 0 7
