!leg 132602 134712 10 0 64 attackers:132602;victims:139924,134128,134712;type:1,2;valid_origin:True;recurrent:False;local:False
132602 134712 1 64 0
132602 134712 2 64 0
132602 134712 3 64 0
132602 134712 4 64 0
132602 134712 5 64 0
132602 134712 6 64 0
132602 134712 7 64 0
132602 134712 8 64 0
132602 134712 9 64 0
132602 134712 10 64 0
!sus 208210 213647 0 10 2 attackers:208210;victims:213647;type:1;valid_origin:True;recurrent:False;local:False
208210 213647 1 0 2
208210 213647 2 0 2
208210 213647 3 0 2
208210 213647 4 0 2
208210 213647 5 0 2
208210 213647 6 0 2
208210 213647 7 0 2
208210 213647 8 0 2
208210 213647 9 0 2
208210 213647 10 0 2
!sus 28292 266389 9 1 9 attackers:266389;victims:28292;type:1;valid_origin:True;recurrent:False;local:False
28292 266389 1 9 0
28292 266389 2 9 0
28292 266389 3 9 0
28292 266389 4 8 1
28292 266389 5 9 0
28292 266389 6 5 4
28292 266389 7 2 7
28292 266389 8 9 0
28292 266389 9 9 0
28292 266389 10 9 0
!sus 37662 329427 0 10 121 attackers:37662;victims:329427;type:1;valid_origin:True;recurrent:True;local:False
37662 329427 1 46 75
37662 329427 2 1 120
37662 329427 3 0 121
37662 329427 4 1 120
37662 329427 5 0 121
37662 329427 6 0 121
37662 329427 7 0 121
37662 329427 8 9 112
37662 329427 9 0 121
37662 329427 10 0 121
!leg 132602 138198 10 0 80 attackers:132602;victims:138198;type:1;valid_origin:True;recurrent:False;local:False
132602 138198 1 80 0
132602 138198 2 80 0
132602 138198 3 80 0
132602 138198 4 80 0
132602 138198 5 80 0
132602 138198 6 80 0
132602 138198 7 80 0
132602 138198 8 80 0
132602 138198 9 80 0
132602 138198 10 80 0
!leg 58715 151835 10 0 395 attackers:58715;victims:151835;type:1;valid_origin:False;recurrent:False;local:False
58715 151835 1 395 0
58715 151835 2 395 0
58715 151835 3 395 0
58715 151835 4 395 0
58715 151835 5 395 0
58715 151835 6 395 0
58715 151835 7 395 0
58715 151835 8 395 0
58715 151835 9 395 0
58715 151835 10 395 0
!sus 13378 63567 0 10 6 attackers:13378;victims:63567;type:1;valid_origin:True;recurrent:True;local:False
13378 63567 1 0 6
13378 63567 2 0 6
13378 63567 3 0 6
13378 63567 4 0 6
13378 63567 5 0 6
13378 63567 6 0 6
13378 63567 7 0 6
13378 63567 8 0 6
13378 63567 9 0 6
13378 63567 10 0 6
!sus 8772 34800 7 3 2 attackers:8772;victims:34800;type:1;valid_origin:True;recurrent:True;local:False
8772 34800 1 1 1
8772 34800 2 1 1
8772 34800 3 1 1
8772 34800 4 2 0
8772 34800 5 2 0
8772 34800 6 2 0
8772 34800 7 2 0
8772 34800 8 2 0
8772 34800 9 2 0
8772 34800 10 2 0
!leg 28669 267009 10 0 1 attackers:28669;victims:267009;type:1;valid_origin:True;recurrent:False;local:False
28669 267009 1 1 0
28669 267009 2 1 0
28669 267009 3 1 0
28669 267009 4 1 0
28669 267009 5 1 0
28669 267009 6 1 0
28669 267009 7 1 0
28669 267009 8 1 0
28669 267009 9 1 0
28669 267009 10 1 0
!leg 38008 140937 10 0 1 attackers:38008;victims:140937;type:1;valid_origin:True;recurrent:False;local:False
38008 140937 1 1 0
38008 140937 2 1 0
38008 140937 3 1 0
38008 140937 4 1 0
38008 140937 5 1 0
38008 140937 6 1 0
38008 140937 7 1 0
38008 140937 8 1 0
38008 140937 9 1 0
38008 140937 10 1 0
!leg 132602 137425 10 0 30 attackers:132602;victims:137425;type:1;valid_origin:True;recurrent:False;local:False
132602 137425 1 30 0
132602 137425 2 30 0
132602 137425 3 30 0
132602 137425 4 30 0
132602 137425 5 30 0
132602 137425 6 30 0
132602 137425 7 30 0
132602 137425 8 30 0
132602 137425 9 30 0
132602 137425 10 30 0
!leg 132602 136531 10 0 84 attackers:132602;victims:136531;type:1;valid_origin:True;recurrent:False;local:False
132602 136531 1 84 0
132602 136531 2 84 0
132602 136531 3 84 0
132602 136531 4 84 0
132602 136531 5 84 0
132602 136531 6 84 0
132602 136531 7 84 0
132602 136531 8 84 0
132602 136531 9 84 0
132602 136531 10 84 0
!leg 132602 141208 10 0 65 attackers:132602;victims:141208;type:1;valid_origin:True;recurrent:False;local:False
132602 141208 1 65 0
132602 141208 2 65 0
132602 141208 3 65 0
132602 141208 4 65 0
132602 141208 5 65 0
132602 141208 6 65 0
132602 141208 7 65 0
132602 141208 8 65 0
132602 141208 9 65 0
132602 141208 10 65 0
!leg 10102 58778 10 0 184 attackers:58778;victims:10102;type:1;valid_origin:True;recurrent:False;local:False
10102 58778 1 184 0
10102 58778 2 184 0
10102 58778 3 184 0
10102 58778 4 184 0
10102 58778 5 184 0
10102 58778 6 184 0
10102 58778 7 184 0
10102 58778 8 184 0
10102 58778 9 184 0
10102 58778 10 184 0
!sus 42 132602 0 10 88 attackers:132602;victims:42,10886,187;type:1,2;valid_origin:True;recurrent:False;local:False
42 132602 1 0 88
42 132602 2 0 88
42 132602 3 0 88
42 132602 4 2 86
42 132602 5 2 86
42 132602 6 8 80
42 132602 7 7 81
42 132602 8 11 77
42 132602 9 18 70
42 132602 10 11 77
!leg 64433 213808 10 0 5 attackers:213808;victims:64433;type:1;valid_origin:True;recurrent:True;local:False
64433 213808 1 5 0
64433 213808 2 5 0
64433 213808 3 5 0
64433 213808 4 5 0
64433 213808 5 5 0
64433 213808 6 5 0
64433 213808 7 5 0
64433 213808 8 4 1
64433 213808 9 5 0
64433 213808 10 5 0
!sus 663 135420 9 1 8 attackers:135420;victims:663;type:1;valid_origin:False;recurrent:True;local:False
663 135420 1 8 0
663 135420 2 8 0
663 135420 3 8 0
663 135420 4 8 0
663 135420 5 8 0
663 135420 6 8 0
663 135420 7 8 0
663 135420 8 8 0
663 135420 9 0 8
663 135420 10 8 0
!sus 213691 216334 9 1 16 attackers:216334;victims:213691;type:1;valid_origin:True;recurrent:True;local:False
213691 216334 1 16 0
213691 216334 2 16 0
213691 216334 3 16 0
213691 216334 4 16 0
213691 216334 5 14 2
213691 216334 6 13 3
213691 216334 7 16 0
213691 216334 8 16 0
213691 216334 9 0 16
213691 216334 10 10 6
!leg 20804 211288 10 0 2 attackers:211288;victims:2115;type:2;valid_origin:True;recurrent:True;local:False
20804 211288 1 2 0
20804 211288 2 2 0
20804 211288 3 2 0
20804 211288 4 2 0
20804 211288 5 2 0
20804 211288 6 2 0
20804 211288 7 2 0
20804 211288 8 2 0
20804 211288 9 2 0
20804 211288 10 2 0
!leg 202425 213725 10 0 4 attackers:202425;victims:213725;type:1;valid_origin:True;recurrent:True;local:False
202425 213725 1 3 1
202425 213725 2 4 0
202425 213725 3 4 0
202425 213725 4 4 0
202425 213725 5 4 0
202425 213725 6 4 0
202425 213725 7 4 0
202425 213725 8 4 0
202425 213725 9 4 0
202425 213725 10 4 0
!sus 41264 327727 8 2 3 attackers:327727;victims:41264;type:1;valid_origin:True;recurrent:True;local:False
41264 327727 1 0 3
41264 327727 2 1 2
41264 327727 3 2 1
41264 327727 4 3 0
41264 327727 5 3 0
41264 327727 6 3 0
41264 327727 7 3 0
41264 327727 8 3 0
41264 327727 9 3 0
41264 327727 10 3 0
!leg 58912 132602 10 0 76 attackers:132602;victims:58912;type:1;valid_origin:True;recurrent:False;local:False
58912 132602 1 76 0
58912 132602 2 76 0
58912 132602 3 76 0
58912 132602 4 76 0
58912 132602 5 76 0
58912 132602 6 76 0
58912 132602 7 76 0
58912 132602 8 76 0
58912 132602 9 76 0
58912 132602 10 76 0
!leg 132602 140664 10 0 188 attackers:132602;victims:140664;type:1;valid_origin:True;recurrent:False;local:False
132602 140664 1 188 0
132602 140664 2 188 0
132602 140664 3 188 0
132602 140664 4 188 0
132602 140664 5 188 0
132602 140664 6 188 0
132602 140664 7 188 0
132602 140664 8 188 0
132602 140664 9 188 0
132602 140664 10 188 0
!sus 56264 133496 8 2 4 attackers:56264;victims:133496;type:1;valid_origin:True;recurrent:True;local:False
56264 133496 1 4 0
56264 133496 2 4 0
56264 133496 3 4 0
56264 133496 4 4 0
56264 133496 5 0 4
56264 133496 6 3 1
56264 133496 7 0 4
56264 133496 8 4 0
56264 133496 9 3 1
56264 133496 10 3 1
!sus 52154 214952 0 10 1 attackers:52154;victims:214952;type:1;valid_origin:True;recurrent:True;local:False
52154 214952 1 0 1
52154 214952 2 0 1
52154 214952 3 0 1
52154 214952 4 0 1
52154 214952 5 0 1
52154 214952 6 0 1
52154 214952 7 0 1
52154 214952 8 0 1
52154 214952 9 0 1
52154 214952 10 0 1
!leg 8551 211163 10 0 45 attackers:8551;victims:211163;type:1;valid_origin:True;recurrent:False;local:False
8551 211163 1 45 0
8551 211163 2 45 0
8551 211163 3 45 0
8551 211163 4 45 0
8551 211163 5 45 0
8551 211163 6 45 0
8551 211163 7 45 0
8551 211163 8 45 0
8551 211163 9 45 0
8551 211163 10 45 0
!sus 152900 200169 0 10 3 attackers:152900;victims:200169;type:1;valid_origin:True;recurrent:True;local:False
152900 200169 1 0 3
152900 200169 2 0 3
152900 200169 3 0 3
152900 200169 4 0 3
152900 200169 5 0 3
152900 200169 6 0 3
152900 200169 7 0 3
152900 200169 8 0 3
152900 200169 9 0 3
152900 200169 10 0 3
!leg 23923 149980 10 0 61 attackers:23923;victims:149980;type:1;valid_origin:True;recurrent:False;local:False
23923 149980 1 61 0
23923 149980 2 61 0
23923 149980 3 61 0
23923 149980 4 61 0
23923 149980 5 61 0
23923 149980 6 61 0
23923 149980 7 61 0
23923 149980 8 61 0
23923 149980 9 61 0
23923 149980 10 61 0
!sus 211275 214618 9 1 2 attackers:214618;victims:215492;type:2;valid_origin:True;recurrent:True;local:False
211275 214618 1 0 2
211275 214618 2 2 0
211275 214618 3 2 0
211275 214618 4 2 0
211275 214618 5 2 0
211275 214618 6 2 0
211275 214618 7 2 0
211275 214618 8 2 0
211275 214618 9 2 0
211275 214618 10 2 0
!leg 132602 133866 10 0 63 attackers:132602;victims:133866;type:1;valid_origin:True;recurrent:False;local:False
132602 133866 1 63 0
132602 133866 2 63 0
132602 133866 3 63 0
132602 133866 4 63 0
132602 133866 5 63 0
132602 133866 6 63 0
132602 133866 7 63 0
132602 133866 8 63 0
132602 133866 9 63 0
132602 133866 10 63 0
!sus 42198 54014 5 5 2 attackers:42198;victims:54014;type:1;valid_origin:True;recurrent:True;local:False
42198 54014 1 2 0
42198 54014 2 2 0
42198 54014 3 2 0
42198 54014 4 2 0
42198 54014 5 0 2
42198 54014 6 0 2
42198 54014 7 0 2
42198 54014 8 2 0
42198 54014 9 0 2
42198 54014 10 1 1
!sus 7721 215364 0 10 141 attackers:215364;victims:7721;type:1;valid_origin:True;recurrent:True;local:False
7721 215364 1 1 140
7721 215364 2 1 140
7721 215364 3 1 140
7721 215364 4 1 140
7721 215364 5 1 140
7721 215364 6 1 140
7721 215364 7 1 140
7721 215364 8 1 140
7721 215364 9 2 139
7721 215364 10 2 139
!sus 37271 329258 9 1 67 attackers:37271;victims:329258;type:1;valid_origin:True;recurrent:True;local:False
37271 329258 1 29 38
37271 329258 2 50 17
37271 329258 3 64 3
37271 329258 4 66 1
37271 329258 5 66 1
37271 329258 6 67 0
37271 329258 7 67 0
37271 329258 8 67 0
37271 329258 9 67 0
37271 329258 10 67 0
!leg 45905 134732 10 0 14 attackers:45905;victims:152098;type:3;valid_origin:True;recurrent:False;local:False
45905 134732 1 14 0
45905 134732 2 14 0
45905 134732 3 14 0
45905 134732 4 14 0
45905 134732 5 14 0
45905 134732 6 14 0
45905 134732 7 14 0
45905 134732 8 14 0
45905 134732 9 14 0
45905 134732 10 14 0
!leg 132602 137038 10 0 75 attackers:132602;victims:137038;type:1;valid_origin:True;recurrent:False;local:False
132602 137038 1 75 0
132602 137038 2 75 0
132602 137038 3 75 0
132602 137038 4 75 0
132602 137038 5 75 0
132602 137038 6 75 0
132602 137038 7 75 0
132602 137038 8 75 0
132602 137038 9 75 0
132602 137038 10 75 0
!sus 10233 52251 1 9 38 attackers:10233;victims:10233;type:2;valid_origin:True;recurrent:False;local:False
10233 52251 1 34 4
10233 52251 2 0 38
10233 52251 3 0 38
10233 52251 4 0 38
10233 52251 5 0 38
10233 52251 6 0 38
10233 52251 7 0 38
10233 52251 8 0 38
10233 52251 9 0 38
10233 52251 10 0 38
!sus 14868 274628 3 7 1 attackers:14868;victims:274628;type:1;valid_origin:True;recurrent:True;local:False
14868 274628 1 0 1
14868 274628 2 0 1
14868 274628 3 0 1
14868 274628 4 0 1
14868 274628 5 0 1
14868 274628 6 0 1
14868 274628 7 1 0
14868 274628 8 1 0
14868 274628 9 0 1
14868 274628 10 1 0
!sus 213714 215400 4 6 4 attackers:215400;victims:213714;type:1;valid_origin:True;recurrent:True;local:False
213714 215400 1 4 0
213714 215400 2 3 1
213714 215400 3 4 0
213714 215400 4 3 1
213714 215400 5 0 4
213714 215400 6 0 4
213714 215400 7 0 4
213714 215400 8 0 4
213714 215400 9 0 4
213714 215400 10 0 4
!sus 58212 61112 7 3 5 attackers:58212;victims:61112;type:1;valid_origin:True;recurrent:True;local:False
58212 61112 1 0 5
58212 61112 2 0 5
58212 61112 3 1 4
58212 61112 4 3 2
58212 61112 5 5 0
58212 61112 6 5 0
58212 61112 7 5 0
58212 61112 8 5 0
58212 61112 9 5 0
58212 61112 10 5 0
!leg 136948 141731 10 0 192 attackers:141731;victims:136948;type:1;valid_origin:True;recurrent:False;local:False
136948 141731 1 192 0
136948 141731 2 192 0
136948 141731 3 192 0
136948 141731 4 192 0
136948 141731 5 192 0
136948 141731 6 192 0
136948 141731 7 192 0
136948 141731 8 192 0
136948 141731 9 192 0
136948 141731 10 192 0
!sus 135660 152333 5 5 9 attackers:152333;victims:135660;type:1;valid_origin:True;recurrent:True;local:False
135660 152333 1 9 0
135660 152333 2 7 2
135660 152333 3 9 0
135660 152333 4 7 2
135660 152333 5 0 9
135660 152333 6 0 9
135660 152333 7 0 9
135660 152333 8 6 3
135660 152333 9 0 9
135660 152333 10 0 9
!sus 214331 214569 0 10 3 attackers:214331;victims:214569;type:1;valid_origin:True;recurrent:True;local:False
214331 214569 1 0 3
214331 214569 2 0 3
214331 214569 3 0 3
214331 214569 4 0 3
214331 214569 5 0 3
214331 214569 6 0 3
214331 214569 7 0 3
214331 214569 8 0 3
214331 214569 9 0 3
214331 214569 10 0 3
!sus 20118 60539 3 7 109 attackers:60539;victims:20118;type:1;valid_origin:True;recurrent:True;local:False
20118 60539 1 0 109
20118 60539 2 0 109
20118 60539 3 0 109
20118 60539 4 6 103
20118 60539 5 49 60
20118 60539 6 47 62
20118 60539 7 65 44
20118 60539 8 52 57
20118 60539 9 67 42
20118 60539 10 61 48
!sus 13935 139325 5 5 23 attackers:139325;victims:13935;type:1;valid_origin:False;recurrent:False;local:False
13935 139325 1 23 0
13935 139325 2 23 0
13935 139325 3 12 11
13935 139325 4 12 11
13935 139325 5 7 16
13935 139325 6 1 22
13935 139325 7 6 17
13935 139325 8 13 10
13935 139325 9 2 21
13935 139325 10 2 21
!leg 31122 61696 10 0 1 attackers:61696;victims:47490;type:3;valid_origin:True;recurrent:False;local:False
31122 61696 1 1 0
31122 61696 2 1 0
31122 61696 3 1 0
31122 61696 4 1 0
31122 61696 5 1 0
31122 61696 6 1 0
31122 61696 7 1 0
31122 61696 8 1 0
31122 61696 9 1 0
31122 61696 10 1 0
!leg 38067 132602 10 0 1106 attackers:132602;victims:38592,21859,152185,149843,38067,140930,139029,137976,58688,134702;type:1,2,3,4;valid_origin:True;recurrent:False;local:False
38067 132602 1 1076 30
38067 132602 2 1042 64
38067 132602 3 1102 4
38067 132602 4 1102 4
38067 132602 5 1103 3
38067 132602 6 1025 81
38067 132602 7 969 137
38067 132602 8 1054 52
38067 132602 9 1014 92
38067 132602 10 1027 79
!sus 34872 215288 9 1 3 attackers:34872;victims:215288;type:1;valid_origin:True;recurrent:True;local:False
34872 215288 1 1 2
34872 215288 2 3 0
34872 215288 3 3 0
34872 215288 4 3 0
34872 215288 5 3 0
34872 215288 6 3 0
34872 215288 7 3 0
34872 215288 8 3 0
34872 215288 9 3 0
34872 215288 10 3 0
!sus 137037 149020 3 7 7 attackers:149020;victims:137037;type:1;valid_origin:True;recurrent:True;local:False
137037 149020 1 7 0
137037 149020 2 7 0
137037 149020 3 6 1
137037 149020 4 2 5
137037 149020 5 0 7
137037 149020 6 0 7
137037 149020 7 0 7
137037 149020 8 0 7
137037 149020 9 0 7
137037 149020 10 0 7
!leg 47253 199895 10 0 1 attackers:199895;victims:47253;type:1;valid_origin:False;recurrent:False;local:False
47253 199895 1 1 0
47253 199895 2 1 0
47253 199895 3 1 0
47253 199895 4 1 0
47253 199895 5 1 0
47253 199895 6 1 0
47253 199895 7 1 0
47253 199895 8 1 0
47253 199895 9 1 0
47253 199895 10 1 0
!sus 17561 263681 0 10 1 attackers:263681;victims:17561;type:1;valid_origin:True;recurrent:True;local:False
17561 263681 1 0 1
17561 263681 2 0 1
17561 263681 3 0 1
17561 263681 4 0 1
17561 263681 5 0 1
17561 263681 6 0 1
17561 263681 7 0 1
17561 263681 8 0 1
17561 263681 9 0 1
17561 263681 10 0 1
!leg 63980 132602 10 0 32 attackers:132602;victims:63980;type:1;valid_origin:True;recurrent:False;local:False
63980 132602 1 32 0
63980 132602 2 32 0
63980 132602 3 32 0
63980 132602 4 32 0
63980 132602 5 32 0
63980 132602 6 32 0
63980 132602 7 32 0
63980 132602 8 32 0
63980 132602 9 32 0
63980 132602 10 32 0
!leg 38493 132602 10 0 114 attackers:132602;victims:139928,38493;type:1,2;valid_origin:True;recurrent:False;local:False
38493 132602 1 114 0
38493 132602 2 114 0
38493 132602 3 114 0
38493 132602 4 114 0
38493 132602 5 114 0
38493 132602 6 114 0
38493 132602 7 114 0
38493 132602 8 114 0
38493 132602 9 114 0
38493 132602 10 114 0
!leg 35625 397032 10 0 1 attackers:35625;victims:397032;type:1;valid_origin:False;recurrent:False;local:False
35625 397032 1 1 0
35625 397032 2 1 0
35625 397032 3 1 0
35625 397032 4 1 0
35625 397032 5 1 0
35625 397032 6 1 0
35625 397032 7 1 0
35625 397032 8 1 0
35625 397032 9 1 0
35625 397032 10 1 0
!sus 59356 59365 0 10 2 attackers:59356;victims:59365;type:1;valid_origin:True;recurrent:True;local:False
59356 59365 1 0 2
59356 59365 2 0 2
59356 59365 3 0 2
59356 59365 4 0 2
59356 59365 5 0 2
59356 59365 6 0 2
59356 59365 7 0 2
59356 59365 8 0 2
59356 59365 9 1 1
59356 59365 10 0 2
!leg 14259 266167 10 0 1 attackers:14259;victims:271728;type:2;valid_origin:True;recurrent:False;local:False
14259 266167 1 1 0
14259 266167 2 1 0
14259 266167 3 1 0
14259 266167 4 1 0
14259 266167 5 1 0
14259 266167 6 1 0
14259 266167 7 1 0
14259 266167 8 1 0
14259 266167 9 1 0
14259 266167 10 1 0
!leg 141386 150748 10 0 267 attackers:150748;victims:140849,141386;type:1,2;valid_origin:False;recurrent:False;local:False
141386 150748 1 267 0
141386 150748 2 266 1
141386 150748 3 267 0
141386 150748 4 266 1
141386 150748 5 267 0
141386 150748 6 265 2
141386 150748 7 265 2
141386 150748 8 266 1
141386 150748 9 266 1
141386 150748 10 265 2
!leg 132602 138551 10 0 77 attackers:132602;victims:138551;type:1;valid_origin:True;recurrent:False;local:False
132602 138551 1 77 0
132602 138551 2 77 0
132602 138551 3 77 0
132602 138551 4 77 0
132602 138551 5 77 0
132602 138551 6 77 0
132602 138551 7 77 0
132602 138551 8 77 0
132602 138551 9 77 0
132602 138551 10 77 0
!leg 132386 138926 10 0 56 attackers:138926;victims:132386;type:1;valid_origin:True;recurrent:False;local:False
132386 138926 1 56 0
132386 138926 2 56 0
132386 138926 3 56 0
132386 138926 4 56 0
132386 138926 5 56 0
132386 138926 6 56 0
132386 138926 7 56 0
132386 138926 8 56 0
132386 138926 9 56 0
132386 138926 10 56 0
!leg 58945 139009 10 0 4 attackers:139009;victims:141723;type:2;valid_origin:True;recurrent:False;local:False
58945 139009 1 4 0
58945 139009 2 4 0
58945 139009 3 4 0
58945 139009 4 4 0
58945 139009 5 4 0
58945 139009 6 4 0
58945 139009 7 4 0
58945 139009 8 4 0
58945 139009 9 4 0
58945 139009 10 4 0
!sus 9425 151461 0 10 3 attackers:9425;victims:151461;type:1;valid_origin:True;recurrent:True;local:False
9425 151461 1 1 2
9425 151461 2 0 3
9425 151461 3 0 3
9425 151461 4 0 3
9425 151461 5 0 3
9425 151461 6 0 3
9425 151461 7 0 3
9425 151461 8 0 3
9425 151461 9 0 3
9425 151461 10 0 3
!leg 132602 151369 10 0 47 attackers:132602;victims:151369;type:1;valid_origin:True;recurrent:False;local:False
132602 151369 1 47 0
132602 151369 2 47 0
132602 151369 3 47 0
132602 151369 4 47 0
132602 151369 5 47 0
132602 151369 6 47 0
132602 151369 7 47 0
132602 151369 8 47 0
132602 151369 9 47 0
132602 151369 10 47 0
!sus 135572 142132 9 1 1 attackers:142132;victims:135572;type:1;valid_origin:True;recurrent:True;local:False
135572 142132 1 1 0
135572 142132 2 0 1
135572 142132 3 1 0
135572 142132 4 1 0
135572 142132 5 1 0
135572 142132 6 1 0
135572 142132 7 1 0
135572 142132 8 1 0
135572 142132 9 1 0
135572 142132 10 1 0
!sus 9425 151447 0 10 4 attackers:9425;victims:151447;type:1;valid_origin:True;recurrent:True;local:False
9425 151447 1 1 3
9425 151447 2 0 4
9425 151447 3 0 4
9425 151447 4 0 4
9425 151447 5 0 4
9425 151447 6 0 4
9425 151447 7 0 4
9425 151447 8 0 4
9425 151447 9 0 4
9425 151447 10 0 4
!sus 9425 151456 0 10 4 attackers:9425;victims:151456;type:1;valid_origin:True;recurrent:True;local:False
9425 151456 1 1 3
9425 151456 2 0 4
9425 151456 3 0 4
9425 151456 4 0 4
9425 151456 5 0 4
9425 151456 6 0 4
9425 151456 7 0 4
9425 151456 8 0 4
9425 151456 9 0 4
9425 151456 10 0 4
!leg 3856 132602 10 0 1 attackers:132602;victims:3856;type:1;valid_origin:True;recurrent:False;local:False
3856 132602 1 1 0
3856 132602 2 1 0
3856 132602 3 1 0
3856 132602 4 1 0
3856 132602 5 1 0
3856 132602 6 1 0
3856 132602 7 1 0
3856 132602 8 1 0
3856 132602 9 1 0
3856 132602 10 1 0
!sus 9021 10233 1 9 38 attackers:10233;victims:10233;type:2;valid_origin:True;recurrent:False;local:False
9021 10233 1 1 37
9021 10233 2 8 30
9021 10233 3 29 9
9021 10233 4 1 37
9021 10233 5 3 35
9021 10233 6 1 37
9021 10233 7 9 29
9021 10233 8 10 28
9021 10233 9 1 37
9021 10233 10 5 33
!leg 37468 264528 10 0 2 attackers:264528;victims:268037;type:3;valid_origin:True;recurrent:False;local:False
37468 264528 1 2 0
37468 264528 2 2 0
37468 264528 3 2 0
37468 264528 4 2 0
37468 264528 5 2 0
37468 264528 6 2 0
37468 264528 7 2 0
37468 264528 8 2 0
37468 264528 9 2 0
37468 264528 10 2 0
!leg 13786 262401 10 0 3 attackers:262401;victims:265324;type:2;valid_origin:True;recurrent:False;local:False
13786 262401 1 3 0
13786 262401 2 3 0
13786 262401 3 3 0
13786 262401 4 3 0
13786 262401 5 3 0
13786 262401 6 3 0
13786 262401 7 3 0
13786 262401 8 3 0
13786 262401 9 3 0
13786 262401 10 3 0
!sus 132366 153478 9 1 81 attackers:132366;victims:153478;type:1;valid_origin:True;recurrent:False;local:False
132366 153478 1 81 0
132366 153478 2 81 0
132366 153478 3 81 0
132366 153478 4 81 0
132366 153478 5 79 2
132366 153478 6 81 0
132366 153478 7 74 7
132366 153478 8 81 0
132366 153478 9 81 0
132366 153478 10 40 41
!sus 10233 198477 0 10 36 attackers:10233;victims:10233;type:2;valid_origin:True;recurrent:False;local:False
10233 198477 1 0 36
10233 198477 2 0 36
10233 198477 3 0 36
10233 198477 4 0 36
10233 198477 5 0 36
10233 198477 6 0 36
10233 198477 7 0 36
10233 198477 8 0 36
10233 198477 9 0 36
10233 198477 10 0 36
!sus 262179 263812 0 10 5 attackers:262179;victims:263812;type:1;valid_origin:True;recurrent:True;local:False
262179 263812 1 0 5
262179 263812 2 0 5
262179 263812 3 0 5
262179 263812 4 0 5
262179 263812 5 0 5
262179 263812 6 0 5
262179 263812 7 0 5
262179 263812 8 0 5
262179 263812 9 0 5
262179 263812 10 0 5
!sus 3 151555 0 10 2 attackers:151555;victims:3;type:1;valid_origin:False;recurrent:False;local:False
3 151555 1 0 2
3 151555 2 0 2
3 151555 3 0 2
3 151555 4 0 2
3 151555 5 0 2
3 151555 6 0 2
3 151555 7 0 2
3 151555 8 0 2
3 151555 9 0 2
3 151555 10 0 2
!sus 139311 152671 0 10 239 attackers:139311;victims:152671;type:1;valid_origin:True;recurrent:True;local:False
139311 152671 1 0 239
139311 152671 2 0 239
139311 152671 3 0 239
139311 152671 4 0 239
139311 152671 5 0 239
139311 152671 6 0 239
139311 152671 7 0 239
139311 152671 8 0 239
139311 152671 9 0 239
139311 152671 10 0 239
!sus 9425 151451 0 10 4 attackers:9425;victims:151451;type:1;valid_origin:True;recurrent:True;local:False
9425 151451 1 1 3
9425 151451 2 0 4
9425 151451 3 0 4
9425 151451 4 0 4
9425 151451 5 0 4
9425 151451 6 0 4
9425 151451 7 0 4
9425 151451 8 0 4
9425 151451 9 0 4
9425 151451 10 0 4
!sus 9425 151460 0 10 4 attackers:9425;victims:151460;type:1;valid_origin:True;recurrent:True;local:False
9425 151460 1 1 3
9425 151460 2 0 4
9425 151460 3 0 4
9425 151460 4 0 4
9425 151460 5 0 4
9425 151460 6 0 4
9425 151460 7 0 4
9425 151460 8 0 4
9425 151460 9 0 4
9425 151460 10 0 4
!leg 8529 44973 10 0 1 attackers:8529;victims:59474;type:2;valid_origin:True;recurrent:False;local:False
8529 44973 1 1 0
8529 44973 2 1 0
8529 44973 3 1 0
8529 44973 4 1 0
8529 44973 5 1 0
8529 44973 6 1 0
8529 44973 7 1 0
8529 44973 8 1 0
8529 44973 9 1 0
8529 44973 10 1 0
!sus 262589 273905 0 10 2 attackers:262589;victims:273905;type:1;valid_origin:True;recurrent:True;local:False
262589 273905 1 1 1
262589 273905 2 0 2
262589 273905 3 0 2
262589 273905 4 0 2
262589 273905 5 0 2
262589 273905 6 0 2
262589 273905 7 0 2
262589 273905 8 0 2
262589 273905 9 0 2
262589 273905 10 0 2
!leg 45274 55427 10 0 64 attackers:45274;victims:55427;type:1,3;valid_origin:True;recurrent:False;local:False
45274 55427 1 64 0
45274 55427 2 64 0
45274 55427 3 64 0
45274 55427 4 62 2
45274 55427 5 64 0
45274 55427 6 61 3
45274 55427 7 60 4
45274 55427 8 61 3
45274 55427 9 64 0
45274 55427 10 60 4
!leg 132602 141434 10 0 34 attackers:132602;victims:141434;type:1;valid_origin:True;recurrent:False;local:False
132602 141434 1 34 0
132602 141434 2 34 0
132602 141434 3 34 0
132602 141434 4 34 0
132602 141434 5 34 0
132602 141434 6 34 0
132602 141434 7 34 0
132602 141434 8 34 0
132602 141434 9 34 0
132602 141434 10 34 0
!leg 132602 137498 10 0 171 attackers:132602;victims:137498;type:1;valid_origin:True;recurrent:False;local:False
132602 137498 1 171 0
132602 137498 2 171 0
132602 137498 3 171 0
132602 137498 4 171 0
132602 137498 5 171 0
132602 137498 6 171 0
132602 137498 7 171 0
132602 137498 8 171 0
132602 137498 9 171 0
132602 137498 10 171 0
!sus 4809 273454 9 1 9 attackers:4809;victims:273454;type:1;valid_origin:True;recurrent:False;local:False
4809 273454 1 2 7
4809 273454 2 5 4
4809 273454 3 7 2
4809 273454 4 9 0
4809 273454 5 8 1
4809 273454 6 8 1
4809 273454 7 9 0
4809 273454 8 9 0
4809 273454 9 9 0
4809 273454 10 9 0
!sus 1 197251 8 2 2 attackers:197251;victims:1;type:1;valid_origin:True;recurrent:True;local:False
1 197251 1 1 1
1 197251 2 2 0
1 197251 3 1 1
1 197251 4 2 0
1 197251 5 2 0
1 197251 6 2 0
1 197251 7 2 0
1 197251 8 2 0
1 197251 9 2 0
1 197251 10 2 0
!sus 21859 270776 0 10 1 attackers:270776;victims:24409;type:2;valid_origin:True;recurrent:True;local:False
21859 270776 1 0 1
21859 270776 2 0 1
21859 270776 3 0 1
21859 270776 4 0 1
21859 270776 5 0 1
21859 270776 6 0 1
21859 270776 7 0 1
21859 270776 8 0 1
21859 270776 9 0 1
21859 270776 10 0 1
!sus 10233 205647 0 10 38 attackers:10233;victims:10233;type:2;valid_origin:True;recurrent:False;local:False
10233 205647 1 0 38
10233 205647 2 0 38
10233 205647 3 0 38
10233 205647 4 0 38
10233 205647 5 0 38
10233 205647 6 0 38
10233 205647 7 0 38
10233 205647 8 0 38
10233 205647 9 0 38
10233 205647 10 0 38
!leg 6424 200731 10 0 1 attackers:6424;victims:200731;type:1;valid_origin:True;recurrent:True;local:False
6424 200731 1 1 0
6424 200731 2 1 0
6424 200731 3 1 0
6424 200731 4 1 0
6424 200731 5 1 0
6424 200731 6 1 0
6424 200731 7 1 0
6424 200731 8 1 0
6424 200731 9 1 0
6424 200731 10 1 0
!sus 9425 151446 0 10 4 attackers:9425;victims:151446;type:1;valid_origin:True;recurrent:True;local:False
9425 151446 1 1 3
9425 151446 2 0 4
9425 151446 3 0 4
9425 151446 4 0 4
9425 151446 5 0 4
9425 151446 6 0 4
9425 151446 7 0 4
9425 151446 8 0 4
9425 151446 9 0 4
9425 151446 10 0 4
!leg 131243 132602 10 0 55 attackers:132602;victims:131243;type:1;valid_origin:True;recurrent:False;local:False
131243 132602 1 55 0
131243 132602 2 55 0
131243 132602 3 55 0
131243 132602 4 55 0
131243 132602 5 55 0
131243 132602 6 55 0
131243 132602 7 55 0
131243 132602 8 55 0
131243 132602 9 55 0
131243 132602 10 55 0
!sus 9425 151455 0 10 4 attackers:9425;victims:151455;type:1;valid_origin:True;recurrent:True;local:False
9425 151455 1 1 3
9425 151455 2 0 4
9425 151455 3 0 4
9425 151455 4 0 4
9425 151455 5 0 4
9425 151455 6 0 4
9425 151455 7 0 4
9425 151455 8 0 4
9425 151455 9 0 4
9425 151455 10 0 4
!sus 59796 208972 8 2 4 attackers:59796;victims:197428;type:2;valid_origin:True;recurrent:True;local:False
59796 208972 1 0 4
59796 208972 2 0 4
59796 208972 3 4 0
59796 208972 4 4 0
59796 208972 5 4 0
59796 208972 6 4 0
59796 208972 7 4 0
59796 208972 8 4 0
59796 208972 9 4 0
59796 208972 10 4 0
!sus 27524 198831 3 7 186 attackers:198831;victims:27524;type:1;valid_origin:True;recurrent:False;local:False
27524 198831 1 0 186
27524 198831 2 0 186
27524 198831 3 0 186
27524 198831 4 0 186
27524 198831 5 0 186
27524 198831 6 0 186
27524 198831 7 46 140
27524 198831 8 147 39
27524 198831 9 135 51
27524 198831 10 108 78
!sus 51019 215680 0 10 2 attackers:215680;victims:51019;type:1;valid_origin:True;recurrent:False;local:False
51019 215680 1 0 2
51019 215680 2 0 2
51019 215680 3 1 1
51019 215680 4 1 1
51019 215680 5 1 1
51019 215680 6 1 1
51019 215680 7 1 1
51019 215680 8 1 1
51019 215680 9 1 1
51019 215680 10 1 1
!sus 151194 198025 0 10 10 attackers:151194;victims:198025;type:1;valid_origin:True;recurrent:True;local:False
151194 198025 1 0 10
151194 198025 2 0 10
151194 198025 3 0 10
151194 198025 4 1 9
151194 198025 5 2 8
151194 198025 6 2 8
151194 198025 7 3 7
151194 198025 8 3 7
151194 198025 9 3 7
151194 198025 10 3 7
!leg 6939 400992 10 0 97 attackers:6939;victims:400992;type:1;valid_origin:True;recurrent:False;local:False
6939 400992 1 97 0
6939 400992 2 97 0
6939 400992 3 97 0
6939 400992 4 97 0
6939 400992 5 97 0
6939 400992 6 97 0
6939 400992 7 97 0
6939 400992 8 97 0
6939 400992 9 97 0
6939 400992 10 97 0
!sus 58715 138024 4 6 1 attackers:138024;victims:58715;type:1;valid_origin:True;recurrent:False;local:False
58715 138024 1 1 0
58715 138024 2 1 0
58715 138024 3 0 1
58715 138024 4 0 1
58715 138024 5 1 0
58715 138024 6 1 0
58715 138024 7 0 1
58715 138024 8 0 1
58715 138024 9 0 1
58715 138024 10 0 1
!sus 42337 214586 9 1 134 attackers:42337;victims:214586;type:1;valid_origin:True;recurrent:True;local:False
42337 214586 1 134 0
42337 214586 2 134 0
42337 214586 3 134 0
42337 214586 4 134 0
42337 214586 5 134 0
42337 214586 6 134 0
42337 214586 7 134 0
42337 214586 8 134 0
42337 214586 9 125 9
42337 214586 10 0 134
!sus 139311 151349 0 10 197 attackers:139311;victims:151349;type:1;valid_origin:True;recurrent:True;local:False
139311 151349 1 0 197
139311 151349 2 0 197
139311 151349 3 0 197
139311 151349 4 0 197
139311 151349 5 0 197
139311 151349 6 0 197
139311 151349 7 0 197
139311 151349 8 0 197
139311 151349 9 0 197
139311 151349 10 0 197
!leg 132602 137987 10 0 9 attackers:132602;victims:137987;type:1;valid_origin:True;recurrent:False;local:False
132602 137987 1 9 0
132602 137987 2 9 0
132602 137987 3 9 0
132602 137987 4 9 0
132602 137987 5 9 0
132602 137987 6 9 0
132602 137987 7 9 0
132602 137987 8 9 0
132602 137987 9 9 0
132602 137987 10 9 0
!leg 44547 206119 10 0 72 attackers:206119;victims:44547;type:1;valid_origin:True;recurrent:False;local:False
44547 206119 1 72 0
44547 206119 2 72 0
44547 206119 3 72 0
44547 206119 4 72 0
44547 206119 5 72 0
44547 206119 6 72 0
44547 206119 7 72 0
44547 206119 8 72 0
44547 206119 9 72 0
44547 206119 10 72 0
!sus 9425 151450 0 10 4 attackers:9425;victims:151450;type:1;valid_origin:True;recurrent:True;local:False
9425 151450 1 1 3
9425 151450 2 0 4
9425 151450 3 0 4
9425 151450 4 0 4
9425 151450 5 0 4
9425 151450 6 0 4
9425 151450 7 0 4
9425 151450 8 0 4
9425 151450 9 0 4
9425 151450 10 0 4
!leg 131247 136759 10 0 2 attackers:131247;victims:152473;type:3;valid_origin:True;recurrent:False;local:False
131247 136759 1 2 0
131247 136759 2 2 0
131247 136759 3 2 0
131247 136759 4 2 0
131247 136759 5 2 0
131247 136759 6 2 0
131247 136759 7 2 0
131247 136759 8 2 0
131247 136759 9 2 0
131247 136759 10 2 0
!sus 34872 214139 4 6 5 attackers:34872;victims:214139;type:1;valid_origin:True;recurrent:True;local:False
34872 214139 1 5 0
34872 214139 2 0 5
34872 214139 3 1 4
34872 214139 4 0 5
34872 214139 5 2 3
34872 214139 6 0 5
34872 214139 7 4 1
34872 214139 8 3 2
34872 214139 9 0 5
34872 214139 10 5 0
!sus 6 151555 1 9 2 attackers:151555;victims:6;type:1;valid_origin:False;recurrent:False;local:False
6 151555 1 0 2
6 151555 2 0 2
6 151555 3 0 2
6 151555 4 0 2
6 151555 5 0 2
6 151555 6 1 1
6 151555 7 0 2
6 151555 8 0 2
6 151555 9 2 0
6 151555 10 1 1
!leg 60651 214612 10 0 62 attackers:60651;victims:214612;type:1;valid_origin:True;recurrent:False;local:False
60651 214612 1 62 0
60651 214612 2 62 0
60651 214612 3 62 0
60651 214612 4 62 0
60651 214612 5 62 0
60651 214612 6 62 0
60651 214612 7 62 0
60651 214612 8 62 0
60651 214612 9 62 0
60651 214612 10 62 0
!leg 59249 132602 10 0 274 attackers:132602;victims:59249,138191;type:1,2;valid_origin:True;recurrent:False;local:False
59249 132602 1 274 0
59249 132602 2 274 0
59249 132602 3 274 0
59249 132602 4 274 0
59249 132602 5 274 0
59249 132602 6 274 0
59249 132602 7 274 0
59249 132602 8 274 0
59249 132602 9 274 0
59249 132602 10 274 0
!leg 14956 18450 10 0 119 attackers:18450;victims:14956;type:1;valid_origin:True;recurrent:False;local:False
14956 18450 1 119 0
14956 18450 2 119 0
14956 18450 3 119 0
14956 18450 4 119 0
14956 18450 5 119 0
14956 18450 6 119 0
14956 18450 7 119 0
14956 18450 8 119 0
14956 18450 9 119 0
14956 18450 10 119 0
!sus 38082 57344 7 3 1 attackers:38082;victims:13335;type:6;valid_origin:True;recurrent:True;local:False
38082 57344 1 0 1
38082 57344 2 0 1
38082 57344 3 0 1
38082 57344 4 1 0
38082 57344 5 1 0
38082 57344 6 1 0
38082 57344 7 1 0
38082 57344 8 1 0
38082 57344 9 1 0
38082 57344 10 1 0
!leg 28669 272167 10 0 1 attackers:28669;victims:272167;type:1;valid_origin:True;recurrent:False;local:False
28669 272167 1 1 0
28669 272167 2 1 0
28669 272167 3 1 0
28669 272167 4 1 0
28669 272167 5 1 0
28669 272167 6 1 0
28669 272167 7 1 0
28669 272167 8 1 0
28669 272167 9 1 0
28669 272167 10 1 0
!leg 9304 61696 10 0 1 attackers:61696;victims:134783;type:3;valid_origin:True;recurrent:False;local:False
9304 61696 1 1 0
9304 61696 2 1 0
9304 61696 3 1 0
9304 61696 4 1 0
9304 61696 5 1 0
9304 61696 6 1 0
9304 61696 7 1 0
9304 61696 8 1 0
9304 61696 9 1 0
9304 61696 10 1 0
!sus 152900 214731 0 10 4 attackers:152900;victims:214731;type:1;valid_origin:True;recurrent:True;local:False
152900 214731 1 0 4
152900 214731 2 0 4
152900 214731 3 0 4
152900 214731 4 0 4
152900 214731 5 0 4
152900 214731 6 0 4
152900 214731 7 0 4
152900 214731 8 0 4
152900 214731 9 0 4
152900 214731 10 0 4
!sus 17561 35916 0 10 1 attackers:35916;victims:17561;type:1;valid_origin:True;recurrent:True;local:False
17561 35916 1 0 1
17561 35916 2 0 1
17561 35916 3 0 1
17561 35916 4 0 1
17561 35916 5 0 1
17561 35916 6 0 1
17561 35916 7 0 1
17561 35916 8 0 1
17561 35916 9 0 1
17561 35916 10 0 1
!sus 13023 29390 0 10 35 attackers:29390;victims:13023;type:1;valid_origin:True;recurrent:True;local:False
13023 29390 1 0 35
13023 29390 2 0 35
13023 29390 3 0 35
13023 29390 4 0 35
13023 29390 5 0 35
13023 29390 6 0 35
13023 29390 7 0 35
13023 29390 8 0 35
13023 29390 9 0 35
13023 29390 10 0 35
!sus 54113 270776 0 10 53 attackers:270776;victims:54113;type:1;valid_origin:True;recurrent:True;local:False
54113 270776 1 0 53
54113 270776 2 0 53
54113 270776 3 0 53
54113 270776 4 0 53
54113 270776 5 0 53
54113 270776 6 0 53
54113 270776 7 0 53
54113 270776 8 0 53
54113 270776 9 0 53
54113 270776 10 0 53
!sus 9425 151445 0 10 3 attackers:9425;victims:151445;type:1;valid_origin:True;recurrent:True;local:False
9425 151445 1 1 2
9425 151445 2 0 3
9425 151445 3 0 3
9425 151445 4 0 3
9425 151445 5 0 3
9425 151445 6 0 3
9425 151445 7 0 3
9425 151445 8 0 3
9425 151445 9 0 3
9425 151445 10 0 3
!leg 45905 134153 10 0 18 attackers:45905;victims:136266;type:2;valid_origin:True;recurrent:False;local:False
45905 134153 1 18 0
45905 134153 2 18 0
45905 134153 3 18 0
45905 134153 4 18 0
45905 134153 5 18 0
45905 134153 6 17 1
45905 134153 7 18 0
45905 134153 8 18 0
45905 134153 9 18 0
45905 134153 10 17 1
!sus 26617 269927 7 3 6 attackers:26617;victims:269927;type:1;valid_origin:True;recurrent:True;local:False
26617 269927 1 0 6
26617 269927 2 2 4
26617 269927 3 2 4
26617 269927 4 6 0
26617 269927 5 6 0
26617 269927 6 6 0
26617 269927 7 6 0
26617 269927 8 6 0
26617 269927 9 6 0
26617 269927 10 6 0
!sus 152900 200879 0 10 3 attackers:152900;victims:200879;type:1;valid_origin:True;recurrent:True;local:False
152900 200879 1 0 3
152900 200879 2 0 3
152900 200879 3 0 3
152900 200879 4 0 3
152900 200879 5 0 3
152900 200879 6 0 3
152900 200879 7 0 3
152900 200879 8 0 3
152900 200879 9 0 3
152900 200879 10 0 3
!sus 262663 268982 5 5 187 attackers:268982;victims:262663;type:1;valid_origin:True;recurrent:True;local:False
262663 268982 1 1 186
262663 268982 2 56 131
262663 268982 3 85 102
262663 268982 4 57 130
262663 268982 5 95 92
262663 268982 6 117 70
262663 268982 7 66 121
262663 268982 8 131 56
262663 268982 9 125 62
262663 268982 10 110 77
!sus 9341 142271 0 10 1 attackers:142271;victims:9341;type:1;valid_origin:True;recurrent:True;local:True
9341 142271 1 0 1
9341 142271 2 0 1
9341 142271 3 0 1
9341 142271 4 0 1
9341 142271 5 0 1
9341 142271 6 0 1
9341 142271 7 0 1
9341 142271 8 0 1
9341 142271 9 0 1
9341 142271 10 0 1
!sus 49276 58010 5 5 5 attackers:58010;victims:49276;type:1;valid_origin:True;recurrent:True;local:False
49276 58010 1 0 5
49276 58010 2 0 5
49276 58010 3 0 5
49276 58010 4 0 5
49276 58010 5 2 3
49276 58010 6 5 0
49276 58010 7 3 2
49276 58010 8 4 1
49276 58010 9 5 0
49276 58010 10 5 0
!sus 58052 199654 0 10 66 attackers:199654;victims:58052;type:1;valid_origin:True;recurrent:False;local:False
58052 199654 1 17 49
58052 199654 2 28 38
58052 199654 3 7 59
58052 199654 4 7 59
58052 199654 5 17 49
58052 199654 6 24 42
58052 199654 7 6 60
58052 199654 8 20 46
58052 199654 9 11 55
58052 199654 10 15 51
!leg 132602 139680 10 0 19 attackers:132602;victims:139680;type:1;valid_origin:True;recurrent:False;local:False
132602 139680 1 19 0
132602 139680 2 19 0
132602 139680 3 19 0
132602 139680 4 19 0
132602 139680 5 19 0
132602 139680 6 19 0
132602 139680 7 19 0
132602 139680 8 19 0
132602 139680 9 19 0
132602 139680 10 19 0
!sus 264320 268314 0 10 5 attackers:264320;victims:268314;type:1;valid_origin:True;recurrent:True;local:False
264320 268314 1 0 5
264320 268314 2 0 5
264320 268314 3 0 5
264320 268314 4 0 5
264320 268314 5 0 5
264320 268314 6 0 5
264320 268314 7 0 5
264320 268314 8 0 5
264320 268314 9 0 5
264320 268314 10 0 5
!leg 264806 265831 10 0 12 attackers:264806;victims:28120;type:2;valid_origin:True;recurrent:False;local:False
264806 265831 1 12 0
264806 265831 2 12 0
264806 265831 3 11 1
264806 265831 4 10 2
264806 265831 5 10 2
264806 265831 6 11 1
264806 265831 7 11 1
264806 265831 8 11 1
264806 265831 9 11 1
264806 265831 10 12 0
!leg 262589 272025 10 0 1 attackers:262589;victims:272025;type:1;valid_origin:True;recurrent:False;local:False
262589 272025 1 1 0
262589 272025 2 1 0
262589 272025 3 1 0
262589 272025 4 1 0
262589 272025 5 1 0
262589 272025 6 1 0
262589 272025 7 1 0
262589 272025 8 1 0
262589 272025 9 1 0
262589 272025 10 1 0
!leg 6939 152458 10 0 9 attackers:6939;victims:152458;type:1;valid_origin:True;recurrent:False;local:False
6939 152458 1 9 0
6939 152458 2 9 0
6939 152458 3 9 0
6939 152458 4 9 0
6939 152458 5 9 0
6939 152458 6 9 0
6939 152458 7 9 0
6939 152458 8 9 0
6939 152458 9 9 0
6939 152458 10 9 0
!leg 132602 136009 10 0 82 attackers:132602;victims:136009;type:1;valid_origin:True;recurrent:False;local:False
132602 136009 1 82 0
132602 136009 2 82 0
132602 136009 3 82 0
132602 136009 4 82 0
132602 136009 5 82 0
132602 136009 6 82 0
132602 136009 7 82 0
132602 136009 8 82 0
132602 136009 9 82 0
132602 136009 10 82 0
!leg 38712 132602 10 0 212 attackers:132602;victims:38712;type:1;valid_origin:True;recurrent:False;local:False
38712 132602 1 212 0
38712 132602 2 212 0
38712 132602 3 212 0
38712 132602 4 212 0
38712 132602 5 212 0
38712 132602 6 212 0
38712 132602 7 212 0
38712 132602 8 212 0
38712 132602 9 212 0
38712 132602 10 212 0
!leg 132602 140219 10 0 260 attackers:132602;victims:140219;type:1;valid_origin:True;recurrent:False;local:False
132602 140219 1 260 0
132602 140219 2 260 0
132602 140219 3 260 0
132602 140219 4 260 0
132602 140219 5 260 0
132602 140219 6 260 0
132602 140219 7 260 0
132602 140219 8 260 0
132602 140219 9 260 0
132602 140219 10 260 0
!sus 63293 133982 5 5 1 attackers:133982;victims:63293;type:1;valid_origin:True;recurrent:True;local:False
63293 133982 1 0 1
63293 133982 2 0 1
63293 133982 3 0 1
63293 133982 4 0 1
63293 133982 5 0 1
63293 133982 6 1 0
63293 133982 7 1 0
63293 133982 8 1 0
63293 133982 9 1 0
63293 133982 10 1 0
!leg 55406 132602 10 0 205 attackers:132602;victims:55406;type:1;valid_origin:True;recurrent:False;local:False
55406 132602 1 205 0
55406 132602 2 205 0
55406 132602 3 205 0
55406 132602 4 205 0
55406 132602 5 205 0
55406 132602 6 205 0
55406 132602 7 205 0
55406 132602 8 205 0
55406 132602 9 205 0
55406 132602 10 205 0
!sus 6424 141193 0 10 5 attackers:141193;victims:6424;type:1;valid_origin:True;recurrent:True;local:False
6424 141193 1 0 5
6424 141193 2 0 5
6424 141193 3 0 5
6424 141193 4 0 5
6424 141193 5 0 5
6424 141193 6 0 5
6424 141193 7 0 5
6424 141193 8 0 5
6424 141193 9 0 5
6424 141193 10 0 5
!sus 7303 64112 1 9 1 attackers:7303;victims:64112;type:1;valid_origin:True;recurrent:True;local:False
7303 64112 1 0 1
7303 64112 2 0 1
7303 64112 3 0 1
7303 64112 4 0 1
7303 64112 5 0 1
7303 64112 6 0 1
7303 64112 7 0 1
7303 64112 8 0 1
7303 64112 9 1 0
7303 64112 10 0 1
!sus 51202 60742 9 1 8 attackers:51202;victims:60742;type:1;valid_origin:True;recurrent:True;local:False
51202 60742 1 0 8
51202 60742 2 5 3
51202 60742 3 8 0
51202 60742 4 8 0
51202 60742 5 8 0
51202 60742 6 8 0
51202 60742 7 8 0
51202 60742 8 8 0
51202 60742 9 8 0
51202 60742 10 8 0
!leg 132602 140084 10 0 22 attackers:132602;victims:140084;type:1;valid_origin:True;recurrent:False;local:False
132602 140084 1 22 0
132602 140084 2 22 0
132602 140084 3 22 0
132602 140084 4 22 0
132602 140084 5 22 0
132602 140084 6 22 0
132602 140084 7 22 0
132602 140084 8 22 0
132602 140084 9 22 0
132602 140084 10 22 0
!sus 10233 44869 0 10 36 attackers:10233;victims:10233;type:2;valid_origin:True;recurrent:False;local:False
10233 44869 1 0 36
10233 44869 2 0 36
10233 44869 3 0 36
10233 44869 4 0 36
10233 44869 5 0 36
10233 44869 6 0 36
10233 44869 7 0 36
10233 44869 8 0 36
10233 44869 9 0 36
10233 44869 10 0 36
!sus 18229 203724 0 10 2 attackers:18229;victims:203724;type:1;valid_origin:True;recurrent:True;local:False
18229 203724 1 0 2
18229 203724 2 0 2
18229 203724 3 0 2
18229 203724 4 0 2
18229 203724 5 0 2
18229 203724 6 0 2
18229 203724 7 0 2
18229 203724 8 0 2
18229 203724 9 0 2
18229 203724 10 0 2
!sus 60171 329457 1 9 2 attackers:60171;victims:329457;type:1;valid_origin:True;recurrent:True;local:False
60171 329457 1 0 2
60171 329457 2 0 2
60171 329457 3 0 2
60171 329457 4 0 2
60171 329457 5 0 2
60171 329457 6 0 2
60171 329457 7 0 2
60171 329457 8 2 0
60171 329457 9 0 2
60171 329457 10 0 2
!sus 2 273535 0 10 216 attackers:273535;victims:2;type:1;valid_origin:True;recurrent:True;local:False
2 273535 1 1 215
2 273535 2 1 215
2 273535 3 1 215
2 273535 4 1 215
2 273535 5 1 215
2 273535 6 1 215
2 273535 7 1 215
2 273535 8 1 215
2 273535 9 1 215
2 273535 10 1 215
!sus 10233 12816 0 10 36 attackers:10233;victims:10233;type:2;valid_origin:True;recurrent:False;local:False
10233 12816 1 0 36
10233 12816 2 0 36
10233 12816 3 0 36
10233 12816 4 0 36
10233 12816 5 0 36
10233 12816 6 0 36
10233 12816 7 0 36
10233 12816 8 0 36
10233 12816 9 0 36
10233 12816 10 0 36
!sus 199717 214240 7 3 1 attackers:199717;victims:214240;type:1;valid_origin:True;recurrent:True;local:False
199717 214240 1 0 1
199717 214240 2 0 1
199717 214240 3 0 1
199717 214240 4 1 0
199717 214240 5 1 0
199717 214240 6 1 0
199717 214240 7 1 0
199717 214240 8 1 0
199717 214240 9 1 0
199717 214240 10 1 0
!leg 17469 133213 10 0 3 attackers:17469;victims:133213;type:1;valid_origin:True;recurrent:False;local:False
17469 133213 1 3 0
17469 133213 2 3 0
17469 133213 3 3 0
17469 133213 4 3 0
17469 133213 5 3 0
17469 133213 6 3 0
17469 133213 7 3 0
17469 133213 8 3 0
17469 133213 9 3 0
17469 133213 10 3 0
!leg 139224 139922 10 0 98 attackers:139922;victims:139224;type:1;valid_origin:True;recurrent:False;local:False
139224 139922 1 98 0
139224 139922 2 98 0
139224 139922 3 98 0
139224 139922 4 98 0
139224 139922 5 98 0
139224 139922 6 98 0
139224 139922 7 98 0
139224 139922 8 98 0
139224 139922 9 98 0
139224 139922 10 98 0
!sus 10233 61614 0 10 38 attackers:10233;victims:10233;type:2;valid_origin:True;recurrent:False;local:False
10233 61614 1 0 38
10233 61614 2 0 38
10233 61614 3 0 38
10233 61614 4 0 38
10233 61614 5 0 38
10233 61614 6 0 38
10233 61614 7 0 38
10233 61614 8 0 38
10233 61614 9 0 38
10233 61614 10 0 38
!sus 32787 201293 6 4 100 attackers:32787;victims:201293;type:1;valid_origin:True;recurrent:True;local:False
32787 201293 1 0 100
32787 201293 2 0 100
32787 201293 3 43 57
32787 201293 4 18 82
32787 201293 5 91 9
32787 201293 6 82 18
32787 201293 7 99 1
32787 201293 8 99 1
32787 201293 9 99 1
32787 201293 10 99 1
!sus 61138 62435 7 3 5 attackers:61138;victims:62435;type:1;valid_origin:True;recurrent:True;local:False
61138 62435 1 5 0
61138 62435 2 1 4
61138 62435 3 3 2
61138 62435 4 1 4
61138 62435 5 5 0
61138 62435 6 2 3
61138 62435 7 4 1
61138 62435 8 5 0
61138 62435 9 5 0
61138 62435 10 5 0
!sus 50053 51765 7 3 5 attackers:51765;victims:50053;type:1;valid_origin:True;recurrent:True;local:False
50053 51765 1 0 5
50053 51765 2 1 4
50053 51765 3 1 4
50053 51765 4 5 0
50053 51765 5 5 0
50053 51765 6 5 0
50053 51765 7 5 0
50053 51765 8 5 0
50053 51765 9 5 0
50053 51765 10 5 0
!leg 264118 270785 10 0 220 attackers:264118;victims:270785;type:1;valid_origin:True;recurrent:False;local:False
264118 270785 1 220 0
264118 270785 2 220 0
264118 270785 3 220 0
264118 270785 4 220 0
264118 270785 5 220 0
264118 270785 6 220 0
264118 270785 7 220 0
264118 270785 8 220 0
264118 270785 9 220 0
264118 270785 10 220 0
!sus 35313 212573 9 1 104 attackers:35313;victims:57324;type:4;valid_origin:True;recurrent:True;local:False
35313 212573 1 50 54
35313 212573 2 104 0
35313 212573 3 104 0
35313 212573 4 104 0
35313 212573 5 104 0
35313 212573 6 104 0
35313 212573 7 104 0
35313 212573 8 104 0
35313 212573 9 104 0
35313 212573 10 104 0
!sus 199275 206014 0 10 3 attackers:199275;victims:206014;type:1;valid_origin:True;recurrent:True;local:False
199275 206014 1 0 3
199275 206014 2 0 3
199275 206014 3 0 3
199275 206014 4 0 3
199275 206014 5 0 3
199275 206014 6 0 3
199275 206014 7 0 3
199275 206014 8 0 3
199275 206014 9 0 3
199275 206014 10 0 3
!sus 210233 213638 0 10 54 attackers:210233;victims:213638;type:1;valid_origin:True;recurrent:True;local:False
210233 213638 1 0 54
210233 213638 2 0 54
210233 213638 3 0 54
210233 213638 4 0 54
210233 213638 5 0 54
210233 213638 6 0 54
210233 213638 7 0 54
210233 213638 8 1 53
210233 213638 9 0 54
210233 213638 10 2 52
!leg 6204 31543 10 0 2 attackers:6204;victims:209934,31543;type:1,2;valid_origin:True;recurrent:False;local:False
6204 31543 1 2 0
6204 31543 2 2 0
6204 31543 3 2 0
6204 31543 4 2 0
6204 31543 5 2 0
6204 31543 6 2 0
6204 31543 7 2 0
6204 31543 8 2 0
6204 31543 9 2 0
6204 31543 10 2 0
!sus 25184 51396 4 6 123 attackers:51396;victims:214526;type:2;valid_origin:True;recurrent:False;local:False
25184 51396 1 0 123
25184 51396 2 0 123
25184 51396 3 0 123
25184 51396 4 75 48
25184 51396 5 0 123
25184 51396 6 43 80
25184 51396 7 4 119
25184 51396 8 123 0
25184 51396 9 123 0
25184 51396 10 123 0
!leg 58656 150341 10 0 268 attackers:58656;victims:150341;type:1;valid_origin:True;recurrent:False;local:False
58656 150341 1 268 0
58656 150341 2 268 0
58656 150341 3 268 0
58656 150341 4 268 0
58656 150341 5 268 0
58656 150341 6 268 0
58656 150341 7 268 0
58656 150341 8 268 0
58656 150341 9 268 0
58656 150341 10 268 0
!leg 211358 215828 10 0 1 attackers:211358;victims:140915;type:3;valid_origin:True;recurrent:False;local:False
211358 215828 1 1 0
211358 215828 2 1 0
211358 215828 3 1 0
211358 215828 4 1 0
211358 215828 5 1 0
211358 215828 6 1 0
211358 215828 7 1 0
211358 215828 8 1 0
211358 215828 9 1 0
211358 215828 10 1 0
!sus 33387 211358 0 10 366 attackers:33387;victims:211358,215536;type:1,2;valid_origin:True;recurrent:True;local:False
33387 211358 1 32 334
33387 211358 2 94 272
33387 211358 3 80 286
33387 211358 4 106 260
33387 211358 5 174 192
33387 211358 6 108 258
33387 211358 7 120 246
33387 211358 8 111 255
33387 211358 9 119 247
33387 211358 10 113 253
!leg 63932 132602 10 0 11 attackers:132602;victims:63932;type:1;valid_origin:True;recurrent:False;local:False
63932 132602 1 11 0
63932 132602 2 11 0
63932 132602 3 11 0
63932 132602 4 11 0
63932 132602 5 11 0
63932 132602 6 11 0
63932 132602 7 11 0
63932 132602 8 11 0
63932 132602 9 11 0
63932 132602 10 11 0
!leg 6939 140937 10 0 8 attackers:6939;victims:140937;type:1;valid_origin:True;recurrent:False;local:False
6939 140937 1 8 0
6939 140937 2 8 0
6939 140937 3 8 0
6939 140937 4 8 0
6939 140937 5 8 0
6939 140937 6 8 0
6939 140937 7 8 0
6939 140937 8 8 0
6939 140937 9 8 0
6939 140937 10 8 0
!sus 135905 139057 0 10 1 attackers:135905;victims:139057;type:1;valid_origin:True;recurrent:True;local:False
135905 139057 1 0 1
135905 139057 2 0 1
135905 139057 3 0 1
135905 139057 4 0 1
135905 139057 5 0 1
135905 139057 6 0 1
135905 139057 7 0 1
135905 139057 8 0 1
135905 139057 9 0 1
135905 139057 10 0 1
!sus 10233 138771 2 8 38 attackers:10233;victims:10233;type:2;valid_origin:True;recurrent:False;local:False
10233 138771 1 2 36
10233 138771 2 2 36
10233 138771 3 13 25
10233 138771 4 2 36
10233 138771 5 4 34
10233 138771 6 18 20
10233 138771 7 10 28
10233 138771 8 38 0
10233 138771 9 18 20
10233 138771 10 38 0
!sus 7470 26937 6 4 6 attackers:7470;victims:26937;type:1;valid_origin:True;recurrent:True;local:False
7470 26937 1 0 6
7470 26937 2 0 6
7470 26937 3 0 6
7470 26937 4 3 3
7470 26937 5 5 1
7470 26937 6 6 0
7470 26937 7 6 0
7470 26937 8 6 0
7470 26937 9 6 0
7470 26937 10 6 0
!leg 15169 61832 10 0 1 attackers:61832;victims:395973;type:2;valid_origin:True;recurrent:True;local:False
15169 61832 1 1 0
15169 61832 2 1 0
15169 61832 3 1 0
15169 61832 4 1 0
15169 61832 5 1 0
15169 61832 6 1 0
15169 61832 7 1 0
15169 61832 8 1 0
15169 61832 9 1 0
15169 61832 10 1 0
!sus 214271 396356 2 8 2 attackers:396356;victims:214271;type:1;valid_origin:True;recurrent:True;local:False
214271 396356 1 0 2
214271 396356 2 0 2
214271 396356 3 0 2
214271 396356 4 0 2
214271 396356 5 0 2
214271 396356 6 0 2
214271 396356 7 0 2
214271 396356 8 2 0
214271 396356 9 0 2
214271 396356 10 2 0
!leg 132602 151832 10 0 3 attackers:132602;victims:151832;type:1;valid_origin:True;recurrent:False;local:False
132602 151832 1 3 0
132602 151832 2 3 0
132602 151832 3 3 0
132602 151832 4 3 0
132602 151832 5 3 0
132602 151832 6 3 0
132602 151832 7 3 0
132602 151832 8 3 0
132602 151832 9 3 0
132602 151832 10 3 0
!sus 10233 31371 0 10 37 attackers:10233;victims:10233;type:2;valid_origin:True;recurrent:False;local:False
10233 31371 1 0 37
10233 31371 2 0 37
10233 31371 3 0 37
10233 31371 4 0 37
10233 31371 5 0 37
10233 31371 6 0 37
10233 31371 7 0 37
10233 31371 8 0 37
10233 31371 9 0 37
10233 31371 10 0 37
!leg 132602 138362 10 0 99 attackers:132602;victims:138362;type:1;valid_origin:True;recurrent:False;local:False
132602 138362 1 99 0
132602 138362 2 99 0
132602 138362 3 99 0
132602 138362 4 99 0
132602 138362 5 99 0
132602 138362 6 99 0
132602 138362 7 99 0
132602 138362 8 99 0
132602 138362 9 99 0
132602 138362 10 99 0
!sus 3303 29390 6 4 1 attackers:29390;victims:12654;type:4;valid_origin:True;recurrent:False;local:False
3303 29390 1 0 1
3303 29390 2 0 1
3303 29390 3 0 1
3303 29390 4 1 0
3303 29390 5 0 1
3303 29390 6 1 0
3303 29390 7 1 0
3303 29390 8 1 0
3303 29390 9 1 0
3303 29390 10 1 0
!sus 6939 213808 8 2 2 attackers:6939;victims:64433;type:2;valid_origin:True;recurrent:False;local:False
6939 213808 1 1 1
6939 213808 2 2 0
6939 213808 3 1 1
6939 213808 4 2 0
6939 213808 5 2 0
6939 213808 6 2 0
6939 213808 7 2 0
6939 213808 8 2 0
6939 213808 9 2 0
6939 213808 10 2 0
!leg 4657 216211 10 0 1 attackers:4657;victims:216211;type:1;valid_origin:True;recurrent:False;local:False
4657 216211 1 1 0
4657 216211 2 1 0
4657 216211 3 1 0
4657 216211 4 1 0
4657 216211 5 1 0
4657 216211 6 1 0
4657 216211 7 1 0
4657 216211 8 1 0
4657 216211 9 1 0
4657 216211 10 1 0
!leg 132602 137553 10 0 192 attackers:132602;victims:137553;type:1;valid_origin:True;recurrent:False;local:False
132602 137553 1 192 0
132602 137553 2 192 0
132602 137553 3 192 0
132602 137553 4 192 0
132602 137553 5 192 0
132602 137553 6 192 0
132602 137553 7 192 0
132602 137553 8 192 0
132602 137553 9 192 0
132602 137553 10 192 0
!leg 132602 152856 10 0 105 attackers:132602;victims:152856;type:1;valid_origin:True;recurrent:False;local:False
132602 152856 1 105 0
132602 152856 2 105 0
132602 152856 3 105 0
132602 152856 4 105 0
132602 152856 5 105 0
132602 152856 6 105 0
132602 152856 7 105 0
132602 152856 8 105 0
132602 152856 9 105 0
132602 152856 10 105 0
!sus 328543 400018 0 10 24 attackers:328543;victims:55933;type:2;valid_origin:True;recurrent:True;local:False
328543 400018 1 0 24
328543 400018 2 0 24
328543 400018 3 0 24
328543 400018 4 0 24
328543 400018 5 0 24
328543 400018 6 0 24
328543 400018 7 0 24
328543 400018 8 0 24
328543 400018 9 0 24
328543 400018 10 0 24
!leg 138192 149829 10 0 31 attackers:138192;victims:149829;type:1;valid_origin:True;recurrent:False;local:False
138192 149829 1 31 0
138192 149829 2 31 0
138192 149829 3 31 0
138192 149829 4 31 0
138192 149829 5 29 2
138192 149829 6 29 2
138192 149829 7 31 0
138192 149829 8 29 2
138192 149829 9 29 2
138192 149829 10 29 2
!sus 29049 50959 1 9 1 attackers:29049;victims:50959;type:1;valid_origin:True;recurrent:True;local:False
29049 50959 1 0 1
29049 50959 2 0 1
29049 50959 3 0 1
29049 50959 4 0 1
29049 50959 5 0 1
29049 50959 6 0 1
29049 50959 7 0 1
29049 50959 8 1 0
29049 50959 9 0 1
29049 50959 10 0 1
!sus 209735 401543 3 7 15 attackers:209735;victims:401543;type:1;valid_origin:True;recurrent:False;local:False
209735 401543 1 3 12
209735 401543 2 4 11
209735 401543 3 4 11
209735 401543 4 4 11
209735 401543 5 15 0
209735 401543 6 4 11
209735 401543 7 5 10
209735 401543 8 4 11
209735 401543 9 9 6
209735 401543 10 9 6
!leg 53061 266389 10 0 8 attackers:266389;victims:264490;type:2;valid_origin:True;recurrent:False;local:False
53061 266389 1 8 0
53061 266389 2 8 0
53061 266389 3 8 0
53061 266389 4 8 0
53061 266389 5 8 0
53061 266389 6 8 0
53061 266389 7 8 0
53061 266389 8 8 0
53061 266389 9 8 0
53061 266389 10 8 0
!leg 132602 141731 10 0 1089 attackers:132602;victims:137578,132438,135037,137023,135881,138170,149649,142058,149415,140934,149819,136248,139872,137197,136948,141446,142298,132869,141731,138582,137419,149281;type:1,2,3,4;valid_origin:False;recurrent:False;local:False
132602 141731 1 1089 0
132602 141731 2 1089 0
132602 141731 3 1089 0
132602 141731 4 1089 0
132602 141731 5 1089 0
132602 141731 6 1089 0
132602 141731 7 1089 0
132602 141731 8 1089 0
132602 141731 9 1089 0
132602 141731 10 1089 0
!leg 9441 139808 10 0 3 attackers:139808;victims:150434;type:2;valid_origin:True;recurrent:False;local:False
9441 139808 1 3 0
9441 139808 2 3 0
9441 139808 3 3 0
9441 139808 4 3 0
9441 139808 5 3 0
9441 139808 6 3 0
9441 139808 7 3 0
9441 139808 8 3 0
9441 139808 9 3 0
9441 139808 10 3 0
!sus 213725 216078 0 10 87 attackers:216078;victims:213725;type:1;valid_origin:True;recurrent:False;local:False
213725 216078 1 0 87
213725 216078 2 0 87
213725 216078 3 0 87
213725 216078 4 0 87
213725 216078 5 0 87
213725 216078 6 0 87
213725 216078 7 2 85
213725 216078 8 2 85
213725 216078 9 2 85
213725 216078 10 2 85
!sus 208972 213697 1 9 2 attackers:208972;victims:213697;type:1;valid_origin:True;recurrent:True;local:False
208972 213697 1 2 0
208972 213697 2 0 2
208972 213697 3 0 2
208972 213697 4 1 1
208972 213697 5 1 1
208972 213697 6 0 2
208972 213697 7 0 2
208972 213697 8 1 1
208972 213697 9 0 2
208972 213697 10 1 1
!leg 131686 132602 10 0 25 attackers:132602;victims:131686;type:1;valid_origin:True;recurrent:False;local:False
131686 132602 1 25 0
131686 132602 2 25 0
131686 132602 3 25 0
131686 132602 4 25 0
131686 132602 5 25 0
131686 132602 6 25 0
131686 132602 7 25 0
131686 132602 8 25 0
131686 132602 9 25 0
131686 132602 10 25 0
!sus 4 151555 0 10 6 attackers:151555;victims:4;type:1;valid_origin:False;recurrent:False;local:False
4 151555 1 0 6
4 151555 2 0 6
4 151555 3 0 6
4 151555 4 0 6
4 151555 5 0 6
4 151555 6 0 6
4 151555 7 0 6
4 151555 8 0 6
4 151555 9 0 6
4 151555 10 0 6
!leg 9002 397032 10 0 4 attackers:9002;victims:397032;type:1;valid_origin:False;recurrent:False;local:False
9002 397032 1 4 0
9002 397032 2 4 0
9002 397032 3 4 0
9002 397032 4 4 0
9002 397032 5 4 0
9002 397032 6 4 0
9002 397032 7 4 0
9002 397032 8 4 0
9002 397032 9 4 0
9002 397032 10 4 0
!sus 42298 214178 6 4 30 attackers:42298;victims:214178;type:1;valid_origin:True;recurrent:True;local:False
42298 214178 1 30 0
42298 214178 2 30 0
42298 214178 3 30 0
42298 214178 4 30 0
42298 214178 5 0 30
42298 214178 6 21 9
42298 214178 7 5 25
42298 214178 8 30 0
42298 214178 9 0 30
42298 214178 10 0 30
!sus 23520 27923 9 1 4 attackers:23520;victims:27923;type:1;valid_origin:True;recurrent:True;local:False
23520 27923 1 2 2
23520 27923 2 3 1
23520 27923 3 4 0
23520 27923 4 4 0
23520 27923 5 4 0
23520 27923 6 4 0
23520 27923 7 4 0
23520 27923 8 4 0
23520 27923 9 4 0
23520 27923 10 4 0
!leg 58813 132602 10 0 25 attackers:132602;victims:58813;type:1;valid_origin:True;recurrent:False;local:False
58813 132602 1 25 0
58813 132602 2 25 0
58813 132602 3 25 0
58813 132602 4 25 0
58813 132602 5 25 0
58813 132602 6 25 0
58813 132602 7 25 0
58813 132602 8 25 0
58813 132602 9 25 0
58813 132602 10 25 0
!leg 132602 135310 10 0 101 attackers:132602;victims:135310;type:1;valid_origin:True;recurrent:False;local:False
132602 135310 1 101 0
132602 135310 2 101 0
132602 135310 3 101 0
132602 135310 4 101 0
132602 135310 5 101 0
132602 135310 6 101 0
132602 135310 7 101 0
132602 135310 8 101 0
132602 135310 9 101 0
132602 135310 10 101 0
!sus 10233 262191 0 10 39 attackers:10233;victims:10233;type:2;valid_origin:True;recurrent:False;local:False
10233 262191 1 0 39
10233 262191 2 0 39
10233 262191 3 0 39
10233 262191 4 0 39
10233 262191 5 0 39
10233 262191 6 0 39
10233 262191 7 0 39
10233 262191 8 0 39
10233 262191 9 0 39
10233 262191 10 0 39
!leg 38758 141898 10 0 85 attackers:141898;victims:141576;type:6;valid_origin:True;recurrent:False;local:False
38758 141898 1 85 0
38758 141898 2 85 0
38758 141898 3 85 0
38758 141898 4 85 0
38758 141898 5 85 0
38758 141898 6 85 0
38758 141898 7 85 0
38758 141898 8 85 0
38758 141898 9 85 0
38758 141898 10 85 0
!sus 213737 215242 0 10 1 attackers:213737;victims:215242;type:1;valid_origin:True;recurrent:True;local:False
213737 215242 1 0 1
213737 215242 2 0 1
213737 215242 3 0 1
213737 215242 4 0 1
213737 215242 5 0 1
213737 215242 6 0 1
213737 215242 7 0 1
213737 215242 8 0 1
213737 215242 9 0 1
213737 215242 10 0 1
!leg 35280 140937 10 0 1 attackers:35280;victims:140937;type:1;valid_origin:True;recurrent:False;local:False
35280 140937 1 1 0
35280 140937 2 1 0
35280 140937 3 1 0
35280 140937 4 1 0
35280 140937 5 1 0
35280 140937 6 1 0
35280 140937 7 1 0
35280 140937 8 1 0
35280 140937 9 1 0
35280 140937 10 1 0
!leg 138482 139036 10 0 2 attackers:138482;victims:139036;type:1;valid_origin:True;recurrent:False;local:False
138482 139036 1 2 0
138482 139036 2 2 0
138482 139036 3 2 0
138482 139036 4 2 0
138482 139036 5 2 0
138482 139036 6 2 0
138482 139036 7 2 0
138482 139036 8 2 0
138482 139036 9 2 0
138482 139036 10 2 0
!leg 12695 61696 10 0 1 attackers:61696;victims:201186;type:2;valid_origin:True;recurrent:False;local:False
12695 61696 1 1 0
12695 61696 2 1 0
12695 61696 3 1 0
12695 61696 4 1 0
12695 61696 5 1 0
12695 61696 6 1 0
12695 61696 7 1 0
12695 61696 8 1 0
12695 61696 9 1 0
12695 61696 10 1 0
!leg 17806 138412 10 0 46 attackers:17806;victims:138412;type:1;valid_origin:True;recurrent:False;local:False
17806 138412 1 46 0
17806 138412 2 46 0
17806 138412 3 46 0
17806 138412 4 46 0
17806 138412 5 46 0
17806 138412 6 46 0
17806 138412 7 46 0
17806 138412 8 46 0
17806 138412 9 46 0
17806 138412 10 46 0
!sus 60539 137933 0 10 130 attackers:60539;victims:137933;type:1;valid_origin:True;recurrent:True;local:False
60539 137933 1 29 101
60539 137933 2 0 130
60539 137933 3 0 130
60539 137933 4 0 130
60539 137933 5 0 130
60539 137933 6 0 130
60539 137933 7 0 130
60539 137933 8 0 130
60539 137933 9 0 130
60539 137933 10 0 130
!leg 38614 132602 10 0 91 attackers:132602;victims:38614,38011;type:1,2;valid_origin:True;recurrent:False;local:False
38614 132602 1 91 0
38614 132602 2 91 0
38614 132602 3 91 0
38614 132602 4 91 0
38614 132602 5 91 0
38614 132602 6 91 0
38614 132602 7 91 0
38614 132602 8 91 0
38614 132602 9 91 0
38614 132602 10 91 0
!sus 15830 59204 1 9 17 attackers:15830;victims:59204;type:1;valid_origin:True;recurrent:True;local:False
15830 59204 1 0 17
15830 59204 2 3 14
15830 59204 3 0 17
15830 59204 4 5 12
15830 59204 5 5 12
15830 59204 6 5 12
15830 59204 7 5 12
15830 59204 8 5 12
15830 59204 9 5 12
15830 59204 10 9 8
!sus 6762 9829 6 4 51 attackers:6762;victims:135139,133287,9829;type:1,2;valid_origin:True;recurrent:True;local:False
6762 9829 1 15 36
6762 9829 2 7 44
6762 9829 3 19 32
6762 9829 4 25 26
6762 9829 5 26 25
6762 9829 6 35 16
6762 9829 7 28 23
6762 9829 8 28 23
6762 9829 9 36 15
6762 9829 10 36 15
!leg 64063 132602 10 0 38 attackers:132602;victims:64063;type:1;valid_origin:True;recurrent:False;local:False
64063 132602 1 38 0
64063 132602 2 38 0
64063 132602 3 38 0
64063 132602 4 38 0
64063 132602 5 38 0
64063 132602 6 38 0
64063 132602 7 38 0
64063 132602 8 38 0
64063 132602 9 38 0
64063 132602 10 38 0
!sus 19905 22894 8 2 10 attackers:19905;victims:22894;type:1;valid_origin:True;recurrent:True;local:False
19905 22894 1 0 10
19905 22894 2 5 5
19905 22894 3 6 4
19905 22894 4 7 3
19905 22894 5 7 3
19905 22894 6 8 2
19905 22894 7 9 1
19905 22894 8 9 1
19905 22894 9 10 0
19905 22894 10 9 1
!leg 23470 400298 10 0 22 attackers:23470;victims:400298;type:1;valid_origin:True;recurrent:False;local:False
23470 400298 1 22 0
23470 400298 2 22 0
23470 400298 3 22 0
23470 400298 4 22 0
23470 400298 5 22 0
23470 400298 6 22 0
23470 400298 7 22 0
23470 400298 8 22 0
23470 400298 9 22 0
23470 400298 10 22 0
!sus 9425 151459 0 10 4 attackers:9425;victims:151459;type:1;valid_origin:True;recurrent:True;local:False
9425 151459 1 1 3
9425 151459 2 0 4
9425 151459 3 0 4
9425 151459 4 0 4
9425 151459 5 0 4
9425 151459 6 0 4
9425 151459 7 0 4
9425 151459 8 0 4
9425 151459 9 0 4
9425 151459 10 0 4
!sus 44324 59105 0 10 1 attackers:59105;victims:44324;type:1;valid_origin:True;recurrent:True;local:False
44324 59105 1 0 1
44324 59105 2 0 1
44324 59105 3 0 1
44324 59105 4 0 1
44324 59105 5 0 1
44324 59105 6 0 1
44324 59105 7 0 1
44324 59105 8 0 1
44324 59105 9 0 1
44324 59105 10 0 1
!leg 132602 137385 10 0 8 attackers:132602;victims:137385,135098;type:1,2;valid_origin:True;recurrent:False;local:False
132602 137385 1 8 0
132602 137385 2 8 0
132602 137385 3 8 0
132602 137385 4 8 0
132602 137385 5 8 0
132602 137385 6 8 0
132602 137385 7 8 0
132602 137385 8 8 0
132602 137385 9 8 0
132602 137385 10 8 0
!sus 1221 60068 3 7 3 attackers:1221;victims:60068;type:1;valid_origin:True;recurrent:True;local:False
1221 60068 1 3 0
1221 60068 2 0 3
1221 60068 3 0 3
1221 60068 4 1 2
1221 60068 5 0 3
1221 60068 6 2 1
1221 60068 7 2 1
1221 60068 8 1 2
1221 60068 9 0 3
1221 60068 10 1 2
!leg 135613 137967 10 0 1 attackers:137967;victims:135613;type:1;valid_origin:True;recurrent:False;local:False
135613 137967 1 1 0
135613 137967 2 1 0
135613 137967 3 1 0
135613 137967 4 1 0
135613 137967 5 1 0
135613 137967 6 1 0
135613 137967 7 1 0
135613 137967 8 1 0
135613 137967 9 1 0
135613 137967 10 1 0
!sus 1 141978 0 10 9 attackers:141978;victims:1;type:1;valid_origin:False;recurrent:False;local:False
1 141978 1 0 9
1 141978 2 0 9
1 141978 3 0 9
1 141978 4 0 9
1 141978 5 0 9
1 141978 6 0 9
1 141978 7 0 9
1 141978 8 0 9
1 141978 9 0 9
1 141978 10 0 9
!leg 132602 150747 10 0 12 attackers:132602;victims:150747;type:1;valid_origin:True;recurrent:False;local:False
132602 150747 1 12 0
132602 150747 2 12 0
132602 150747 3 12 0
132602 150747 4 12 0
132602 150747 5 12 0
132602 150747 6 12 0
132602 150747 7 12 0
132602 150747 8 12 0
132602 150747 9 12 0
132602 150747 10 12 0
!leg 132602 137515 10 0 75 attackers:132602;victims:137515;type:1;valid_origin:True;recurrent:False;local:False
132602 137515 1 75 0
132602 137515 2 75 0
132602 137515 3 75 0
132602 137515 4 75 0
132602 137515 5 75 0
132602 137515 6 75 0
132602 137515 7 75 0
132602 137515 8 75 0
132602 137515 9 75 0
132602 137515 10 75 0
!sus 9425 151454 0 10 4 attackers:9425;victims:151454;type:1;valid_origin:True;recurrent:True;local:False
9425 151454 1 1 3
9425 151454 2 0 4
9425 151454 3 0 4
9425 151454 4 0 4
9425 151454 5 0 4
9425 151454 6 0 4
9425 151454 7 0 4
9425 151454 8 0 4
9425 151454 9 0 4
9425 151454 10 0 4
!sus 10233 31463 0 10 36 attackers:10233;victims:10233;type:2;valid_origin:True;recurrent:False;local:False
10233 31463 1 0 36
10233 31463 2 0 36
10233 31463 3 0 36
10233 31463 4 0 36
10233 31463 5 0 36
10233 31463 6 0 36
10233 31463 7 0 36
10233 31463 8 0 36
10233 31463 9 0 36
10233 31463 10 0 36
!sus 33659 51896 0 10 2 attackers:33659;victims:60539;type:3;valid_origin:True;recurrent:True;local:False
33659 51896 1 0 2
33659 51896 2 0 2
33659 51896 3 0 2
33659 51896 4 0 2
33659 51896 5 0 2
33659 51896 6 0 2
33659 51896 7 0 2
33659 51896 8 0 2
33659 51896 9 0 2
33659 51896 10 0 2
!leg 8781 22822 10 0 1 attackers:8781;victims:19905;type:2;valid_origin:True;recurrent:False;local:False
8781 22822 1 1 0
8781 22822 2 1 0
8781 22822 3 1 0
8781 22822 4 1 0
8781 22822 5 1 0
8781 22822 6 1 0
8781 22822 7 1 0
8781 22822 8 1 0
8781 22822 9 1 0
8781 22822 10 1 0
!leg 41051 49752 10 0 266 attackers:41051;victims:49752;type:1;valid_origin:False;recurrent:False;local:False
41051 49752 1 233 33
41051 49752 2 266 0
41051 49752 3 262 4
41051 49752 4 266 0
41051 49752 5 266 0
41051 49752 6 266 0
41051 49752 7 266 0
41051 49752 8 266 0
41051 49752 9 266 0
41051 49752 10 266 0
!sus 7843 398465 7 3 3 attackers:7843;victims:399296,398465;type:1,2;valid_origin:True;recurrent:True;local:False
7843 398465 1 2 1
7843 398465 2 1 2
7843 398465 3 2 1
7843 398465 4 1 2
7843 398465 5 1 2
7843 398465 6 2 1
7843 398465 7 2 1
7843 398465 8 2 1
7843 398465 9 2 1
7843 398465 10 2 1
!leg 132602 135030 10 0 82 attackers:132602;victims:135030;type:1;valid_origin:True;recurrent:False;local:False
132602 135030 1 82 0
132602 135030 2 82 0
132602 135030 3 82 0
132602 135030 4 82 0
132602 135030 5 82 0
132602 135030 6 82 0
132602 135030 7 82 0
132602 135030 8 82 0
132602 135030 9 82 0
132602 135030 10 82 0
!leg 132602 138575 10 0 135 attackers:132602;victims:137985,138575;type:1,2;valid_origin:True;recurrent:False;local:False
132602 138575 1 135 0
132602 138575 2 135 0
132602 138575 3 135 0
132602 138575 4 135 0
132602 138575 5 135 0
132602 138575 6 135 0
132602 138575 7 135 0
132602 138575 8 125 10
132602 138575 9 135 0
132602 138575 10 135 0
!sus 10233 39397 0 10 37 attackers:10233;victims:10233;type:2;valid_origin:True;recurrent:False;local:False
10233 39397 1 0 37
10233 39397 2 0 37
10233 39397 3 0 37
10233 39397 4 0 37
10233 39397 5 0 37
10233 39397 6 0 37
10233 39397 7 0 37
10233 39397 8 0 37
10233 39397 9 0 37
10233 39397 10 0 37
!sus 9425 151449 0 10 4 attackers:9425;victims:151449;type:1;valid_origin:True;recurrent:True;local:False
9425 151449 1 1 3
9425 151449 2 0 4
9425 151449 3 0 4
9425 151449 4 0 4
9425 151449 5 0 4
9425 151449 6 0 4
9425 151449 7 0 4
9425 151449 8 0 4
9425 151449 9 0 4
9425 151449 10 0 4
!sus 9425 151458 0 10 4 attackers:9425;victims:151458;type:1;valid_origin:True;recurrent:True;local:False
9425 151458 1 1 3
9425 151458 2 0 4
9425 151458 3 0 4
9425 151458 4 0 4
9425 151458 5 0 4
9425 151458 6 0 4
9425 151458 7 0 4
9425 151458 8 0 4
9425 151458 9 0 4
9425 151458 10 0 4
!leg 264120 266204 10 0 60 attackers:264120;victims:266204;type:1;valid_origin:True;recurrent:False;local:False
264120 266204 1 60 0
264120 266204 2 60 0
264120 266204 3 60 0
264120 266204 4 60 0
264120 266204 5 60 0
264120 266204 6 60 0
264120 266204 7 60 0
264120 266204 8 60 0
264120 266204 9 60 0
264120 266204 10 60 0
!sus 8193 10233 0 10 37 attackers:10233;victims:10233;type:2;valid_origin:True;recurrent:False;local:False
8193 10233 1 0 37
8193 10233 2 0 37
8193 10233 3 0 37
8193 10233 4 0 37
8193 10233 5 0 37
8193 10233 6 0 37
8193 10233 7 0 37
8193 10233 8 0 37
8193 10233 9 0 37
8193 10233 10 0 37
!leg 53065 262808 10 0 1 attackers:53065;victims:262808;type:1;valid_origin:True;recurrent:False;local:False
53065 262808 1 1 0
53065 262808 2 1 0
53065 262808 3 1 0
53065 262808 4 1 0
53065 262808 5 1 0
53065 262808 6 1 0
53065 262808 7 1 0
53065 262808 8 1 0
53065 262808 9 1 0
53065 262808 10 1 0
!sus 272073 273909 7 3 5 attackers:272073;victims:273909;type:1;valid_origin:True;recurrent:True;local:False
272073 273909 1 5 0
272073 273909 2 5 0
272073 273909 3 5 0
272073 273909 4 5 0
272073 273909 5 0 5
272073 273909 6 4 1
272073 273909 7 1 4
272073 273909 8 5 0
272073 273909 9 0 5
272073 273909 10 3 2
!leg 16276 61696 10 0 1 attackers:61696;victims:42553;type:2;valid_origin:True;recurrent:True;local:False
16276 61696 1 1 0
16276 61696 2 1 0
16276 61696 3 1 0
16276 61696 4 1 0
16276 61696 5 1 0
16276 61696 6 1 0
16276 61696 7 1 0
16276 61696 8 1 0
16276 61696 9 1 0
16276 61696 10 1 0
!leg 131247 132602 10 0 189 attackers:132602;victims:152473,131247;type:1,4;valid_origin:True;recurrent:False;local:False
131247 132602 1 189 0
131247 132602 2 189 0
131247 132602 3 189 0
131247 132602 4 189 0
131247 132602 5 189 0
131247 132602 6 189 0
131247 132602 7 189 0
131247 132602 8 189 0
131247 132602 9 189 0
131247 132602 10 189 0
!sus 41051 213758 0 10 2 attackers:41051;victims:213758;type:1;valid_origin:True;recurrent:True;local:False
41051 213758 1 0 2
41051 213758 2 0 2
41051 213758 3 0 2
41051 213758 4 0 2
41051 213758 5 0 2
41051 213758 6 0 2
41051 213758 7 0 2
41051 213758 8 1 1
41051 213758 9 0 2
41051 213758 10 0 2
!sus 202425 214295 0 10 2 attackers:202425;victims:214295;type:1;valid_origin:True;recurrent:True;local:False
202425 214295 1 0 2
202425 214295 2 0 2
202425 214295 3 0 2
202425 214295 4 0 2
202425 214295 5 0 2
202425 214295 6 0 2
202425 214295 7 0 2
202425 214295 8 0 2
202425 214295 9 0 2
202425 214295 10 0 2
!leg 132602 135654 10 0 91 attackers:132602;victims:140244,135654;type:1,2;valid_origin:True;recurrent:False;local:False
132602 135654 1 91 0
132602 135654 2 91 0
132602 135654 3 91 0
132602 135654 4 91 0
132602 135654 5 91 0
132602 135654 6 91 0
132602 135654 7 91 0
132602 135654 8 91 0
132602 135654 9 91 0
132602 135654 10 91 0
!leg 132602 138534 10 0 76 attackers:132602;victims:138534;type:1;valid_origin:True;recurrent:False;local:False
132602 138534 1 76 0
132602 138534 2 76 0
132602 138534 3 76 0
132602 138534 4 76 0
132602 138534 5 76 0
132602 138534 6 76 0
132602 138534 7 76 0
132602 138534 8 76 0
132602 138534 9 76 0
132602 138534 10 76 0
!leg 132602 140093 10 0 38 attackers:132602;victims:140093;type:1;valid_origin:True;recurrent:False;local:False
132602 140093 1 38 0
132602 140093 2 38 0
132602 140093 3 38 0
132602 140093 4 38 0
132602 140093 5 38 0
132602 140093 6 38 0
132602 140093 7 38 0
132602 140093 8 38 0
132602 140093 9 38 0
132602 140093 10 38 0
!leg 132602 134113 10 0 22 attackers:132602;victims:134113,133070;type:1,2;valid_origin:True;recurrent:False;local:False
132602 134113 1 22 0
132602 134113 2 22 0
132602 134113 3 22 0
132602 134113 4 22 0
132602 134113 5 22 0
132602 134113 6 22 0
132602 134113 7 22 0
132602 134113 8 22 0
132602 134113 9 22 0
132602 134113 10 22 0
!sus 9812 146762 0 10 9 attackers:146762;victims:9812;type:1;valid_origin:True;recurrent:True;local:False
9812 146762 1 0 9
9812 146762 2 0 9
9812 146762 3 0 9
9812 146762 4 0 9
9812 146762 5 0 9
9812 146762 6 0 9
9812 146762 7 0 9
9812 146762 8 0 9
9812 146762 9 0 9
9812 146762 10 1 8
!sus 10233 266583 0 10 36 attackers:10233;victims:10233;type:2;valid_origin:True;recurrent:False;local:False
10233 266583 1 0 36
10233 266583 2 0 36
10233 266583 3 0 36
10233 266583 4 0 36
10233 266583 5 0 36
10233 266583 6 0 36
10233 266583 7 0 36
10233 266583 8 0 36
10233 266583 9 0 36
10233 266583 10 0 36
!leg 59340 132602 10 0 96 attackers:132602;victims:59340;type:1;valid_origin:True;recurrent:False;local:False
59340 132602 1 96 0
59340 132602 2 96 0
59340 132602 3 96 0
59340 132602 4 96 0
59340 132602 5 96 0
59340 132602 6 96 0
59340 132602 7 96 0
59340 132602 8 96 0
59340 132602 9 96 0
59340 132602 10 96 0
!leg 39351 213929 10 0 1 attackers:39351;victims:213929;type:1;valid_origin:True;recurrent:False;local:True
39351 213929 1 1 0
39351 213929 2 1 0
39351 213929 3 1 0
39351 213929 4 1 0
39351 213929 5 1 0
39351 213929 6 1 0
39351 213929 7 1 0
39351 213929 8 1 0
39351 213929 9 1 0
39351 213929 10 1 0
!sus 9425 151444 0 10 4 attackers:9425;victims:151444;type:1;valid_origin:True;recurrent:True;local:False
9425 151444 1 1 3
9425 151444 2 0 4
9425 151444 3 0 4
9425 151444 4 0 4
9425 151444 5 0 4
9425 151444 6 0 4
9425 151444 7 0 4
9425 151444 8 0 4
9425 151444 9 0 4
9425 151444 10 0 4
!sus 9425 151453 0 10 4 attackers:9425;victims:151453;type:1;valid_origin:True;recurrent:True;local:False
9425 151453 1 1 3
9425 151453 2 0 4
9425 151453 3 0 4
9425 151453 4 0 4
9425 151453 5 0 4
9425 151453 6 0 4
9425 151453 7 0 4
9425 151453 8 0 4
9425 151453 9 0 4
9425 151453 10 0 4
!sus 9425 151462 0 10 3 attackers:9425;victims:151462;type:1;valid_origin:True;recurrent:True;local:False
9425 151462 1 1 2
9425 151462 2 0 3
9425 151462 3 0 3
9425 151462 4 0 3
9425 151462 5 0 3
9425 151462 6 0 3
9425 151462 7 0 3
9425 151462 8 0 3
9425 151462 9 0 3
9425 151462 10 0 3
!leg 132602 140906 10 0 21 attackers:132602;victims:140906;type:1;valid_origin:True;recurrent:False;local:False
132602 140906 1 21 0
132602 140906 2 21 0
132602 140906 3 21 0
132602 140906 4 21 0
132602 140906 5 21 0
132602 140906 6 21 0
132602 140906 7 21 0
132602 140906 8 21 0
132602 140906 9 21 0
132602 140906 10 21 0
!sus 13004 44477 0 10 3 attackers:13004;victims:44477;type:1;valid_origin:True;recurrent:True;local:False
13004 44477 1 0 3
13004 44477 2 0 3
13004 44477 3 0 3
13004 44477 4 0 3
13004 44477 5 0 3
13004 44477 6 0 3
13004 44477 7 0 3
13004 44477 8 0 3
13004 44477 9 0 3
13004 44477 10 0 3
!sus 52758 274660 7 3 5 attackers:52758;victims:274660;type:1;valid_origin:True;recurrent:True;local:False
52758 274660 1 5 0
52758 274660 2 5 0
52758 274660 3 5 0
52758 274660 4 5 0
52758 274660 5 0 5
52758 274660 6 4 1
52758 274660 7 4 1
52758 274660 8 5 0
52758 274660 9 0 5
52758 274660 10 0 5
!leg 13335 48112 10 0 1 attackers:48112;victims:112;type:2;valid_origin:True;recurrent:False;local:False
13335 48112 1 1 0
13335 48112 2 1 0
13335 48112 3 1 0
13335 48112 4 1 0
13335 48112 5 1 0
13335 48112 6 1 0
13335 48112 7 1 0
13335 48112 8 1 0
13335 48112 9 1 0
13335 48112 10 1 0
!sus 210233 213647 1 9 1 attackers:210233;victims:213647;type:1;valid_origin:True;recurrent:False;local:False
210233 213647 1 0 1
210233 213647 2 0 1
210233 213647 3 0 1
210233 213647 4 0 1
210233 213647 5 0 1
210233 213647 6 0 1
210233 213647 7 0 1
210233 213647 8 0 1
210233 213647 9 0 1
210233 213647 10 1 0
!sus 10 151555 0 10 4 attackers:151555;victims:10;type:1;valid_origin:False;recurrent:False;local:False
10 151555 1 0 4
10 151555 2 0 4
10 151555 3 2 2
10 151555 4 2 2
10 151555 5 2 2
10 151555 6 2 2
10 151555 7 2 2
10 151555 8 2 2
10 151555 9 2 2
10 151555 10 2 2
!sus 54994 55410 0 10 3 attackers:55410;victims:54994;type:1;valid_origin:True;recurrent:True;local:False
54994 55410 1 0 3
54994 55410 2 0 3
54994 55410 3 0 3
54994 55410 4 0 3
54994 55410 5 0 3
54994 55410 6 0 3
54994 55410 7 0 3
54994 55410 8 0 3
54994 55410 9 0 3
54994 55410 10 0 3
!leg 58629 138638 10 0 60 attackers:58629;victims:138638;type:1;valid_origin:True;recurrent:False;local:False
58629 138638 1 60 0
58629 138638 2 60 0
58629 138638 3 60 0
58629 138638 4 60 0
58629 138638 5 60 0
58629 138638 6 60 0
58629 138638 7 60 0
58629 138638 8 60 0
58629 138638 9 60 0
58629 138638 10 60 0
!sus 209533 213928 4 6 139 attackers:209533;victims:213928;type:1;valid_origin:True;recurrent:True;local:False
209533 213928 1 13 126
209533 213928 2 14 125
209533 213928 3 28 111
209533 213928 4 29 110
209533 213928 5 63 76
209533 213928 6 38 101
209533 213928 7 137 2
209533 213928 8 135 4
209533 213928 9 139 0
209533 213928 10 139 0
!leg 132602 133034 10 0 61 attackers:132602;victims:133034;type:1;valid_origin:True;recurrent:False;local:False
132602 133034 1 61 0
132602 133034 2 61 0
132602 133034 3 61 0
132602 133034 4 61 0
132602 133034 5 61 0
132602 133034 6 61 0
132602 133034 7 61 0
132602 133034 8 61 0
132602 133034 9 61 0
132602 133034 10 61 0
!leg 132602 136435 10 0 84 attackers:132602;victims:136435,147314;type:1,2;valid_origin:True;recurrent:False;local:False
132602 136435 1 84 0
132602 136435 2 84 0
132602 136435 3 84 0
132602 136435 4 84 0
132602 136435 5 84 0
132602 136435 6 84 0
132602 136435 7 84 0
132602 136435 8 84 0
132602 136435 9 84 0
132602 136435 10 84 0
!sus 9425 151448 0 10 4 attackers:9425;victims:151448;type:1;valid_origin:True;recurrent:True;local:False
9425 151448 1 1 3
9425 151448 2 0 4
9425 151448 3 0 4
9425 151448 4 0 4
9425 151448 5 0 4
9425 151448 6 0 4
9425 151448 7 0 4
9425 151448 8 0 4
9425 151448 9 0 4
9425 151448 10 0 4
!sus 9425 151457 0 10 4 attackers:9425;victims:151457;type:1;valid_origin:True;recurrent:True;local:False
9425 151457 1 1 3
9425 151457 2 0 4
9425 151457 3 0 4
9425 151457 4 0 4
9425 151457 5 0 4
9425 151457 6 0 4
9425 151457 7 0 4
9425 151457 8 0 4
9425 151457 9 0 4
9425 151457 10 0 4
!sus 132602 138915 7 3 91 attackers:132602;victims:138915,63139;type:1,2;valid_origin:True;recurrent:False;local:False
132602 138915 1 19 72
132602 138915 2 20 71
132602 138915 3 37 54
132602 138915 4 61 30
132602 138915 5 68 23
132602 138915 6 73 18
132602 138915 7 75 16
132602 138915 8 86 5
132602 138915 9 89 2
132602 138915 10 86 5
!sus 31529 270776 1 9 1 attackers:270776;victims:25354;type:2;valid_origin:True;recurrent:True;local:False
31529 270776 1 0 1
31529 270776 2 0 1
31529 270776 3 0 1
31529 270776 4 0 1
31529 270776 5 0 1
31529 270776 6 0 1
31529 270776 7 0 1
31529 270776 8 0 1
31529 270776 9 0 1
31529 270776 10 1 0
!leg 2200 39386 10 0 1 attackers:39386;victims:200259;type:2;valid_origin:True;recurrent:False;local:False
2200 39386 1 1 0
2200 39386 2 1 0
2200 39386 3 1 0
2200 39386 4 1 0
2200 39386 5 1 0
2200 39386 6 1 0
2200 39386 7 1 0
2200 39386 8 1 0
2200 39386 9 1 0
2200 39386 10 1 0
!leg 132602 137868 10 0 260 attackers:132602;victims:137868,149414,140600;type:1,2;valid_origin:True;recurrent:False;local:False
132602 137868 1 260 0
132602 137868 2 260 0
132602 137868 3 260 0
132602 137868 4 260 0
132602 137868 5 260 0
132602 137868 6 260 0
132602 137868 7 260 0
132602 137868 8 246 14
132602 137868 9 260 0
132602 137868 10 260 0
!leg 24538 59282 10 0 99 attackers:59282;victims:59282;type:3,4,5;valid_origin:True;recurrent:False;local:False
24538 59282 1 99 0
24538 59282 2 99 0
24538 59282 3 99 0
24538 59282 4 99 0
24538 59282 5 99 0
24538 59282 6 99 0
24538 59282 7 99 0
24538 59282 8 99 0
24538 59282 9 99 0
24538 59282 10 99 0
!sus 57304 397032 9 1 1 attackers:57304;victims:397032;type:1;valid_origin:False;recurrent:False;local:False
57304 397032 1 0 1
57304 397032 2 1 0
57304 397032 3 1 0
57304 397032 4 1 0
57304 397032 5 1 0
57304 397032 6 1 0
57304 397032 7 1 0
57304 397032 8 1 0
57304 397032 9 1 0
57304 397032 10 1 0
!sus 2 151555 0 10 1 attackers:151555;victims:2;type:1;valid_origin:False;recurrent:True;local:False
2 151555 1 0 1
2 151555 2 0 1
2 151555 3 0 1
2 151555 4 0 1
2 151555 5 0 1
2 151555 6 0 1
2 151555 7 0 1
2 151555 8 0 1
2 151555 9 0 1
2 151555 10 0 1
!leg 4826 133943 10 0 35 attackers:4826;victims:133943;type:1;valid_origin:True;recurrent:False;local:False
4826 133943 1 33 2
4826 133943 2 34 1
4826 133943 3 34 1
4826 133943 4 35 0
4826 133943 5 35 0
4826 133943 6 35 0
4826 133943 7 35 0
4826 133943 8 35 0
4826 133943 9 35 0
4826 133943 10 35 0
!leg 132602 136156 10 0 67 attackers:132602;victims:136156;type:1;valid_origin:True;recurrent:False;local:False
132602 136156 1 67 0
132602 136156 2 67 0
132602 136156 3 67 0
132602 136156 4 67 0
132602 136156 5 67 0
132602 136156 6 67 0
132602 136156 7 67 0
132602 136156 8 67 0
132602 136156 9 67 0
132602 136156 10 67 0
!leg 132602 139283 10 0 63 attackers:132602;victims:139283;type:1;valid_origin:True;recurrent:False;local:False
132602 139283 1 63 0
132602 139283 2 63 0
132602 139283 3 63 0
132602 139283 4 63 0
132602 139283 5 63 0
132602 139283 6 63 0
132602 139283 7 63 0
132602 139283 8 63 0
132602 139283 9 63 0
132602 139283 10 63 0
!sus 24406 33071 5 5 6 attackers:33071;victims:24406;type:1;valid_origin:True;recurrent:True;local:False
24406 33071 1 0 6
24406 33071 2 0 6
24406 33071 3 0 6
24406 33071 4 5 1
24406 33071 5 0 6
24406 33071 6 2 4
24406 33071 7 6 0
24406 33071 8 6 0
24406 33071 9 6 0
24406 33071 10 6 0
!sus 34872 213647 9 1 30 attackers:34872;victims:213647;type:1;valid_origin:True;recurrent:True;local:False
34872 213647 1 24 6
34872 213647 2 2 28
34872 213647 3 30 0
34872 213647 4 30 0
34872 213647 5 30 0
34872 213647 6 23 7
34872 213647 7 30 0
34872 213647 8 30 0
34872 213647 9 30 0
34872 213647 10 30 0
!sus 13378 149304 0 10 1 attackers:13378;victims:149304;type:1;valid_origin:True;recurrent:True;local:False
13378 149304 1 0 1
13378 149304 2 0 1
13378 149304 3 0 1
13378 149304 4 0 1
13378 149304 5 0 1
13378 149304 6 0 1
13378 149304 7 0 1
13378 149304 8 0 1
13378 149304 9 0 1
13378 149304 10 0 1
!sus 9425 151443 0 10 4 attackers:9425;victims:151443;type:1;valid_origin:True;recurrent:True;local:False
9425 151443 1 1 3
9425 151443 2 0 4
9425 151443 3 0 4
9425 151443 4 0 4
9425 151443 5 0 4
9425 151443 6 0 4
9425 151443 7 0 4
9425 151443 8 0 4
9425 151443 9 0 4
9425 151443 10 0 4
!sus 9425 151452 0 10 4 attackers:9425;victims:151452;type:1;valid_origin:True;recurrent:True;local:False
9425 151452 1 1 3
9425 151452 2 0 4
9425 151452 3 0 4
9425 151452 4 0 4
9425 151452 5 0 4
9425 151452 6 0 4
9425 151452 7 0 4
9425 151452 8 0 4
9425 151452 9 0 4
9425 151452 10 0 4
!sus 917 25737 0 10 10 attackers:917;victims:25737;type:1;valid_origin:True;recurrent:True;local:False
917 25737 1 0 10
917 25737 2 1 9
917 25737 3 1 9
917 25737 4 1 9
917 25737 5 1 9
917 25737 6 1 9
917 25737 7 1 9
917 25737 8 1 9
917 25737 9 1 9
917 25737 10 1 9
!leg 9230 132602 10 0 251 attackers:132602;victims:9230;type:1;valid_origin:True;recurrent:False;local:False
9230 132602 1 251 0
9230 132602 2 251 0
9230 132602 3 251 0
9230 132602 4 251 0
9230 132602 5 251 0
9230 132602 6 251 0
9230 132602 7 251 0
9230 132602 8 251 0
9230 132602 9 251 0
9230 132602 10 251 0
!sus 10233 142594 5 5 39 attackers:10233;victims:10233;type:2;valid_origin:True;recurrent:False;local:False
10233 142594 1 39 0
10233 142594 2 13 26
10233 142594 3 10 29
10233 142594 4 39 0
10233 142594 5 4 35
10233 142594 6 9 30
10233 142594 7 22 17
10233 142594 8 39 0
10233 142594 9 12 27
10233 142594 10 34 5
!leg 132602 134601 10 0 3 attackers:132602;victims:134601;type:1;valid_origin:True;recurrent:False;local:False
132602 134601 1 3 0
132602 134601 2 3 0
132602 134601 3 3 0
132602 134601 4 3 0
132602 134601 5 3 0
132602 134601 6 3 0
132602 134601 7 3 0
132602 134601 8 3 0
132602 134601 9 3 0
132602 134601 10 3 0
!leg 38031 132602 10 0 253 attackers:132602;victims:38031;type:1;valid_origin:True;recurrent:False;local:False
38031 132602 1 253 0
38031 132602 2 253 0
38031 132602 3 253 0
38031 132602 4 253 0
38031 132602 5 253 0
38031 132602 6 253 0
38031 132602 7 253 0
38031 132602 8 253 0
38031 132602 9 253 0
38031 132602 10 253 0
!leg 132602 133954 10 0 294 attackers:132602;victims:133954;type:1;valid_origin:True;recurrent:False;local:False
132602 133954 1 294 0
132602 133954 2 294 0
132602 133954 3 294 0
132602 133954 4 294 0
132602 133954 5 294 0
132602 133954 6 294 0
132602 133954 7 294 0
132602 133954 8 294 0
132602 133954 9 294 0
132602 133954 10 294 0
!sus 4837 137897 0 10 29 attackers:137897;victims:137897,9304;type:3,4;valid_origin:True;recurrent:True;local:False
4837 137897 1 0 29
4837 137897 2 0 29
4837 137897 3 0 29
4837 137897 4 0 29
4837 137897 5 0 29
4837 137897 6 2 27
4837 137897 7 2 27
4837 137897 8 10 19
4837 137897 9 10 19
4837 137897 10 8 21
!sus 153371 209650 8 2 2 attackers:153371;victims:209650;type:1;valid_origin:True;recurrent:True;local:False
153371 209650 1 0 2
153371 209650 2 0 2
153371 209650 3 2 0
153371 209650 4 2 0
153371 209650 5 2 0
153371 209650 6 2 0
153371 209650 7 2 0
153371 209650 8 2 0
153371 209650 9 2 0
153371 209650 10 2 0
!sus 50509 213808 1 9 2 attackers:50509;victims:64433;type:2;valid_origin:True;recurrent:False;local:False
50509 213808 1 0 2
50509 213808 2 0 2
50509 213808 3 0 2
50509 213808 4 2 0
50509 213808 5 1 1
50509 213808 6 1 1
50509 213808 7 1 1
50509 213808 8 0 2
50509 213808 9 1 1
50509 213808 10 1 1
!sus 42192 64050 7 3 1 attackers:64050;victims:42192;type:1;valid_origin:True;recurrent:True;local:False
42192 64050 1 0 1
42192 64050 2 0 1
42192 64050 3 0 1
42192 64050 4 1 0
42192 64050 5 1 0
42192 64050 6 1 0
42192 64050 7 1 0
42192 64050 8 1 0
42192 64050 9 1 0
42192 64050 10 1 0
!leg 43541 47200 10 0 1 attackers:47200;victims:60592;type:2;valid_origin:True;recurrent:False;local:False
43541 47200 1 1 0
43541 47200 2 1 0
43541 47200 3 1 0
43541 47200 4 1 0
43541 47200 5 1 0
43541 47200 6 1 0
43541 47200 7 1 0
43541 47200 8 1 0
43541 47200 9 1 0
43541 47200 10 1 0
!leg 9341 63516 10 0 12 attackers:9341;victims:138835;type:4;valid_origin:True;recurrent:False;local:False
9341 63516 1 12 0
9341 63516 2 12 0
9341 63516 3 12 0
9341 63516 4 12 0
9341 63516 5 12 0
9341 63516 6 12 0
9341 63516 7 12 0
9341 63516 8 12 0
9341 63516 9 12 0
9341 63516 10 12 0
!leg 137409 140937 10 0 1 attackers:137409;victims:140937;type:1;valid_origin:True;recurrent:False;local:False
137409 140937 1 1 0
137409 140937 2 1 0
137409 140937 3 1 0
137409 140937 4 1 0
137409 140937 5 1 0
137409 140937 6 1 0
137409 140937 7 1 0
137409 140937 8 1 0
137409 140937 9 1 0
137409 140937 10 1 0
!leg 132602 139808 10 0 27 attackers:132602;victims:150434,139808;type:1,3;valid_origin:True;recurrent:False;local:False
132602 139808 1 27 0
132602 139808 2 27 0
132602 139808 3 27 0
132602 139808 4 27 0
132602 139808 5 27 0
132602 139808 6 27 0
132602 139808 7 27 0
132602 139808 8 27 0
132602 139808 9 27 0
132602 139808 10 27 0
!sus 9498 52873 3 7 10 attackers:52873;victims:153478,138954,150406,140809,141324,214174,58655,139922,133283,142447;type:2,3,4;valid_origin:True;recurrent:True;local:False
9498 52873 1 0 10
9498 52873 2 1 9
9498 52873 3 0 10
9498 52873 4 1 9
9498 52873 5 3 7
9498 52873 6 8 2
9498 52873 7 6 4
9498 52873 8 4 6
9498 52873 9 7 3
9498 52873 10 5 5
!leg 2 141737 10 0 2 attackers:2;victims:141737;type:1;valid_origin:True;recurrent:False;local:False
2 141737 1 2 0
2 141737 2 2 0
2 141737 3 2 0
2 141737 4 2 0
2 141737 5 2 0
2 141737 6 2 0
2 141737 7 2 0
2 141737 8 2 0
2 141737 9 2 0
2 141737 10 2 0
!leg 138482 147070 10 0 2 attackers:138482;victims:147070;type:1;valid_origin:True;recurrent:False;local:False
138482 147070 1 2 0
138482 147070 2 2 0
138482 147070 3 2 0
138482 147070 4 2 0
138482 147070 5 2 0
138482 147070 6 2 0
138482 147070 7 2 0
138482 147070 8 2 0
138482 147070 9 2 0
138482 147070 10 2 0
!sus 34872 138398 0 10 1 attackers:34872;victims:138398;type:1;valid_origin:True;recurrent:True;local:False
34872 138398 1 0 1
34872 138398 2 0 1
34872 138398 3 0 1
34872 138398 4 0 1
34872 138398 5 0 1
34872 138398 6 0 1
34872 138398 7 0 1
34872 138398 8 0 1
34872 138398 9 0 1
34872 138398 10 0 1
!leg 132602 139026 10 0 38 attackers:132602;victims:139026;type:1;valid_origin:True;recurrent:False;local:False
132602 139026 1 38 0
132602 139026 2 38 0
132602 139026 3 38 0
132602 139026 4 38 0
132602 139026 5 38 0
132602 139026 6 38 0
132602 139026 7 38 0
132602 139026 8 38 0
132602 139026 9 38 0
132602 139026 10 38 0
!leg 7713 59282 10 0 36 attackers:59282;victims:59282;type:3;valid_origin:True;recurrent:False;local:False
7713 59282 1 36 0
7713 59282 2 36 0
7713 59282 3 36 0
7713 59282 4 36 0
7713 59282 5 36 0
7713 59282 6 36 0
7713 59282 7 36 0
7713 59282 8 36 0
7713 59282 9 36 0
7713 59282 10 36 0
!sus 59479 202733 1 9 1 attackers:59479;victims:202733;type:1;valid_origin:True;recurrent:True;local:False
59479 202733 1 1 0
59479 202733 2 0 1
59479 202733 3 0 1
59479 202733 4 0 1
59479 202733 5 0 1
59479 202733 6 0 1
59479 202733 7 0 1
59479 202733 8 0 1
59479 202733 9 0 1
59479 202733 10 0 1
!leg 58890 132602 10 0 276 attackers:132602;victims:58890;type:1;valid_origin:True;recurrent:False;local:False
58890 132602 1 276 0
58890 132602 2 276 0
58890 132602 3 276 0
58890 132602 4 276 0
58890 132602 5 276 0
58890 132602 6 276 0
58890 132602 7 276 0
58890 132602 8 276 0
58890 132602 9 276 0
58890 132602 10 276 0
!leg 202222 212895 10 0 9 attackers:212895;victims:202222;type:1;valid_origin:True;recurrent:False;local:False
202222 212895 1 9 0
202222 212895 2 9 0
202222 212895 3 9 0
202222 212895 4 9 0
202222 212895 5 9 0
202222 212895 6 9 0
202222 212895 7 9 0
202222 212895 8 9 0
202222 212895 9 9 0
202222 212895 10 9 0
!leg 132602 137570 10 0 16 attackers:132602;victims:137570;type:1;valid_origin:True;recurrent:False;local:False
132602 137570 1 16 0
132602 137570 2 16 0
132602 137570 3 16 0
132602 137570 4 16 0
132602 137570 5 16 0
132602 137570 6 16 0
132602 137570 7 16 0
132602 137570 8 16 0
132602 137570 9 16 0
132602 137570 10 16 0
!sus 10233 47886 0 10 37 attackers:10233;victims:10233;type:2;valid_origin:True;recurrent:False;local:False
10233 47886 1 0 37
10233 47886 2 0 37
10233 47886 3 0 37
10233 47886 4 0 37
10233 47886 5 0 37
10233 47886 6 0 37
10233 47886 7 0 37
10233 47886 8 0 37
10233 47886 9 0 37
10233 47886 10 0 37
!leg 9441 149162 10 0 1 attackers:9441;victims:149162;type:1;valid_origin:True;recurrent:False;local:False
9441 149162 1 1 0
9441 149162 2 1 0
9441 149162 3 1 0
9441 149162 4 1 0
9441 149162 5 1 0
9441 149162 6 1 0
9441 149162 7 1 0
9441 149162 8 1 0
9441 149162 9 1 0
9441 149162 10 1 0
!sus 47272 199691 0 10 3 attackers:47272;victims:199691;type:1;valid_origin:True;recurrent:True;local:False
47272 199691 1 0 3
47272 199691 2 0 3
47272 199691 3 0 3
47272 199691 4 0 3
47272 199691 5 0 3
47272 199691 6 0 3
47272 199691 7 0 3
47272 199691 8 0 3
47272 199691 9 0 3
47272 199691 10 0 3
!leg 203062 212895 10 0 570 attackers:212895;victims:203062;type:1;valid_origin:True;recurrent:False;local:False
203062 212895 1 570 0
203062 212895 2 570 0
203062 212895 3 570 0
203062 212895 4 570 0
203062 212895 5 570 0
203062 212895 6 570 0
203062 212895 7 570 0
203062 212895 8 570 0
203062 212895 9 570 0
203062 212895 10 570 0
!leg 132602 151835 10 0 216 attackers:132602;victims:151835;type:1;valid_origin:False;recurrent:False;local:False
132602 151835 1 216 0
132602 151835 2 216 0
132602 151835 3 216 0
132602 151835 4 216 0
132602 151835 5 216 0
132602 151835 6 216 0
132602 151835 7 216 0
132602 151835 8 216 0
132602 151835 9 216 0
132602 151835 10 216 0
!leg 6939 400341 10 0 65 attackers:6939;victims:400341;type:1;valid_origin:True;recurrent:False;local:False
6939 400341 1 65 0
6939 400341 2 65 0
6939 400341 3 65 0
6939 400341 4 65 0
6939 400341 5 65 0
6939 400341 6 65 0
6939 400341 7 65 0
6939 400341 8 65 0
6939 400341 9 65 0
6939 400341 10 65 0
!sus 59422 212280 9 1 6 attackers:212280;victims:59422;type:1;valid_origin:True;recurrent:False;local:False
59422 212280 1 6 0
59422 212280 2 6 0
59422 212280 3 6 0
59422 212280 4 6 0
59422 212280 5 6 0
59422 212280 6 6 0
59422 212280 7 6 0
59422 212280 8 6 0
59422 212280 9 6 0
59422 212280 10 3 3
!leg 132602 139012 10 0 71 attackers:132602;victims:139012;type:1;valid_origin:True;recurrent:False;local:False
132602 139012 1 71 0
132602 139012 2 71 0
132602 139012 3 71 0
132602 139012 4 71 0
132602 139012 5 71 0
132602 139012 6 71 0
132602 139012 7 71 0
132602 139012 8 71 0
132602 139012 9 71 0
132602 139012 10 71 0
!sus 213220 213861 6 4 5 attackers:213220;victims:213861;type:1;valid_origin:True;recurrent:True;local:False
213220 213861 1 5 0
213220 213861 2 5 0
213220 213861 3 5 0
213220 213861 4 5 0
213220 213861 5 0 5
213220 213861 6 3 2
213220 213861 7 2 3
213220 213861 8 5 0
213220 213861 9 0 5
213220 213861 10 0 5
!sus 11331 32558 8 2 180 attackers:32558;victims:11331;type:1;valid_origin:True;recurrent:True;local:False
11331 32558 1 180 0
11331 32558 2 180 0
11331 32558 3 180 0
11331 32558 4 174 6
11331 32558 5 128 52
11331 32558 6 0 180
11331 32558 7 175 5
11331 32558 8 180 0
11331 32558 9 84 96
11331 32558 10 108 72
!leg 132602 135076 10 0 4 attackers:132602;victims:135076;type:1;valid_origin:True;recurrent:False;local:False
132602 135076 1 4 0
132602 135076 2 4 0
132602 135076 3 4 0
132602 135076 4 4 0
132602 135076 5 4 0
132602 135076 6 4 0
132602 135076 7 4 0
132602 135076 8 4 0
132602 135076 9 4 0
132602 135076 10 4 0
!sus 134176 203067 0 10 2 attackers:134176;victims:12390;type:2;valid_origin:True;recurrent:True;local:False
134176 203067 1 0 2
134176 203067 2 0 2
134176 203067 3 0 2
134176 203067 4 0 2
134176 203067 5 0 2
134176 203067 6 0 2
134176 203067 7 0 2
134176 203067 8 0 2
134176 203067 9 0 2
134176 203067 10 0 2
!sus 34307 214223 9 1 1 attackers:34307;victims:214223;type:1;valid_origin:True;recurrent:True;local:False
34307 214223 1 0 1
34307 214223 2 1 0
34307 214223 3 1 0
34307 214223 4 1 0
34307 214223 5 1 0
34307 214223 6 1 0
34307 214223 7 1 0
34307 214223 8 1 0
34307 214223 9 1 0
34307 214223 10 1 0
!sus 207841 214757 6 4 6 attackers:207841;victims:214757;type:1;valid_origin:True;recurrent:True;local:False
207841 214757 1 0 6
207841 214757 2 2 4
207841 214757 3 3 3
207841 214757 4 3 3
207841 214757 5 6 0
207841 214757 6 6 0
207841 214757 7 6 0
207841 214757 8 6 0
207841 214757 9 6 0
207841 214757 10 6 0
!sus 2 150340 0 10 10 attackers:150340;victims:2;type:1;valid_origin:False;recurrent:True;local:False
2 150340 1 0 10
2 150340 2 0 10
2 150340 3 0 10
2 150340 4 0 10
2 150340 5 0 10
2 150340 6 0 10
2 150340 7 0 10
2 150340 8 0 10
2 150340 9 0 10
2 150340 10 0 10
!sus 60223 198154 0 10 257 attackers:60223;victims:198154;type:1;valid_origin:True;recurrent:True;local:False
60223 198154 1 0 257
60223 198154 2 0 257
60223 198154 3 0 257
60223 198154 4 0 257
60223 198154 5 0 257
60223 198154 6 0 257
60223 198154 7 0 257
60223 198154 8 0 257
60223 198154 9 0 257
60223 198154 10 0 257
!sus 138915 140666 0 10 8 attackers:140666;victims:138915;type:1;valid_origin:True;recurrent:True;local:False
138915 140666 1 0 8
138915 140666 2 0 8
138915 140666 3 0 8
138915 140666 4 0 8
138915 140666 5 0 8
138915 140666 6 0 8
138915 140666 7 0 8
138915 140666 8 0 8
138915 140666 9 0 8
138915 140666 10 0 8
