!sus 42473 208175 0 10 1 attackers:42473;victims:208175;type:1;valid_origin:True;recurrent:True;local:False
42473 208175 1 0 1
42473 208175 2 0 1
42473 208175 3 0 1
42473 208175 4 0 1
42473 208175 5 0 1
42473 208175 6 0 1
42473 208175 7 0 1
42473 208175 8 0 1
42473 208175 9 0 1
42473 208175 10 0 1
!sus 200529 216164 4 6 44 attackers:216164;victims:200529;type:1;valid_origin:True;recurrent:True;local:False
200529 216164 1 0 44
200529 216164 2 0 44
200529 216164 3 0 44
200529 216164 4 2 42
200529 216164 5 10 34
200529 216164 6 24 20
200529 216164 7 27 17
200529 216164 8 21 23
200529 216164 9 26 18
200529 216164 10 27 17
!sus 153522 215828 5 5 5 attackers:215828;victims:152565;type:2;valid_origin:True;recurrent:True;local:False
153522 215828 1 0 5
153522 215828 2 0 5
153522 215828 3 0 5
153522 215828 4 3 2
153522 215828 5 1 4
153522 215828 6 1 4
153522 215828 7 4 1
153522 215828 8 3 2
153522 215828 9 3 2
153522 215828 10 5 0
!leg 262462 267035 10 0 1 attackers:267035;victims:53153;type:2;valid_origin:True;recurrent:False;local:False
262462 267035 1 1 0
262462 267035 2 1 0
262462 267035 3 1 0
262462 267035 4 1 0
262462 267035 5 1 0
262462 267035 6 1 0
262462 267035 7 1 0
262462 267035 8 1 0
262462 267035 9 1 0
262462 267035 10 1 0
!leg 140460 142271 10 0 1 attackers:142271;victims:140460;type:1;valid_origin:True;recurrent:False;local:True
140460 142271 1 1 0
140460 142271 2 1 0
140460 142271 3 1 0
140460 142271 4 1 0
140460 142271 5 1 0
140460 142271 6 1 0
140460 142271 7 1 0
140460 142271 8 1 0
140460 142271 9 1 0
140460 142271 10 1 0
!sus 15830 213939 3 7 9 attackers:15830;victims:213939;type:1;valid_origin:True;recurrent:True;local:False
15830 213939 1 6 3
15830 213939 2 7 2
15830 213939 3 4 5
15830 213939 4 0 9
15830 213939 5 0 9
15830 213939 6 2 7
15830 213939 7 6 3
15830 213939 8 0 9
15830 213939 9 1 8
15830 213939 10 0 9
!leg 267000 269098 10 0 21 attackers:269098;victims:267000;type:1;valid_origin:True;recurrent:True;local:False
267000 269098 1 21 0
267000 269098 2 21 0
267000 269098 3 21 0
267000 269098 4 21 0
267000 269098 5 21 0
267000 269098 6 21 0
267000 269098 7 21 0
267000 269098 8 21 0
267000 269098 9 21 0
267000 269098 10 21 0
!leg 53013 262468 10 0 1 attackers:53013;victims:266935;type:3;valid_origin:True;recurrent:False;local:False
53013 262468 1 1 0
53013 262468 2 1 0
53013 262468 3 1 0
53013 262468 4 1 0
53013 262468 5 1 0
53013 262468 6 1 0
53013 262468 7 1 0
53013 262468 8 1 0
53013 262468 9 1 0
53013 262468 10 1 0
!leg 52758 267035 10 0 9 attackers:267035;victims:52758;type:1;valid_origin:True;recurrent:False;local:False
52758 267035 1 9 0
52758 267035 2 9 0
52758 267035 3 9 0
52758 267035 4 9 0
52758 267035 5 9 0
52758 267035 6 9 0
52758 267035 7 9 0
52758 267035 8 9 0
52758 267035 9 9 0
52758 267035 10 9 0
!leg 61592 272167 10 0 1 attackers:61592;victims:266151;type:4;valid_origin:True;recurrent:False;local:False
61592 272167 1 1 0
61592 272167 2 1 0
61592 272167 3 1 0
61592 272167 4 1 0
61592 272167 5 1 0
61592 272167 6 1 0
61592 272167 7 1 0
61592 272167 8 1 0
61592 272167 9 1 0
61592 272167 10 1 0
!sus 210000 401463 0 10 5 attackers:210000;victims:401463;type:1;valid_origin:True;recurrent:True;local:False
210000 401463 1 1 4
210000 401463 2 0 5
210000 401463 3 0 5
210000 401463 4 0 5
210000 401463 5 0 5
210000 401463 6 0 5
210000 401463 7 0 5
210000 401463 8 0 5
210000 401463 9 0 5
210000 401463 10 0 5
!leg 267035 270550 10 0 9 attackers:267035;victims:270550;type:1;valid_origin:True;recurrent:False;local:False
267035 270550 1 9 0
267035 270550 2 9 0
267035 270550 3 9 0
267035 270550 4 9 0
267035 270550 5 9 0
267035 270550 6 9 0
267035 270550 7 9 0
267035 270550 8 9 0
267035 270550 9 9 0
267035 270550 10 9 0
!leg 266445 272167 10 0 5 attackers:272167;victims:52665,61702,265225,268683,52747;type:2,3;valid_origin:True;recurrent:False;local:False
266445 272167 1 5 0
266445 272167 2 5 0
266445 272167 3 5 0
266445 272167 4 5 0
266445 272167 5 5 0
266445 272167 6 5 0
266445 272167 7 5 0
266445 272167 8 5 0
266445 272167 9 5 0
266445 272167 10 5 0
!leg 262409 267035 10 0 10 attackers:267035;victims:270485;type:2;valid_origin:True;recurrent:False;local:False
262409 267035 1 10 0
262409 267035 2 10 0
262409 267035 3 10 0
262409 267035 4 10 0
262409 267035 5 10 0
262409 267035 6 10 0
262409 267035 7 10 0
262409 267035 8 10 0
262409 267035 9 10 0
262409 267035 10 10 0
!sus 9664 152179 7 3 5 attackers:9664;victims:152179;type:1;valid_origin:True;recurrent:True;local:False
9664 152179 1 2 3
9664 152179 2 5 0
9664 152179 3 2 3
9664 152179 4 2 3
9664 152179 5 5 0
9664 152179 6 5 0
9664 152179 7 5 0
9664 152179 8 5 0
9664 152179 9 5 0
9664 152179 10 5 0
!sus 9110 213744 5 5 4 attackers:9110;victims:213744;type:1;valid_origin:False;recurrent:True;local:False
9110 213744 1 4 0
9110 213744 2 4 0
9110 213744 3 4 0
9110 213744 4 4 0
9110 213744 5 2 2
9110 213744 6 0 4
9110 213744 7 0 4
9110 213744 8 0 4
9110 213744 9 0 4
9110 213744 10 3 1
!sus 16909 214481 9 1 212 attackers:214481;victims:16909;type:1;valid_origin:True;recurrent:True;local:False
16909 214481 1 104 108
16909 214481 2 186 26
16909 214481 3 206 6
16909 214481 4 201 11
16909 214481 5 212 0
16909 214481 6 212 0
16909 214481 7 212 0
16909 214481 8 212 0
16909 214481 9 212 0
16909 214481 10 212 0
!leg 28189 262287 10 0 2 attackers:262287;victims:269328;type:3;valid_origin:True;recurrent:False;local:False
28189 262287 1 2 0
28189 262287 2 2 0
28189 262287 3 2 0
28189 262287 4 2 0
28189 262287 5 2 0
28189 262287 6 2 0
28189 262287 7 2 0
28189 262287 8 2 0
28189 262287 9 2 0
28189 262287 10 2 0
!sus 3356 394365 8 2 2 attackers:3356;victims:394365;type:1;valid_origin:True;recurrent:True;local:False
3356 394365 1 2 0
3356 394365 2 2 0
3356 394365 3 2 0
3356 394365 4 2 0
3356 394365 5 2 0
3356 394365 6 2 0
3356 394365 7 2 0
3356 394365 8 1 1
3356 394365 9 1 1
3356 394365 10 2 0
!leg 263478 264552 10 0 33 attackers:264552;victims:271108,271207;type:2;valid_origin:True;recurrent:False;local:False
263478 264552 1 33 0
263478 264552 2 33 0
263478 264552 3 33 0
263478 264552 4 33 0
263478 264552 5 33 0
263478 264552 6 33 0
263478 264552 7 33 0
263478 264552 8 33 0
263478 264552 9 33 0
263478 264552 10 33 0
!sus 56971 214174 0 10 5 attackers:214174;victims:56971;type:1;valid_origin:True;recurrent:True;local:False
56971 214174 1 0 5
56971 214174 2 0 5
56971 214174 3 0 5
56971 214174 4 0 5
56971 214174 5 0 5
56971 214174 6 0 5
56971 214174 7 1 4
56971 214174 8 0 5
56971 214174 9 0 5
56971 214174 10 1 4
!sus 1299 11664 6 4 69 attackers:1299;victims:11664;type:1;valid_origin:True;recurrent:True;local:False
1299 11664 1 7 62
1299 11664 2 18 51
1299 11664 3 23 46
1299 11664 4 32 37
1299 11664 5 35 34
1299 11664 6 38 31
1299 11664 7 52 17
1299 11664 8 45 24
1299 11664 9 57 12
1299 11664 10 64 5
!leg 52025 401214 10 0 4 attackers:52025;victims:401214;type:1;valid_origin:True;recurrent:True;local:False
52025 401214 1 3 1
52025 401214 2 4 0
52025 401214 3 4 0
52025 401214 4 4 0
52025 401214 5 4 0
52025 401214 6 4 0
52025 401214 7 4 0
52025 401214 8 4 0
52025 401214 9 4 0
52025 401214 10 4 0
!leg 267035 271617 10 0 7 attackers:267035;victims:271617;type:1;valid_origin:True;recurrent:False;local:False
267035 271617 1 7 0
267035 271617 2 7 0
267035 271617 3 7 0
267035 271617 4 7 0
267035 271617 5 7 0
267035 271617 6 7 0
267035 271617 7 7 0
267035 271617 8 7 0
267035 271617 9 7 0
267035 271617 10 7 0
!sus 215251 399580 0 10 8 attackers:399580;victims:215251;type:1;valid_origin:True;recurrent:True;local:False
215251 399580 1 0 8
215251 399580 2 0 8
215251 399580 3 0 8
215251 399580 4 0 8
215251 399580 5 0 8
215251 399580 6 0 8
215251 399580 7 0 8
215251 399580 8 0 8
215251 399580 9 0 8
215251 399580 10 0 8
!leg 152900 212085 10 0 4 attackers:152900;victims:212085;type:1;valid_origin:True;recurrent:True;local:False
152900 212085 1 3 1
152900 212085 2 3 1
152900 212085 3 3 1
152900 212085 4 3 1
152900 212085 5 3 1
152900 212085 6 3 1
152900 212085 7 3 1
152900 212085 8 3 1
152900 212085 9 3 1
152900 212085 10 3 1
!sus 264200 267035 9 1 8 attackers:267035;victims:268314;type:3;valid_origin:True;recurrent:True;local:False
264200 267035 1 0 8
264200 267035 2 8 0
264200 267035 3 8 0
264200 267035 4 8 0
264200 267035 5 8 0
264200 267035 6 8 0
264200 267035 7 8 0
264200 267035 8 8 0
264200 267035 9 8 0
264200 267035 10 8 0
!sus 29226 47872 8 2 1 attackers:47872;victims:203270;type:2;valid_origin:True;recurrent:False;local:False
29226 47872 1 0 1
29226 47872 2 0 1
29226 47872 3 1 0
29226 47872 4 1 0
29226 47872 5 1 0
29226 47872 6 1 0
29226 47872 7 1 0
29226 47872 8 1 0
29226 47872 9 1 0
29226 47872 10 1 0
!leg 37414 37440 10 0 3 attackers:37440;victims:37414;type:1;valid_origin:True;recurrent:False;local:False
37414 37440 1 3 0
37414 37440 2 3 0
37414 37440 3 3 0
37414 37440 4 3 0
37414 37440 5 3 0
37414 37440 6 3 0
37414 37440 7 3 0
37414 37440 8 3 0
37414 37440 9 3 0
37414 37440 10 3 0
!sus 29802 52580 8 2 1 attackers:29802;victims:52580;type:1;valid_origin:True;recurrent:True;local:False
29802 52580 1 0 1
29802 52580 2 0 1
29802 52580 3 1 0
29802 52580 4 1 0
29802 52580 5 1 0
29802 52580 6 1 0
29802 52580 7 1 0
29802 52580 8 1 0
29802 52580 9 1 0
29802 52580 10 1 0
!leg 1267 211661 10 0 1 attackers:1267;victims:211661;type:1;valid_origin:True;recurrent:False;local:False
1267 211661 1 1 0
1267 211661 2 1 0
1267 211661 3 1 0
1267 211661 4 1 0
1267 211661 5 1 0
1267 211661 6 1 0
1267 211661 7 1 0
1267 211661 8 1 0
1267 211661 9 1 0
1267 211661 10 1 0
!leg 262729 272167 10 0 1 attackers:272167;victims:262729;type:1;valid_origin:True;recurrent:False;local:False
262729 272167 1 1 0
262729 272167 2 1 0
262729 272167 3 1 0
262729 272167 4 1 0
262729 272167 5 1 0
262729 272167 6 1 0
262729 272167 7 1 0
262729 272167 8 1 0
262729 272167 9 1 0
262729 272167 10 1 0
!leg 40850 267035 10 0 15 attackers:267035;victims:262663;type:2;valid_origin:True;recurrent:False;local:False
40850 267035 1 15 0
40850 267035 2 15 0
40850 267035 3 15 0
40850 267035 4 15 0
40850 267035 5 15 0
40850 267035 6 15 0
40850 267035 7 15 0
40850 267035 8 15 0
40850 267035 9 15 0
40850 267035 10 15 0
!sus 3356 397183 8 2 2 attackers:3356;victims:397183;type:1;valid_origin:True;recurrent:True;local:False
3356 397183 1 2 0
3356 397183 2 2 0
3356 397183 3 2 0
3356 397183 4 2 0
3356 397183 5 2 0
3356 397183 6 2 0
3356 397183 7 2 0
3356 397183 8 1 1
3356 397183 9 1 1
3356 397183 10 2 0
!sus 273976 274031 6 4 139 attackers:273976;victims:274031;type:1;valid_origin:True;recurrent:False;local:False
273976 274031 1 139 0
273976 274031 2 132 7
273976 274031 3 136 3
273976 274031 4 85 54
273976 274031 5 35 104
273976 274031 6 1 138
273976 274031 7 95 44
273976 274031 8 102 37
273976 274031 9 0 139
273976 274031 10 43 96
!sus 3356 272409 7 3 173 attackers:3356;victims:272409;type:1;valid_origin:True;recurrent:True;local:False
3356 272409 1 106 67
3356 272409 2 144 29
3356 272409 3 128 45
3356 272409 4 105 68
3356 272409 5 86 87
3356 272409 6 90 83
3356 272409 7 109 64
3356 272409 8 68 105
3356 272409 9 75 98
3356 272409 10 109 64
!leg 61592 61696 10 0 1 attackers:61696;victims:266151;type:3;valid_origin:True;recurrent:False;local:False
61592 61696 1 1 0
61592 61696 2 1 0
61592 61696 3 1 0
61592 61696 4 1 0
61592 61696 5 1 0
61592 61696 6 1 0
61592 61696 7 1 0
61592 61696 8 1 0
61592 61696 9 1 0
61592 61696 10 1 0
!leg 137371 152372 10 0 39 attackers:152372;victims:137371;type:1;valid_origin:True;recurrent:True;local:False
137371 152372 1 22 17
137371 152372 2 39 0
137371 152372 3 39 0
137371 152372 4 39 0
137371 152372 5 39 0
137371 152372 6 39 0
137371 152372 7 39 0
137371 152372 8 39 0
137371 152372 9 39 0
137371 152372 10 39 0
!sus 15830 213815 3 7 10 attackers:15830;victims:213815;type:1;valid_origin:True;recurrent:True;local:False
15830 213815 1 7 3
15830 213815 2 8 2
15830 213815 3 5 5
15830 213815 4 0 10
15830 213815 5 0 10
15830 213815 6 2 8
15830 213815 7 7 3
15830 213815 8 0 10
15830 213815 9 1 9
15830 213815 10 0 10
!sus 12453 199560 9 1 2 attackers:12453;victims:199560;type:1;valid_origin:True;recurrent:True;local:False
12453 199560 1 1 1
12453 199560 2 2 0
12453 199560 3 2 0
12453 199560 4 2 0
12453 199560 5 2 0
12453 199560 6 2 0
12453 199560 7 2 0
12453 199560 8 2 0
12453 199560 9 2 0
12453 199560 10 2 0
!sus 394082 399989 7 3 1 attackers:399989;victims:394082;type:1;valid_origin:True;recurrent:True;local:False
394082 399989 1 1 0
394082 399989 2 1 0
394082 399989 3 1 0
394082 399989 4 1 0
394082 399989 5 1 0
394082 399989 6 0 1
394082 399989 7 0 1
394082 399989 8 0 1
394082 399989 9 1 0
394082 399989 10 1 0
!leg 28260 267035 10 0 1 attackers:267035;victims:266633;type:3;valid_origin:True;recurrent:False;local:False
28260 267035 1 1 0
28260 267035 2 1 0
28260 267035 3 1 0
28260 267035 4 1 0
28260 267035 5 1 0
28260 267035 6 1 0
28260 267035 7 1 0
28260 267035 8 1 0
28260 267035 9 1 0
28260 267035 10 1 0
!sus 32934 47872 0 10 1 attackers:47872;victims:32934;type:1;valid_origin:True;recurrent:True;local:False
32934 47872 1 0 1
32934 47872 2 0 1
32934 47872 3 0 1
32934 47872 4 0 1
32934 47872 5 0 1
32934 47872 6 0 1
32934 47872 7 0 1
32934 47872 8 0 1
32934 47872 9 0 1
32934 47872 10 0 1
!sus 265590 273253 3 7 3 attackers:265590;victims:273253;type:1;valid_origin:True;recurrent:True;local:False
265590 273253 1 3 0
265590 273253 2 3 0
265590 273253 3 3 0
265590 273253 4 0 3
265590 273253 5 1 2
265590 273253 6 0 3
265590 273253 7 0 3
265590 273253 8 0 3
265590 273253 9 0 3
265590 273253 10 0 3
!leg 134146 136435 10 0 2 attackers:134146;victims:137048;type:5;valid_origin:True;recurrent:False;local:False
134146 136435 1 2 0
134146 136435 2 2 0
134146 136435 3 2 0
134146 136435 4 2 0
134146 136435 5 2 0
134146 136435 6 2 0
134146 136435 7 2 0
134146 136435 8 2 0
134146 136435 9 2 0
134146 136435 10 2 0
!sus 268314 273730 0 10 2 attackers:273730;victims:268314;type:1;valid_origin:True;recurrent:True;local:False
268314 273730 1 0 2
268314 273730 2 0 2
268314 273730 3 0 2
268314 273730 4 0 2
268314 273730 5 0 2
268314 273730 6 0 2
268314 273730 7 0 2
268314 273730 8 0 2
268314 273730 9 0 2
268314 273730 10 0 2
!sus 136038 136308 7 3 136 attackers:136038;victims:136038;type:2;valid_origin:True;recurrent:True;local:False
136038 136308 1 0 136
136038 136308 2 0 136
136038 136308 3 38 98
136038 136308 4 71 65
136038 136308 5 134 2
136038 136308 6 136 0
136038 136308 7 136 0
136038 136308 8 136 0
136038 136308 9 136 0
136038 136308 10 136 0
!sus 55285 393905 0 10 7 attackers:393905;victims:55285;type:1;valid_origin:True;recurrent:True;local:False
55285 393905 1 0 7
55285 393905 2 0 7
55285 393905 3 0 7
55285 393905 4 0 7
55285 393905 5 0 7
55285 393905 6 0 7
55285 393905 7 0 7
55285 393905 8 2 5
55285 393905 9 2 5
55285 393905 10 2 5
!sus 61622 262663 7 3 3 attackers:61622;victims:262663;type:1;valid_origin:True;recurrent:True;local:False
61622 262663 1 1 2
61622 262663 2 1 2
61622 262663 3 1 2
61622 262663 4 2 1
61622 262663 5 2 1
61622 262663 6 2 1
61622 262663 7 2 1
61622 262663 8 3 0
61622 262663 9 3 0
61622 262663 10 3 0
!sus 3 395948 0 10 30 attackers:395948;victims:3;type:1;valid_origin:False;recurrent:False;local:False
3 395948 1 0 30
3 395948 2 0 30
3 395948 3 0 30
3 395948 4 0 30
3 395948 5 2 28
3 395948 6 2 28
3 395948 7 2 28
3 395948 8 2 28
3 395948 9 4 26
3 395948 10 2 28
!sus 43641 214940 0 10 3 attackers:43641;victims:214940;type:1;valid_origin:True;recurrent:True;local:False
43641 214940 1 0 3
43641 214940 2 0 3
43641 214940 3 0 3
43641 214940 4 0 3
43641 214940 5 0 3
43641 214940 6 0 3
43641 214940 7 0 3
43641 214940 8 0 3
43641 214940 9 0 3
43641 214940 10 0 3
!leg 61696 263634 10 0 1 attackers:61696;victims:263634;type:1;valid_origin:True;recurrent:False;local:False
61696 263634 1 1 0
61696 263634 2 1 0
61696 263634 3 1 0
61696 263634 4 1 0
61696 263634 5 1 0
61696 263634 6 1 0
61696 263634 7 1 0
61696 263634 8 1 0
61696 263634 9 1 0
61696 263634 10 1 0
!sus 265798 273965 3 7 3 attackers:265798;victims:273965;type:1;valid_origin:True;recurrent:True;local:False
265798 273965 1 3 0
265798 273965 2 3 0
265798 273965 3 2 1
265798 273965 4 0 3
265798 273965 5 0 3
265798 273965 6 0 3
265798 273965 7 0 3
265798 273965 8 0 3
265798 273965 9 0 3
265798 273965 10 1 2
!leg 40124 212762 10 0 12 attackers:40124;victims:212762;type:1;valid_origin:True;recurrent:False;local:False
40124 212762 1 9 3
40124 212762 2 9 3
40124 212762 3 12 0
40124 212762 4 12 0
40124 212762 5 12 0
40124 212762 6 12 0
40124 212762 7 12 0
40124 212762 8 12 0
40124 212762 9 12 0
40124 212762 10 12 0
!sus 19711 30619 6 4 15 attackers:30619;victims:32398,37510,328531,10798,328690,19711,327765,328169;type:1,2;valid_origin:True;recurrent:True;local:False
19711 30619 1 0 15
19711 30619 2 0 15
19711 30619 3 1 14
19711 30619 4 1 14
19711 30619 5 8 7
19711 30619 6 8 7
19711 30619 7 8 7
19711 30619 8 8 7
19711 30619 9 8 7
19711 30619 10 8 7
!sus 26425 270439 8 2 5 attackers:270439;victims:26425;type:1;valid_origin:True;recurrent:True;local:False
26425 270439 1 0 5
26425 270439 2 0 5
26425 270439 3 4 1
26425 270439 4 4 1
26425 270439 5 4 1
26425 270439 6 4 1
26425 270439 7 4 1
26425 270439 8 4 1
26425 270439 9 4 1
26425 270439 10 4 1
!sus 200651 213323 0 10 60 attackers:200651;victims:213323;type:1;valid_origin:True;recurrent:True;local:False
200651 213323 1 0 60
200651 213323 2 0 60
200651 213323 3 7 53
200651 213323 4 20 40
200651 213323 5 17 43
200651 213323 6 20 40
200651 213323 7 24 36
200651 213323 8 20 40
200651 213323 9 27 33
200651 213323 10 22 38
!leg 267035 267256 10 0 1 attackers:267035;victims:267228;type:2;valid_origin:True;recurrent:False;local:False
267035 267256 1 1 0
267035 267256 2 1 0
267035 267256 3 1 0
267035 267256 4 1 0
267035 267256 5 1 0
267035 267256 6 1 0
267035 267256 7 1 0
267035 267256 8 1 0
267035 267256 9 1 0
267035 267256 10 1 0
!sus 20473 267035 0 10 2 attackers:267035;victims:214603;type:2;valid_origin:True;recurrent:False;local:False
20473 267035 1 0 2
20473 267035 2 0 2
20473 267035 3 0 2
20473 267035 4 0 2
20473 267035 5 0 2
20473 267035 6 0 2
20473 267035 7 0 2
20473 267035 8 0 2
20473 267035 9 1 1
20473 267035 10 1 1
!sus 199414 214241 8 2 5 attackers:199414;victims:214241;type:1;valid_origin:True;recurrent:True;local:False
199414 214241 1 0 5
199414 214241 2 1 4
199414 214241 3 5 0
199414 214241 4 5 0
199414 214241 5 5 0
199414 214241 6 5 0
199414 214241 7 5 0
199414 214241 8 5 0
199414 214241 9 5 0
199414 214241 10 5 0
!sus 265023 273697 7 3 24 attackers:265023;victims:273697;type:1;valid_origin:True;recurrent:True;local:False
265023 273697 1 12 12
265023 273697 2 17 7
265023 273697 3 17 7
265023 273697 4 16 8
265023 273697 5 9 15
265023 273697 6 12 12
265023 273697 7 17 7
265023 273697 8 17 7
265023 273697 9 18 6
265023 273697 10 18 6
!sus 23655 38084 5 5 1 attackers:23655;victims:38084;type:1;valid_origin:True;recurrent:True;local:False
23655 38084 1 0 1
23655 38084 2 0 1
23655 38084 3 0 1
23655 38084 4 0 1
23655 38084 5 0 1
23655 38084 6 1 0
23655 38084 7 1 0
23655 38084 8 1 0
23655 38084 9 1 0
23655 38084 10 1 0
!leg 37182 37440 10 0 26 attackers:37440;victims:37182;type:1;valid_origin:True;recurrent:False;local:False
37182 37440 1 21 5
37182 37440 2 26 0
37182 37440 3 26 0
37182 37440 4 26 0
37182 37440 5 26 0
37182 37440 6 26 0
37182 37440 7 26 0
37182 37440 8 26 0
37182 37440 9 26 0
37182 37440 10 26 0
!leg 45474 53013 10 0 1 attackers:53013;victims:263432;type:2;valid_origin:True;recurrent:True;local:False
45474 53013 1 1 0
45474 53013 2 1 0
45474 53013 3 1 0
45474 53013 4 1 0
45474 53013 5 1 0
45474 53013 6 1 0
45474 53013 7 1 0
45474 53013 8 1 0
45474 53013 9 1 0
45474 53013 10 1 0
!sus 197677 214260 8 2 6 attackers:197677;victims:214260;type:1;valid_origin:True;recurrent:True;local:False
197677 214260 1 1 5
197677 214260 2 2 4
197677 214260 3 4 2
197677 214260 4 4 2
197677 214260 5 4 2
197677 214260 6 4 2
197677 214260 7 5 1
197677 214260 8 6 0
197677 214260 9 5 1
197677 214260 10 6 0
!leg 52890 272167 10 0 1 attackers:272167;victims:52890;type:1;valid_origin:True;recurrent:False;local:False
52890 272167 1 1 0
52890 272167 2 1 0
52890 272167 3 1 0
52890 272167 4 1 0
52890 272167 5 1 0
52890 272167 6 1 0
52890 272167 7 1 0
52890 272167 8 1 0
52890 272167 9 1 0
52890 272167 10 1 0
!leg 58689 136435 10 0 8 attackers:58689;victims:137048,133034,135420;type:4,5;valid_origin:True;recurrent:False;local:False
58689 136435 1 8 0
58689 136435 2 8 0
58689 136435 3 8 0
58689 136435 4 8 0
58689 136435 5 8 0
58689 136435 6 8 0
58689 136435 7 8 0
58689 136435 8 8 0
58689 136435 9 8 0
58689 136435 10 8 0
!sus 2734 262415 7 3 1 attackers:2734;victims:262415;type:1;valid_origin:True;recurrent:True;local:False
2734 262415 1 0 1
2734 262415 2 0 1
2734 262415 3 0 1
2734 262415 4 1 0
2734 262415 5 1 0
2734 262415 6 1 0
2734 262415 7 1 0
2734 262415 8 1 0
2734 262415 9 1 0
2734 262415 10 1 0
!sus 53667 212516 8 2 6 attackers:53667;victims:212516;type:1;valid_origin:True;recurrent:True;local:False
53667 212516 1 1 5
53667 212516 2 3 3
53667 212516 3 5 1
53667 212516 4 5 1
53667 212516 5 6 0
53667 212516 6 6 0
53667 212516 7 6 0
53667 212516 8 6 0
53667 212516 9 6 0
53667 212516 10 6 0
!sus 136902 1326902 3 7 6 attackers:136902;victims:136902;type:2;valid_origin:True;recurrent:True;local:False
136902 1326902 1 6 0
136902 1326902 2 1 5
136902 1326902 3 1 5
136902 1326902 4 4 2
136902 1326902 5 1 5
136902 1326902 6 1 5
136902 1326902 7 1 5
136902 1326902 8 4 2
136902 1326902 9 1 5
136902 1326902 10 1 5
!sus 6453 24534 9 1 131 attackers:6453;victims:135465,152026,138106,152801,132649,141133,139446,24534,149713,139419,45716,140016,137353,131775,138107,141591;type:1,2,3;valid_origin:True;recurrent:True;local:False
6453 24534 1 28 103
6453 24534 2 74 57
6453 24534 3 108 23
6453 24534 4 109 22
6453 24534 5 102 29
6453 24534 6 112 19
6453 24534 7 119 12
6453 24534 8 118 13
6453 24534 9 119 12
6453 24534 10 120 11
!sus 3223 44620 8 2 1045 attackers:3223;victims:203248,215181,215238,44620,214577,214304;type:1,2,3;valid_origin:False;recurrent:True;local:False
3223 44620 1 235 810
3223 44620 2 497 548
3223 44620 3 552 493
3223 44620 4 576 469
3223 44620 5 714 331
3223 44620 6 894 151
3223 44620 7 924 121
3223 44620 8 909 136
3223 44620 9 890 155
3223 44620 10 937 108
!sus 5580 152724 4 6 149 attackers:5580;victims:152724;type:1;valid_origin:True;recurrent:True;local:False
5580 152724 1 149 0
5580 152724 2 148 1
5580 152724 3 149 0
5580 152724 4 136 13
5580 152724 5 36 113
5580 152724 6 0 149
5580 152724 7 51 98
5580 152724 8 0 149
5580 152724 9 49 100
5580 152724 10 46 103
!sus 26415 396681 0 10 5 attackers:26415;victims:396681;type:1;valid_origin:False;recurrent:True;local:False
26415 396681 1 1 4
26415 396681 2 1 4
26415 396681 3 2 3
26415 396681 4 1 4
26415 396681 5 0 5
26415 396681 6 1 4
26415 396681 7 1 4
26415 396681 8 0 5
26415 396681 9 1 4
26415 396681 10 1 4
!sus 20473 213617 8 2 1 attackers:20473;victims:213617;type:1;valid_origin:True;recurrent:True;local:False
20473 213617 1 1 0
20473 213617 2 1 0
20473 213617 3 1 0
20473 213617 4 0 1
20473 213617 5 1 0
20473 213617 6 1 0
20473 213617 7 0 1
20473 213617 8 1 0
20473 213617 9 1 0
20473 213617 10 1 0
!leg 268323 272167 10 0 1 attackers:272167;victims:268323;type:1;valid_origin:True;recurrent:False;local:False
268323 272167 1 1 0
268323 272167 2 1 0
268323 272167 3 1 0
268323 272167 4 1 0
268323 272167 5 1 0
268323 272167 6 1 0
268323 272167 7 1 0
268323 272167 8 1 0
268323 272167 9 1 0
268323 272167 10 1 0
!sus 135377 269011 0 10 2 attackers:135377;victims:269011;type:1;valid_origin:True;recurrent:True;local:False
135377 269011 1 0 2
135377 269011 2 0 2
135377 269011 3 0 2
135377 269011 4 0 2
135377 269011 5 0 2
135377 269011 6 0 2
135377 269011 7 0 2
135377 269011 8 0 2
135377 269011 9 0 2
135377 269011 10 0 2
!sus 12488 52025 0 10 9 attackers:12488;victims:52025;type:1;valid_origin:True;recurrent:True;local:False
12488 52025 1 0 9
12488 52025 2 0 9
12488 52025 3 0 9
12488 52025 4 0 9
12488 52025 5 0 9
12488 52025 6 0 9
12488 52025 7 0 9
12488 52025 8 0 9
12488 52025 9 1 8
12488 52025 10 1 8
!sus 42 37195 0 10 2 attackers:37195;victims:42;type:1;valid_origin:True;recurrent:True;local:False
42 37195 1 0 2
42 37195 2 0 2
42 37195 3 0 2
42 37195 4 0 2
42 37195 5 0 2
42 37195 6 0 2
42 37195 7 0 2
42 37195 8 0 2
42 37195 9 0 2
42 37195 10 0 2
!leg 23688 45326 10 0 4 attackers:45326;victims:23688;type:1;valid_origin:False;recurrent:False;local:False
23688 45326 1 4 0
23688 45326 2 4 0
23688 45326 3 4 0
23688 45326 4 4 0
23688 45326 5 4 0
23688 45326 6 3 1
23688 45326 7 4 0
23688 45326 8 4 0
23688 45326 9 4 0
23688 45326 10 4 0
!sus 51019 215680 9 1 29 attackers:215680;victims:51019;type:1;valid_origin:True;recurrent:True;local:False
51019 215680 1 0 29
51019 215680 2 20 9
51019 215680 3 21 8
51019 215680 4 21 8
51019 215680 5 26 3
51019 215680 6 27 2
51019 215680 7 27 2
51019 215680 8 27 2
51019 215680 9 27 2
51019 215680 10 27 2
!sus 262589 273226 0 10 32 attackers:262589;victims:273226;type:1;valid_origin:True;recurrent:True;local:False
262589 273226 1 0 32
262589 273226 2 0 32
262589 273226 3 0 32
262589 273226 4 0 32
262589 273226 5 0 32
262589 273226 6 0 32
262589 273226 7 0 32
262589 273226 8 0 32
262589 273226 9 0 32
262589 273226 10 0 32
!sus 8551 47872 9 1 1 attackers:47872;victims:35758;type:2;valid_origin:True;recurrent:True;local:False
8551 47872 1 0 1
8551 47872 2 1 0
8551 47872 3 1 0
8551 47872 4 1 0
8551 47872 5 1 0
8551 47872 6 1 0
8551 47872 7 1 0
8551 47872 8 1 0
8551 47872 9 1 0
8551 47872 10 1 0
!sus 4 270757 0 10 2 attackers:270757;victims:4;type:1;valid_origin:True;recurrent:True;local:False
4 270757 1 0 2
4 270757 2 0 2
4 270757 3 0 2
4 270757 4 0 2
4 270757 5 0 2
4 270757 6 0 2
4 270757 7 0 2
4 270757 8 0 2
4 270757 9 0 2
4 270757 10 0 2
!sus 54650 138454 8 2 2 attackers:54650;victims:138454;type:1;valid_origin:True;recurrent:True;local:False
54650 138454 1 1 1
54650 138454 2 0 2
54650 138454 3 2 0
54650 138454 4 2 0
54650 138454 5 2 0
54650 138454 6 2 0
54650 138454 7 2 0
54650 138454 8 2 0
54650 138454 9 2 0
54650 138454 10 2 0
!sus 56630 262210 8 2 17 attackers:56630;victims:262210;type:1;valid_origin:True;recurrent:True;local:False
56630 262210 1 0 17
56630 262210 2 8 9
56630 262210 3 13 4
56630 262210 4 13 4
56630 262210 5 14 3
56630 262210 6 16 1
56630 262210 7 16 1
56630 262210 8 15 2
56630 262210 9 16 1
56630 262210 10 17 0
!sus 209735 213543 9 1 39 attackers:209735;victims:213543;type:1;valid_origin:True;recurrent:True;local:False
209735 213543 1 0 39
209735 213543 2 37 2
209735 213543 3 39 0
209735 213543 4 39 0
209735 213543 5 39 0
209735 213543 6 39 0
209735 213543 7 39 0
209735 213543 8 39 0
209735 213543 9 39 0
209735 213543 10 39 0
!sus 139311 147036 4 6 6 attackers:139311;victims:147036;type:1;valid_origin:True;recurrent:True;local:False
139311 147036 1 6 0
139311 147036 2 5 1
139311 147036 3 6 0
139311 147036 4 3 3
139311 147036 5 3 3
139311 147036 6 0 6
139311 147036 7 0 6
139311 147036 8 6 0
139311 147036 9 0 6
139311 147036 10 0 6
!leg 263267 267035 10 0 19 attackers:267035;victims:263267;type:1;valid_origin:True;recurrent:False;local:False
263267 267035 1 19 0
263267 267035 2 19 0
263267 267035 3 19 0
263267 267035 4 19 0
263267 267035 5 19 0
263267 267035 6 19 0
263267 267035 7 19 0
263267 267035 8 19 0
263267 267035 9 19 0
263267 267035 10 19 0
!leg 262765 272167 10 0 3 attackers:272167;victims:262797;type:2;valid_origin:True;recurrent:False;local:False
262765 272167 1 3 0
262765 272167 2 3 0
262765 272167 3 3 0
262765 272167 4 3 0
262765 272167 5 3 0
262765 272167 6 3 0
262765 272167 7 3 0
262765 272167 8 3 0
262765 272167 9 3 0
262765 272167 10 3 0
!leg 263137 272167 10 0 3 attackers:272167;victims:263137;type:1;valid_origin:True;recurrent:False;local:False
263137 272167 1 3 0
263137 272167 2 3 0
263137 272167 3 3 0
263137 272167 4 3 0
263137 272167 5 3 0
263137 272167 6 3 0
263137 272167 7 3 0
263137 272167 8 3 0
263137 272167 9 3 0
263137 272167 10 3 0
!leg 267035 268835 10 0 2 attackers:267035;victims:268835;type:1;valid_origin:True;recurrent:False;local:False
267035 268835 1 2 0
267035 268835 2 2 0
267035 268835 3 2 0
267035 268835 4 2 0
267035 268835 5 2 0
267035 268835 6 2 0
267035 268835 7 2 0
267035 268835 8 2 0
267035 268835 9 2 0
267035 268835 10 2 0
!sus 59796 131275 0 10 11 attackers:59796;victims:131275;type:1;valid_origin:True;recurrent:True;local:False
59796 131275 1 0 11
59796 131275 2 0 11
59796 131275 3 0 11
59796 131275 4 0 11
59796 131275 5 0 11
59796 131275 6 0 11
59796 131275 7 0 11
59796 131275 8 0 11
59796 131275 9 0 11
59796 131275 10 5 6
!sus 398999 401595 0 10 5 attackers:398999;victims:401595;type:1;valid_origin:True;recurrent:True;local:False
398999 401595 1 0 5
398999 401595 2 0 5
398999 401595 3 0 5
398999 401595 4 0 5
398999 401595 5 0 5
398999 401595 6 0 5
398999 401595 7 0 5
398999 401595 8 0 5
398999 401595 9 0 5
398999 401595 10 0 5
!leg 268892 272167 10 0 3 attackers:272167;victims:263344;type:2;valid_origin:True;recurrent:False;local:False
268892 272167 1 3 0
268892 272167 2 3 0
268892 272167 3 3 0
268892 272167 4 3 0
268892 272167 5 3 0
268892 272167 6 3 0
268892 272167 7 3 0
268892 272167 8 3 0
268892 272167 9 3 0
268892 272167 10 3 0
!leg 266445 267035 10 0 1 attackers:267035;victims:268664;type:3;valid_origin:True;recurrent:False;local:False
266445 267035 1 1 0
266445 267035 2 1 0
266445 267035 3 1 0
266445 267035 4 1 0
266445 267035 5 1 0
266445 267035 6 1 0
266445 267035 7 1 0
266445 267035 8 1 0
266445 267035 9 1 0
266445 267035 10 1 0
!sus 52122 63023 0 10 5 attackers:63023;victims:52122;type:1;valid_origin:True;recurrent:True;local:False
52122 63023 1 0 5
52122 63023 2 0 5
52122 63023 3 0 5
52122 63023 4 0 5
52122 63023 5 0 5
52122 63023 6 0 5
52122 63023 7 0 5
52122 63023 8 0 5
52122 63023 9 0 5
52122 63023 10 1 4
!leg 1916 267035 10 0 2 attackers:267035;victims:28609,61574;type:2,3;valid_origin:True;recurrent:False;local:False
1916 267035 1 2 0
1916 267035 2 2 0
1916 267035 3 2 0
1916 267035 4 2 0
1916 267035 5 2 0
1916 267035 6 2 0
1916 267035 7 2 0
1916 267035 8 2 0
1916 267035 9 2 0
1916 267035 10 2 0
!sus 29632 209002 9 1 5 attackers:29632;victims:209002;type:1;valid_origin:True;recurrent:True;local:False
29632 209002 1 0 5
29632 209002 2 4 1
29632 209002 3 4 1
29632 209002 4 4 1
29632 209002 5 4 1
29632 209002 6 4 1
29632 209002 7 5 0
29632 209002 8 5 0
29632 209002 9 5 0
29632 209002 10 5 0
!sus 44894 211621 4 6 10 attackers:44894;victims:211621;type:1;valid_origin:True;recurrent:True;local:False
44894 211621 1 10 0
44894 211621 2 9 1
44894 211621 3 10 0
44894 211621 4 10 0
44894 211621 5 2 8
44894 211621 6 0 10
44894 211621 7 0 10
44894 211621 8 0 10
44894 211621 9 0 10
44894 211621 10 0 10
!leg 28329 272167 10 0 4 attackers:272167;victims:266114,268991,262663,268033;type:2,3;valid_origin:True;recurrent:False;local:False
28329 272167 1 3 1
28329 272167 2 3 1
28329 272167 3 3 1
28329 272167 4 3 1
28329 272167 5 4 0
28329 272167 6 4 0
28329 272167 7 4 0
28329 272167 8 4 0
28329 272167 9 4 0
28329 272167 10 4 0
!sus 917 200242 0 10 2 attackers:917;victims:200242;type:1;valid_origin:True;recurrent:True;local:False
917 200242 1 0 2
917 200242 2 0 2
917 200242 3 0 2
917 200242 4 0 2
917 200242 5 0 2
917 200242 6 0 2
917 200242 7 0 2
917 200242 8 0 2
917 200242 9 0 2
917 200242 10 0 2
!leg 23764 272167 10 0 1 attackers:272167;victims:262768;type:3;valid_origin:True;recurrent:False;local:False
23764 272167 1 1 0
23764 272167 2 1 0
23764 272167 3 1 0
23764 272167 4 1 0
23764 272167 5 1 0
23764 272167 6 1 0
23764 272167 7 1 0
23764 272167 8 1 0
23764 272167 9 1 0
23764 272167 10 1 0
!sus 213725 216078 8 2 5 attackers:216078;victims:213725;type:1;valid_origin:True;recurrent:True;local:False
213725 216078 1 2 3
213725 216078 2 2 3
213725 216078 3 3 2
213725 216078 4 3 2
213725 216078 5 3 2
213725 216078 6 3 2
213725 216078 7 4 1
213725 216078 8 4 1
213725 216078 9 4 1
213725 216078 10 4 1
!sus 3 141767 0 10 18 attackers:141767;victims:3;type:1;valid_origin:False;recurrent:True;local:False
3 141767 1 0 18
3 141767 2 0 18
3 141767 3 0 18
3 141767 4 0 18
3 141767 5 0 18
3 141767 6 1 17
3 141767 7 1 17
3 141767 8 2 16
3 141767 9 1 17
3 141767 10 5 13
!sus 1273 61407 2 8 1 attackers:1273;victims:61407;type:1;valid_origin:True;recurrent:True;local:False
1273 61407 1 1 0
1273 61407 2 1 0
1273 61407 3 0 1
1273 61407 4 0 1
1273 61407 5 0 1
1273 61407 6 0 1
1273 61407 7 0 1
1273 61407 8 0 1
1273 61407 9 0 1
1273 61407 10 0 1
!leg 25374 61696 10 0 1 attackers:61696;victims:25374;type:1;valid_origin:True;recurrent:False;local:False
25374 61696 1 1 0
25374 61696 2 1 0
25374 61696 3 1 0
25374 61696 4 1 0
25374 61696 5 1 0
25374 61696 6 1 0
25374 61696 7 1 0
25374 61696 8 1 0
25374 61696 9 1 0
25374 61696 10 1 0
!leg 61696 199939 10 0 1 attackers:61696;victims:209653;type:2;valid_origin:True;recurrent:False;local:False
61696 199939 1 1 0
61696 199939 2 1 0
61696 199939 3 1 0
61696 199939 4 1 0
61696 199939 5 1 0
61696 199939 6 1 0
61696 199939 7 1 0
61696 199939 8 1 0
61696 199939 9 1 0
61696 199939 10 1 0
!leg 263482 272167 10 0 2 attackers:272167;victims:268039;type:2;valid_origin:True;recurrent:False;local:False
263482 272167 1 2 0
263482 272167 2 2 0
263482 272167 3 2 0
263482 272167 4 2 0
263482 272167 5 2 0
263482 272167 6 2 0
263482 272167 7 2 0
263482 272167 8 2 0
263482 272167 9 2 0
263482 272167 10 2 0
!sus 41051 198219 7 3 64 attackers:41051;victims:198219;type:1;valid_origin:True;recurrent:True;local:False
41051 198219 1 0 64
41051 198219 2 8 56
41051 198219 3 17 47
41051 198219 4 49 15
41051 198219 5 53 11
41051 198219 6 62 2
41051 198219 7 64 0
41051 198219 8 64 0
41051 198219 9 64 0
41051 198219 10 64 0
!sus 267602 274696 0 10 4 attackers:274696;victims:267602;type:1;valid_origin:True;recurrent:True;local:False
267602 274696 1 1 3
267602 274696 2 2 2
267602 274696 3 2 2
267602 274696 4 2 2
267602 274696 5 2 2
267602 274696 6 2 2
267602 274696 7 2 2
267602 274696 8 2 2
267602 274696 9 2 2
267602 274696 10 2 2
!leg 267035 268892 10 0 4 attackers:267035;victims:263344,269285;type:2;valid_origin:True;recurrent:False;local:False
267035 268892 1 4 0
267035 268892 2 4 0
267035 268892 3 4 0
267035 268892 4 4 0
267035 268892 5 4 0
267035 268892 6 4 0
267035 268892 7 4 0
267035 268892 8 4 0
267035 268892 9 4 0
267035 268892 10 4 0
!sus 2914 36873 7 3 10 attackers:36873;victims:327895;type:5;valid_origin:True;recurrent:False;local:False
2914 36873 1 0 10
2914 36873 2 0 10
2914 36873 3 0 10
2914 36873 4 10 0
2914 36873 5 10 0
2914 36873 6 10 0
2914 36873 7 10 0
2914 36873 8 10 0
2914 36873 9 10 0
2914 36873 10 10 0
!leg 271042 272167 10 0 15 attackers:272167;victims:271042,270641,270951,264886,265280;type:1,2,3;valid_origin:True;recurrent:False;local:False
271042 272167 1 14 1
271042 272167 2 15 0
271042 272167 3 14 1
271042 272167 4 15 0
271042 272167 5 15 0
271042 272167 6 15 0
271042 272167 7 15 0
271042 272167 8 15 0
271042 272167 9 15 0
271042 272167 10 15 0
!leg 267256 272167 10 0 1 attackers:272167;victims:267228;type:2;valid_origin:True;recurrent:False;local:False
267256 272167 1 1 0
267256 272167 2 1 0
267256 272167 3 1 0
267256 272167 4 1 0
267256 272167 5 1 0
267256 272167 6 1 0
267256 272167 7 1 0
267256 272167 8 1 0
267256 272167 9 1 0
267256 272167 10 1 0
!sus 945 7257 0 10 3 attackers:945;victims:7257;type:1;valid_origin:True;recurrent:True;local:False
945 7257 1 0 3
945 7257 2 0 3
945 7257 3 0 3
945 7257 4 0 3
945 7257 5 0 3
945 7257 6 1 2
945 7257 7 1 2
945 7257 8 1 2
945 7257 9 1 2
945 7257 10 0 3
!sus 32787 270776 0 10 2 attackers:270776;victims:43183,39029;type:2;valid_origin:True;recurrent:True;local:False
32787 270776 1 0 2
32787 270776 2 0 2
32787 270776 3 0 2
32787 270776 4 0 2
32787 270776 5 0 2
32787 270776 6 0 2
32787 270776 7 0 2
32787 270776 8 0 2
32787 270776 9 0 2
32787 270776 10 0 2
!leg 263341 267035 10 0 2 attackers:267035;victims:263341;type:1;valid_origin:True;recurrent:False;local:False
263341 267035 1 2 0
263341 267035 2 2 0
263341 267035 3 2 0
263341 267035 4 2 0
263341 267035 5 2 0
263341 267035 6 2 0
263341 267035 7 2 0
263341 267035 8 2 0
263341 267035 9 2 0
263341 267035 10 2 0
!sus 199288 199348 0 10 2 attackers:199348;victims:199288;type:1;valid_origin:True;recurrent:True;local:False
199288 199348 1 0 2
199288 199348 2 0 2
199288 199348 3 0 2
199288 199348 4 0 2
199288 199348 5 0 2
199288 199348 6 0 2
199288 199348 7 0 2
199288 199348 8 0 2
199288 199348 9 0 2
199288 199348 10 0 2
!sus 9664 133442 0 10 1 attackers:9664;victims:133442;type:1;valid_origin:True;recurrent:True;local:False
9664 133442 1 0 1
9664 133442 2 0 1
9664 133442 3 0 1
9664 133442 4 0 1
9664 133442 5 0 1
9664 133442 6 0 1
9664 133442 7 0 1
9664 133442 8 0 1
9664 133442 9 0 1
9664 133442 10 0 1
!sus 26617 64231 5 5 3 attackers:26617;victims:64231;type:1;valid_origin:True;recurrent:True;local:False
26617 64231 1 0 3
26617 64231 2 0 3
26617 64231 3 0 3
26617 64231 4 2 1
26617 64231 5 2 1
26617 64231 6 1 2
26617 64231 7 2 1
26617 64231 8 1 2
26617 64231 9 2 1
26617 64231 10 3 0
!sus 37580 327727 0 10 6 attackers:37580;victims:327727;type:1;valid_origin:True;recurrent:True;local:False
37580 327727 1 0 6
37580 327727 2 0 6
37580 327727 3 0 6
37580 327727 4 0 6
37580 327727 5 0 6
37580 327727 6 0 6
37580 327727 7 0 6
37580 327727 8 0 6
37580 327727 9 0 6
37580 327727 10 0 6
!sus 9457 138915 0 10 1 attackers:9457;victims:138915;type:1;valid_origin:True;recurrent:True;local:False
9457 138915 1 0 1
9457 138915 2 0 1
9457 138915 3 0 1
9457 138915 4 0 1
9457 138915 5 0 1
9457 138915 6 0 1
9457 138915 7 0 1
9457 138915 8 0 1
9457 138915 9 0 1
9457 138915 10 0 1
!sus 12453 200798 9 1 2 attackers:12453;victims:200798;type:1;valid_origin:True;recurrent:True;local:False
12453 200798 1 1 1
12453 200798 2 2 0
12453 200798 3 2 0
12453 200798 4 2 0
12453 200798 5 2 0
12453 200798 6 2 0
12453 200798 7 2 0
12453 200798 8 2 0
12453 200798 9 2 0
12453 200798 10 2 0
!leg 264144 267035 10 0 2 attackers:267035;victims:263369;type:2;valid_origin:True;recurrent:False;local:False
264144 267035 1 2 0
264144 267035 2 2 0
264144 267035 3 2 0
264144 267035 4 2 0
264144 267035 5 2 0
264144 267035 6 2 0
264144 267035 7 2 0
264144 267035 8 2 0
264144 267035 9 2 0
264144 267035 10 2 0
!sus 6453 45274 0 10 81 attackers:6453;victims:17501;type:2;valid_origin:True;recurrent:True;local:False
6453 45274 1 2 79
6453 45274 2 2 79
6453 45274 3 8 73
6453 45274 4 7 74
6453 45274 5 2 79
6453 45274 6 3 78
6453 45274 7 2 79
6453 45274 8 8 73
6453 45274 9 8 73
6453 45274 10 14 67
!sus 212514 214909 8 2 155 attackers:212514;victims:214909;type:1;valid_origin:True;recurrent:True;local:False
212514 214909 1 0 155
212514 214909 2 3 152
212514 214909 3 143 12
212514 214909 4 150 5
212514 214909 5 153 2
212514 214909 6 153 2
212514 214909 7 153 2
212514 214909 8 153 2
212514 214909 9 154 1
212514 214909 10 155 0
!sus 206264 213724 1 9 9 attackers:206264;victims:213724;type:1;valid_origin:True;recurrent:True;local:False
206264 213724 1 8 1
206264 213724 2 1 8
206264 213724 3 0 9
206264 213724 4 0 9
206264 213724 5 0 9
206264 213724 6 0 9
206264 213724 7 0 9
206264 213724 8 0 9
206264 213724 9 0 9
206264 213724 10 0 9
!sus 934 401012 6 4 1 attackers:934;victims:401012;type:1;valid_origin:True;recurrent:True;local:False
934 401012 1 0 1
934 401012 2 0 1
934 401012 3 0 1
934 401012 4 0 1
934 401012 5 1 0
934 401012 6 1 0
934 401012 7 1 0
934 401012 8 1 0
934 401012 9 1 0
934 401012 10 1 0
!sus 15967 269098 0 10 4 attackers:269098;victims:15967;type:1;valid_origin:True;recurrent:True;local:False
15967 269098 1 0 4
15967 269098 2 0 4
15967 269098 3 0 4
15967 269098 4 0 4
15967 269098 5 0 4
15967 269098 6 0 4
15967 269098 7 0 4
15967 269098 8 0 4
15967 269098 9 0 4
15967 269098 10 0 4
!leg 30844 327899 10 0 2 attackers:30844;victims:37010;type:3;valid_origin:True;recurrent:False;local:False
30844 327899 1 2 0
30844 327899 2 2 0
30844 327899 3 2 0
30844 327899 4 2 0
30844 327899 5 2 0
30844 327899 6 2 0
30844 327899 7 2 0
30844 327899 8 2 0
30844 327899 9 2 0
30844 327899 10 2 0
!leg 28640 272167 10 0 1 attackers:272167;victims:28640;type:1;valid_origin:True;recurrent:False;local:False
28640 272167 1 1 0
28640 272167 2 1 0
28640 272167 3 1 0
28640 272167 4 1 0
28640 272167 5 1 0
28640 272167 6 1 0
28640 272167 7 1 0
28640 272167 8 1 0
28640 272167 9 1 0
28640 272167 10 1 0
!leg 8757 272167 10 0 1 attackers:272167;victims:52862;type:2;valid_origin:True;recurrent:False;local:False
8757 272167 1 1 0
8757 272167 2 1 0
8757 272167 3 1 0
8757 272167 4 1 0
8757 272167 5 1 0
8757 272167 6 1 0
8757 272167 7 1 0
8757 272167 8 1 0
8757 272167 9 1 0
8757 272167 10 1 0
!sus 52468 273057 3 7 313 attackers:52468;victims:273057;type:1;valid_origin:True;recurrent:True;local:False
52468 273057 1 0 313
52468 273057 2 4 309
52468 273057 3 63 250
52468 273057 4 66 247
52468 273057 5 120 193
52468 273057 6 149 164
52468 273057 7 119 194
52468 273057 8 181 132
52468 273057 9 224 89
52468 273057 10 233 80
!leg 7049 272167 10 0 3 attackers:272167;victims:265750;type:2;valid_origin:True;recurrent:False;local:False
7049 272167 1 2 1
7049 272167 2 2 1
7049 272167 3 2 1
7049 272167 4 2 1
7049 272167 5 2 1
7049 272167 6 2 1
7049 272167 7 2 1
7049 272167 8 2 1
7049 272167 9 2 1
7049 272167 10 2 1
!sus 25184 62403 9 1 65 attackers:62403;victims:214526;type:2;valid_origin:True;recurrent:False;local:False
25184 62403 1 0 65
25184 62403 2 63 2
25184 62403 3 63 2
25184 62403 4 63 2
25184 62403 5 65 0
25184 62403 6 63 2
25184 62403 7 65 0
25184 62403 8 63 2
25184 62403 9 65 0
25184 62403 10 65 0
!sus 34872 213485 0 10 38 attackers:34872;victims:213485;type:1;valid_origin:True;recurrent:True;local:False
34872 213485 1 0 38
34872 213485 2 0 38
34872 213485 3 0 38
34872 213485 4 0 38
34872 213485 5 0 38
34872 213485 6 0 38
34872 213485 7 0 38
34872 213485 8 0 38
34872 213485 9 0 38
34872 213485 10 17 21
!leg 136334 138737 10 0 1 attackers:138737;victims:150579;type:3;valid_origin:True;recurrent:False;local:False
136334 138737 1 1 0
136334 138737 2 1 0
136334 138737 3 1 0
136334 138737 4 1 0
136334 138737 5 1 0
136334 138737 6 1 0
136334 138737 7 1 0
136334 138737 8 1 0
136334 138737 9 1 0
136334 138737 10 1 0
!leg 267035 268320 10 0 34 attackers:267035;victims:266267,268320;type:1,2;valid_origin:True;recurrent:False;local:False
267035 268320 1 34 0
267035 268320 2 34 0
267035 268320 3 34 0
267035 268320 4 34 0
267035 268320 5 34 0
267035 268320 6 34 0
267035 268320 7 34 0
267035 268320 8 34 0
267035 268320 9 34 0
267035 268320 10 34 0
!sus 945 14651 0 10 3 attackers:945;victims:14651;type:1;valid_origin:True;recurrent:True;local:False
945 14651 1 0 3
945 14651 2 0 3
945 14651 3 0 3
945 14651 4 0 3
945 14651 5 0 3
945 14651 6 0 3
945 14651 7 0 3
945 14651 8 0 3
945 14651 9 0 3
945 14651 10 0 3
!sus 41327 211661 6 4 444 attackers:41327;victims:211661;type:1;valid_origin:True;recurrent:True;local:False
41327 211661 1 56 388
41327 211661 2 152 292
41327 211661 3 221 223
41327 211661 4 181 263
41327 211661 5 289 155
41327 211661 6 319 125
41327 211661 7 333 111
41327 211661 8 349 95
41327 211661 9 362 82
41327 211661 10 357 87
!leg 61592 271270 10 0 1 attackers:271270;victims:266151;type:4;valid_origin:True;recurrent:False;local:False
61592 271270 1 1 0
61592 271270 2 1 0
61592 271270 3 1 0
61592 271270 4 1 0
61592 271270 5 1 0
61592 271270 6 1 0
61592 271270 7 1 0
61592 271270 8 1 0
61592 271270 9 1 0
61592 271270 10 1 0
!sus 262589 273049 0 10 20 attackers:262589;victims:273049;type:1;valid_origin:True;recurrent:True;local:False
262589 273049 1 0 20
262589 273049 2 0 20
262589 273049 3 0 20
262589 273049 4 0 20
262589 273049 5 0 20
262589 273049 6 0 20
262589 273049 7 0 20
262589 273049 8 0 20
262589 273049 9 0 20
262589 273049 10 0 20
!leg 28642 272167 10 0 3 attackers:272167;victims:263634;type:2;valid_origin:True;recurrent:False;local:False
28642 272167 1 3 0
28642 272167 2 3 0
28642 272167 3 3 0
28642 272167 4 3 0
28642 272167 5 3 0
28642 272167 6 3 0
28642 272167 7 3 0
28642 272167 8 3 0
28642 272167 9 3 0
28642 272167 10 3 0
!leg 11731 33659 10 0 1 attackers:33659;victims:11731;type:1;valid_origin:True;recurrent:False;local:False
11731 33659 1 1 0
11731 33659 2 1 0
11731 33659 3 1 0
11731 33659 4 1 0
11731 33659 5 1 0
11731 33659 6 1 0
11731 33659 7 1 0
11731 33659 8 1 0
11731 33659 9 1 0
11731 33659 10 1 0
!sus 209533 213543 9 1 43 attackers:209533;victims:213543;type:1;valid_origin:True;recurrent:True;local:False
209533 213543 1 9 34
209533 213543 2 40 3
209533 213543 3 42 1
209533 213543 4 42 1
209533 213543 5 43 0
209533 213543 6 43 0
209533 213543 7 43 0
209533 213543 8 43 0
209533 213543 9 43 0
209533 213543 10 43 0
!sus 52468 273877 0 10 7 attackers:52468;victims:273877;type:1;valid_origin:True;recurrent:True;local:False
52468 273877 1 1 6
52468 273877 2 1 6
52468 273877 3 1 6
52468 273877 4 1 6
52468 273877 5 1 6
52468 273877 6 0 7
52468 273877 7 0 7
52468 273877 8 1 6
52468 273877 9 0 7
52468 273877 10 0 7
!leg 28008 272167 10 0 1 attackers:272167;victims:27882;type:3;valid_origin:True;recurrent:False;local:False
28008 272167 1 1 0
28008 272167 2 1 0
28008 272167 3 1 0
28008 272167 4 1 0
28008 272167 5 1 0
28008 272167 6 1 0
28008 272167 7 1 0
28008 272167 8 1 0
28008 272167 9 1 0
28008 272167 10 1 0
!leg 9304 45785 10 0 1 attackers:9304;victims:45785;type:1;valid_origin:True;recurrent:False;local:False
9304 45785 1 1 0
9304 45785 2 1 0
9304 45785 3 1 0
9304 45785 4 1 0
9304 45785 5 1 0
9304 45785 6 1 0
9304 45785 7 1 0
9304 45785 8 1 0
9304 45785 9 1 0
9304 45785 10 1 0
!sus 34224 214059 2 8 8 attackers:34224;victims:214059;type:1;valid_origin:True;recurrent:True;local:False
34224 214059 1 2 6
34224 214059 2 3 5
34224 214059 3 2 6
34224 214059 4 2 6
34224 214059 5 5 3
34224 214059 6 2 6
34224 214059 7 3 5
34224 214059 8 3 5
34224 214059 9 5 3
34224 214059 10 4 4
!sus 40934 49915 0 10 9 attackers:49915;victims:40934;type:1;valid_origin:True;recurrent:True;local:False
40934 49915 1 0 9
40934 49915 2 0 9
40934 49915 3 0 9
40934 49915 4 0 9
40934 49915 5 0 9
40934 49915 6 0 9
40934 49915 7 0 9
40934 49915 8 0 9
40934 49915 9 0 9
40934 49915 10 1 8
!sus 34872 58626 0 10 84 attackers:34872;victims:58626;type:1;valid_origin:True;recurrent:True;local:False
34872 58626 1 0 84
34872 58626 2 0 84
34872 58626 3 0 84
34872 58626 4 0 84
34872 58626 5 0 84
34872 58626 6 0 84
34872 58626 7 0 84
34872 58626 8 0 84
34872 58626 9 0 84
34872 58626 10 36 48
!leg 267035 273454 10 0 10 attackers:267035;victims:273454;type:1;valid_origin:True;recurrent:False;local:False
267035 273454 1 10 0
267035 273454 2 10 0
267035 273454 3 10 0
267035 273454 4 10 0
267035 273454 5 10 0
267035 273454 6 10 0
267035 273454 7 10 0
267035 273454 8 10 0
267035 273454 9 10 0
267035 273454 10 10 0
!sus 151331 199436 0 10 14 attackers:199436;victims:151331;type:1;valid_origin:True;recurrent:True;local:False
151331 199436 1 0 14
151331 199436 2 0 14
151331 199436 3 0 14
151331 199436 4 0 14
151331 199436 5 0 14
151331 199436 6 0 14
151331 199436 7 0 14
151331 199436 8 0 14
151331 199436 9 0 14
151331 199436 10 0 14
!sus 3920 214760 1 9 8 attackers:3920;victims:214760;type:1;valid_origin:True;recurrent:True;local:False
3920 214760 1 0 8
3920 214760 2 0 8
3920 214760 3 0 8
3920 214760 4 4 4
3920 214760 5 0 8
3920 214760 6 0 8
3920 214760 7 0 8
3920 214760 8 1 7
3920 214760 9 6 2
3920 214760 10 0 8
!sus 262663 270868 0 10 3 attackers:270868;victims:262663;type:1;valid_origin:True;recurrent:True;local:False
262663 270868 1 0 3
262663 270868 2 0 3
262663 270868 3 0 3
262663 270868 4 0 3
262663 270868 5 0 3
262663 270868 6 0 3
262663 270868 7 0 3
262663 270868 8 0 3
262663 270868 9 0 3
262663 270868 10 0 3
!sus 63375 401388 6 4 13 attackers:63375;victims:401388;type:1;valid_origin:True;recurrent:True;local:False
63375 401388 1 13 0
63375 401388 2 13 0
63375 401388 3 13 0
63375 401388 4 13 0
63375 401388 5 5 8
63375 401388 6 0 13
63375 401388 7 10 3
63375 401388 8 11 2
63375 401388 9 0 13
63375 401388 10 5 8
!sus 20473 38442 8 2 3 attackers:38442;victims:9249;type:3;valid_origin:True;recurrent:True;local:False
20473 38442 1 1 2
20473 38442 2 1 2
20473 38442 3 3 0
20473 38442 4 3 0
20473 38442 5 3 0
20473 38442 6 3 0
20473 38442 7 3 0
20473 38442 8 3 0
20473 38442 9 3 0
20473 38442 10 3 0
!sus 202991 213708 6 4 1 attackers:202991;victims:213708;type:1;valid_origin:True;recurrent:True;local:False
202991 213708 1 0 1
202991 213708 2 0 1
202991 213708 3 0 1
202991 213708 4 1 0
202991 213708 5 1 0
202991 213708 6 0 1
202991 213708 7 1 0
202991 213708 8 1 0
202991 213708 9 1 0
202991 213708 10 1 0
!sus 23892 153363 2 8 13 attackers:23892;victims:153363;type:1;valid_origin:True;recurrent:True;local:False
23892 153363 1 7 6
23892 153363 2 7 6
23892 153363 3 6 7
23892 153363 4 0 13
23892 153363 5 0 13
23892 153363 6 0 13
23892 153363 7 0 13
23892 153363 8 0 13
23892 153363 9 0 13
23892 153363 10 4 9
!sus 209533 216343 9 1 34 attackers:209533;victims:216343;type:1;valid_origin:True;recurrent:True;local:False
209533 216343 1 12 22
209533 216343 2 32 2
209533 216343 3 34 0
209533 216343 4 34 0
209533 216343 5 34 0
209533 216343 6 34 0
209533 216343 7 34 0
209533 216343 8 34 0
209533 216343 9 34 0
209533 216343 10 34 0
!sus 6453 37148 0 10 215 attackers:6453;victims:328309,37148;type:1,2;valid_origin:True;recurrent:True;local:False
6453 37148 1 0 215
6453 37148 2 7 208
6453 37148 3 9 206
6453 37148 4 21 194
6453 37148 5 14 201
6453 37148 6 27 188
6453 37148 7 23 192
6453 37148 8 25 190
6453 37148 9 36 179
6453 37148 10 88 127
!leg 265144 272167 10 0 2 attackers:272167;victims:270500;type:2;valid_origin:True;recurrent:False;local:False
265144 272167 1 2 0
265144 272167 2 2 0
265144 272167 3 2 0
265144 272167 4 2 0
265144 272167 5 2 0
265144 272167 6 2 0
265144 272167 7 2 0
265144 272167 8 2 0
265144 272167 9 2 0
265144 272167 10 2 0
!sus 48014 215540 3 7 14 attackers:48014;victims:215540;type:1;valid_origin:True;recurrent:True;local:False
48014 215540 1 0 14
48014 215540 2 0 14
48014 215540 3 3 11
48014 215540 4 3 11
48014 215540 5 3 11
48014 215540 6 5 9
48014 215540 7 9 5
48014 215540 8 6 8
48014 215540 9 9 5
48014 215540 10 9 5
!leg 133652 152509 10 0 2 attackers:133652;victims:152509;type:1;valid_origin:True;recurrent:True;local:False
133652 152509 1 2 0
133652 152509 2 2 0
133652 152509 3 2 0
133652 152509 4 2 0
133652 152509 5 2 0
133652 152509 6 2 0
133652 152509 7 2 0
133652 152509 8 2 0
133652 152509 9 2 0
133652 152509 10 2 0
!leg 272167 272710 10 0 3 attackers:272167;victims:272710;type:1;valid_origin:True;recurrent:False;local:False
272167 272710 1 3 0
272167 272710 2 3 0
272167 272710 3 3 0
272167 272710 4 3 0
272167 272710 5 3 0
272167 272710 6 3 0
272167 272710 7 3 0
272167 272710 8 3 0
272167 272710 9 3 0
272167 272710 10 3 0
!sus 45474 267035 7 3 2 attackers:267035;victims:263432;type:2;valid_origin:True;recurrent:True;local:False
45474 267035 1 0 2
45474 267035 2 1 1
45474 267035 3 1 1
45474 267035 4 2 0
45474 267035 5 2 0
45474 267035 6 2 0
45474 267035 7 2 0
45474 267035 8 2 0
45474 267035 9 2 0
45474 267035 10 2 0
!sus 39582 213908 1 9 54 attackers:39582;victims:213908;type:1;valid_origin:True;recurrent:True;local:False
39582 213908 1 0 54
39582 213908 2 0 54
39582 213908 3 0 54
39582 213908 4 0 54
39582 213908 5 0 54
39582 213908 6 0 54
39582 213908 7 0 54
39582 213908 8 0 54
39582 213908 9 45 9
39582 213908 10 0 54
!sus 4766 139341 6 4 12 attackers:4766;victims:139341;type:1;valid_origin:True;recurrent:True;local:False
4766 139341 1 4 8
4766 139341 2 6 6
4766 139341 3 6 6
4766 139341 4 7 5
4766 139341 5 6 6
4766 139341 6 10 2
4766 139341 7 10 2
4766 139341 8 10 2
4766 139341 9 12 0
4766 139341 10 12 0
!leg 8529 215296 10 0 1 attackers:8529;victims:215296;type:1;valid_origin:True;recurrent:False;local:False
8529 215296 1 1 0
8529 215296 2 1 0
8529 215296 3 1 0
8529 215296 4 1 0
8529 215296 5 1 0
8529 215296 6 1 0
8529 215296 7 1 0
8529 215296 8 1 0
8529 215296 9 1 0
8529 215296 10 1 0
!sus 199414 213568 9 1 6 attackers:199414;victims:213568;type:1;valid_origin:True;recurrent:True;local:False
199414 213568 1 1 5
199414 213568 2 6 0
199414 213568 3 6 0
199414 213568 4 6 0
199414 213568 5 6 0
199414 213568 6 6 0
199414 213568 7 6 0
199414 213568 8 6 0
199414 213568 9 6 0
199414 213568 10 6 0
!leg 262287 267035 10 0 2 attackers:267035;victims:267000;type:2;valid_origin:True;recurrent:False;local:False
262287 267035 1 2 0
262287 267035 2 2 0
262287 267035 3 2 0
262287 267035 4 2 0
262287 267035 5 2 0
262287 267035 6 2 0
262287 267035 7 2 0
262287 267035 8 2 0
262287 267035 9 2 0
262287 267035 10 2 0
!leg 52532 272167 10 0 1 attackers:272167;victims:266092;type:2;valid_origin:True;recurrent:False;local:False
52532 272167 1 1 0
52532 272167 2 1 0
52532 272167 3 1 0
52532 272167 4 1 0
52532 272167 5 1 0
52532 272167 6 1 0
52532 272167 7 1 0
52532 272167 8 1 0
52532 272167 9 1 0
52532 272167 10 1 0
!leg 22381 267576 10 0 1 attackers:22381;victims:270880;type:2;valid_origin:True;recurrent:False;local:False
22381 267576 1 1 0
22381 267576 2 1 0
22381 267576 3 1 0
22381 267576 4 1 0
22381 267576 5 1 0
22381 267576 6 1 0
22381 267576 7 1 0
22381 267576 8 1 0
22381 267576 9 1 0
22381 267576 10 1 0
!leg 31500 212895 10 0 1 attackers:31500;victims:212895;type:1;valid_origin:True;recurrent:False;local:False
31500 212895 1 1 0
31500 212895 2 1 0
31500 212895 3 1 0
31500 212895 4 1 0
31500 212895 5 1 0
31500 212895 6 1 0
31500 212895 7 1 0
31500 212895 8 1 0
31500 212895 9 1 0
31500 212895 10 1 0
!sus 21538 29774 0 10 4 attackers:29774;victims:21538;type:1;valid_origin:True;recurrent:True;local:False
21538 29774 1 0 4
21538 29774 2 0 4
21538 29774 3 0 4
21538 29774 4 0 4
21538 29774 5 0 4
21538 29774 6 0 4
21538 29774 7 0 4
21538 29774 8 0 4
21538 29774 9 0 4
21538 29774 10 0 4
!sus 49434 200019 5 5 11 attackers:49434;victims:200019;type:1;valid_origin:True;recurrent:True;local:False
49434 200019 1 0 11
49434 200019 2 1 10
49434 200019 3 4 7
49434 200019 4 4 7
49434 200019 5 6 5
49434 200019 6 4 7
49434 200019 7 6 5
49434 200019 8 9 2
49434 200019 9 10 1
49434 200019 10 10 1
!sus 139594 142548 1 9 1 attackers:139594;victims:142548;type:1;valid_origin:True;recurrent:True;local:False
139594 142548 1 0 1
139594 142548 2 1 0
139594 142548 3 0 1
139594 142548 4 0 1
139594 142548 5 0 1
139594 142548 6 0 1
139594 142548 7 0 1
139594 142548 8 0 1
139594 142548 9 0 1
139594 142548 10 0 1
!leg 52759 267035 10 0 1 attackers:267035;victims:52759;type:1;valid_origin:True;recurrent:False;local:False
52759 267035 1 1 0
52759 267035 2 1 0
52759 267035 3 1 0
52759 267035 4 1 0
52759 267035 5 1 0
52759 267035 6 1 0
52759 267035 7 1 0
52759 267035 8 1 0
52759 267035 9 1 0
52759 267035 10 1 0
!sus 3269 20959 5 5 2 attackers:3269;victims:20959;type:1;valid_origin:True;recurrent:True;local:False
3269 20959 1 2 0
3269 20959 2 2 0
3269 20959 3 2 0
3269 20959 4 2 0
3269 20959 5 0 2
3269 20959 6 0 2
3269 20959 7 2 0
3269 20959 8 0 2
3269 20959 9 0 2
3269 20959 10 0 2
!leg 264948 267035 10 0 8 attackers:267035;victims:264948;type:1;valid_origin:True;recurrent:False;local:False
264948 267035 1 8 0
264948 267035 2 8 0
264948 267035 3 8 0
264948 267035 4 8 0
264948 267035 5 8 0
264948 267035 6 8 0
264948 267035 7 8 0
264948 267035 8 8 0
264948 267035 9 8 0
264948 267035 10 8 0
!sus 47992 215304 0 10 6 attackers:215304;victims:23764;type:2;valid_origin:True;recurrent:True;local:False
47992 215304 1 0 6
47992 215304 2 0 6
47992 215304 3 0 6
47992 215304 4 0 6
47992 215304 5 0 6
47992 215304 6 0 6
47992 215304 7 0 6
47992 215304 8 0 6
47992 215304 9 0 6
47992 215304 10 0 6
!sus 918 3399 1 9 12 attackers:3399;victims:918;type:1;valid_origin:True;recurrent:True;local:False
918 3399 1 0 12
918 3399 2 4 8
918 3399 3 4 8
918 3399 4 5 7
918 3399 5 5 7
918 3399 6 5 7
918 3399 7 6 6
918 3399 8 9 3
918 3399 9 4 8
918 3399 10 6 6
!sus 20661 215487 8 2 327 attackers:20661;victims:215487;type:1;valid_origin:True;recurrent:True;local:False
20661 215487 1 321 6
20661 215487 2 317 10
20661 215487 3 327 0
20661 215487 4 309 18
20661 215487 5 264 63
20661 215487 6 19 308
20661 215487 7 227 100
20661 215487 8 317 10
20661 215487 9 0 327
20661 215487 10 220 107
!sus 271324 274732 3 7 1 attackers:271324;victims:274732;type:1;valid_origin:True;recurrent:True;local:False
271324 274732 1 1 0
271324 274732 2 1 0
271324 274732 3 1 0
271324 274732 4 0 1
271324 274732 5 0 1
271324 274732 6 0 1
271324 274732 7 0 1
271324 274732 8 0 1
271324 274732 9 0 1
271324 274732 10 0 1
!leg 28370 272167 10 0 1 attackers:272167;victims:28370;type:1;valid_origin:True;recurrent:False;local:False
28370 272167 1 1 0
28370 272167 2 1 0
28370 272167 3 1 0
28370 272167 4 1 0
28370 272167 5 1 0
28370 272167 6 1 0
28370 272167 7 1 0
28370 272167 8 1 0
28370 272167 9 1 0
28370 272167 10 1 0
!sus 3491 215787 7 3 4 attackers:3491;victims:215787;type:1;valid_origin:True;recurrent:True;local:False
3491 215787 1 1 3
3491 215787 2 2 2
3491 215787 3 2 2
3491 215787 4 3 1
3491 215787 5 3 1
3491 215787 6 3 1
3491 215787 7 3 1
3491 215787 8 3 1
3491 215787 9 3 1
3491 215787 10 3 1
!sus 23764 47992 0 10 6 attackers:47992;victims:23764;type:1;valid_origin:True;recurrent:True;local:False
23764 47992 1 0 6
23764 47992 2 0 6
23764 47992 3 0 6
23764 47992 4 0 6
23764 47992 5 0 6
23764 47992 6 0 6
23764 47992 7 0 6
23764 47992 8 0 6
23764 47992 9 0 6
23764 47992 10 0 6
!leg 267035 269337 10 0 2 attackers:267035;victims:53018;type:2;valid_origin:True;recurrent:False;local:False
267035 269337 1 2 0
267035 269337 2 2 0
267035 269337 3 2 0
267035 269337 4 2 0
267035 269337 5 2 0
267035 269337 6 2 0
267035 269337 7 2 0
267035 269337 8 2 0
267035 269337 9 2 0
267035 269337 10 2 0
!leg 263059 267035 10 0 10 attackers:267035;victims:263059;type:1;valid_origin:True;recurrent:False;local:False
263059 267035 1 10 0
263059 267035 2 10 0
263059 267035 3 10 0
263059 267035 4 10 0
263059 267035 5 10 0
263059 267035 6 10 0
263059 267035 7 10 0
263059 267035 8 10 0
263059 267035 9 10 0
263059 267035 10 10 0
!sus 49304 213845 2 8 23 attackers:49304;victims:213845;type:1;valid_origin:True;recurrent:True;local:False
49304 213845 1 7 16
49304 213845 2 20 3
49304 213845 3 15 8
49304 213845 4 0 23
49304 213845 5 0 23
49304 213845 6 0 23
49304 213845 7 0 23
49304 213845 8 0 23
49304 213845 9 0 23
49304 213845 10 0 23
!leg 20804 198704 10 0 60 attackers:20804;victims:198704;type:1;valid_origin:True;recurrent:False;local:False
20804 198704 1 60 0
20804 198704 2 60 0
20804 198704 3 60 0
20804 198704 4 60 0
20804 198704 5 60 0
20804 198704 6 60 0
20804 198704 7 60 0
20804 198704 8 60 0
20804 198704 9 60 0
20804 198704 10 60 0
!sus 60068 267035 8 2 1 attackers:267035;victims:12654;type:3;valid_origin:True;recurrent:False;local:False
60068 267035 1 0 1
60068 267035 2 0 1
60068 267035 3 1 0
60068 267035 4 1 0
60068 267035 5 1 0
60068 267035 6 1 0
60068 267035 7 1 0
60068 267035 8 1 0
60068 267035 9 1 0
60068 267035 10 1 0
!sus 197438 212514 8 2 5 attackers:212514;victims:197438;type:1;valid_origin:True;recurrent:True;local:False
197438 212514 1 0 5
197438 212514 2 2 3
197438 212514 3 4 1
197438 212514 4 4 1
197438 212514 5 5 0
197438 212514 6 4 1
197438 212514 7 5 0
197438 212514 8 4 1
197438 212514 9 5 0
197438 212514 10 5 0
!sus 214507 215329 0 10 1 attackers:215329;victims:214507;type:1;valid_origin:True;recurrent:True;local:False
214507 215329 1 0 1
214507 215329 2 0 1
214507 215329 3 0 1
214507 215329 4 0 1
214507 215329 5 0 1
214507 215329 6 0 1
214507 215329 7 0 1
214507 215329 8 0 1
214507 215329 9 0 1
214507 215329 10 0 1
!leg 53038 267035 10 0 3 attackers:267035;victims:53038;type:1;valid_origin:True;recurrent:False;local:False
53038 267035 1 3 0
53038 267035 2 3 0
53038 267035 3 3 0
53038 267035 4 3 0
53038 267035 5 3 0
53038 267035 6 3 0
53038 267035 7 3 0
53038 267035 8 3 0
53038 267035 9 3 0
53038 267035 10 3 0
!sus 213520 213893 2 8 19 attackers:213893;victims:213520;type:1;valid_origin:True;recurrent:True;local:False
213520 213893 1 14 5
213520 213893 2 12 7
213520 213893 3 0 19
213520 213893 4 1 18
213520 213893 5 7 12
213520 213893 6 2 17
213520 213893 7 0 19
213520 213893 8 0 19
213520 213893 9 1 18
213520 213893 10 2 17
!sus 29066 136787 0 10 7 attackers:29066;victims:136787;type:1;valid_origin:True;recurrent:True;local:False
29066 136787 1 0 7
29066 136787 2 0 7
29066 136787 3 0 7
29066 136787 4 0 7
29066 136787 5 0 7
29066 136787 6 0 7
29066 136787 7 0 7
29066 136787 8 0 7
29066 136787 9 0 7
29066 136787 10 0 7
!sus 48266 50385 8 2 7 attackers:48266;victims:50385;type:1;valid_origin:True;recurrent:True;local:False
48266 50385 1 0 7
48266 50385 2 3 4
48266 50385 3 5 2
48266 50385 4 6 1
48266 50385 5 7 0
48266 50385 6 7 0
48266 50385 7 7 0
48266 50385 8 7 0
48266 50385 9 7 0
48266 50385 10 7 0
!leg 13786 271270 10 0 1 attackers:13786;victims:24173;type:4;valid_origin:True;recurrent:False;local:True
13786 271270 1 1 0
13786 271270 2 1 0
13786 271270 3 1 0
13786 271270 4 1 0
13786 271270 5 1 0
13786 271270 6 1 0
13786 271270 7 1 0
13786 271270 8 1 0
13786 271270 9 1 0
13786 271270 10 1 0
!leg 264223 272167 10 0 1 attackers:272167;victims:269518;type:2;valid_origin:True;recurrent:False;local:False
264223 272167 1 1 0
264223 272167 2 1 0
264223 272167 3 1 0
264223 272167 4 1 0
264223 272167 5 1 0
264223 272167 6 1 0
264223 272167 7 1 0
264223 272167 8 1 0
264223 272167 9 1 0
264223 272167 10 1 0
!sus 3356 398985 8 2 2 attackers:3356;victims:398985;type:1;valid_origin:True;recurrent:True;local:False
3356 398985 1 2 0
3356 398985 2 2 0
3356 398985 3 2 0
3356 398985 4 2 0
3356 398985 5 2 0
3356 398985 6 2 0
3356 398985 7 2 0
3356 398985 8 1 1
3356 398985 9 1 1
3356 398985 10 2 0
!sus 58172 213841 8 2 6 attackers:58172;victims:213841;type:1;valid_origin:True;recurrent:True;local:False
58172 213841 1 6 0
58172 213841 2 6 0
58172 213841 3 6 0
58172 213841 4 6 0
58172 213841 5 5 1
58172 213841 6 1 5
58172 213841 7 4 2
58172 213841 8 6 0
58172 213841 9 3 3
58172 213841 10 4 2
!leg 263270 272167 10 0 4 attackers:272167;victims:267200;type:3;valid_origin:True;recurrent:False;local:False
263270 272167 1 4 0
263270 272167 2 4 0
263270 272167 3 4 0
263270 272167 4 4 0
263270 272167 5 4 0
263270 272167 6 4 0
263270 272167 7 4 0
263270 272167 8 4 0
263270 272167 9 4 0
263270 272167 10 4 0
!leg 23956 136435 10 0 2 attackers:23956;victims:133034;type:4;valid_origin:True;recurrent:False;local:False
23956 136435 1 2 0
23956 136435 2 2 0
23956 136435 3 2 0
23956 136435 4 2 0
23956 136435 5 2 0
23956 136435 6 2 0
23956 136435 7 2 0
23956 136435 8 2 0
23956 136435 9 2 0
23956 136435 10 2 0
!sus 24203 138915 9 1 18 attackers:24203;victims:138915,139341,63139;type:1,2;valid_origin:True;recurrent:True;local:False
24203 138915 1 6 12
24203 138915 2 14 4
24203 138915 3 14 4
24203 138915 4 15 3
24203 138915 5 14 4
24203 138915 6 15 3
24203 138915 7 15 3
24203 138915 8 18 0
24203 138915 9 16 2
24203 138915 10 18 0
!sus 203062 216164 0 10 49 attackers:216164;victims:203062;type:1;valid_origin:True;recurrent:True;local:False
203062 216164 1 1 48
203062 216164 2 2 47
203062 216164 3 2 47
203062 216164 4 2 47
203062 216164 5 2 47
203062 216164 6 2 47
203062 216164 7 14 35
203062 216164 8 2 47
203062 216164 9 6 43
203062 216164 10 17 32
!sus 19318 211301 0 10 142 attackers:19318;victims:211301;type:1;valid_origin:True;recurrent:True;local:False
19318 211301 1 0 142
19318 211301 2 0 142
19318 211301 3 0 142
19318 211301 4 0 142
19318 211301 5 4 138
19318 211301 6 4 138
19318 211301 7 4 138
19318 211301 8 4 138
19318 211301 9 18 124
19318 211301 10 17 125
!leg 266952 267035 10 0 37 attackers:267035;victims:270892,267512,266952;type:1,2;valid_origin:True;recurrent:False;local:False
266952 267035 1 37 0
266952 267035 2 37 0
266952 267035 3 37 0
266952 267035 4 37 0
266952 267035 5 37 0
266952 267035 6 37 0
266952 267035 7 37 0
266952 267035 8 37 0
266952 267035 9 37 0
266952 267035 10 37 0
!leg 18450 213621 10 0 10 attackers:18450;victims:213621;type:1;valid_origin:True;recurrent:True;local:False
18450 213621 1 7 3
18450 213621 2 9 1
18450 213621 3 9 1
18450 213621 4 10 0
18450 213621 5 10 0
18450 213621 6 10 0
18450 213621 7 10 0
18450 213621 8 10 0
18450 213621 9 10 0
18450 213621 10 10 0
!leg 64315 140388 10 0 2 attackers:64315;victims:141965;type:2;valid_origin:True;recurrent:False;local:False
64315 140388 1 2 0
64315 140388 2 2 0
64315 140388 3 2 0
64315 140388 4 2 0
64315 140388 5 2 0
64315 140388 6 2 0
64315 140388 7 2 0
64315 140388 8 2 0
64315 140388 9 2 0
64315 140388 10 2 0
!leg 22381 269292 10 0 1 attackers:22381;victims:269292;type:1;valid_origin:True;recurrent:False;local:False
22381 269292 1 1 0
22381 269292 2 1 0
22381 269292 3 1 0
22381 269292 4 1 0
22381 269292 5 1 0
22381 269292 6 1 0
22381 269292 7 1 0
22381 269292 8 1 0
22381 269292 9 1 0
22381 269292 10 1 0
!leg 268952 272167 10 0 2 attackers:272167;victims:268952;type:1;valid_origin:True;recurrent:False;local:False
268952 272167 1 2 0
268952 272167 2 2 0
268952 272167 3 2 0
268952 272167 4 2 0
268952 272167 5 2 0
268952 272167 6 2 0
268952 272167 7 2 0
268952 272167 8 2 0
268952 272167 9 2 0
268952 272167 10 2 0
!sus 8849 211373 6 4 2 attackers:8849;victims:211373;type:1;valid_origin:True;recurrent:True;local:False
8849 211373 1 0 2
8849 211373 2 0 2
8849 211373 3 2 0
8849 211373 4 0 2
8849 211373 5 2 0
8849 211373 6 1 1
8849 211373 7 2 0
8849 211373 8 2 0
8849 211373 9 2 0
8849 211373 10 2 0
!sus 399975 401591 0 10 1 attackers:401591;victims:399975;type:1;valid_origin:True;recurrent:True;local:False
399975 401591 1 0 1
399975 401591 2 0 1
399975 401591 3 0 1
399975 401591 4 0 1
399975 401591 5 0 1
399975 401591 6 0 1
399975 401591 7 0 1
399975 401591 8 0 1
399975 401591 9 0 1
399975 401591 10 0 1
!leg 137526 138482 10 0 2 attackers:138482;victims:134693;type:5;valid_origin:True;recurrent:False;local:False
137526 138482 1 2 0
137526 138482 2 2 0
137526 138482 3 2 0
137526 138482 4 2 0
137526 138482 5 2 0
137526 138482 6 2 0
137526 138482 7 2 0
137526 138482 8 2 0
137526 138482 9 2 0
137526 138482 10 2 0
!sus 32475 401610 7 3 9 attackers:32475;victims:401610;type:1;valid_origin:True;recurrent:True;local:False
32475 401610 1 9 0
32475 401610 2 9 0
32475 401610 3 9 0
32475 401610 4 9 0
32475 401610 5 7 2
32475 401610 6 0 9
32475 401610 7 5 4
32475 401610 8 4 5
32475 401610 9 0 9
32475 401610 10 7 2
!sus 215120 397032 9 1 1 attackers:397032;victims:215120;type:1;valid_origin:True;recurrent:True;local:False
215120 397032 1 0 1
215120 397032 2 1 0
215120 397032 3 1 0
215120 397032 4 1 0
215120 397032 5 1 0
215120 397032 6 1 0
215120 397032 7 1 0
215120 397032 8 1 0
215120 397032 9 1 0
215120 397032 10 1 0
!leg 37440 328469 10 0 41 attackers:37440;victims:328469,328954;type:1,2;valid_origin:True;recurrent:False;local:False
37440 328469 1 41 0
37440 328469 2 41 0
37440 328469 3 41 0
37440 328469 4 41 0
37440 328469 5 41 0
37440 328469 6 41 0
37440 328469 7 41 0
37440 328469 8 41 0
37440 328469 9 41 0
37440 328469 10 41 0
!leg 16735 272167 10 0 13 attackers:272167;victims:262768,27715,269276,266151,266066,264509,263058,53161,263262;type:2,3,4,5;valid_origin:True;recurrent:False;local:False
16735 272167 1 13 0
16735 272167 2 13 0
16735 272167 3 13 0
16735 272167 4 13 0
16735 272167 5 13 0
16735 272167 6 13 0
16735 272167 7 13 0
16735 272167 8 13 0
16735 272167 9 13 0
16735 272167 10 13 0
!sus 61589 61622 0 10 8 attackers:61622;victims:61589;type:1;valid_origin:True;recurrent:True;local:False
61589 61622 1 0 8
61589 61622 2 0 8
61589 61622 3 0 8
61589 61622 4 2 6
61589 61622 5 2 6
61589 61622 6 2 6
61589 61622 7 2 6
61589 61622 8 2 6
61589 61622 9 2 6
61589 61622 10 2 6
!leg 64124 204903 10 0 2 attackers:64124;victims:204903;type:1;valid_origin:True;recurrent:False;local:False
64124 204903 1 2 0
64124 204903 2 2 0
64124 204903 3 2 0
64124 204903 4 2 0
64124 204903 5 2 0
64124 204903 6 2 0
64124 204903 7 2 0
64124 204903 8 2 0
64124 204903 9 2 0
64124 204903 10 2 0
!sus 48716 209030 9 1 1 attackers:209030;victims:48716;type:1;valid_origin:True;recurrent:True;local:False
48716 209030 1 0 1
48716 209030 2 1 0
48716 209030 3 1 0
48716 209030 4 1 0
48716 209030 5 1 0
48716 209030 6 1 0
48716 209030 7 1 0
48716 209030 8 1 0
48716 209030 9 1 0
48716 209030 10 1 0
!sus 262663 265023 6 4 1 attackers:265023;victims:262663;type:1;valid_origin:True;recurrent:True;local:False
262663 265023 1 0 1
262663 265023 2 0 1
262663 265023 3 0 1
262663 265023 4 1 0
262663 265023 5 0 1
262663 265023 6 1 0
262663 265023 7 1 0
262663 265023 8 1 0
262663 265023 9 1 0
262663 265023 10 1 0
!leg 2715 35280 10 0 1 attackers:35280;victims:2715;type:1;valid_origin:True;recurrent:True;local:False
2715 35280 1 1 0
2715 35280 2 1 0
2715 35280 3 1 0
2715 35280 4 1 0
2715 35280 5 1 0
2715 35280 6 1 0
2715 35280 7 1 0
2715 35280 8 1 0
2715 35280 9 1 0
2715 35280 10 1 0
!sus 47288 216385 9 1 52 attackers:47288;victims:216385;type:1;valid_origin:True;recurrent:True;local:False
47288 216385 1 0 52
47288 216385 2 43 9
47288 216385 3 45 7
47288 216385 4 50 2
47288 216385 5 49 3
47288 216385 6 51 1
47288 216385 7 51 1
47288 216385 8 51 1
47288 216385 9 52 0
47288 216385 10 52 0
!leg 33765 37273 10 0 77 attackers:33765;victims:37010;type:3;valid_origin:True;recurrent:False;local:False
33765 37273 1 77 0
33765 37273 2 77 0
33765 37273 3 77 0
33765 37273 4 77 0
33765 37273 5 77 0
33765 37273 6 77 0
33765 37273 7 77 0
33765 37273 8 77 0
33765 37273 9 77 0
33765 37273 10 77 0
!sus 917 1299 0 10 10 attackers:1299;victims:48539,50069,207278,200242,54218;type:2,3;valid_origin:True;recurrent:True;local:False
917 1299 1 2 8
917 1299 2 2 8
917 1299 3 2 8
917 1299 4 2 8
917 1299 5 2 8
917 1299 6 2 8
917 1299 7 2 8
917 1299 8 2 8
917 1299 9 2 8
917 1299 10 2 8
!sus 215828 400910 0 10 79 attackers:215828;victims:216360;type:2;valid_origin:True;recurrent:True;local:False
215828 400910 1 9 70
215828 400910 2 9 70
215828 400910 3 31 48
215828 400910 4 35 44
215828 400910 5 35 44
215828 400910 6 36 43
215828 400910 7 36 43
215828 400910 8 35 44
215828 400910 9 39 40
215828 400910 10 38 41
!leg 262503 272167 10 0 1 attackers:272167;victims:262503;type:1;valid_origin:True;recurrent:False;local:False
262503 272167 1 1 0
262503 272167 2 1 0
262503 272167 3 1 0
262503 272167 4 1 0
262503 272167 5 1 0
262503 272167 6 1 0
262503 272167 7 1 0
262503 272167 8 1 0
262503 272167 9 1 0
262503 272167 10 1 0
!sus 49614 213252 0 10 5 attackers:49614;victims:213252;type:1;valid_origin:True;recurrent:True;local:False
49614 213252 1 0 5
49614 213252 2 0 5
49614 213252 3 0 5
49614 213252 4 0 5
49614 213252 5 0 5
49614 213252 6 0 5
49614 213252 7 0 5
49614 213252 8 0 5
49614 213252 9 0 5
49614 213252 10 0 5
!sus 151495 152900 7 3 1 attackers:152900;victims:151495;type:1;valid_origin:True;recurrent:True;local:False
151495 152900 1 0 1
151495 152900 2 0 1
151495 152900 3 0 1
151495 152900 4 1 0
151495 152900 5 1 0
151495 152900 6 1 0
151495 152900 7 1 0
151495 152900 8 1 0
151495 152900 9 1 0
151495 152900 10 1 0
!leg 271526 273614 10 0 1 attackers:273614;victims:271526;type:1;valid_origin:True;recurrent:True;local:False
271526 273614 1 1 0
271526 273614 2 1 0
271526 273614 3 1 0
271526 273614 4 1 0
271526 273614 5 1 0
271526 273614 6 1 0
271526 273614 7 1 0
271526 273614 8 1 0
271526 273614 9 1 0
271526 273614 10 1 0
!sus 1299 8003 4 6 5 attackers:1299;victims:8003;type:1;valid_origin:True;recurrent:True;local:False
1299 8003 1 1 4
1299 8003 2 3 2
1299 8003 3 1 4
1299 8003 4 2 3
1299 8003 5 3 2
1299 8003 6 2 3
1299 8003 7 2 3
1299 8003 8 3 2
1299 8003 9 5 0
1299 8003 10 1 4
!sus 43754 213531 7 3 66 attackers:43754;victims:213531;type:1;valid_origin:True;recurrent:True;local:False
43754 213531 1 66 0
43754 213531 2 66 0
43754 213531 3 66 0
43754 213531 4 66 0
43754 213531 5 0 66
43754 213531 6 0 66
43754 213531 7 60 6
43754 213531 8 0 66
43754 213531 9 64 2
43754 213531 10 50 16
!leg 22356 52947 10 0 1 attackers:22356;victims:53018;type:4;valid_origin:True;recurrent:False;local:False
22356 52947 1 1 0
22356 52947 2 1 0
22356 52947 3 1 0
22356 52947 4 1 0
22356 52947 5 1 0
22356 52947 6 1 0
22356 52947 7 1 0
22356 52947 8 1 0
22356 52947 9 1 0
22356 52947 10 1 0
!sus 34872 153495 1 9 9 attackers:34872;victims:153495;type:1;valid_origin:True;recurrent:True;local:False
34872 153495 1 6 3
34872 153495 2 0 9
34872 153495 3 1 8
34872 153495 4 2 7
34872 153495 5 1 8
34872 153495 6 0 9
34872 153495 7 2 7
34872 153495 8 1 8
34872 153495 9 0 9
34872 153495 10 0 9
!sus 9498 267035 0 10 35 attackers:267035;victims:45650,134236,45899,140712,150341,142439,150682,133280,136224,136461,139335,139053,10215,139510,150059,132751,138301;type:2,3,4;valid_origin:True;recurrent:True;local:False
9498 267035 1 1 34
9498 267035 2 1 34
9498 267035 3 2 33
9498 267035 4 6 29
9498 267035 5 8 27
9498 267035 6 8 27
9498 267035 7 8 27
9498 267035 8 8 27
9498 267035 9 8 27
9498 267035 10 8 27
!sus 56910 213835 1 9 21 attackers:56910;victims:213835;type:1;valid_origin:True;recurrent:True;local:False
56910 213835 1 5 16
56910 213835 2 4 17
56910 213835 3 0 21
56910 213835 4 4 17
56910 213835 5 2 19
56910 213835 6 0 21
56910 213835 7 12 9
56910 213835 8 7 14
56910 213835 9 0 21
56910 213835 10 3 18
!sus 37148 136907 0 10 20 attackers:37148;victims:136907;type:1;valid_origin:True;recurrent:True;local:False
37148 136907 1 0 20
37148 136907 2 0 20
37148 136907 3 0 20
37148 136907 4 0 20
37148 136907 5 0 20
37148 136907 6 0 20
37148 136907 7 0 20
37148 136907 8 1 19
37148 136907 9 0 20
37148 136907 10 0 20
!leg 28300 272167 10 0 4 attackers:272167;victims:28300;type:1;valid_origin:True;recurrent:False;local:False
28300 272167 1 4 0
28300 272167 2 4 0
28300 272167 3 4 0
28300 272167 4 4 0
28300 272167 5 4 0
28300 272167 6 4 0
28300 272167 7 4 0
28300 272167 8 4 0
28300 272167 9 4 0
28300 272167 10 4 0
!leg 13646 396993 10 0 234 attackers:13646;victims:396993;type:1;valid_origin:True;recurrent:True;local:False
13646 396993 1 186 48
13646 396993 2 234 0
13646 396993 3 234 0
13646 396993 4 234 0
13646 396993 5 234 0
13646 396993 6 234 0
13646 396993 7 234 0
13646 396993 8 234 0
13646 396993 9 234 0
13646 396993 10 234 0
!sus 34373 213968 4 6 5 attackers:34373;victims:213968;type:1;valid_origin:True;recurrent:True;local:False
34373 213968 1 5 0
34373 213968 2 5 0
34373 213968 3 5 0
34373 213968 4 5 0
34373 213968 5 1 4
34373 213968 6 0 5
34373 213968 7 0 5
34373 213968 8 0 5
34373 213968 9 0 5
34373 213968 10 0 5
!sus 35753 55256 3 7 9 attackers:35753;victims:55256;type:1;valid_origin:True;recurrent:True;local:False
35753 55256 1 0 9
35753 55256 2 0 9
35753 55256 3 0 9
35753 55256 4 0 9
35753 55256 5 0 9
35753 55256 6 0 9
35753 55256 7 4 5
35753 55256 8 7 2
35753 55256 9 7 2
35753 55256 10 8 1
!sus 132060 133524 8 2 68 attackers:133524;victims:132060;type:1;valid_origin:True;recurrent:True;local:False
132060 133524 1 68 0
132060 133524 2 68 0
132060 133524 3 67 1
132060 133524 4 68 0
132060 133524 5 68 0
132060 133524 6 66 2
132060 133524 7 0 68
132060 133524 8 0 68
132060 133524 9 67 1
132060 133524 10 66 2
!sus 63718 133776 1 9 2 attackers:133776;victims:63718;type:1;valid_origin:True;recurrent:True;local:False
63718 133776 1 0 2
63718 133776 2 0 2
63718 133776 3 0 2
63718 133776 4 0 2
63718 133776 5 0 2
63718 133776 6 0 2
63718 133776 7 0 2
63718 133776 8 1 1
63718 133776 9 0 2
63718 133776 10 2 0
!sus 26415 134809 8 2 5 attackers:134809;victims:396681;type:2;valid_origin:False;recurrent:True;local:False
26415 134809 1 1 4
26415 134809 2 2 3
26415 134809 3 4 1
26415 134809 4 5 0
26415 134809 5 5 0
26415 134809 6 5 0
26415 134809 7 5 0
26415 134809 8 5 0
26415 134809 9 5 0
26415 134809 10 5 0
!sus 271253 274724 0 10 7 attackers:271253;victims:274724;type:1;valid_origin:True;recurrent:True;local:False
271253 274724 1 0 7
271253 274724 2 1 6
271253 274724 3 1 6
271253 274724 4 1 6
271253 274724 5 1 6
271253 274724 6 1 6
271253 274724 7 2 5
271253 274724 8 1 6
271253 274724 9 3 4
271253 274724 10 2 5
!sus 9293 17694 8 2 28 attackers:17694;victims:9293;type:1;valid_origin:False;recurrent:False;local:False
9293 17694 1 3 25
9293 17694 2 12 16
9293 17694 3 15 13
9293 17694 4 15 13
9293 17694 5 16 12
9293 17694 6 16 12
9293 17694 7 18 10
9293 17694 8 18 10
9293 17694 9 19 9
9293 17694 10 19 9
!leg 262287 273478 10 0 109 attackers:262287;victims:269342;type:3;valid_origin:True;recurrent:False;local:False
262287 273478 1 109 0
262287 273478 2 109 0
262287 273478 3 109 0
262287 273478 4 109 0
262287 273478 5 109 0
262287 273478 6 109 0
262287 273478 7 109 0
262287 273478 8 109 0
262287 273478 9 109 0
262287 273478 10 109 0
!sus 16242 25369 1 9 2 attackers:16242;victims:59812;type:3;valid_origin:True;recurrent:False;local:False
16242 25369 1 0 2
16242 25369 2 0 2
16242 25369 3 0 2
16242 25369 4 0 2
16242 25369 5 0 2
16242 25369 6 0 2
16242 25369 7 0 2
16242 25369 8 0 2
16242 25369 9 2 0
16242 25369 10 0 2
!leg 42446 61696 10 0 1 attackers:61696;victims:42446;type:1;valid_origin:True;recurrent:False;local:False
42446 61696 1 1 0
42446 61696 2 1 0
42446 61696 3 1 0
42446 61696 4 1 0
42446 61696 5 1 0
42446 61696 6 1 0
42446 61696 7 1 0
42446 61696 8 1 0
42446 61696 9 1 0
42446 61696 10 1 0
!sus 216360 400910 1 9 79 attackers:400910;victims:216360;type:1;valid_origin:True;recurrent:True;local:False
216360 400910 1 9 70
216360 400910 2 9 70
216360 400910 3 33 46
216360 400910 4 31 48
216360 400910 5 35 44
216360 400910 6 35 44
216360 400910 7 33 46
216360 400910 8 35 44
216360 400910 9 38 41
216360 400910 10 40 39
!leg 30844 37440 10 0 9 attackers:37440;victims:37414;type:3;valid_origin:True;recurrent:False;local:False
30844 37440 1 9 0
30844 37440 2 9 0
30844 37440 3 9 0
30844 37440 4 9 0
30844 37440 5 9 0
30844 37440 6 9 0
30844 37440 7 9 0
30844 37440 8 9 0
30844 37440 9 9 0
30844 37440 10 9 0
!sus 36873 37616 0 10 8 attackers:37616;victims:36873;type:1;valid_origin:True;recurrent:True;local:False
36873 37616 1 0 8
36873 37616 2 0 8
36873 37616 3 0 8
36873 37616 4 0 8
36873 37616 5 0 8
36873 37616 6 0 8
36873 37616 7 0 8
36873 37616 8 0 8
36873 37616 9 0 8
36873 37616 10 0 8
!leg 47157 212895 10 0 467 attackers:212895;victims:47157;type:1;valid_origin:True;recurrent:False;local:False
47157 212895 1 467 0
47157 212895 2 467 0
47157 212895 3 467 0
47157 212895 4 467 0
47157 212895 5 467 0
47157 212895 6 467 0
47157 212895 7 467 0
47157 212895 8 467 0
47157 212895 9 467 0
47157 212895 10 467 0
!leg 262773 272167 10 0 9 attackers:272167;victims:268901,262773;type:1,2;valid_origin:True;recurrent:False;local:False
262773 272167 1 9 0
262773 272167 2 9 0
262773 272167 3 9 0
262773 272167 4 9 0
262773 272167 5 9 0
262773 272167 6 9 0
262773 272167 7 9 0
262773 272167 8 9 0
262773 272167 9 9 0
262773 272167 10 9 0
!sus 198889 214481 9 1 103 attackers:214481;victims:198889;type:1;valid_origin:True;recurrent:True;local:False
198889 214481 1 0 103
198889 214481 2 102 1
198889 214481 3 103 0
198889 214481 4 102 1
198889 214481 5 103 0
198889 214481 6 103 0
198889 214481 7 103 0
198889 214481 8 103 0
198889 214481 9 103 0
198889 214481 10 103 0
!sus 60171 328019 2 8 5 attackers:60171;victims:328019;type:1;valid_origin:True;recurrent:True;local:False
60171 328019 1 0 5
60171 328019 2 0 5
60171 328019 3 0 5
60171 328019 4 4 1
60171 328019 5 0 5
60171 328019 6 1 4
60171 328019 7 0 5
60171 328019 8 1 4
60171 328019 9 4 1
60171 328019 10 0 5
!sus 215492 215980 6 4 5 attackers:215492;victims:215980;type:1;valid_origin:True;recurrent:True;local:False
215492 215980 1 0 5
215492 215980 2 2 3
215492 215980 3 2 3
215492 215980 4 2 3
215492 215980 5 4 1
215492 215980 6 4 1
215492 215980 7 4 1
215492 215980 8 4 1
215492 215980 9 5 0
215492 215980 10 5 0
!leg 264496 272167 10 0 2 attackers:272167;victims:264496;type:1;valid_origin:True;recurrent:False;local:False
264496 272167 1 2 0
264496 272167 2 2 0
264496 272167 3 2 0
264496 272167 4 2 0
264496 272167 5 2 0
264496 272167 6 2 0
264496 272167 7 2 0
264496 272167 8 2 0
264496 272167 9 2 0
264496 272167 10 2 0
!sus 52941 272167 0 10 1 attackers:272167;victims:52941;type:1;valid_origin:True;recurrent:False;local:False
52941 272167 1 0 1
52941 272167 2 0 1
52941 272167 3 0 1
52941 272167 4 0 1
52941 272167 5 0 1
52941 272167 6 0 1
52941 272167 7 0 1
52941 272167 8 0 1
52941 272167 9 0 1
52941 272167 10 0 1
!leg 57463 215636 10 0 1 attackers:57463;victims:215636;type:1;valid_origin:True;recurrent:True;local:True
57463 215636 1 1 0
57463 215636 2 1 0
57463 215636 3 1 0
57463 215636 4 1 0
57463 215636 5 1 0
57463 215636 6 1 0
57463 215636 7 1 0
57463 215636 8 1 0
57463 215636 9 1 0
57463 215636 10 1 0
!sus 3356 11664 7 3 7 attackers:3356;victims:271798,52308,11664;type:1,2,3;valid_origin:True;recurrent:True;local:False
3356 11664 1 1 6
3356 11664 2 3 4
3356 11664 3 3 4
3356 11664 4 4 3
3356 11664 5 6 1
3356 11664 6 6 1
3356 11664 7 6 1
3356 11664 8 6 1
3356 11664 9 6 1
3356 11664 10 6 1
!sus 50131 400799 0 10 25 attackers:400799;victims:50131;type:1;valid_origin:True;recurrent:True;local:False
50131 400799 1 3 22
50131 400799 2 4 21
50131 400799 3 4 21
50131 400799 4 5 20
50131 400799 5 7 18
50131 400799 6 7 18
50131 400799 7 8 17
50131 400799 8 7 18
50131 400799 9 10 15
50131 400799 10 8 17
!sus 15830 393861 4 6 5 attackers:15830;victims:393861;type:1;valid_origin:True;recurrent:True;local:False
15830 393861 1 0 5
15830 393861 2 0 5
15830 393861 3 1 4
15830 393861 4 2 3
15830 393861 5 2 3
15830 393861 6 2 3
15830 393861 7 3 2
15830 393861 8 3 2
15830 393861 9 3 2
15830 393861 10 3 2
!sus 151983 153525 3 7 14 attackers:151983;victims:153525;type:1;valid_origin:True;recurrent:True;local:False
151983 153525 1 13 1
151983 153525 2 13 1
151983 153525 3 11 3
151983 153525 4 0 14
151983 153525 5 0 14
151983 153525 6 0 14
151983 153525 7 0 14
151983 153525 8 0 14
151983 153525 9 0 14
151983 153525 10 6 8
!leg 152900 199676 10 0 4 attackers:152900;victims:199676;type:1;valid_origin:True;recurrent:True;local:False
152900 199676 1 3 1
152900 199676 2 3 1
152900 199676 3 4 0
152900 199676 4 4 0
152900 199676 5 4 0
152900 199676 6 4 0
152900 199676 7 4 0
152900 199676 8 4 0
152900 199676 9 4 0
152900 199676 10 4 0
!sus 15830 132018 7 3 12 attackers:15830;victims:132018;type:1;valid_origin:True;recurrent:True;local:False
15830 132018 1 0 12
15830 132018 2 0 12
15830 132018 3 10 2
15830 132018 4 0 12
15830 132018 5 10 2
15830 132018 6 10 2
15830 132018 7 11 1
15830 132018 8 11 1
15830 132018 9 10 2
15830 132018 10 11 1
!sus 10798 19711 9 1 5 attackers:19711;victims:10798;type:1;valid_origin:True;recurrent:True;local:False
10798 19711 1 0 5
10798 19711 2 3 2
10798 19711 3 4 1
10798 19711 4 4 1
10798 19711 5 5 0
10798 19711 6 5 0
10798 19711 7 5 0
10798 19711 8 5 0
10798 19711 9 5 0
10798 19711 10 5 0
!sus 28189 274696 0 10 4 attackers:28189;victims:267602;type:2;valid_origin:True;recurrent:True;local:False
28189 274696 1 1 3
28189 274696 2 1 3
28189 274696 3 2 2
28189 274696 4 2 2
28189 274696 5 2 2
28189 274696 6 2 2
28189 274696 7 2 2
28189 274696 8 2 2
28189 274696 9 2 2
28189 274696 10 2 2
!leg 52468 267035 10 0 1 attackers:267035;victims:268538;type:2;valid_origin:True;recurrent:False;local:False
52468 267035 1 1 0
52468 267035 2 1 0
52468 267035 3 1 0
52468 267035 4 1 0
52468 267035 5 1 0
52468 267035 6 1 0
52468 267035 7 1 0
52468 267035 8 1 0
52468 267035 9 1 0
52468 267035 10 1 0
!sus 52941 267035 4 6 22 attackers:267035;victims:52941;type:1;valid_origin:True;recurrent:True;local:False
52941 267035 1 2 20
52941 267035 2 9 13
52941 267035 3 8 14
52941 267035 4 11 11
52941 267035 5 11 11
52941 267035 6 12 10
52941 267035 7 21 1
52941 267035 8 17 5
52941 267035 9 13 9
52941 267035 10 11 11
!sus 14270 142470 0 10 120 attackers:142470;victims:142470;type:2;valid_origin:True;recurrent:True;local:False
14270 142470 1 1 119
14270 142470 2 3 117
14270 142470 3 1 119
14270 142470 4 5 115
14270 142470 5 3 117
14270 142470 6 6 114
14270 142470 7 43 77
14270 142470 8 12 108
14270 142470 9 20 100
14270 142470 10 15 105
!sus 136582 153346 9 1 1 attackers:136582;victims:153346;type:1;valid_origin:True;recurrent:True;local:False
136582 153346 1 0 1
136582 153346 2 1 0
136582 153346 3 1 0
136582 153346 4 1 0
136582 153346 5 1 0
136582 153346 6 1 0
136582 153346 7 1 0
136582 153346 8 1 0
136582 153346 9 1 0
136582 153346 10 1 0
!sus 27176 215120 9 1 2 attackers:27176;victims:215120;type:1;valid_origin:True;recurrent:True;local:False
27176 215120 1 1 1
27176 215120 2 2 0
27176 215120 3 2 0
27176 215120 4 2 0
27176 215120 5 2 0
27176 215120 6 2 0
27176 215120 7 2 0
27176 215120 8 2 0
27176 215120 9 2 0
27176 215120 10 2 0
!sus 203867 215378 9 1 1 attackers:203867;victims:215378;type:1;valid_origin:True;recurrent:True;local:False
203867 215378 1 0 1
203867 215378 2 1 0
203867 215378 3 1 0
203867 215378 4 1 0
203867 215378 5 1 0
203867 215378 6 1 0
203867 215378 7 1 0
203867 215378 8 1 0
203867 215378 9 1 0
203867 215378 10 1 0
!sus 266441 268314 2 8 4 attackers:266441;victims:268314;type:1;valid_origin:True;recurrent:True;local:False
266441 268314 1 1 3
266441 268314 2 2 2
266441 268314 3 2 2
266441 268314 4 2 2
266441 268314 5 2 2
266441 268314 6 2 2
266441 268314 7 2 2
266441 268314 8 2 2
266441 268314 9 3 1
266441 268314 10 3 1
!sus 9329 151485 8 2 7 attackers:9329;victims:151485;type:1;valid_origin:True;recurrent:True;local:False
9329 151485 1 7 0
9329 151485 2 7 0
9329 151485 3 7 0
9329 151485 4 7 0
9329 151485 5 6 1
9329 151485 6 7 0
9329 151485 7 4 3
9329 151485 8 3 4
9329 151485 9 1 6
9329 151485 10 7 0
!leg 52800 267035 10 0 6 attackers:267035;victims:52800;type:1;valid_origin:True;recurrent:False;local:False
52800 267035 1 6 0
52800 267035 2 6 0
52800 267035 3 6 0
52800 267035 4 6 0
52800 267035 5 6 0
52800 267035 6 6 0
52800 267035 7 6 0
52800 267035 8 6 0
52800 267035 9 6 0
52800 267035 10 6 0
!sus 41869 50304 0 10 2 attackers:50304;victims:41869;type:1;valid_origin:True;recurrent:True;local:False
41869 50304 1 0 2
41869 50304 2 0 2
41869 50304 3 0 2
41869 50304 4 0 2
41869 50304 5 0 2
41869 50304 6 0 2
41869 50304 7 0 2
41869 50304 8 0 2
41869 50304 9 0 2
41869 50304 10 0 2
!sus 2 270757 0 10 3 attackers:270757;victims:2;type:1;valid_origin:True;recurrent:True;local:False
2 270757 1 0 3
2 270757 2 0 3
2 270757 3 0 3
2 270757 4 0 3
2 270757 5 0 3
2 270757 6 0 3
2 270757 7 0 3
2 270757 8 0 3
2 270757 9 0 3
2 270757 10 0 3
!sus 5 268733 0 10 4 attackers:268733;victims:5;type:1;valid_origin:True;recurrent:True;local:False
5 268733 1 0 4
5 268733 2 0 4
5 268733 3 0 4
5 268733 4 0 4
5 268733 5 0 4
5 268733 6 0 4
5 268733 7 0 4
5 268733 8 0 4
5 268733 9 0 4
5 268733 10 0 4
