!sus 33387 211358 8 2 4 attackers:33387;victims:211358;type:1;valid_origin:True;recurrent:True;local:False
33387 211358 1 0 4
33387 211358 2 0 4
33387 211358 3 4 0
33387 211358 4 4 0
33387 211358 5 4 0
33387 211358 6 4 0
33387 211358 7 4 0
33387 211358 8 4 0
33387 211358 9 4 0
33387 211358 10 4 0
!sus 9425 151449 0 10 1 attackers:9425;victims:151449;type:1;valid_origin:True;recurrent:True;local:False
9425 151449 1 0 1
9425 151449 2 0 1
9425 151449 3 0 1
9425 151449 4 0 1
9425 151449 5 0 1
9425 151449 6 0 1
9425 151449 7 0 1
9425 151449 8 0 1
9425 151449 9 0 1
9425 151449 10 0 1
!sus 9425 151458 0 10 1 attackers:9425;victims:151458;type:1;valid_origin:True;recurrent:True;local:False
9425 151458 1 0 1
9425 151458 2 0 1
9425 151458 3 0 1
9425 151458 4 0 1
9425 151458 5 0 1
9425 151458 6 0 1
9425 151458 7 0 1
9425 151458 8 0 1
9425 151458 9 0 1
9425 151458 10 0 1
!leg 24186 134334 10 0 83 attackers:24186;victims:134334;type:1;valid_origin:True;recurrent:False;local:False
24186 134334 1 83 0
24186 134334 2 83 0
24186 134334 3 83 0
24186 134334 4 83 0
24186 134334 5 83 0
24186 134334 6 83 0
24186 134334 7 83 0
24186 134334 8 83 0
24186 134334 9 83 0
24186 134334 10 83 0
!leg 28220 265061 10 0 56 attackers:28220;victims:271192;type:4;valid_origin:True;recurrent:False;local:False
28220 265061 1 56 0
28220 265061 2 56 0
28220 265061 3 56 0
28220 265061 4 56 0
28220 265061 5 56 0
28220 265061 6 56 0
28220 265061 7 56 0
28220 265061 8 56 0
28220 265061 9 56 0
28220 265061 10 56 0
!sus 20473 138401 0 10 3 attackers:20473;victims:138401;type:1;valid_origin:True;recurrent:True;local:False
20473 138401 1 0 3
20473 138401 2 0 3
20473 138401 3 0 3
20473 138401 4 0 3
20473 138401 5 0 3
20473 138401 6 0 3
20473 138401 7 0 3
20473 138401 8 0 3
20473 138401 9 0 3
20473 138401 10 0 3
!sus 262179 263812 0 10 163 attackers:262179;victims:263812;type:1;valid_origin:True;recurrent:True;local:False
262179 263812 1 0 163
262179 263812 2 0 163
262179 263812 3 0 163
262179 263812 4 0 163
262179 263812 5 0 163
262179 263812 6 0 163
262179 263812 7 0 163
262179 263812 8 0 163
262179 263812 9 0 163
262179 263812 10 12 151
!sus 135905 139057 0 10 8 attackers:135905;victims:139057;type:1;valid_origin:True;recurrent:True;local:False
135905 139057 1 0 8
135905 139057 2 0 8
135905 139057 3 0 8
135905 139057 4 0 8
135905 139057 5 0 8
135905 139057 6 0 8
135905 139057 7 0 8
135905 139057 8 0 8
135905 139057 9 0 8
135905 139057 10 0 8
!sus 15830 34307 7 3 1 attackers:34307;victims:203304;type:2;valid_origin:True;recurrent:True;local:False
15830 34307 1 0 1
15830 34307 2 0 1
15830 34307 3 0 1
15830 34307 4 1 0
15830 34307 5 1 0
15830 34307 6 1 0
15830 34307 7 1 0
15830 34307 8 1 0
15830 34307 9 1 0
15830 34307 10 1 0
!sus 41051 213758 1 9 9 attackers:41051;victims:213758;type:1;valid_origin:True;recurrent:True;local:False
41051 213758 1 0 9
41051 213758 2 0 9
41051 213758 3 0 9
41051 213758 4 2 7
41051 213758 5 2 7
41051 213758 6 2 7
41051 213758 7 2 7
41051 213758 8 2 7
41051 213758 9 4 5
41051 213758 10 5 4
!sus 44324 134835 0 10 2 attackers:134835;victims:44324;type:1;valid_origin:True;recurrent:True;local:False
44324 134835 1 0 2
44324 134835 2 0 2
44324 134835 3 0 2
44324 134835 4 0 2
44324 134835 5 0 2
44324 134835 6 0 2
44324 134835 7 0 2
44324 134835 8 0 2
44324 134835 9 0 2
44324 134835 10 0 2
!sus 202425 214295 0 10 1 attackers:202425;victims:214295;type:1;valid_origin:True;recurrent:True;local:False
202425 214295 1 0 1
202425 214295 2 0 1
202425 214295 3 0 1
202425 214295 4 0 1
202425 214295 5 0 1
202425 214295 6 0 1
202425 214295 7 0 1
202425 214295 8 0 1
202425 214295 9 0 1
202425 214295 10 0 1
!leg 24482 134094 10 0 2 attackers:24482,134094;victims:63911,270352;type:3,5;valid_origin:True;recurrent:False;local:False
24482 134094 1 2 0
24482 134094 2 2 0
24482 134094 3 2 0
24482 134094 4 2 0
24482 134094 5 2 0
24482 134094 6 2 0
24482 134094 7 2 0
24482 134094 8 2 0
24482 134094 9 2 0
24482 134094 10 2 0
!sus 139311 152671 0 10 45 attackers:139311;victims:152671;type:1;valid_origin:True;recurrent:True;local:False
139311 152671 1 0 45
139311 152671 2 0 45
139311 152671 3 0 45
139311 152671 4 0 45
139311 152671 5 0 45
139311 152671 6 0 45
139311 152671 7 0 45
139311 152671 8 0 45
139311 152671 9 0 45
139311 152671 10 0 45
!leg 51896 61302 10 0 1 attackers:61302;victims:60539;type:4;valid_origin:True;recurrent:True;local:False
51896 61302 1 1 0
51896 61302 2 1 0
51896 61302 3 1 0
51896 61302 4 1 0
51896 61302 5 1 0
51896 61302 6 1 0
51896 61302 7 1 0
51896 61302 8 1 0
51896 61302 9 1 0
51896 61302 10 1 0
!sus 37662 329427 0 10 179 attackers:37662;victims:329427;type:1;valid_origin:True;recurrent:True;local:False
37662 329427 1 38 141
37662 329427 2 0 179
37662 329427 3 0 179
37662 329427 4 0 179
37662 329427 5 0 179
37662 329427 6 0 179
37662 329427 7 0 179
37662 329427 8 9 170
37662 329427 9 4 175
37662 329427 10 0 179
!sus 26068 269068 0 10 1 attackers:269068;victims:26068;type:1;valid_origin:False;recurrent:True;local:False
26068 269068 1 0 1
26068 269068 2 0 1
26068 269068 3 0 1
26068 269068 4 0 1
26068 269068 5 0 1
26068 269068 6 0 1
26068 269068 7 0 1
26068 269068 8 0 1
26068 269068 9 0 1
26068 269068 10 0 1
!sus 9425 151451 0 10 1 attackers:9425;victims:151451;type:1;valid_origin:True;recurrent:True;local:False
9425 151451 1 0 1
9425 151451 2 0 1
9425 151451 3 0 1
9425 151451 4 0 1
9425 151451 5 0 1
9425 151451 6 0 1
9425 151451 7 0 1
9425 151451 8 0 1
9425 151451 9 0 1
9425 151451 10 0 1
!leg 139036 150748 10 0 37 attackers:150748;victims:139036;type:1;valid_origin:True;recurrent:False;local:False
139036 150748 1 37 0
139036 150748 2 37 0
139036 150748 3 37 0
139036 150748 4 37 0
139036 150748 5 37 0
139036 150748 6 37 0
139036 150748 7 37 0
139036 150748 8 37 0
139036 150748 9 37 0
139036 150748 10 37 0
!leg 9049 12737 10 0 2 attackers:9049;victims:59696;type:3;valid_origin:True;recurrent:False;local:False
9049 12737 1 2 0
9049 12737 2 2 0
9049 12737 3 2 0
9049 12737 4 2 0
9049 12737 5 2 0
9049 12737 6 2 0
9049 12737 7 2 0
9049 12737 8 2 0
9049 12737 9 2 0
9049 12737 10 2 0
!sus 9425 151460 0 10 1 attackers:9425;victims:151460;type:1;valid_origin:True;recurrent:True;local:False
9425 151460 1 0 1
9425 151460 2 0 1
9425 151460 3 0 1
9425 151460 4 0 1
9425 151460 5 0 1
9425 151460 6 0 1
9425 151460 7 0 1
9425 151460 8 0 1
9425 151460 9 0 1
9425 151460 10 0 1
!leg 211588 215828 10 0 4 attackers:215828;victims:216455,216107;type:2;valid_origin:True;recurrent:False;local:False
211588 215828 1 4 0
211588 215828 2 4 0
211588 215828 3 4 0
211588 215828 4 4 0
211588 215828 5 4 0
211588 215828 6 4 0
211588 215828 7 4 0
211588 215828 8 4 0
211588 215828 9 4 0
211588 215828 10 4 0
!sus 7470 26937 7 3 3 attackers:7470;victims:26937;type:1;valid_origin:True;recurrent:True;local:False
7470 26937 1 0 3
7470 26937 2 0 3
7470 26937 3 0 3
7470 26937 4 2 1
7470 26937 5 2 1
7470 26937 6 3 0
7470 26937 7 3 0
7470 26937 8 3 0
7470 26937 9 3 0
7470 26937 10 3 0
!sus 214271 396356 5 5 1 attackers:396356;victims:214271;type:1;valid_origin:True;recurrent:True;local:False
214271 396356 1 0 1
214271 396356 2 0 1
214271 396356 3 0 1
214271 396356 4 0 1
214271 396356 5 1 0
214271 396356 6 0 1
214271 396356 7 1 0
214271 396356 8 1 0
214271 396356 9 1 0
214271 396356 10 1 0
!sus 9812 146762 0 10 1 attackers:146762;victims:9812;type:1;valid_origin:True;recurrent:True;local:False
9812 146762 1 0 1
9812 146762 2 0 1
9812 146762 3 0 1
9812 146762 4 0 1
9812 146762 5 0 1
9812 146762 6 0 1
9812 146762 7 0 1
9812 146762 8 0 1
9812 146762 9 0 1
9812 146762 10 0 1
!sus 41051 213870 1 9 4 attackers:41051;victims:213870;type:1;valid_origin:True;recurrent:True;local:False
41051 213870 1 0 4
41051 213870 2 1 3
41051 213870 3 1 3
41051 213870 4 2 2
41051 213870 5 1 3
41051 213870 6 1 3
41051 213870 7 2 2
41051 213870 8 2 2
41051 213870 9 3 1
41051 213870 10 2 2
!sus 28910 131284 2 8 8 attackers:28910;victims:131284;type:1;valid_origin:True;recurrent:True;local:False
28910 131284 1 0 8
28910 131284 2 1 7
28910 131284 3 0 8
28910 131284 4 0 8
28910 131284 5 3 5
28910 131284 6 2 6
28910 131284 7 7 1
28910 131284 8 3 5
28910 131284 9 4 4
28910 131284 10 5 3
!sus 48003 198949 9 1 1 attackers:198949;victims:48003;type:1;valid_origin:True;recurrent:True;local:False
48003 198949 1 0 1
48003 198949 2 1 0
48003 198949 3 1 0
48003 198949 4 1 0
48003 198949 5 1 0
48003 198949 6 1 0
48003 198949 7 1 0
48003 198949 8 1 0
48003 198949 9 1 0
48003 198949 10 1 0
!sus 13378 63567 1 9 4 attackers:13378;victims:63567;type:1;valid_origin:True;recurrent:True;local:False
13378 63567 1 3 1
13378 63567 2 0 4
13378 63567 3 0 4
13378 63567 4 0 4
13378 63567 5 0 4
13378 63567 6 0 4
13378 63567 7 0 4
13378 63567 8 0 4
13378 63567 9 0 4
13378 63567 10 0 4
!sus 8772 34800 6 4 11 attackers:8772;victims:34800;type:1;valid_origin:True;recurrent:True;local:False
8772 34800 1 1 10
8772 34800 2 1 10
8772 34800 3 3 8
8772 34800 4 3 8
8772 34800 5 6 5
8772 34800 6 7 4
8772 34800 7 7 4
8772 34800 8 8 3
8772 34800 9 8 3
8772 34800 10 8 3
!sus 262589 273905 0 10 9 attackers:262589;victims:273905;type:1;valid_origin:True;recurrent:True;local:False
262589 273905 1 1 8
262589 273905 2 0 9
262589 273905 3 0 9
262589 273905 4 0 9
262589 273905 5 0 9
262589 273905 6 0 9
262589 273905 7 0 9
262589 273905 8 0 9
262589 273905 9 0 9
262589 273905 10 0 9
!sus 2 132655 0 10 1 attackers:132655;victims:2;type:1;valid_origin:True;recurrent:True;local:False
2 132655 1 0 1
2 132655 2 0 1
2 132655 3 0 1
2 132655 4 0 1
2 132655 5 0 1
2 132655 6 0 1
2 132655 7 0 1
2 132655 8 0 1
2 132655 9 0 1
2 132655 10 0 1
!sus 23061 49592 0 10 6 attackers:49592;victims:23061;type:1;valid_origin:True;recurrent:True;local:False
23061 49592 1 0 6
23061 49592 2 0 6
23061 49592 3 0 6
23061 49592 4 0 6
23061 49592 5 0 6
23061 49592 6 0 6
23061 49592 7 0 6
23061 49592 8 0 6
23061 49592 9 0 6
23061 49592 10 0 6
!sus 9425 151444 0 10 1 attackers:9425;victims:151444;type:1;valid_origin:True;recurrent:True;local:False
9425 151444 1 0 1
9425 151444 2 0 1
9425 151444 3 0 1
9425 151444 4 0 1
9425 151444 5 0 1
9425 151444 6 0 1
9425 151444 7 0 1
9425 151444 8 0 1
9425 151444 9 0 1
9425 151444 10 0 1
!sus 9425 151453 0 10 1 attackers:9425;victims:151453;type:1;valid_origin:True;recurrent:True;local:False
9425 151453 1 0 1
9425 151453 2 0 1
9425 151453 3 0 1
9425 151453 4 0 1
9425 151453 5 0 1
9425 151453 6 0 1
9425 151453 7 0 1
9425 151453 8 0 1
9425 151453 9 0 1
9425 151453 10 0 1
!sus 21277 51095 7 3 1 attackers:51095;victims:21277;type:1;valid_origin:True;recurrent:True;local:False
21277 51095 1 0 1
21277 51095 2 0 1
21277 51095 3 0 1
21277 51095 4 1 0
21277 51095 5 1 0
21277 51095 6 1 0
21277 51095 7 1 0
21277 51095 8 1 0
21277 51095 9 1 0
21277 51095 10 1 0
!sus 9425 151462 0 10 1 attackers:9425;victims:151462;type:1;valid_origin:True;recurrent:True;local:False
9425 151462 1 0 1
9425 151462 2 0 1
9425 151462 3 0 1
9425 151462 4 0 1
9425 151462 5 0 1
9425 151462 6 0 1
9425 151462 7 0 1
9425 151462 8 0 1
9425 151462 9 0 1
9425 151462 10 0 1
!leg 207336 212477 10 0 2 attackers:207336;victims:216156;type:2;valid_origin:True;recurrent:False;local:False
207336 212477 1 2 0
207336 212477 2 2 0
207336 212477 3 2 0
207336 212477 4 2 0
207336 212477 5 2 0
207336 212477 6 2 0
207336 212477 7 2 0
207336 212477 8 2 0
207336 212477 9 2 0
207336 212477 10 2 0
!sus 13004 44477 4 6 5 attackers:13004;victims:44477;type:1;valid_origin:True;recurrent:True;local:False
13004 44477 1 0 5
13004 44477 2 0 5
13004 44477 3 1 4
13004 44477 4 1 4
13004 44477 5 1 4
13004 44477 6 1 4
13004 44477 7 3 2
13004 44477 8 3 2
13004 44477 9 3 2
13004 44477 10 5 0
!sus 52758 274660 7 3 3 attackers:52758;victims:274660;type:1;valid_origin:True;recurrent:True;local:False
52758 274660 1 3 0
52758 274660 2 3 0
52758 274660 3 3 0
52758 274660 4 3 0
52758 274660 5 3 0
52758 274660 6 0 3
52758 274660 7 3 0
52758 274660 8 0 3
52758 274660 9 3 0
52758 274660 10 0 3
!leg 53356 215828 10 0 4 attackers:215828;victims:53356,207941;type:1,2;valid_origin:True;recurrent:False;local:False
53356 215828 1 4 0
53356 215828 2 4 0
53356 215828 3 4 0
53356 215828 4 4 0
53356 215828 5 4 0
53356 215828 6 4 0
53356 215828 7 4 0
53356 215828 8 4 0
53356 215828 9 4 0
53356 215828 10 4 0
!leg 6939 11664 10 0 53 attackers:6939;victims:20002,52308,11664,28073,269909,27983,263812,263729,267852,52405,267712,267798,271798,3573;type:1,2,3;valid_origin:True;recurrent:True;local:False
6939 11664 1 31 22
6939 11664 2 41 12
6939 11664 3 40 13
6939 11664 4 46 7
6939 11664 5 48 5
6939 11664 6 51 2
6939 11664 7 52 1
6939 11664 8 52 1
6939 11664 9 50 3
6939 11664 10 53 0
!sus 1767 10233 0 10 37 attackers:10233;victims:10233;type:2;valid_origin:True;recurrent:False;local:False
1767 10233 1 0 37
1767 10233 2 0 37
1767 10233 3 0 37
1767 10233 4 0 37
1767 10233 5 0 37
1767 10233 6 0 37
1767 10233 7 0 37
1767 10233 8 0 37
1767 10233 9 0 37
1767 10233 10 0 37
!leg 262903 262907 10 0 39 attackers:262907;victims:269686;type:2;valid_origin:True;recurrent:False;local:False
262903 262907 1 39 0
262903 262907 2 39 0
262903 262907 3 39 0
262903 262907 4 39 0
262903 262907 5 39 0
262903 262907 6 39 0
262903 262907 7 39 0
262903 262907 8 39 0
262903 262907 9 39 0
262903 262907 10 39 0
!sus 1 197251 3 7 5 attackers:197251;victims:1;type:1;valid_origin:True;recurrent:True;local:False
1 197251 1 0 5
1 197251 2 0 5
1 197251 3 1 4
1 197251 4 2 3
1 197251 5 2 3
1 197251 6 4 1
1 197251 7 4 1
1 197251 8 4 1
1 197251 9 2 3
1 197251 10 2 3
!sus 20516 29390 8 2 1 attackers:29390;victims:20516;type:1;valid_origin:True;recurrent:False;local:False
20516 29390 1 0 1
20516 29390 2 0 1
20516 29390 3 1 0
20516 29390 4 1 0
20516 29390 5 1 0
20516 29390 6 1 0
20516 29390 7 1 0
20516 29390 8 1 0
20516 29390 9 1 0
20516 29390 10 1 0
!sus 21859 270776 0 10 1 attackers:270776;victims:24409;type:2;valid_origin:True;recurrent:True;local:False
21859 270776 1 0 1
21859 270776 2 0 1
21859 270776 3 0 1
21859 270776 4 0 1
21859 270776 5 0 1
21859 270776 6 0 1
21859 270776 7 0 1
21859 270776 8 0 1
21859 270776 9 0 1
21859 270776 10 0 1
!leg 60296 214396 10 0 27 attackers:60296;victims:214396;type:1;valid_origin:True;recurrent:True;local:False
60296 214396 1 24 3
60296 214396 2 27 0
60296 214396 3 27 0
60296 214396 4 26 1
60296 214396 5 26 1
60296 214396 6 24 3
60296 214396 7 27 0
60296 214396 8 27 0
60296 214396 9 27 0
60296 214396 10 27 0
!leg 44103 215828 10 0 2 attackers:215828;victims:212085;type:2;valid_origin:True;recurrent:False;local:False
44103 215828 1 2 0
44103 215828 2 2 0
44103 215828 3 2 0
44103 215828 4 2 0
44103 215828 5 2 0
44103 215828 6 2 0
44103 215828 7 2 0
44103 215828 8 2 0
44103 215828 9 2 0
44103 215828 10 2 0
!leg 63884 141126 10 0 76 attackers:141126;victims:63884;type:1;valid_origin:True;recurrent:False;local:False
63884 141126 1 76 0
63884 141126 2 76 0
63884 141126 3 76 0
63884 141126 4 76 0
63884 141126 5 76 0
63884 141126 6 76 0
63884 141126 7 76 0
63884 141126 8 76 0
63884 141126 9 76 0
63884 141126 10 76 0
!sus 54994 55410 0 10 5 attackers:55410;victims:54994;type:1;valid_origin:True;recurrent:True;local:False
54994 55410 1 0 5
54994 55410 2 0 5
54994 55410 3 0 5
54994 55410 4 0 5
54994 55410 5 0 5
54994 55410 6 0 5
54994 55410 7 0 5
54994 55410 8 0 5
54994 55410 9 0 5
54994 55410 10 0 5
!sus 9425 151446 0 10 1 attackers:9425;victims:151446;type:1;valid_origin:True;recurrent:True;local:False
9425 151446 1 0 1
9425 151446 2 0 1
9425 151446 3 0 1
9425 151446 4 0 1
9425 151446 5 0 1
9425 151446 6 0 1
9425 151446 7 0 1
9425 151446 8 0 1
9425 151446 9 0 1
9425 151446 10 0 1
!leg 13213 61696 10 0 1 attackers:61696;victims:13213;type:1;valid_origin:True;recurrent:False;local:False
13213 61696 1 1 0
13213 61696 2 1 0
13213 61696 3 1 0
13213 61696 4 1 0
13213 61696 5 1 0
13213 61696 6 1 0
13213 61696 7 1 0
13213 61696 8 1 0
13213 61696 9 1 0
13213 61696 10 1 0
!sus 209533 213928 4 6 217 attackers:209533;victims:213928;type:1;valid_origin:True;recurrent:True;local:False
209533 213928 1 7 210
209533 213928 2 5 212
209533 213928 3 8 209
209533 213928 4 74 143
209533 213928 5 188 29
209533 213928 6 44 173
209533 213928 7 45 172
209533 213928 8 211 6
209533 213928 9 216 1
209533 213928 10 216 1
!sus 213691 216334 7 3 6 attackers:216334;victims:213691;type:1;valid_origin:True;recurrent:True;local:False
213691 216334 1 6 0
213691 216334 2 6 0
213691 216334 3 6 0
213691 216334 4 6 0
213691 216334 5 5 1
213691 216334 6 3 3
213691 216334 7 6 0
213691 216334 8 5 1
213691 216334 9 3 3
213691 216334 10 3 3
!sus 9425 151455 0 10 1 attackers:9425;victims:151455;type:1;valid_origin:True;recurrent:True;local:False
9425 151455 1 0 1
9425 151455 2 0 1
9425 151455 3 0 1
9425 151455 4 0 1
9425 151455 5 0 1
9425 151455 6 0 1
9425 151455 7 0 1
9425 151455 8 0 1
9425 151455 9 0 1
9425 151455 10 0 1
!sus 59796 208972 6 4 6 attackers:59796;victims:197428,216064;type:2;valid_origin:True;recurrent:True;local:False
59796 208972 1 0 6
59796 208972 2 0 6
59796 208972 3 0 6
59796 208972 4 2 4
59796 208972 5 6 0
59796 208972 6 6 0
59796 208972 7 6 0
59796 208972 8 6 0
59796 208972 9 6 0
59796 208972 10 6 0
!leg 34872 215828 10 0 3 attackers:215828;victims:214723;type:2;valid_origin:True;recurrent:False;local:False
34872 215828 1 3 0
34872 215828 2 3 0
34872 215828 3 3 0
34872 215828 4 3 0
34872 215828 5 3 0
34872 215828 6 3 0
34872 215828 7 3 0
34872 215828 8 3 0
34872 215828 9 3 0
34872 215828 10 3 0
!sus 202425 213725 2 8 1 attackers:202425;victims:213725;type:1;valid_origin:True;recurrent:True;local:False
202425 213725 1 1 0
202425 213725 2 0 1
202425 213725 3 0 1
202425 213725 4 0 1
202425 213725 5 0 1
202425 213725 6 0 1
202425 213725 7 0 1
202425 213725 8 0 1
202425 213725 9 1 0
202425 213725 10 0 1
!leg 138835 149713 10 0 1 attackers:149713;victims:138835;type:1;valid_origin:True;recurrent:False;local:False
138835 149713 1 1 0
138835 149713 2 1 0
138835 149713 3 1 0
138835 149713 4 1 0
138835 149713 5 1 0
138835 149713 6 1 0
138835 149713 7 1 0
138835 149713 8 1 0
138835 149713 9 1 0
138835 149713 10 1 0
!sus 663 135420 9 1 4 attackers:135420;victims:663;type:1;valid_origin:False;recurrent:False;local:False
663 135420 1 4 0
663 135420 2 4 0
663 135420 3 4 0
663 135420 4 4 0
663 135420 5 4 0
663 135420 6 0 4
663 135420 7 4 0
663 135420 8 4 0
663 135420 9 4 0
663 135420 10 4 0
!sus 41264 327727 8 2 3 attackers:327727;victims:41264;type:1;valid_origin:True;recurrent:True;local:False
41264 327727 1 0 3
41264 327727 2 0 3
41264 327727 3 3 0
41264 327727 4 3 0
41264 327727 5 3 0
41264 327727 6 3 0
41264 327727 7 3 0
41264 327727 8 3 0
41264 327727 9 3 0
41264 327727 10 3 0
!sus 8048 273857 8 2 6 attackers:8048;victims:273857;type:1;valid_origin:True;recurrent:True;local:False
8048 273857 1 6 0
8048 273857 2 6 0
8048 273857 3 6 0
8048 273857 4 6 0
8048 273857 5 6 0
8048 273857 6 0 6
8048 273857 7 6 0
8048 273857 8 0 6
8048 273857 9 6 0
8048 273857 10 6 0
!sus 328543 400018 0 10 22 attackers:328543;victims:55933;type:2;valid_origin:True;recurrent:True;local:False
328543 400018 1 0 22
328543 400018 2 0 22
328543 400018 3 0 22
328543 400018 4 0 22
328543 400018 5 0 22
328543 400018 6 0 22
328543 400018 7 0 22
328543 400018 8 0 22
328543 400018 9 0 22
328543 400018 10 0 22
!sus 3269 213970 8 2 5 attackers:3269;victims:213970;type:1;valid_origin:True;recurrent:True;local:False
3269 213970 1 5 0
3269 213970 2 5 0
3269 213970 3 5 0
3269 213970 4 5 0
3269 213970 5 5 0
3269 213970 6 0 5
3269 213970 7 5 0
3269 213970 8 0 5
3269 213970 9 5 0
3269 213970 10 3 2
!leg 62113 205235 10 0 230 attackers:205235;victims:62113;type:1;valid_origin:True;recurrent:True;local:False
62113 205235 1 230 0
62113 205235 2 167 63
62113 205235 3 230 0
62113 205235 4 203 27
62113 205235 5 183 47
62113 205235 6 184 46
62113 205235 7 203 27
62113 205235 8 207 23
62113 205235 9 207 23
62113 205235 10 212 18
!sus 29049 50959 0 10 1 attackers:29049;victims:50959;type:1;valid_origin:True;recurrent:True;local:False
29049 50959 1 0 1
29049 50959 2 0 1
29049 50959 3 0 1
29049 50959 4 0 1
29049 50959 5 0 1
29049 50959 6 0 1
29049 50959 7 0 1
29049 50959 8 0 1
29049 50959 9 0 1
29049 50959 10 0 1
!sus 56264 133496 6 4 7 attackers:56264;victims:133496;type:1;valid_origin:True;recurrent:True;local:False
56264 133496 1 7 0
56264 133496 2 7 0
56264 133496 3 7 0
56264 133496 4 7 0
56264 133496 5 7 0
56264 133496 6 0 7
56264 133496 7 7 0
56264 133496 8 0 7
56264 133496 9 0 7
56264 133496 10 0 7
!sus 151194 198025 0 10 9 attackers:151194;victims:198025;type:1;valid_origin:True;recurrent:True;local:False
151194 198025 1 0 9
151194 198025 2 0 9
151194 198025 3 0 9
151194 198025 4 1 8
151194 198025 5 1 8
151194 198025 6 1 8
151194 198025 7 1 8
151194 198025 8 1 8
151194 198025 9 1 8
151194 198025 10 1 8
!leg 38026 135038 10 0 4 attackers:38026;victims:135038;type:1,3;valid_origin:True;recurrent:False;local:False
38026 135038 1 4 0
38026 135038 2 4 0
38026 135038 3 4 0
38026 135038 4 4 0
38026 135038 5 4 0
38026 135038 6 4 0
38026 135038 7 4 0
38026 135038 8 4 0
38026 135038 9 4 0
38026 135038 10 4 0
!sus 52154 214952 0 10 1 attackers:52154;victims:214952;type:1;valid_origin:True;recurrent:True;local:False
52154 214952 1 0 1
52154 214952 2 0 1
52154 214952 3 0 1
52154 214952 4 0 1
52154 214952 5 0 1
52154 214952 6 0 1
52154 214952 7 0 1
52154 214952 8 0 1
52154 214952 9 0 1
52154 214952 10 0 1
!sus 152900 200169 0 10 5 attackers:152900;victims:200169;type:1;valid_origin:True;recurrent:True;local:False
152900 200169 1 0 5
152900 200169 2 0 5
152900 200169 3 0 5
152900 200169 4 0 5
152900 200169 5 0 5
152900 200169 6 0 5
152900 200169 7 0 5
152900 200169 8 0 5
152900 200169 9 0 5
152900 200169 10 0 5
!leg 399765 401104 10 0 3 attackers:401104;victims:399765;type:1;valid_origin:True;recurrent:True;local:False
399765 401104 1 3 0
399765 401104 2 3 0
399765 401104 3 3 0
399765 401104 4 3 0
399765 401104 5 3 0
399765 401104 6 3 0
399765 401104 7 3 0
399765 401104 8 3 0
399765 401104 9 3 0
399765 401104 10 3 0
!sus 3399 209625 0 10 3 attackers:3399;victims:209625;type:1;valid_origin:True;recurrent:True;local:False
3399 209625 1 0 3
3399 209625 2 0 3
3399 209625 3 0 3
3399 209625 4 0 3
3399 209625 5 0 3
3399 209625 6 0 3
3399 209625 7 0 3
3399 209625 8 0 3
3399 209625 9 0 3
3399 209625 10 0 3
!sus 23470 152698 7 3 3 attackers:23470;victims:152698;type:1;valid_origin:True;recurrent:True;local:False
23470 152698 1 0 3
23470 152698 2 0 3
23470 152698 3 0 3
23470 152698 4 3 0
23470 152698 5 3 0
23470 152698 6 2 1
23470 152698 7 3 0
23470 152698 8 3 0
23470 152698 9 3 0
23470 152698 10 3 0
!sus 4812 10233 0 10 38 attackers:10233;victims:10233;type:2;valid_origin:True;recurrent:False;local:False
4812 10233 1 0 38
4812 10233 2 0 38
4812 10233 3 0 38
4812 10233 4 0 38
4812 10233 5 0 38
4812 10233 6 0 38
4812 10233 7 0 38
4812 10233 8 0 38
4812 10233 9 0 38
4812 10233 10 0 38
!sus 211275 214618 9 1 2 attackers:214618;victims:215492;type:2;valid_origin:True;recurrent:True;local:False
211275 214618 1 1 1
211275 214618 2 2 0
211275 214618 3 2 0
211275 214618 4 2 0
211275 214618 5 2 0
211275 214618 6 2 0
211275 214618 7 2 0
211275 214618 8 2 0
211275 214618 9 2 0
211275 214618 10 2 0
!sus 9425 151448 0 10 1 attackers:9425;victims:151448;type:1;valid_origin:True;recurrent:True;local:False
9425 151448 1 0 1
9425 151448 2 0 1
9425 151448 3 0 1
9425 151448 4 0 1
9425 151448 5 0 1
9425 151448 6 0 1
9425 151448 7 0 1
9425 151448 8 0 1
9425 151448 9 0 1
9425 151448 10 0 1
!sus 42198 54014 6 4 2 attackers:42198;victims:54014;type:1;valid_origin:True;recurrent:True;local:False
42198 54014 1 2 0
42198 54014 2 2 0
42198 54014 3 2 0
42198 54014 4 2 0
42198 54014 5 2 0
42198 54014 6 0 2
42198 54014 7 2 0
42198 54014 8 0 2
42198 54014 9 0 2
42198 54014 10 0 2
!sus 9425 151457 0 10 1 attackers:9425;victims:151457;type:1;valid_origin:True;recurrent:True;local:False
9425 151457 1 0 1
9425 151457 2 0 1
9425 151457 3 0 1
9425 151457 4 0 1
9425 151457 5 0 1
9425 151457 6 0 1
9425 151457 7 0 1
9425 151457 8 0 1
9425 151457 9 0 1
9425 151457 10 0 1
!leg 7713 141108 10 0 17 attackers:7713;victims:141108;type:1;valid_origin:True;recurrent:False;local:False
7713 141108 1 17 0
7713 141108 2 17 0
7713 141108 3 17 0
7713 141108 4 17 0
7713 141108 5 17 0
7713 141108 6 17 0
7713 141108 7 17 0
7713 141108 8 17 0
7713 141108 9 17 0
7713 141108 10 17 0
!leg 393444 399788 10 0 75 attackers:393444;victims:399788;type:1;valid_origin:True;recurrent:False;local:False
393444 399788 1 75 0
393444 399788 2 75 0
393444 399788 3 75 0
393444 399788 4 75 0
393444 399788 5 75 0
393444 399788 6 75 0
393444 399788 7 75 0
393444 399788 8 75 0
393444 399788 9 75 0
393444 399788 10 75 0
!leg 265038 268860 10 0 1 attackers:265038;victims:13335;type:3;valid_origin:True;recurrent:True;local:False
265038 268860 1 1 0
265038 268860 2 1 0
265038 268860 3 1 0
265038 268860 4 1 0
265038 268860 5 1 0
265038 268860 6 1 0
265038 268860 7 1 0
265038 268860 8 1 0
265038 268860 9 1 0
265038 268860 10 1 0
!sus 42473 263681 0 10 1 attackers:263681;victims:42473;type:1;valid_origin:True;recurrent:True;local:False
42473 263681 1 0 1
42473 263681 2 0 1
42473 263681 3 0 1
42473 263681 4 0 1
42473 263681 5 0 1
42473 263681 6 0 1
42473 263681 7 0 1
42473 263681 8 0 1
42473 263681 9 0 1
42473 263681 10 0 1
!sus 3300 212565 0 10 1 attackers:3300;victims:212565;type:1;valid_origin:True;recurrent:True;local:False
3300 212565 1 0 1
3300 212565 2 0 1
3300 212565 3 0 1
3300 212565 4 0 1
3300 212565 5 0 1
3300 212565 6 0 1
3300 212565 7 0 1
3300 212565 8 0 1
3300 212565 9 0 1
3300 212565 10 0 1
!leg 135654 136759 10 0 2 attackers:135654;victims:134785;type:3;valid_origin:True;recurrent:False;local:False
135654 136759 1 2 0
135654 136759 2 2 0
135654 136759 3 2 0
135654 136759 4 2 0
135654 136759 5 2 0
135654 136759 6 2 0
135654 136759 7 2 0
135654 136759 8 2 0
135654 136759 9 2 0
135654 136759 10 2 0
!sus 60068 401408 2 8 3 attackers:60068;victims:401408;type:1;valid_origin:True;recurrent:True;local:False
60068 401408 1 3 0
60068 401408 2 1 2
60068 401408 3 1 2
60068 401408 4 0 3
60068 401408 5 1 2
60068 401408 6 1 2
60068 401408 7 1 2
60068 401408 8 1 2
60068 401408 9 1 2
60068 401408 10 2 1
!leg 42739 43733 10 0 7 attackers:43733;victims:212908,15874,42739,204782,197226,41006,39816;type:1,2;valid_origin:True;recurrent:True;local:True
42739 43733 1 6 1
42739 43733 2 6 1
42739 43733 3 6 1
42739 43733 4 6 1
42739 43733 5 6 1
42739 43733 6 6 1
42739 43733 7 6 1
42739 43733 8 6 1
42739 43733 9 6 1
42739 43733 10 6 1
!sus 37271 329258 9 1 5 attackers:37271;victims:329258;type:1;valid_origin:True;recurrent:True;local:False
37271 329258 1 0 5
37271 329258 2 4 1
37271 329258 3 5 0
37271 329258 4 5 0
37271 329258 5 5 0
37271 329258 6 5 0
37271 329258 7 5 0
37271 329258 8 5 0
37271 329258 9 5 0
37271 329258 10 5 0
!sus 7721 215364 0 10 12 attackers:215364;victims:7721;type:1;valid_origin:True;recurrent:True;local:False
7721 215364 1 1 11
7721 215364 2 1 11
7721 215364 3 2 10
7721 215364 4 2 10
7721 215364 5 2 10
7721 215364 6 2 10
7721 215364 7 2 10
7721 215364 8 2 10
7721 215364 9 2 10
7721 215364 10 3 9
!sus 31529 270776 2 8 1 attackers:270776;victims:25354;type:2;valid_origin:True;recurrent:True;local:False
31529 270776 1 0 1
31529 270776 2 0 1
31529 270776 3 0 1
31529 270776 4 0 1
31529 270776 5 0 1
31529 270776 6 0 1
31529 270776 7 0 1
31529 270776 8 0 1
31529 270776 9 1 0
31529 270776 10 1 0
!sus 28462 265606 2 8 1 attackers:265606;victims:28462;type:1;valid_origin:True;recurrent:True;local:False
28462 265606 1 1 0
28462 265606 2 0 1
28462 265606 3 0 1
28462 265606 4 0 1
28462 265606 5 0 1
28462 265606 6 0 1
28462 265606 7 0 1
28462 265606 8 1 0
28462 265606 9 0 1
28462 265606 10 0 1
!sus 208972 213697 3 7 4 attackers:208972;victims:213697;type:1;valid_origin:True;recurrent:True;local:False
208972 213697 1 2 2
208972 213697 2 0 4
208972 213697 3 0 4
208972 213697 4 0 4
208972 213697 5 0 4
208972 213697 6 0 4
208972 213697 7 3 1
208972 213697 8 0 4
208972 213697 9 3 1
208972 213697 10 3 1
!leg 138840 142349 10 0 61 attackers:138840;victims:142349;type:1;valid_origin:True;recurrent:False;local:False
138840 142349 1 61 0
138840 142349 2 61 0
138840 142349 3 61 0
138840 142349 4 61 0
138840 142349 5 61 0
138840 142349 6 61 0
138840 142349 7 61 0
138840 142349 8 61 0
138840 142349 9 61 0
138840 142349 10 61 0
!sus 10233 23686 1 9 36 attackers:10233;victims:10233;type:2;valid_origin:True;recurrent:False;local:False
10233 23686 1 0 36
10233 23686 2 11 25
10233 23686 3 0 36
10233 23686 4 0 36
10233 23686 5 0 36
10233 23686 6 0 36
10233 23686 7 2 34
10233 23686 8 0 36
10233 23686 9 11 25
10233 23686 10 20 16
!sus 42337 214586 8 2 49 attackers:42337;victims:214586;type:1;valid_origin:True;recurrent:True;local:False
42337 214586 1 49 0
42337 214586 2 49 0
42337 214586 3 34 15
42337 214586 4 49 0
42337 214586 5 49 0
42337 214586 6 0 49
42337 214586 7 49 0
42337 214586 8 0 49
42337 214586 9 49 0
42337 214586 10 38 11
!sus 139311 151349 0 10 6 attackers:139311;victims:151349;type:1;valid_origin:True;recurrent:True;local:False
139311 151349 1 0 6
139311 151349 2 0 6
139311 151349 3 0 6
139311 151349 4 0 6
139311 151349 5 0 6
139311 151349 6 0 6
139311 151349 7 0 6
139311 151349 8 0 6
139311 151349 9 0 6
139311 151349 10 0 6
!leg 135709 152144 10 0 1 attackers:135709;victims:139922;type:4;valid_origin:True;recurrent:True;local:False
135709 152144 1 1 0
135709 152144 2 1 0
135709 152144 3 1 0
135709 152144 4 1 0
135709 152144 5 1 0
135709 152144 6 1 0
135709 152144 7 1 0
135709 152144 8 1 0
135709 152144 9 1 0
135709 152144 10 1 0
!leg 20516 29632 10 0 1 attackers:29632;victims:20516;type:1;valid_origin:True;recurrent:False;local:False
20516 29632 1 1 0
20516 29632 2 1 0
20516 29632 3 1 0
20516 29632 4 1 0
20516 29632 5 1 0
20516 29632 6 1 0
20516 29632 7 1 0
20516 29632 8 1 0
20516 29632 9 1 0
20516 29632 10 1 0
!sus 14868 274628 3 7 1 attackers:14868;victims:274628;type:1;valid_origin:True;recurrent:True;local:False
14868 274628 1 1 0
14868 274628 2 1 0
14868 274628 3 1 0
14868 274628 4 0 1
14868 274628 5 0 1
14868 274628 6 0 1
14868 274628 7 0 1
14868 274628 8 0 1
14868 274628 9 0 1
14868 274628 10 0 1
!sus 9425 151450 0 10 1 attackers:9425;victims:151450;type:1;valid_origin:True;recurrent:True;local:False
9425 151450 1 0 1
9425 151450 2 0 1
9425 151450 3 0 1
9425 151450 4 0 1
9425 151450 5 0 1
9425 151450 6 0 1
9425 151450 7 0 1
9425 151450 8 0 1
9425 151450 9 0 1
9425 151450 10 0 1
!sus 213714 215400 4 6 3 attackers:215400;victims:213714;type:1;valid_origin:True;recurrent:True;local:False
213714 215400 1 3 0
213714 215400 2 3 0
213714 215400 3 0 3
213714 215400 4 3 0
213714 215400 5 3 0
213714 215400 6 0 3
213714 215400 7 0 3
213714 215400 8 0 3
213714 215400 9 0 3
213714 215400 10 0 3
!sus 58212 61112 7 3 3 attackers:58212;victims:61112;type:1;valid_origin:True;recurrent:True;local:False
58212 61112 1 0 3
58212 61112 2 0 3
58212 61112 3 1 2
58212 61112 4 2 1
58212 61112 5 3 0
58212 61112 6 3 0
58212 61112 7 3 0
58212 61112 8 3 0
58212 61112 9 3 0
58212 61112 10 3 0
!sus 34872 214139 0 10 4 attackers:34872;victims:214139;type:1;valid_origin:True;recurrent:True;local:False
34872 214139 1 2 2
34872 214139 2 1 3
34872 214139 3 0 4
34872 214139 4 0 4
34872 214139 5 0 4
34872 214139 6 0 4
34872 214139 7 0 4
34872 214139 8 1 3
34872 214139 9 1 3
34872 214139 10 1 3
!sus 15351 16628 3 7 3 attackers:16628;victims:15351;type:1;valid_origin:True;recurrent:True;local:False
15351 16628 1 1 2
15351 16628 2 3 0
15351 16628 3 0 3
15351 16628 4 2 1
15351 16628 5 2 1
15351 16628 6 0 3
15351 16628 7 0 3
15351 16628 8 0 3
15351 16628 9 0 3
15351 16628 10 0 3
!sus 135046 136969 9 1 15 attackers:136969;victims:135046;type:1;valid_origin:True;recurrent:True;local:False
135046 136969 1 15 0
135046 136969 2 15 0
135046 136969 3 15 0
135046 136969 4 15 0
135046 136969 5 15 0
135046 136969 6 0 15
135046 136969 7 15 0
135046 136969 8 14 1
135046 136969 9 13 2
135046 136969 10 13 2
!sus 135660 152333 4 6 16 attackers:152333;victims:135660;type:1;valid_origin:True;recurrent:True;local:False
135660 152333 1 16 0
135660 152333 2 15 1
135660 152333 3 0 16
135660 152333 4 15 1
135660 152333 5 14 2
135660 152333 6 0 16
135660 152333 7 0 16
135660 152333 8 0 16
135660 152333 9 0 16
135660 152333 10 0 16
!sus 214331 214569 0 10 67 attackers:214331;victims:214569;type:1;valid_origin:True;recurrent:True;local:False
214331 214569 1 0 67
214331 214569 2 0 67
214331 214569 3 0 67
214331 214569 4 0 67
214331 214569 5 0 67
214331 214569 6 0 67
214331 214569 7 6 61
214331 214569 8 0 67
214331 214569 9 0 67
214331 214569 10 0 67
!sus 20118 60539 5 5 1 attackers:60539;victims:20118;type:1;valid_origin:True;recurrent:True;local:False
20118 60539 1 0 1
20118 60539 2 0 1
20118 60539 3 0 1
20118 60539 4 0 1
20118 60539 5 1 0
20118 60539 6 1 0
20118 60539 7 0 1
20118 60539 8 1 0
20118 60539 9 1 0
20118 60539 10 1 0
!sus 24406 33071 5 5 6 attackers:33071;victims:24406;type:1;valid_origin:True;recurrent:True;local:False
24406 33071 1 0 6
24406 33071 2 0 6
24406 33071 3 0 6
24406 33071 4 3 3
24406 33071 5 1 5
24406 33071 6 6 0
24406 33071 7 6 0
24406 33071 8 6 0
24406 33071 9 6 0
24406 33071 10 6 0
!sus 262589 273822 8 2 23 attackers:262589;victims:273822;type:1;valid_origin:True;recurrent:True;local:False
262589 273822 1 3 20
262589 273822 2 4 19
262589 273822 3 18 5
262589 273822 4 19 4
262589 273822 5 20 3
262589 273822 6 20 3
262589 273822 7 23 0
262589 273822 8 20 3
262589 273822 9 23 0
262589 273822 10 23 0
!leg 5486 13684 10 0 41 attackers:5486;victims:13684;type:1;valid_origin:True;recurrent:False;local:False
5486 13684 1 41 0
5486 13684 2 41 0
5486 13684 3 41 0
5486 13684 4 41 0
5486 13684 5 41 0
5486 13684 6 41 0
5486 13684 7 41 0
5486 13684 8 41 0
5486 13684 9 41 0
5486 13684 10 41 0
!sus 15353 62836 3 7 3 attackers:15353;victims:62836;type:1;valid_origin:True;recurrent:True;local:False
15353 62836 1 3 0
15353 62836 2 3 0
15353 62836 3 0 3
15353 62836 4 0 3
15353 62836 5 0 3
15353 62836 6 0 3
15353 62836 7 1 2
15353 62836 8 1 2
15353 62836 9 3 0
15353 62836 10 0 3
!sus 42298 214178 4 6 3 attackers:42298;victims:214178;type:1;valid_origin:True;recurrent:True;local:False
42298 214178 1 3 0
42298 214178 2 3 0
42298 214178 3 1 2
42298 214178 4 3 0
42298 214178 5 3 0
42298 214178 6 0 3
42298 214178 7 0 3
42298 214178 8 0 3
42298 214178 9 0 3
42298 214178 10 0 3
!sus 23520 27923 9 1 4 attackers:23520;victims:27923;type:1;valid_origin:True;recurrent:True;local:False
23520 27923 1 1 3
23520 27923 2 4 0
23520 27923 3 4 0
23520 27923 4 4 0
23520 27923 5 4 0
23520 27923 6 4 0
23520 27923 7 4 0
23520 27923 8 4 0
23520 27923 9 4 0
23520 27923 10 4 0
!leg 8732 61696 10 0 1 attackers:61696;victims:205978;type:2;valid_origin:True;recurrent:False;local:False
8732 61696 1 1 0
8732 61696 2 1 0
8732 61696 3 1 0
8732 61696 4 1 0
8732 61696 5 1 0
8732 61696 6 1 0
8732 61696 7 1 0
8732 61696 8 1 0
8732 61696 9 1 0
8732 61696 10 1 0
!sus 38082 57344 8 2 2 attackers:38082;victims:13335;type:6;valid_origin:True;recurrent:True;local:False
38082 57344 1 0 2
38082 57344 2 0 2
38082 57344 3 2 0
38082 57344 4 2 0
38082 57344 5 2 0
38082 57344 6 2 0
38082 57344 7 2 0
38082 57344 8 2 0
38082 57344 9 2 0
38082 57344 10 2 0
!sus 34872 213647 4 6 25 attackers:34872;victims:213647;type:1;valid_origin:True;recurrent:False;local:False
34872 213647 1 25 0
34872 213647 2 21 4
34872 213647 3 4 21
34872 213647 4 0 25
34872 213647 5 5 20
34872 213647 6 5 20
34872 213647 7 0 25
34872 213647 8 12 13
34872 213647 9 22 3
34872 213647 10 23 2
!sus 13378 149304 1 9 5 attackers:13378;victims:149304;type:1;valid_origin:True;recurrent:True;local:False
13378 149304 1 4 1
13378 149304 2 0 5
13378 149304 3 0 5
13378 149304 4 0 5
13378 149304 5 0 5
13378 149304 6 0 5
13378 149304 7 0 5
13378 149304 8 0 5
13378 149304 9 0 5
13378 149304 10 0 5
!sus 9425 151443 0 10 1 attackers:9425;victims:151443;type:1;valid_origin:True;recurrent:True;local:False
9425 151443 1 0 1
9425 151443 2 0 1
9425 151443 3 0 1
9425 151443 4 0 1
9425 151443 5 0 1
9425 151443 6 0 1
9425 151443 7 0 1
9425 151443 8 0 1
9425 151443 9 0 1
9425 151443 10 0 1
!sus 9425 151452 0 10 1 attackers:9425;victims:151452;type:1;valid_origin:True;recurrent:True;local:False
9425 151452 1 0 1
9425 151452 2 0 1
9425 151452 3 0 1
9425 151452 4 0 1
9425 151452 5 0 1
9425 151452 6 0 1
9425 151452 7 0 1
9425 151452 8 0 1
9425 151452 9 0 1
9425 151452 10 0 1
!sus 212503 213856 1 9 62 attackers:213856;victims:212503;type:1;valid_origin:True;recurrent:False;local:False
212503 213856 1 58 4
212503 213856 2 17 45
212503 213856 3 14 48
212503 213856 4 6 56
212503 213856 5 3 59
212503 213856 6 15 47
212503 213856 7 2 60
212503 213856 8 15 47
212503 213856 9 14 48
212503 213856 10 9 53
!sus 34872 215288 9 1 1 attackers:34872;victims:215288;type:1;valid_origin:True;recurrent:True;local:False
34872 215288 1 0 1
34872 215288 2 1 0
34872 215288 3 1 0
34872 215288 4 1 0
34872 215288 5 1 0
34872 215288 6 1 0
34872 215288 7 1 0
34872 215288 8 1 0
34872 215288 9 1 0
34872 215288 10 1 0
!sus 1273 1813 1 9 1 attackers:1273;victims:1813;type:1;valid_origin:True;recurrent:True;local:False
1273 1813 1 1 0
1273 1813 2 0 1
1273 1813 3 0 1
1273 1813 4 0 1
1273 1813 5 0 1
1273 1813 6 0 1
1273 1813 7 0 1
1273 1813 8 0 1
1273 1813 9 0 1
1273 1813 10 0 1
!sus 137037 149020 1 9 10 attackers:149020;victims:137037;type:1;valid_origin:True;recurrent:True;local:False
137037 149020 1 10 0
137037 149020 2 5 5
137037 149020 3 0 10
137037 149020 4 0 10
137037 149020 5 5 5
137037 149020 6 0 10
137037 149020 7 0 10
137037 149020 8 1 9
137037 149020 9 0 10
137037 149020 10 0 10
!sus 399861 401481 3 7 3 attackers:399861;victims:401481;type:1;valid_origin:True;recurrent:True;local:False
399861 401481 1 3 0
399861 401481 2 3 0
399861 401481 3 0 3
399861 401481 4 0 3
399861 401481 5 2 1
399861 401481 6 0 3
399861 401481 7 0 3
399861 401481 8 0 3
399861 401481 9 0 3
399861 401481 10 0 3
!leg 7713 138122 10 0 16 attackers:7713;victims:138122;type:1;valid_origin:True;recurrent:False;local:False
7713 138122 1 16 0
7713 138122 2 16 0
7713 138122 3 16 0
7713 138122 4 16 0
7713 138122 5 16 0
7713 138122 6 16 0
7713 138122 7 16 0
7713 138122 8 16 0
7713 138122 9 16 0
7713 138122 10 16 0
!sus 917 25737 0 10 16 attackers:917;victims:25737;type:1;valid_origin:True;recurrent:True;local:False
917 25737 1 0 16
917 25737 2 1 15
917 25737 3 0 16
917 25737 4 1 15
917 25737 5 1 15
917 25737 6 1 15
917 25737 7 1 15
917 25737 8 0 16
917 25737 9 1 15
917 25737 10 1 15
!leg 8932 10075 10 0 1 attackers:8932;victims:24389;type:2;valid_origin:True;recurrent:True;local:False
8932 10075 1 1 0
8932 10075 2 1 0
8932 10075 3 1 0
8932 10075 4 1 0
8932 10075 5 1 0
8932 10075 6 1 0
8932 10075 7 1 0
8932 10075 8 1 0
8932 10075 9 1 0
8932 10075 10 1 0
!leg 27524 208453 10 0 24 attackers:208453;victims:27524;type:1;valid_origin:True;recurrent:False;local:False
27524 208453 1 24 0
27524 208453 2 24 0
27524 208453 3 24 0
27524 208453 4 24 0
27524 208453 5 24 0
27524 208453 6 24 0
27524 208453 7 24 0
27524 208453 8 24 0
27524 208453 9 24 0
27524 208453 10 24 0
!sus 152900 214731 0 10 6 attackers:152900;victims:214731;type:1;valid_origin:True;recurrent:True;local:False
152900 214731 1 0 6
152900 214731 2 0 6
152900 214731 3 0 6
152900 214731 4 0 6
152900 214731 5 0 6
152900 214731 6 0 6
152900 214731 7 0 6
152900 214731 8 0 6
152900 214731 9 0 6
152900 214731 10 0 6
!sus 213737 215242 0 10 4 attackers:213737;victims:215242;type:1;valid_origin:True;recurrent:True;local:False
213737 215242 1 0 4
213737 215242 2 0 4
213737 215242 3 0 4
213737 215242 4 0 4
213737 215242 5 0 4
213737 215242 6 0 4
213737 215242 7 0 4
213737 215242 8 0 4
213737 215242 9 0 4
213737 215242 10 0 4
!sus 10233 42337 0 10 35 attackers:10233;victims:10233;type:2;valid_origin:True;recurrent:False;local:False
10233 42337 1 0 35
10233 42337 2 0 35
10233 42337 3 0 35
10233 42337 4 0 35
10233 42337 5 0 35
10233 42337 6 0 35
10233 42337 7 0 35
10233 42337 8 0 35
10233 42337 9 0 35
10233 42337 10 0 35
!leg 59711 61696 10 0 2 attackers:61696;victims:59711;type:1;valid_origin:True;recurrent:False;local:False
59711 61696 1 2 0
59711 61696 2 2 0
59711 61696 3 2 0
59711 61696 4 2 0
59711 61696 5 2 0
59711 61696 6 2 0
59711 61696 7 2 0
59711 61696 8 2 0
59711 61696 9 2 0
59711 61696 10 2 0
!sus 207841 212895 7 3 9 attackers:207841;victims:212895;type:1;valid_origin:True;recurrent:True;local:False
207841 212895 1 1 8
207841 212895 2 1 8
207841 212895 3 1 8
207841 212895 4 6 3
207841 212895 5 7 2
207841 212895 6 7 2
207841 212895 7 7 2
207841 212895 8 7 2
207841 212895 9 9 0
207841 212895 10 8 1
!sus 17561 263681 0 10 1 attackers:263681;victims:17561;type:1;valid_origin:True;recurrent:True;local:False
17561 263681 1 0 1
17561 263681 2 0 1
17561 263681 3 0 1
17561 263681 4 0 1
17561 263681 5 0 1
17561 263681 6 0 1
17561 263681 7 0 1
17561 263681 8 0 1
17561 263681 9 0 1
17561 263681 10 0 1
!leg 138694 153038 10 0 2 attackers:153038;victims:138694;type:1;valid_origin:True;recurrent:False;local:False
138694 153038 1 2 0
138694 153038 2 2 0
138694 153038 3 2 0
138694 153038 4 2 0
138694 153038 5 2 0
138694 153038 6 2 0
138694 153038 7 2 0
138694 153038 8 2 0
138694 153038 9 2 0
138694 153038 10 2 0
!leg 20516 43426 10 0 3 attackers:43426;victims:20516;type:1;valid_origin:True;recurrent:False;local:False
20516 43426 1 3 0
20516 43426 2 3 0
20516 43426 3 3 0
20516 43426 4 3 0
20516 43426 5 3 0
20516 43426 6 3 0
20516 43426 7 3 0
20516 43426 8 3 0
20516 43426 9 3 0
20516 43426 10 3 0
!sus 17561 35916 0 10 1 attackers:35916;victims:17561;type:1;valid_origin:True;recurrent:True;local:False
17561 35916 1 0 1
17561 35916 2 0 1
17561 35916 3 0 1
17561 35916 4 0 1
17561 35916 5 0 1
17561 35916 6 0 1
17561 35916 7 0 1
17561 35916 8 0 1
17561 35916 9 0 1
17561 35916 10 0 1
!sus 13023 29390 0 10 29 attackers:29390;victims:13023;type:1;valid_origin:True;recurrent:True;local:False
13023 29390 1 0 29
13023 29390 2 0 29
13023 29390 3 0 29
13023 29390 4 0 29
13023 29390 5 0 29
13023 29390 6 0 29
13023 29390 7 0 29
13023 29390 8 0 29
13023 29390 9 0 29
13023 29390 10 0 29
!leg 61696 267507 10 0 1 attackers:61696;victims:267507;type:1;valid_origin:True;recurrent:False;local:False
61696 267507 1 1 0
61696 267507 2 1 0
61696 267507 3 1 0
61696 267507 4 1 0
61696 267507 5 1 0
61696 267507 6 1 0
61696 267507 7 1 0
61696 267507 8 1 0
61696 267507 9 1 0
61696 267507 10 1 0
!sus 9425 151445 0 10 1 attackers:9425;victims:151445;type:1;valid_origin:True;recurrent:True;local:False
9425 151445 1 0 1
9425 151445 2 0 1
9425 151445 3 0 1
9425 151445 4 0 1
9425 151445 5 0 1
9425 151445 6 0 1
9425 151445 7 0 1
9425 151445 8 0 1
9425 151445 9 0 1
9425 151445 10 0 1
!leg 33659 61302 10 0 1 attackers:61302;victims:60539;type:4;valid_origin:True;recurrent:True;local:False
33659 61302 1 1 0
33659 61302 2 1 0
33659 61302 3 1 0
33659 61302 4 1 0
33659 61302 5 1 0
33659 61302 6 1 0
33659 61302 7 1 0
33659 61302 8 1 0
33659 61302 9 1 0
33659 61302 10 1 0
!leg 20516 207336 10 0 2 attackers:207336;victims:20516;type:1;valid_origin:True;recurrent:False;local:False
20516 207336 1 2 0
20516 207336 2 2 0
20516 207336 3 2 0
20516 207336 4 2 0
20516 207336 5 2 0
20516 207336 6 2 0
20516 207336 7 2 0
20516 207336 8 2 0
20516 207336 9 2 0
20516 207336 10 2 0
!leg 35753 400696 10 0 106 attackers:35753;victims:400696;type:1;valid_origin:True;recurrent:False;local:False
35753 400696 1 105 1
35753 400696 2 106 0
35753 400696 3 106 0
35753 400696 4 106 0
35753 400696 5 106 0
35753 400696 6 106 0
35753 400696 7 106 0
35753 400696 8 106 0
35753 400696 9 106 0
35753 400696 10 106 0
!leg 10075 137526 10 0 123 attackers:10075;victims:137526;type:1;valid_origin:True;recurrent:False;local:False
10075 137526 1 123 0
10075 137526 2 123 0
10075 137526 3 123 0
10075 137526 4 123 0
10075 137526 5 123 0
10075 137526 6 123 0
10075 137526 7 123 0
10075 137526 8 123 0
10075 137526 9 123 0
10075 137526 10 123 0
!sus 41051 213782 7 3 2 attackers:41051;victims:213782;type:1;valid_origin:True;recurrent:True;local:False
41051 213782 1 1 1
41051 213782 2 1 1
41051 213782 3 1 1
41051 213782 4 2 0
41051 213782 5 2 0
41051 213782 6 2 0
41051 213782 7 2 0
41051 213782 8 2 0
41051 213782 9 2 0
41051 213782 10 2 0
!sus 60539 137933 0 10 22 attackers:60539;victims:137933;type:1;valid_origin:True;recurrent:False;local:False
60539 137933 1 9 13
60539 137933 2 0 22
60539 137933 3 0 22
60539 137933 4 0 22
60539 137933 5 0 22
60539 137933 6 0 22
60539 137933 7 0 22
60539 137933 8 0 22
60539 137933 9 0 22
60539 137933 10 0 22
!sus 23840 23841 4 6 1 attackers:23841;victims:23840;type:1;valid_origin:True;recurrent:True;local:False
23840 23841 1 1 0
23840 23841 2 1 0
23840 23841 3 0 1
23840 23841 4 1 0
23840 23841 5 1 0
23840 23841 6 0 1
23840 23841 7 0 1
23840 23841 8 0 1
23840 23841 9 0 1
23840 23841 10 0 1
!leg 17996 137361 10 0 20 attackers:17996;victims:137361;type:1;valid_origin:True;recurrent:False;local:False
17996 137361 1 20 0
17996 137361 2 20 0
17996 137361 3 20 0
17996 137361 4 20 0
17996 137361 5 20 0
17996 137361 6 20 0
17996 137361 7 20 0
17996 137361 8 20 0
17996 137361 9 20 0
17996 137361 10 20 0
!leg 137252 138482 10 0 3 attackers:138482;victims:137252;type:1;valid_origin:True;recurrent:False;local:False
137252 138482 1 3 0
137252 138482 2 3 0
137252 138482 3 3 0
137252 138482 4 3 0
137252 138482 5 3 0
137252 138482 6 3 0
137252 138482 7 3 0
137252 138482 8 3 0
137252 138482 9 3 0
137252 138482 10 3 0
!leg 10075 139341 10 0 26 attackers:10075;victims:139341;type:1;valid_origin:True;recurrent:True;local:False
10075 139341 1 14 12
10075 139341 2 18 8
10075 139341 3 23 3
10075 139341 4 23 3
10075 139341 5 25 1
10075 139341 6 25 1
10075 139341 7 24 2
10075 139341 8 24 2
10075 139341 9 24 2
10075 139341 10 25 1
!sus 26617 269927 9 1 2 attackers:26617;victims:269927;type:1;valid_origin:True;recurrent:True;local:False
26617 269927 1 0 2
26617 269927 2 2 0
26617 269927 3 2 0
26617 269927 4 2 0
26617 269927 5 2 0
26617 269927 6 2 0
26617 269927 7 2 0
26617 269927 8 2 0
26617 269927 9 2 0
26617 269927 10 2 0
!sus 152900 200879 0 10 5 attackers:152900;victims:200879;type:1;valid_origin:True;recurrent:True;local:False
152900 200879 1 0 5
152900 200879 2 0 5
152900 200879 3 0 5
152900 200879 4 0 5
152900 200879 5 0 5
152900 200879 6 0 5
152900 200879 7 0 5
152900 200879 8 0 5
152900 200879 9 0 5
152900 200879 10 0 5
!leg 12389 211883 10 0 59 attackers:12389;victims:211883;type:1;valid_origin:True;recurrent:False;local:False
12389 211883 1 59 0
12389 211883 2 59 0
12389 211883 3 59 0
12389 211883 4 59 0
12389 211883 5 59 0
12389 211883 6 59 0
12389 211883 7 59 0
12389 211883 8 59 0
12389 211883 9 59 0
12389 211883 10 59 0
!leg 23679 141607 10 0 1 attackers:141607;victims:138144;type:6;valid_origin:True;recurrent:False;local:False
23679 141607 1 1 0
23679 141607 2 1 0
23679 141607 3 1 0
23679 141607 4 1 0
23679 141607 5 1 0
23679 141607 6 1 0
23679 141607 7 1 0
23679 141607 8 1 0
23679 141607 9 1 0
23679 141607 10 1 0
!sus 4837 137897 0 10 1 attackers:137897;victims:9304;type:3;valid_origin:True;recurrent:True;local:False
4837 137897 1 0 1
4837 137897 2 0 1
4837 137897 3 0 1
4837 137897 4 0 1
4837 137897 5 0 1
4837 137897 6 0 1
4837 137897 7 0 1
4837 137897 8 0 1
4837 137897 9 0 1
4837 137897 10 0 1
!sus 153371 209650 6 4 4 attackers:153371;victims:209650;type:1;valid_origin:True;recurrent:True;local:False
153371 209650 1 0 4
153371 209650 2 2 2
153371 209650 3 2 2
153371 209650 4 4 0
153371 209650 5 4 0
153371 209650 6 4 0
153371 209650 7 2 2
153371 209650 8 4 0
153371 209650 9 4 0
153371 209650 10 4 0
!sus 42192 64050 9 1 9 attackers:64050;victims:42192;type:1;valid_origin:True;recurrent:True;local:False
42192 64050 1 0 9
42192 64050 2 7 2
42192 64050 3 9 0
42192 64050 4 9 0
42192 64050 5 9 0
42192 64050 6 9 0
42192 64050 7 9 0
42192 64050 8 9 0
42192 64050 9 9 0
42192 64050 10 9 0
!sus 15830 59204 8 2 6 attackers:15830;victims:59204;type:1;valid_origin:True;recurrent:True;local:False
15830 59204 1 2 4
15830 59204 2 0 6
15830 59204 3 4 2
15830 59204 4 5 1
15830 59204 5 5 1
15830 59204 6 5 1
15830 59204 7 6 0
15830 59204 8 5 1
15830 59204 9 6 0
15830 59204 10 6 0
!sus 9341 142271 3 7 1 attackers:142271;victims:9341;type:1;valid_origin:True;recurrent:True;local:True
9341 142271 1 0 1
9341 142271 2 0 1
9341 142271 3 0 1
9341 142271 4 0 1
9341 142271 5 0 1
9341 142271 6 0 1
9341 142271 7 0 1
9341 142271 8 1 0
9341 142271 9 1 0
9341 142271 10 1 0
!sus 59356 59365 0 10 2 attackers:59356;victims:59365;type:1;valid_origin:True;recurrent:True;local:False
59356 59365 1 0 2
59356 59365 2 0 2
59356 59365 3 0 2
59356 59365 4 0 2
59356 59365 5 0 2
59356 59365 6 0 2
59356 59365 7 0 2
59356 59365 8 0 2
59356 59365 9 0 2
59356 59365 10 0 2
!sus 262663 268982 9 1 377 attackers:268982;victims:262663;type:1;valid_origin:True;recurrent:True;local:False
262663 268982 1 67 310
262663 268982 2 277 100
262663 268982 3 289 88
262663 268982 4 319 58
262663 268982 5 266 111
262663 268982 6 320 57
262663 268982 7 279 98
262663 268982 8 343 34
262663 268982 9 295 82
262663 268982 10 358 19
!leg 9269 134548 10 0 1 attackers:9269;victims:134175;type:2;valid_origin:True;recurrent:False;local:False
9269 134548 1 1 0
9269 134548 2 1 0
9269 134548 3 1 0
9269 134548 4 1 0
9269 134548 5 1 0
9269 134548 6 1 0
9269 134548 7 1 0
9269 134548 8 1 0
9269 134548 9 1 0
9269 134548 10 1 0
!sus 49276 58010 4 6 6 attackers:58010;victims:49276;type:1;valid_origin:True;recurrent:True;local:False
49276 58010 1 0 6
49276 58010 2 1 5
49276 58010 3 1 5
49276 58010 4 0 6
49276 58010 5 0 6
49276 58010 6 2 4
49276 58010 7 4 2
49276 58010 8 4 2
49276 58010 9 5 1
49276 58010 10 4 2
!leg 58495 142349 10 0 6 attackers:58495;victims:142349;type:1;valid_origin:True;recurrent:False;local:False
58495 142349 1 6 0
58495 142349 2 6 0
58495 142349 3 6 0
58495 142349 4 6 0
58495 142349 5 6 0
58495 142349 6 6 0
58495 142349 7 6 0
58495 142349 8 6 0
58495 142349 9 6 0
58495 142349 10 6 0
!sus 5 270336 0 10 13 attackers:270336;victims:5;type:1;valid_origin:True;recurrent:True;local:False
5 270336 1 0 13
5 270336 2 0 13
5 270336 3 0 13
5 270336 4 0 13
5 270336 5 0 13
5 270336 6 0 13
5 270336 7 0 13
5 270336 8 0 13
5 270336 9 0 13
5 270336 10 0 13
!sus 6762 9829 5 5 100 attackers:6762;victims:135236,133287,9829,135139;type:1,2,3;valid_origin:True;recurrent:True;local:False
6762 9829 1 20 80
6762 9829 2 27 73
6762 9829 3 36 64
6762 9829 4 44 56
6762 9829 5 38 62
6762 9829 6 65 35
6762 9829 7 68 32
6762 9829 8 60 40
6762 9829 9 66 34
6762 9829 10 60 40
!sus 264320 268314 0 10 11 attackers:264320;victims:268314;type:1;valid_origin:True;recurrent:True;local:False
264320 268314 1 0 11
264320 268314 2 0 11
264320 268314 3 1 10
264320 268314 4 2 9
264320 268314 5 0 11
264320 268314 6 0 11
264320 268314 7 0 11
264320 268314 8 1 10
264320 268314 9 1 10
264320 268314 10 1 10
!sus 19905 22894 9 1 6 attackers:19905;victims:22894;type:1;valid_origin:True;recurrent:True;local:False
19905 22894 1 0 6
19905 22894 2 5 1
19905 22894 3 5 1
19905 22894 4 6 0
19905 22894 5 6 0
19905 22894 6 6 0
19905 22894 7 6 0
19905 22894 8 6 0
19905 22894 9 5 1
19905 22894 10 6 0
!leg 53013 265038 10 0 1 attackers:265038;victims:28657;type:3;valid_origin:True;recurrent:False;local:False
53013 265038 1 1 0
53013 265038 2 1 0
53013 265038 3 1 0
53013 265038 4 1 0
53013 265038 5 1 0
53013 265038 6 1 0
53013 265038 7 1 0
53013 265038 8 1 0
53013 265038 9 1 0
53013 265038 10 1 0
!sus 9498 52873 5 5 12 attackers:52873;victims:151722,153362,135755,140957,141555,136937,139300,134785,140085,138933,149415,152691;type:3,4,5;valid_origin:True;recurrent:True;local:False
9498 52873 1 3 9
9498 52873 2 6 6
9498 52873 3 6 6
9498 52873 4 10 2
9498 52873 5 7 5
9498 52873 6 10 2
9498 52873 7 6 6
9498 52873 8 11 1
9498 52873 9 0 12
9498 52873 10 10 2
!leg 15830 395832 10 0 3 attackers:15830;victims:395832;type:1;valid_origin:True;recurrent:True;local:False
15830 395832 1 2 1
15830 395832 2 2 1
15830 395832 3 2 1
15830 395832 4 2 1
15830 395832 5 3 0
15830 395832 6 2 1
15830 395832 7 3 0
15830 395832 8 3 0
15830 395832 9 2 1
15830 395832 10 3 0
!sus 9425 151459 0 10 1 attackers:9425;victims:151459;type:1;valid_origin:True;recurrent:True;local:False
9425 151459 1 0 1
9425 151459 2 0 1
9425 151459 3 0 1
9425 151459 4 0 1
9425 151459 5 0 1
9425 151459 6 0 1
9425 151459 7 0 1
9425 151459 8 0 1
9425 151459 9 0 1
9425 151459 10 0 1
!leg 701 396192 10 0 1 attackers:701;victims:396192;type:1;valid_origin:True;recurrent:True;local:False
701 396192 1 1 0
701 396192 2 1 0
701 396192 3 1 0
701 396192 4 1 0
701 396192 5 1 0
701 396192 6 1 0
701 396192 7 1 0
701 396192 8 1 0
701 396192 9 1 0
701 396192 10 1 0
!leg 37662 329444 10 0 3 attackers:37662;victims:329444;type:1;valid_origin:True;recurrent:True;local:False
37662 329444 1 3 0
37662 329444 2 3 0
37662 329444 3 3 0
37662 329444 4 3 0
37662 329444 5 3 0
37662 329444 6 3 0
37662 329444 7 3 0
37662 329444 8 3 0
37662 329444 9 3 0
37662 329444 10 3 0
!leg 8551 210008 10 0 6 attackers:8551;victims:210008;type:1;valid_origin:True;recurrent:False;local:False
8551 210008 1 6 0
8551 210008 2 6 0
8551 210008 3 6 0
8551 210008 4 6 0
8551 210008 5 6 0
8551 210008 6 6 0
8551 210008 7 6 0
8551 210008 8 6 0
8551 210008 9 6 0
8551 210008 10 6 0
!leg 8732 15967 10 0 1 attackers:8732;victims:15967;type:1;valid_origin:True;recurrent:True;local:False
8732 15967 1 1 0
8732 15967 2 1 0
8732 15967 3 1 0
8732 15967 4 1 0
8732 15967 5 1 0
8732 15967 6 1 0
8732 15967 7 1 0
8732 15967 8 1 0
8732 15967 9 1 0
8732 15967 10 1 0
!leg 58945 141194 10 0 121 attackers:58945;victims:141194;type:1;valid_origin:True;recurrent:False;local:False
58945 141194 1 121 0
58945 141194 2 121 0
58945 141194 3 121 0
58945 141194 4 121 0
58945 141194 5 121 0
58945 141194 6 121 0
58945 141194 7 121 0
58945 141194 8 121 0
58945 141194 9 121 0
58945 141194 10 121 0
!sus 15525 204057 7 3 8 attackers:15525;victims:204057;type:1;valid_origin:True;recurrent:True;local:False
15525 204057 1 0 8
15525 204057 2 1 7
15525 204057 3 7 1
15525 204057 4 4 4
15525 204057 5 8 0
15525 204057 6 8 0
15525 204057 7 8 0
15525 204057 8 8 0
15525 204057 9 8 0
15525 204057 10 8 0
!sus 44324 59105 0 10 1 attackers:59105;victims:44324;type:1;valid_origin:True;recurrent:True;local:False
44324 59105 1 0 1
44324 59105 2 0 1
44324 59105 3 0 1
44324 59105 4 0 1
44324 59105 5 0 1
44324 59105 6 0 1
44324 59105 7 0 1
44324 59105 8 0 1
44324 59105 9 0 1
44324 59105 10 0 1
!sus 34872 138398 0 10 2 attackers:34872;victims:138398;type:1;valid_origin:True;recurrent:True;local:False
34872 138398 1 0 2
34872 138398 2 0 2
34872 138398 3 0 2
34872 138398 4 0 2
34872 138398 5 0 2
34872 138398 6 0 2
34872 138398 7 1 1
34872 138398 8 1 1
34872 138398 9 0 2
34872 138398 10 0 2
!leg 4761 140424 10 0 449 attackers:4761;victims:140424;type:1;valid_origin:True;recurrent:False;local:False
4761 140424 1 449 0
4761 140424 2 437 12
4761 140424 3 449 0
4761 140424 4 434 15
4761 140424 5 445 4
4761 140424 6 448 1
4761 140424 7 449 0
4761 140424 8 446 3
4761 140424 9 449 0
4761 140424 10 449 0
!sus 198057 214331 8 2 87 attackers:214331;victims:204374,198057;type:1,2;valid_origin:True;recurrent:True;local:False
198057 214331 1 10 77
198057 214331 2 42 45
198057 214331 3 84 3
198057 214331 4 87 0
198057 214331 5 87 0
198057 214331 6 87 0
198057 214331 7 87 0
198057 214331 8 87 0
198057 214331 9 87 0
198057 214331 10 87 0
!sus 267221 274714 7 3 3 attackers:267221;victims:274714;type:1;valid_origin:True;recurrent:True;local:False
267221 274714 1 3 0
267221 274714 2 3 0
267221 274714 3 3 0
267221 274714 4 3 0
267221 274714 5 3 0
267221 274714 6 0 3
267221 274714 7 2 1
267221 274714 8 0 3
267221 274714 9 3 0
267221 274714 10 0 3
!sus 63293 133982 0 10 4 attackers:133982;victims:63293;type:1;valid_origin:True;recurrent:True;local:False
63293 133982 1 0 4
63293 133982 2 0 4
63293 133982 3 0 4
63293 133982 4 1 3
63293 133982 5 0 4
63293 133982 6 2 2
63293 133982 7 2 2
63293 133982 8 2 2
63293 133982 9 2 2
63293 133982 10 2 2
!sus 21826 64120 5 5 55 attackers:21826;victims:64120;type:1;valid_origin:True;recurrent:True;local:False
21826 64120 1 0 55
21826 64120 2 0 55
21826 64120 3 0 55
21826 64120 4 32 23
21826 64120 5 2 53
21826 64120 6 3 52
21826 64120 7 50 5
21826 64120 8 44 11
21826 64120 9 54 1
21826 64120 10 53 2
!leg 17995 138850 10 0 71 attackers:17995;victims:138850;type:1;valid_origin:True;recurrent:False;local:False
17995 138850 1 71 0
17995 138850 2 71 0
17995 138850 3 71 0
17995 138850 4 71 0
17995 138850 5 71 0
17995 138850 6 71 0
17995 138850 7 71 0
17995 138850 8 71 0
17995 138850 9 71 0
17995 138850 10 71 0
!sus 1221 60068 0 10 4 attackers:1221;victims:60068;type:1;valid_origin:True;recurrent:True;local:False
1221 60068 1 0 4
1221 60068 2 0 4
1221 60068 3 0 4
1221 60068 4 0 4
1221 60068 5 0 4
1221 60068 6 0 4
1221 60068 7 0 4
1221 60068 8 0 4
1221 60068 9 1 3
1221 60068 10 0 4
!leg 19151 61696 10 0 1 attackers:61696;victims:64286;type:2;valid_origin:True;recurrent:False;local:False
19151 61696 1 1 0
19151 61696 2 1 0
19151 61696 3 1 0
19151 61696 4 1 0
19151 61696 5 1 0
19151 61696 6 1 0
19151 61696 7 1 0
19151 61696 8 1 0
19151 61696 9 1 0
19151 61696 10 1 0
!leg 138840 141048 10 0 214 attackers:138840;victims:141048;type:1;valid_origin:True;recurrent:False;local:False
138840 141048 1 214 0
138840 141048 2 214 0
138840 141048 3 214 0
138840 141048 4 214 0
138840 141048 5 214 0
138840 141048 6 214 0
138840 141048 7 214 0
138840 141048 8 214 0
138840 141048 9 214 0
138840 141048 10 214 0
!sus 13259 16226 7 3 3 attackers:13259;victims:16226;type:1;valid_origin:True;recurrent:True;local:False
13259 16226 1 3 0
13259 16226 2 3 0
13259 16226 3 3 0
13259 16226 4 3 0
13259 16226 5 3 0
13259 16226 6 0 3
13259 16226 7 1 2
13259 16226 8 0 3
13259 16226 9 3 0
13259 16226 10 2 1
!sus 10233 45916 0 10 36 attackers:10233;victims:10233;type:2;valid_origin:True;recurrent:False;local:False
10233 45916 1 3 33
10233 45916 2 0 36
10233 45916 3 0 36
10233 45916 4 0 36
10233 45916 5 0 36
10233 45916 6 0 36
10233 45916 7 0 36
10233 45916 8 0 36
10233 45916 9 0 36
10233 45916 10 0 36
!sus 396295 398647 3 7 5 attackers:396295;victims:398647;type:1;valid_origin:True;recurrent:True;local:False
396295 398647 1 5 0
396295 398647 2 5 0
396295 398647 3 0 5
396295 398647 4 0 5
396295 398647 5 4 1
396295 398647 6 0 5
396295 398647 7 0 5
396295 398647 8 0 5
396295 398647 9 0 5
396295 398647 10 0 5
!sus 59479 202733 0 10 1 attackers:59479;victims:202733;type:1;valid_origin:True;recurrent:True;local:False
59479 202733 1 0 1
59479 202733 2 0 1
59479 202733 3 0 1
59479 202733 4 0 1
59479 202733 5 0 1
59479 202733 6 0 1
59479 202733 7 0 1
59479 202733 8 0 1
59479 202733 9 0 1
59479 202733 10 0 1
!leg 6204 56364 10 0 1 attackers:6204;victims:56364;type:1;valid_origin:True;recurrent:False;local:False
6204 56364 1 1 0
6204 56364 2 1 0
6204 56364 3 1 0
6204 56364 4 1 0
6204 56364 5 1 0
6204 56364 6 1 0
6204 56364 7 1 0
6204 56364 8 1 0
6204 56364 9 1 0
6204 56364 10 1 0
!leg 211288 212477 10 0 2 attackers:211288;victims:216156;type:2;valid_origin:True;recurrent:False;local:False
211288 212477 1 2 0
211288 212477 2 2 0
211288 212477 3 2 0
211288 212477 4 2 0
211288 212477 5 2 0
211288 212477 6 2 0
211288 212477 7 2 0
211288 212477 8 2 0
211288 212477 9 2 0
211288 212477 10 2 0
!sus 6424 141193 0 10 1 attackers:141193;victims:6424;type:1;valid_origin:True;recurrent:True;local:False
6424 141193 1 0 1
6424 141193 2 0 1
6424 141193 3 0 1
6424 141193 4 0 1
6424 141193 5 0 1
6424 141193 6 0 1
6424 141193 7 0 1
6424 141193 8 0 1
6424 141193 9 0 1
6424 141193 10 0 1
!sus 9425 151461 0 10 1 attackers:9425;victims:151461;type:1;valid_origin:True;recurrent:True;local:False
9425 151461 1 0 1
9425 151461 2 0 1
9425 151461 3 0 1
9425 151461 4 0 1
9425 151461 5 0 1
9425 151461 6 0 1
9425 151461 7 0 1
9425 151461 8 0 1
9425 151461 9 0 1
9425 151461 10 0 1
!leg 10075 37721 10 0 1 attackers:37721;victims:24389;type:2;valid_origin:True;recurrent:True;local:True
10075 37721 1 1 0
10075 37721 2 1 0
10075 37721 3 1 0
10075 37721 4 1 0
10075 37721 5 1 0
10075 37721 6 1 0
10075 37721 7 1 0
10075 37721 8 1 0
10075 37721 9 1 0
10075 37721 10 1 0
!sus 29049 213881 2 8 3 attackers:29049;victims:213881;type:1;valid_origin:True;recurrent:True;local:False
29049 213881 1 2 1
29049 213881 2 0 3
29049 213881 3 0 3
29049 213881 4 0 3
29049 213881 5 0 3
29049 213881 6 0 3
29049 213881 7 0 3
29049 213881 8 0 3
29049 213881 9 2 1
29049 213881 10 0 3
!leg 25369 214128 10 0 10 attackers:25369;victims:214128;type:1;valid_origin:True;recurrent:False;local:False
25369 214128 1 10 0
25369 214128 2 10 0
25369 214128 3 10 0
25369 214128 4 10 0
25369 214128 5 10 0
25369 214128 6 10 0
25369 214128 7 10 0
25369 214128 8 10 0
25369 214128 9 10 0
25369 214128 10 10 0
!leg 10075 57463 10 0 1 attackers:57463;victims:24389;type:2;valid_origin:True;recurrent:True;local:True
10075 57463 1 1 0
10075 57463 2 1 0
10075 57463 3 1 0
10075 57463 4 1 0
10075 57463 5 1 0
10075 57463 6 1 0
10075 57463 7 1 0
10075 57463 8 1 0
10075 57463 9 1 0
10075 57463 10 1 0
!sus 7303 64112 2 8 4 attackers:7303;victims:64112;type:1;valid_origin:True;recurrent:True;local:False
7303 64112 1 0 4
7303 64112 2 0 4
7303 64112 3 0 4
7303 64112 4 0 4
7303 64112 5 0 4
7303 64112 6 0 4
7303 64112 7 0 4
7303 64112 8 2 2
7303 64112 9 4 0
7303 64112 10 3 1
!sus 51202 60742 9 1 23 attackers:51202;victims:60742;type:1;valid_origin:True;recurrent:True;local:False
51202 60742 1 0 23
51202 60742 2 17 6
51202 60742 3 17 6
51202 60742 4 21 2
51202 60742 5 23 0
51202 60742 6 23 0
51202 60742 7 23 0
51202 60742 8 23 0
51202 60742 9 23 0
51202 60742 10 23 0
!leg 38758 138871 10 0 19 attackers:138871;victims:141048;type:4,5,6;valid_origin:True;recurrent:False;local:False
38758 138871 1 19 0
38758 138871 2 19 0
38758 138871 3 19 0
38758 138871 4 19 0
38758 138871 5 19 0
38758 138871 6 19 0
38758 138871 7 19 0
38758 138871 8 19 0
38758 138871 9 19 0
38758 138871 10 19 0
!leg 11117 33387 10 0 215 attackers:33387;victims:11117;type:1;valid_origin:True;recurrent:False;local:False
11117 33387 1 215 0
11117 33387 2 215 0
11117 33387 3 215 0
11117 33387 4 215 0
11117 33387 5 215 0
11117 33387 6 215 0
11117 33387 7 215 0
11117 33387 8 215 0
11117 33387 9 215 0
11117 33387 10 215 0
!leg 6774 199095 10 0 4 attackers:6774;victims:199095;type:1;valid_origin:True;recurrent:True;local:False
6774 199095 1 4 0
6774 199095 2 4 0
6774 199095 3 4 0
6774 199095 4 4 0
6774 199095 5 4 0
6774 199095 6 4 0
6774 199095 7 4 0
6774 199095 8 4 0
6774 199095 9 4 0
6774 199095 10 4 0
!sus 18229 203724 0 10 6 attackers:18229;victims:203724;type:1;valid_origin:True;recurrent:True;local:False
18229 203724 1 0 6
18229 203724 2 0 6
18229 203724 3 0 6
18229 203724 4 0 6
18229 203724 5 0 6
18229 203724 6 0 6
18229 203724 7 0 6
18229 203724 8 0 6
18229 203724 9 0 6
18229 203724 10 0 6
!sus 135572 142132 8 2 3 attackers:142132;victims:135572;type:1;valid_origin:True;recurrent:True;local:False
135572 142132 1 0 3
135572 142132 2 0 3
135572 142132 3 3 0
135572 142132 4 3 0
135572 142132 5 3 0
135572 142132 6 3 0
135572 142132 7 3 0
135572 142132 8 3 0
135572 142132 9 3 0
135572 142132 10 3 0
!sus 60171 329457 1 9 6 attackers:60171;victims:329457;type:1;valid_origin:True;recurrent:True;local:False
60171 329457 1 0 6
60171 329457 2 0 6
60171 329457 3 0 6
60171 329457 4 1 5
60171 329457 5 0 6
60171 329457 6 1 5
60171 329457 7 0 6
60171 329457 8 4 2
60171 329457 9 3 3
60171 329457 10 2 4
!sus 9425 151454 0 10 1 attackers:9425;victims:151454;type:1;valid_origin:True;recurrent:True;local:False
9425 151454 1 0 1
9425 151454 2 0 1
9425 151454 3 0 1
9425 151454 4 0 1
9425 151454 5 0 1
9425 151454 6 0 1
9425 151454 7 0 1
9425 151454 8 0 1
9425 151454 9 0 1
9425 151454 10 0 1
!sus 47272 199691 0 10 3 attackers:47272;victims:199691;type:1;valid_origin:True;recurrent:True;local:False
47272 199691 1 0 3
47272 199691 2 0 3
47272 199691 3 0 3
47272 199691 4 0 3
47272 199691 5 0 3
47272 199691 6 0 3
47272 199691 7 0 3
47272 199691 8 0 3
47272 199691 9 0 3
47272 199691 10 0 3
!sus 33659 51896 0 10 1 attackers:33659;victims:60539;type:3;valid_origin:True;recurrent:True;local:False
33659 51896 1 0 1
33659 51896 2 0 1
33659 51896 3 0 1
33659 51896 4 0 1
33659 51896 5 0 1
33659 51896 6 0 1
33659 51896 7 0 1
33659 51896 8 0 1
33659 51896 9 0 1
33659 51896 10 0 1
!sus 42337 213732 8 2 112 attackers:42337;victims:213732;type:1;valid_origin:True;recurrent:True;local:False
42337 213732 1 112 0
42337 213732 2 112 0
42337 213732 3 108 4
42337 213732 4 112 0
42337 213732 5 112 0
42337 213732 6 0 112
42337 213732 7 111 1
42337 213732 8 3 109
42337 213732 9 112 0
42337 213732 10 109 3
!sus 10808 15830 0 10 1 attackers:15830;victims:10808;type:1;valid_origin:True;recurrent:True;local:False
10808 15830 1 0 1
10808 15830 2 0 1
10808 15830 3 0 1
10808 15830 4 0 1
10808 15830 5 0 1
10808 15830 6 0 1
10808 15830 7 0 1
10808 15830 8 0 1
10808 15830 9 0 1
10808 15830 10 0 1
!sus 2 273535 0 10 8 attackers:273535;victims:2;type:1;valid_origin:True;recurrent:True;local:False
2 273535 1 0 8
2 273535 2 0 8
2 273535 3 0 8
2 273535 4 0 8
2 273535 5 0 8
2 273535 6 0 8
2 273535 7 0 8
2 273535 8 0 8
2 273535 9 0 8
2 273535 10 0 8
!leg 43766 48237 10 0 1 attackers:48237;victims:43766;type:1;valid_origin:True;recurrent:False;local:False
43766 48237 1 1 0
43766 48237 2 1 0
43766 48237 3 1 0
43766 48237 4 1 0
43766 48237 5 1 0
43766 48237 6 1 0
43766 48237 7 1 0
43766 48237 8 1 0
43766 48237 9 1 0
43766 48237 10 1 0
!leg 17469 136813 10 0 53 attackers:17469;victims:136813;type:1;valid_origin:True;recurrent:False;local:False
17469 136813 1 53 0
17469 136813 2 53 0
17469 136813 3 53 0
17469 136813 4 53 0
17469 136813 5 53 0
17469 136813 6 53 0
17469 136813 7 53 0
17469 136813 8 53 0
17469 136813 9 53 0
17469 136813 10 53 0
!sus 10233 13127 0 10 36 attackers:10233;victims:10233;type:2;valid_origin:True;recurrent:False;local:False
10233 13127 1 0 36
10233 13127 2 0 36
10233 13127 3 0 36
10233 13127 4 0 36
10233 13127 5 0 36
10233 13127 6 0 36
10233 13127 7 0 36
10233 13127 8 0 36
10233 13127 9 0 36
10233 13127 10 0 36
!leg 24556 38026 10 0 4 attackers:38026;victims:135038;type:3;valid_origin:True;recurrent:False;local:False
24556 38026 1 4 0
24556 38026 2 4 0
24556 38026 3 4 0
24556 38026 4 4 0
24556 38026 5 4 0
24556 38026 6 4 0
24556 38026 7 4 0
24556 38026 8 4 0
24556 38026 9 4 0
24556 38026 10 4 0
!sus 32787 201293 5 5 7 attackers:32787;victims:201293;type:1;valid_origin:True;recurrent:True;local:False
32787 201293 1 0 7
32787 201293 2 0 7
32787 201293 3 1 6
32787 201293 4 1 6
32787 201293 5 2 5
32787 201293 6 7 0
32787 201293 7 7 0
32787 201293 8 7 0
32787 201293 9 7 0
32787 201293 10 7 0
!sus 5852 12076 0 10 3 attackers:5852;victims:12076;type:1;valid_origin:True;recurrent:True;local:False
5852 12076 1 0 3
5852 12076 2 0 3
5852 12076 3 0 3
5852 12076 4 0 3
5852 12076 5 0 3
5852 12076 6 0 3
5852 12076 7 0 3
5852 12076 8 0 3
5852 12076 9 0 3
5852 12076 10 0 3
!leg 28220 61918 10 0 52 attackers:28220;victims:61918;type:1;valid_origin:True;recurrent:False;local:False
28220 61918 1 52 0
28220 61918 2 52 0
28220 61918 3 52 0
28220 61918 4 52 0
28220 61918 5 52 0
28220 61918 6 52 0
28220 61918 7 52 0
28220 61918 8 52 0
28220 61918 9 52 0
28220 61918 10 52 0
!sus 61138 62435 7 3 5 attackers:61138;victims:62435;type:1;valid_origin:True;recurrent:True;local:False
61138 62435 1 5 0
61138 62435 2 5 0
61138 62435 3 4 1
61138 62435 4 1 4
61138 62435 5 4 1
61138 62435 6 1 4
61138 62435 7 1 4
61138 62435 8 5 0
61138 62435 9 5 0
61138 62435 10 4 1
!sus 213220 213861 4 6 10 attackers:213220;victims:213861;type:1;valid_origin:True;recurrent:True;local:False
213220 213861 1 10 0
213220 213861 2 10 0
213220 213861 3 0 10
213220 213861 4 10 0
213220 213861 5 10 0
213220 213861 6 0 10
213220 213861 7 0 10
213220 213861 8 0 10
213220 213861 9 0 10
213220 213861 10 0 10
!sus 35313 212573 9 1 109 attackers:35313;victims:57324;type:4;valid_origin:True;recurrent:True;local:False
35313 212573 1 21 88
35313 212573 2 109 0
35313 212573 3 109 0
35313 212573 4 109 0
35313 212573 5 109 0
35313 212573 6 109 0
35313 212573 7 109 0
35313 212573 8 109 0
35313 212573 9 109 0
35313 212573 10 109 0
!sus 11331 32558 9 1 158 attackers:32558;victims:11331;type:1;valid_origin:True;recurrent:True;local:False
11331 32558 1 158 0
11331 32558 2 158 0
11331 32558 3 158 0
11331 32558 4 158 0
11331 32558 5 150 8
11331 32558 6 7 151
11331 32558 7 158 0
11331 32558 8 158 0
11331 32558 9 92 66
11331 32558 10 132 26
!sus 50053 51765 8 2 8 attackers:51765;victims:50053;type:1;valid_origin:True;recurrent:True;local:False
50053 51765 1 0 8
50053 51765 2 2 6
50053 51765 3 8 0
50053 51765 4 8 0
50053 51765 5 8 0
50053 51765 6 8 0
50053 51765 7 8 0
50053 51765 8 8 0
50053 51765 9 8 0
50053 51765 10 8 0
!sus 9425 151447 0 10 1 attackers:9425;victims:151447;type:1;valid_origin:True;recurrent:True;local:False
9425 151447 1 0 1
9425 151447 2 0 1
9425 151447 3 0 1
9425 151447 4 0 1
9425 151447 5 0 1
9425 151447 6 0 1
9425 151447 7 0 1
9425 151447 8 0 1
9425 151447 9 0 1
9425 151447 10 0 1
!sus 7843 398465 3 7 1 attackers:7843;victims:399296;type:2;valid_origin:True;recurrent:True;local:False
7843 398465 1 0 1
7843 398465 2 0 1
7843 398465 3 0 1
7843 398465 4 0 1
7843 398465 5 0 1
7843 398465 6 0 1
7843 398465 7 0 1
7843 398465 8 1 0
7843 398465 9 1 0
7843 398465 10 1 0
!leg 34872 213660 10 0 8 attackers:34872;victims:213660;type:1;valid_origin:True;recurrent:True;local:False
34872 213660 1 8 0
34872 213660 2 8 0
34872 213660 3 8 0
34872 213660 4 8 0
34872 213660 5 8 0
34872 213660 6 8 0
34872 213660 7 8 0
34872 213660 8 8 0
34872 213660 9 8 0
34872 213660 10 8 0
!sus 208972 216064 9 1 3 attackers:208972;victims:216064;type:1;valid_origin:True;recurrent:True;local:False
208972 216064 1 0 3
208972 216064 2 2 1
208972 216064 3 3 0
208972 216064 4 3 0
208972 216064 5 3 0
208972 216064 6 3 0
208972 216064 7 3 0
208972 216064 8 3 0
208972 216064 9 3 0
208972 216064 10 3 0
!sus 21995 22950 4 6 3 attackers:22950;victims:21995;type:1;valid_origin:True;recurrent:True;local:False
21995 22950 1 3 0
21995 22950 2 3 0
21995 22950 3 0 3
21995 22950 4 3 0
21995 22950 5 3 0
21995 22950 6 0 3
21995 22950 7 0 3
21995 22950 8 0 3
21995 22950 9 0 3
21995 22950 10 0 3
!sus 199275 206014 3 7 142 attackers:199275;victims:206014;type:1;valid_origin:True;recurrent:True;local:False
199275 206014 1 0 142
199275 206014 2 0 142
199275 206014 3 14 128
199275 206014 4 0 142
199275 206014 5 20 122
199275 206014 6 35 107
199275 206014 7 42 100
199275 206014 8 83 59
199275 206014 9 80 62
199275 206014 10 73 69
!sus 47603 48159 9 1 176 attackers:48159;victims:47603;type:1;valid_origin:False;recurrent:False;local:False
47603 48159 1 176 0
47603 48159 2 176 0
47603 48159 3 176 0
47603 48159 4 176 0
47603 48159 5 176 0
47603 48159 6 1 175
47603 48159 7 176 0
47603 48159 8 176 0
47603 48159 9 167 9
47603 48159 10 176 0
!sus 134176 203067 0 10 3 attackers:134176;victims:12390;type:2;valid_origin:True;recurrent:True;local:False
134176 203067 1 0 3
134176 203067 2 0 3
134176 203067 3 0 3
134176 203067 4 0 3
134176 203067 5 0 3
134176 203067 6 0 3
134176 203067 7 0 3
134176 203067 8 0 3
134176 203067 9 0 3
134176 203067 10 0 3
!sus 9425 151456 0 10 1 attackers:9425;victims:151456;type:1;valid_origin:True;recurrent:True;local:False
9425 151456 1 0 1
9425 151456 2 0 1
9425 151456 3 0 1
9425 151456 4 0 1
9425 151456 5 0 1
9425 151456 6 0 1
9425 151456 7 0 1
9425 151456 8 0 1
9425 151456 9 0 1
9425 151456 10 0 1
!sus 137410 140068 9 1 14 attackers:140068;victims:137410;type:1;valid_origin:True;recurrent:True;local:False
137410 140068 1 14 0
137410 140068 2 14 0
137410 140068 3 14 0
137410 140068 4 14 0
137410 140068 5 14 0
137410 140068 6 0 14
137410 140068 7 12 2
137410 140068 8 14 0
137410 140068 9 14 0
137410 140068 10 11 3
!sus 139057 213736 9 1 1 attackers:139057;victims:213736;type:1;valid_origin:True;recurrent:True;local:False
139057 213736 1 1 0
139057 213736 2 1 0
139057 213736 3 1 0
139057 213736 4 0 1
139057 213736 5 1 0
139057 213736 6 1 0
139057 213736 7 1 0
139057 213736 8 1 0
139057 213736 9 1 0
139057 213736 10 1 0
!sus 13876 401231 8 2 1 attackers:13876;victims:401231;type:1;valid_origin:True;recurrent:True;local:False
13876 401231 1 1 0
13876 401231 2 1 0
13876 401231 3 1 0
13876 401231 4 1 0
13876 401231 5 1 0
13876 401231 6 0 1
13876 401231 7 1 0
13876 401231 8 0 1
13876 401231 9 1 0
13876 401231 10 1 0
!sus 207841 214757 8 2 15 attackers:207841;victims:214757;type:1;valid_origin:True;recurrent:True;local:False
207841 214757 1 1 14
207841 214757 2 1 14
207841 214757 3 9 6
207841 214757 4 11 4
207841 214757 5 13 2
207841 214757 6 13 2
207841 214757 7 11 4
207841 214757 8 13 2
207841 214757 9 14 1
207841 214757 10 13 2
!sus 21245 57152 4 6 2 attackers:57152;victims:21245;type:1;valid_origin:True;recurrent:True;local:False
21245 57152 1 0 2
21245 57152 2 0 2
21245 57152 3 0 2
21245 57152 4 0 2
21245 57152 5 1 1
21245 57152 6 0 2
21245 57152 7 2 0
21245 57152 8 2 0
21245 57152 9 2 0
21245 57152 10 2 0
!leg 7195 54082 10 0 1 attackers:54082;victims:62716;type:5;valid_origin:True;recurrent:False;local:False
7195 54082 1 1 0
7195 54082 2 1 0
7195 54082 3 1 0
7195 54082 4 1 0
7195 54082 5 1 0
7195 54082 6 1 0
7195 54082 7 1 0
7195 54082 8 1 0
7195 54082 9 1 0
7195 54082 10 1 0
!sus 719 10233 0 10 35 attackers:10233;victims:10233;type:2;valid_origin:True;recurrent:False;local:False
719 10233 1 0 35
719 10233 2 0 35
719 10233 3 0 35
719 10233 4 0 35
719 10233 5 0 35
719 10233 6 0 35
719 10233 7 0 35
719 10233 8 0 35
719 10233 9 0 35
719 10233 10 0 35
!leg 11361 13335 10 0 83 attackers:13335;victims:11361;type:1;valid_origin:True;recurrent:False;local:False
11361 13335 1 83 0
11361 13335 2 83 0
11361 13335 3 83 0
11361 13335 4 83 0
11361 13335 5 83 0
11361 13335 6 83 0
11361 13335 7 83 0
11361 13335 8 83 0
11361 13335 9 83 0
11361 13335 10 83 0
!leg 211041 215828 10 0 4 attackers:215828;victims:211041;type:1;valid_origin:True;recurrent:False;local:False
211041 215828 1 4 0
211041 215828 2 4 0
211041 215828 3 4 0
211041 215828 4 4 0
211041 215828 5 4 0
211041 215828 6 4 0
211041 215828 7 4 0
211041 215828 8 4 0
211041 215828 9 4 0
211041 215828 10 4 0
!leg 23951 131112 10 0 106 attackers:23951;victims:131112;type:1;valid_origin:True;recurrent:False;local:False
23951 131112 1 106 0
23951 131112 2 106 0
23951 131112 3 106 0
23951 131112 4 106 0
23951 131112 5 106 0
23951 131112 6 106 0
23951 131112 7 106 0
23951 131112 8 106 0
23951 131112 9 106 0
23951 131112 10 106 0
!leg 41108 215147 10 0 1 attackers:41108;victims:215147;type:1;valid_origin:True;recurrent:False;local:False
41108 215147 1 1 0
41108 215147 2 1 0
41108 215147 3 1 0
41108 215147 4 1 0
41108 215147 5 1 0
41108 215147 6 1 0
41108 215147 7 1 0
41108 215147 8 1 0
41108 215147 9 1 0
41108 215147 10 1 0
!sus 138915 140666 0 10 7 attackers:140666;victims:138915;type:1;valid_origin:True;recurrent:True;local:False
138915 140666 1 0 7
138915 140666 2 0 7
138915 140666 3 0 7
138915 140666 4 0 7
138915 140666 5 0 7
138915 140666 6 0 7
138915 140666 7 0 7
138915 140666 8 0 7
138915 140666 9 0 7
138915 140666 10 0 7
