!sus 33387 211358 9 1 4 attackers:33387;victims:211358;type:1;valid_origin:True;recurrent:True;local:False
33387 211358 1 3 1
33387 211358 2 0 4
33387 211358 3 3 1
33387 211358 4 4 0
33387 211358 5 4 0
33387 211358 6 4 0
33387 211358 7 4 0
33387 211358 8 4 0
33387 211358 9 4 0
33387 211358 10 4 0
!sus 9425 151449 0 10 2 attackers:9425;victims:151449;type:1;valid_origin:True;recurrent:True;local:False
9425 151449 1 0 2
9425 151449 2 0 2
9425 151449 3 0 2
9425 151449 4 0 2
9425 151449 5 0 2
9425 151449 6 0 2
9425 151449 7 0 2
9425 151449 8 0 2
9425 151449 9 0 2
9425 151449 10 0 2
!sus 9425 151458 0 10 2 attackers:9425;victims:151458;type:1;valid_origin:True;recurrent:True;local:False
9425 151458 1 0 2
9425 151458 2 0 2
9425 151458 3 0 2
9425 151458 4 0 2
9425 151458 5 0 2
9425 151458 6 0 2
9425 151458 7 0 2
9425 151458 8 0 2
9425 151458 9 0 2
9425 151458 10 0 2
!leg 48297 55256 10 0 1 attackers:55256;victims:48297;type:1;valid_origin:True;recurrent:False;local:False
48297 55256 1 1 0
48297 55256 2 1 0
48297 55256 3 1 0
48297 55256 4 1 0
48297 55256 5 1 0
48297 55256 6 1 0
48297 55256 7 1 0
48297 55256 8 1 0
48297 55256 9 1 0
48297 55256 10 1 0
!sus 20473 138401 1 9 76 attackers:20473;victims:138401;type:1;valid_origin:True;recurrent:True;local:False
20473 138401 1 66 10
20473 138401 2 9 67
20473 138401 3 20 56
20473 138401 4 12 64
20473 138401 5 30 46
20473 138401 6 6 70
20473 138401 7 22 54
20473 138401 8 5 71
20473 138401 9 5 71
20473 138401 10 22 54
!sus 262179 263812 0 10 10 attackers:262179;victims:263812;type:1;valid_origin:True;recurrent:True;local:False
262179 263812 1 0 10
262179 263812 2 0 10
262179 263812 3 0 10
262179 263812 4 0 10
262179 263812 5 0 10
262179 263812 6 0 10
262179 263812 7 0 10
262179 263812 8 0 10
262179 263812 9 0 10
262179 263812 10 0 10
!leg 38150 141654 10 0 14 attackers:38150;victims:141644;type:4;valid_origin:True;recurrent:False;local:False
38150 141654 1 14 0
38150 141654 2 14 0
38150 141654 3 14 0
38150 141654 4 14 0
38150 141654 5 14 0
38150 141654 6 14 0
38150 141654 7 14 0
38150 141654 8 14 0
38150 141654 9 14 0
38150 141654 10 14 0
!leg 209735 214129 10 0 35 attackers:209735;victims:214129;type:1;valid_origin:True;recurrent:False;local:False
209735 214129 1 35 0
209735 214129 2 35 0
209735 214129 3 29 6
209735 214129 4 35 0
209735 214129 5 35 0
209735 214129 6 35 0
209735 214129 7 35 0
209735 214129 8 35 0
209735 214129 9 35 0
209735 214129 10 35 0
!sus 135905 139057 0 10 95 attackers:135905;victims:139057;type:1;valid_origin:True;recurrent:True;local:False
135905 139057 1 0 95
135905 139057 2 0 95
135905 139057 3 0 95
135905 139057 4 0 95
135905 139057 5 0 95
135905 139057 6 0 95
135905 139057 7 0 95
135905 139057 8 0 95
135905 139057 9 0 95
135905 139057 10 0 95
!sus 41051 213758 0 10 8 attackers:41051;victims:213758;type:1;valid_origin:True;recurrent:True;local:False
41051 213758 1 0 8
41051 213758 2 0 8
41051 213758 3 0 8
41051 213758 4 2 6
41051 213758 5 3 5
41051 213758 6 2 6
41051 213758 7 2 6
41051 213758 8 2 6
41051 213758 9 4 4
41051 213758 10 3 5
!sus 139311 152671 0 10 163 attackers:139311;victims:152671;type:1;valid_origin:True;recurrent:True;local:False
139311 152671 1 0 163
139311 152671 2 0 163
139311 152671 3 0 163
139311 152671 4 0 163
139311 152671 5 0 163
139311 152671 6 0 163
139311 152671 7 0 163
139311 152671 8 0 163
139311 152671 9 0 163
139311 152671 10 0 163
!leg 7195 267641 10 0 1 attackers:7195;victims:271493;type:2;valid_origin:True;recurrent:False;local:False
7195 267641 1 1 0
7195 267641 2 1 0
7195 267641 3 1 0
7195 267641 4 1 0
7195 267641 5 1 0
7195 267641 6 1 0
7195 267641 7 1 0
7195 267641 8 1 0
7195 267641 9 1 0
7195 267641 10 1 0
!sus 202425 214295 0 10 3 attackers:202425;victims:214295;type:1;valid_origin:True;recurrent:True;local:False
202425 214295 1 0 3
202425 214295 2 0 3
202425 214295 3 0 3
202425 214295 4 0 3
202425 214295 5 0 3
202425 214295 6 0 3
202425 214295 7 0 3
202425 214295 8 0 3
202425 214295 9 0 3
202425 214295 10 0 3
!sus 10233 15657 0 10 35 attackers:10233;victims:10233;type:2;valid_origin:True;recurrent:False;local:False
10233 15657 1 0 35
10233 15657 2 0 35
10233 15657 3 0 35
10233 15657 4 0 35
10233 15657 5 0 35
10233 15657 6 0 35
10233 15657 7 0 35
10233 15657 8 0 35
10233 15657 9 0 35
10233 15657 10 0 35
!sus 44324 134835 0 10 7 attackers:134835;victims:44324;type:1;valid_origin:True;recurrent:True;local:False
44324 134835 1 0 7
44324 134835 2 0 7
44324 134835 3 0 7
44324 134835 4 0 7
44324 134835 5 0 7
44324 134835 6 0 7
44324 134835 7 0 7
44324 134835 8 0 7
44324 134835 9 0 7
44324 134835 10 0 7
!leg 28668 267469 10 0 3 attackers:267469;victims:49251;type:4;valid_origin:True;recurrent:False;local:False
28668 267469 1 3 0
28668 267469 2 3 0
28668 267469 3 3 0
28668 267469 4 3 0
28668 267469 5 3 0
28668 267469 6 3 0
28668 267469 7 3 0
28668 267469 8 3 0
28668 267469 9 3 0
28668 267469 10 3 0
!sus 37662 329427 0 10 191 attackers:37662;victims:329427;type:1;valid_origin:True;recurrent:True;local:False
37662 329427 1 21 170
37662 329427 2 0 191
37662 329427 3 4 187
37662 329427 4 0 191
37662 329427 5 0 191
37662 329427 6 0 191
37662 329427 7 0 191
37662 329427 8 0 191
37662 329427 9 0 191
37662 329427 10 0 191
!sus 10233 52688 0 10 34 attackers:10233;victims:10233;type:2;valid_origin:True;recurrent:False;local:False
10233 52688 1 0 34
10233 52688 2 0 34
10233 52688 3 0 34
10233 52688 4 0 34
10233 52688 5 0 34
10233 52688 6 0 34
10233 52688 7 0 34
10233 52688 8 0 34
10233 52688 9 0 34
10233 52688 10 0 34
!leg 31554 56504 10 0 3 attackers:31554;victims:47674,210269,56504;type:1,2;valid_origin:True;recurrent:False;local:True
31554 56504 1 2 1
31554 56504 2 3 0
31554 56504 3 3 0
31554 56504 4 3 0
31554 56504 5 3 0
31554 56504 6 3 0
31554 56504 7 3 0
31554 56504 8 3 0
31554 56504 9 3 0
31554 56504 10 3 0
!sus 9425 151451 0 10 2 attackers:9425;victims:151451;type:1;valid_origin:True;recurrent:True;local:False
9425 151451 1 0 2
9425 151451 2 0 2
9425 151451 3 0 2
9425 151451 4 0 2
9425 151451 5 0 2
9425 151451 6 0 2
9425 151451 7 0 2
9425 151451 8 0 2
9425 151451 9 0 2
9425 151451 10 0 2
!sus 26068 269068 0 10 1 attackers:269068;victims:26068;type:1;valid_origin:False;recurrent:True;local:False
26068 269068 1 0 1
26068 269068 2 0 1
26068 269068 3 0 1
26068 269068 4 0 1
26068 269068 5 0 1
26068 269068 6 0 1
26068 269068 7 0 1
26068 269068 8 0 1
26068 269068 9 0 1
26068 269068 10 0 1
!sus 20804 207336 9 1 1 attackers:207336;victims:2115;type:2;valid_origin:True;recurrent:True;local:False
20804 207336 1 0 1
20804 207336 2 1 0
20804 207336 3 1 0
20804 207336 4 1 0
20804 207336 5 1 0
20804 207336 6 1 0
20804 207336 7 1 0
20804 207336 8 1 0
20804 207336 9 1 0
20804 207336 10 1 0
!leg 50629 215915 10 0 1 attackers:50629;victims:215915;type:1;valid_origin:True;recurrent:False;local:True
50629 215915 1 1 0
50629 215915 2 1 0
50629 215915 3 1 0
50629 215915 4 1 0
50629 215915 5 1 0
50629 215915 6 1 0
50629 215915 7 1 0
50629 215915 8 1 0
50629 215915 9 1 0
50629 215915 10 1 0
!sus 9425 151460 0 10 2 attackers:9425;victims:151460;type:1;valid_origin:True;recurrent:True;local:False
9425 151460 1 0 2
9425 151460 2 0 2
9425 151460 3 0 2
9425 151460 4 0 2
9425 151460 5 0 2
9425 151460 6 0 2
9425 151460 7 0 2
9425 151460 8 0 2
9425 151460 9 0 2
9425 151460 10 0 2
!sus 56971 214174 0 10 250 attackers:214174;victims:56971;type:1;valid_origin:True;recurrent:False;local:False
56971 214174 1 0 250
56971 214174 2 0 250
56971 214174 3 0 250
56971 214174 4 0 250
56971 214174 5 0 250
56971 214174 6 0 250
56971 214174 7 0 250
56971 214174 8 0 250
56971 214174 9 0 250
56971 214174 10 0 250
!sus 264409 268841 9 1 8 attackers:268841;victims:262663;type:4;valid_origin:True;recurrent:False;local:False
264409 268841 1 4 4
264409 268841 2 5 3
264409 268841 3 5 3
264409 268841 4 5 3
264409 268841 5 5 3
264409 268841 6 5 3
264409 268841 7 5 3
264409 268841 8 5 3
264409 268841 9 5 3
264409 268841 10 5 3
!sus 10233 55824 0 10 35 attackers:10233;victims:10233;type:2;valid_origin:True;recurrent:False;local:False
10233 55824 1 0 35
10233 55824 2 0 35
10233 55824 3 0 35
10233 55824 4 0 35
10233 55824 5 0 35
10233 55824 6 0 35
10233 55824 7 0 35
10233 55824 8 0 35
10233 55824 9 0 35
10233 55824 10 0 35
!sus 7470 26937 8 2 9 attackers:7470;victims:26937;type:1;valid_origin:True;recurrent:True;local:False
7470 26937 1 0 9
7470 26937 2 0 9
7470 26937 3 7 2
7470 26937 4 7 2
7470 26937 5 9 0
7470 26937 6 9 0
7470 26937 7 9 0
7470 26937 8 9 0
7470 26937 9 9 0
7470 26937 10 9 0
!leg 7342 61696 10 0 1 attackers:61696;victims:396559;type:2;valid_origin:True;recurrent:False;local:False
7342 61696 1 1 0
7342 61696 2 1 0
7342 61696 3 1 0
7342 61696 4 1 0
7342 61696 5 1 0
7342 61696 6 1 0
7342 61696 7 1 0
7342 61696 8 1 0
7342 61696 9 1 0
7342 61696 10 1 0
!leg 50629 52041 10 0 6 attackers:50629;victims:197860,215120,26561,215303,60223,52041;type:1,2,3;valid_origin:True;recurrent:False;local:True
50629 52041 1 6 0
50629 52041 2 6 0
50629 52041 3 6 0
50629 52041 4 6 0
50629 52041 5 6 0
50629 52041 6 6 0
50629 52041 7 6 0
50629 52041 8 6 0
50629 52041 9 6 0
50629 52041 10 6 0
!sus 214271 396356 4 6 6 attackers:396356;victims:214271;type:1;valid_origin:True;recurrent:True;local:False
214271 396356 1 0 6
214271 396356 2 1 5
214271 396356 3 1 5
214271 396356 4 1 5
214271 396356 5 1 5
214271 396356 6 6 0
214271 396356 7 1 5
214271 396356 8 6 0
214271 396356 9 6 0
214271 396356 10 6 0
!sus 9812 146762 0 10 242 attackers:146762;victims:9812;type:1;valid_origin:True;recurrent:True;local:False
9812 146762 1 0 242
9812 146762 2 0 242
9812 146762 3 0 242
9812 146762 4 0 242
9812 146762 5 0 242
9812 146762 6 1 241
9812 146762 7 1 241
9812 146762 8 1 241
9812 146762 9 15 227
9812 146762 10 22 220
!leg 21859 132546 10 0 1 attackers:132546;victims:396986;type:2;valid_origin:True;recurrent:False;local:False
21859 132546 1 1 0
21859 132546 2 1 0
21859 132546 3 1 0
21859 132546 4 1 0
21859 132546 5 1 0
21859 132546 6 1 0
21859 132546 7 1 0
21859 132546 8 1 0
21859 132546 9 1 0
21859 132546 10 1 0
!sus 10233 266574 0 10 35 attackers:10233;victims:10233;type:2;valid_origin:True;recurrent:False;local:False
10233 266574 1 0 35
10233 266574 2 0 35
10233 266574 3 0 35
10233 266574 4 0 35
10233 266574 5 0 35
10233 266574 6 0 35
10233 266574 7 0 35
10233 266574 8 0 35
10233 266574 9 1 34
10233 266574 10 0 35
!leg 55256 61955 10 0 1 attackers:55256;victims:57137;type:2;valid_origin:True;recurrent:False;local:False
55256 61955 1 1 0
55256 61955 2 1 0
55256 61955 3 1 0
55256 61955 4 1 0
55256 61955 5 1 0
55256 61955 6 1 0
55256 61955 7 1 0
55256 61955 8 1 0
55256 61955 9 1 0
55256 61955 10 1 0
!sus 10233 52361 0 10 35 attackers:10233;victims:10233;type:2;valid_origin:True;recurrent:False;local:False
10233 52361 1 0 35
10233 52361 2 0 35
10233 52361 3 0 35
10233 52361 4 0 35
10233 52361 5 0 35
10233 52361 6 0 35
10233 52361 7 0 35
10233 52361 8 0 35
10233 52361 9 0 35
10233 52361 10 0 35
!sus 41051 213870 5 5 3 attackers:41051;victims:213870;type:1;valid_origin:True;recurrent:True;local:False
41051 213870 1 0 3
41051 213870 2 0 3
41051 213870 3 1 2
41051 213870 4 1 2
41051 213870 5 1 2
41051 213870 6 2 1
41051 213870 7 2 1
41051 213870 8 2 1
41051 213870 9 2 1
41051 213870 10 2 1
!sus 48003 198949 9 1 7 attackers:198949;victims:48003;type:1;valid_origin:True;recurrent:True;local:False
48003 198949 1 2 5
48003 198949 2 6 1
48003 198949 3 7 0
48003 198949 4 7 0
48003 198949 5 7 0
48003 198949 6 7 0
48003 198949 7 7 0
48003 198949 8 7 0
48003 198949 9 7 0
48003 198949 10 7 0
!sus 13378 63567 0 10 5 attackers:13378;victims:63567;type:1;valid_origin:True;recurrent:True;local:False
13378 63567 1 0 5
13378 63567 2 0 5
13378 63567 3 0 5
13378 63567 4 0 5
13378 63567 5 0 5
13378 63567 6 0 5
13378 63567 7 0 5
13378 63567 8 0 5
13378 63567 9 0 5
13378 63567 10 0 5
!sus 8772 34800 6 4 10 attackers:8772;victims:34800;type:1;valid_origin:True;recurrent:True;local:False
8772 34800 1 0 10
8772 34800 2 0 10
8772 34800 3 0 10
8772 34800 4 2 8
8772 34800 5 6 4
8772 34800 6 6 4
8772 34800 7 6 4
8772 34800 8 8 2
8772 34800 9 8 2
8772 34800 10 7 3
!sus 262589 273905 0 10 6 attackers:262589;victims:273905;type:1;valid_origin:True;recurrent:True;local:False
262589 273905 1 0 6
262589 273905 2 0 6
262589 273905 3 0 6
262589 273905 4 0 6
262589 273905 5 0 6
262589 273905 6 0 6
262589 273905 7 0 6
262589 273905 8 0 6
262589 273905 9 0 6
262589 273905 10 0 6
!leg 262589 269411 10 0 1 attackers:262589;victims:269411;type:1;valid_origin:True;recurrent:False;local:False
262589 269411 1 1 0
262589 269411 2 1 0
262589 269411 3 1 0
262589 269411 4 1 0
262589 269411 5 1 0
262589 269411 6 1 0
262589 269411 7 1 0
262589 269411 8 1 0
262589 269411 9 1 0
262589 269411 10 1 0
!sus 2 132655 0 10 57 attackers:132655;victims:2;type:1;valid_origin:True;recurrent:True;local:False
2 132655 1 0 57
2 132655 2 0 57
2 132655 3 0 57
2 132655 4 0 57
2 132655 5 0 57
2 132655 6 0 57
2 132655 7 0 57
2 132655 8 0 57
2 132655 9 0 57
2 132655 10 0 57
!sus 23061 49592 0 10 2 attackers:49592;victims:23061;type:1;valid_origin:True;recurrent:True;local:False
23061 49592 1 0 2
23061 49592 2 0 2
23061 49592 3 0 2
23061 49592 4 0 2
23061 49592 5 0 2
23061 49592 6 0 2
23061 49592 7 0 2
23061 49592 8 0 2
23061 49592 9 0 2
23061 49592 10 0 2
!sus 9425 151444 0 10 2 attackers:9425;victims:151444;type:1;valid_origin:True;recurrent:True;local:False
9425 151444 1 0 2
9425 151444 2 0 2
9425 151444 3 0 2
9425 151444 4 0 2
9425 151444 5 0 2
9425 151444 6 0 2
9425 151444 7 0 2
9425 151444 8 0 2
9425 151444 9 0 2
9425 151444 10 0 2
!sus 15169 131330 7 3 3 attackers:131330;victims:396982;type:2;valid_origin:True;recurrent:True;local:False
15169 131330 1 0 3
15169 131330 2 0 3
15169 131330 3 1 2
15169 131330 4 2 1
15169 131330 5 3 0
15169 131330 6 3 0
15169 131330 7 3 0
15169 131330 8 3 0
15169 131330 9 3 0
15169 131330 10 3 0
!leg 31034 62093 10 0 1 attackers:31034;victims:62093;type:1;valid_origin:True;recurrent:False;local:False
31034 62093 1 1 0
31034 62093 2 1 0
31034 62093 3 1 0
31034 62093 4 1 0
31034 62093 5 1 0
31034 62093 6 1 0
31034 62093 7 1 0
31034 62093 8 1 0
31034 62093 9 1 0
31034 62093 10 1 0
!leg 23089 61696 10 0 1 attackers:61696;victims:23089;type:1;valid_origin:True;recurrent:False;local:False
23089 61696 1 1 0
23089 61696 2 1 0
23089 61696 3 1 0
23089 61696 4 1 0
23089 61696 5 1 0
23089 61696 6 1 0
23089 61696 7 1 0
23089 61696 8 1 0
23089 61696 9 1 0
23089 61696 10 1 0
!sus 9425 151453 0 10 2 attackers:9425;victims:151453;type:1;valid_origin:True;recurrent:True;local:False
9425 151453 1 0 2
9425 151453 2 0 2
9425 151453 3 0 2
9425 151453 4 0 2
9425 151453 5 0 2
9425 151453 6 0 2
9425 151453 7 0 2
9425 151453 8 0 2
9425 151453 9 0 2
9425 151453 10 0 2
!leg 6204 199496 10 0 1 attackers:6204;victims:199496;type:1;valid_origin:True;recurrent:False;local:False
6204 199496 1 1 0
6204 199496 2 1 0
6204 199496 3 1 0
6204 199496 4 1 0
6204 199496 5 1 0
6204 199496 6 1 0
6204 199496 7 1 0
6204 199496 8 1 0
6204 199496 9 1 0
6204 199496 10 1 0
!sus 56048 151284 9 1 2 attackers:56048;victims:151284;type:1;valid_origin:True;recurrent:True;local:False
56048 151284 1 2 0
56048 151284 2 2 0
56048 151284 3 2 0
56048 151284 4 2 0
56048 151284 5 2 0
56048 151284 6 2 0
56048 151284 7 1 1
56048 151284 8 2 0
56048 151284 9 2 0
56048 151284 10 2 0
!sus 9425 151462 0 10 2 attackers:9425;victims:151462;type:1;valid_origin:True;recurrent:True;local:False
9425 151462 1 0 2
9425 151462 2 0 2
9425 151462 3 0 2
9425 151462 4 0 2
9425 151462 5 0 2
9425 151462 6 0 2
9425 151462 7 0 2
9425 151462 8 0 2
9425 151462 9 0 2
9425 151462 10 0 2
!sus 21277 51095 8 2 1 attackers:51095;victims:21277;type:1;valid_origin:True;recurrent:True;local:False
21277 51095 1 0 1
21277 51095 2 0 1
21277 51095 3 1 0
21277 51095 4 1 0
21277 51095 5 1 0
21277 51095 6 1 0
21277 51095 7 1 0
21277 51095 8 1 0
21277 51095 9 1 0
21277 51095 10 1 0
!leg 60068 149513 10 0 33 attackers:149513;victims:153371;type:3;valid_origin:True;recurrent:False;local:False
60068 149513 1 33 0
60068 149513 2 33 0
60068 149513 3 33 0
60068 149513 4 27 6
60068 149513 5 31 2
60068 149513 6 33 0
60068 149513 7 33 0
60068 149513 8 32 1
60068 149513 9 32 1
60068 149513 10 33 0
!leg 20115 40847 10 0 1 attackers:20115;victims:40847;type:1;valid_origin:True;recurrent:True;local:False
20115 40847 1 1 0
20115 40847 2 1 0
20115 40847 3 1 0
20115 40847 4 1 0
20115 40847 5 1 0
20115 40847 6 1 0
20115 40847 7 1 0
20115 40847 8 1 0
20115 40847 9 1 0
20115 40847 10 1 0
!sus 52758 274660 9 1 3 attackers:52758;victims:274660;type:1;valid_origin:True;recurrent:True;local:False
52758 274660 1 3 0
52758 274660 2 1 2
52758 274660 3 3 0
52758 274660 4 3 0
52758 274660 5 3 0
52758 274660 6 3 0
52758 274660 7 2 1
52758 274660 8 2 1
52758 274660 9 3 0
52758 274660 10 3 0
!leg 262589 262668 10 0 1 attackers:262589;victims:262668;type:1;valid_origin:True;recurrent:False;local:False
262589 262668 1 1 0
262589 262668 2 1 0
262589 262668 3 1 0
262589 262668 4 1 0
262589 262668 5 1 0
262589 262668 6 1 0
262589 262668 7 1 0
262589 262668 8 1 0
262589 262668 9 1 0
262589 262668 10 1 0
!sus 13004 44477 0 10 11 attackers:13004;victims:44477;type:1;valid_origin:True;recurrent:True;local:False
13004 44477 1 0 11
13004 44477 2 1 10
13004 44477 3 1 10
13004 44477 4 2 9
13004 44477 5 2 9
13004 44477 6 2 9
13004 44477 7 4 7
13004 44477 8 2 9
13004 44477 9 4 7
13004 44477 10 4 7
!sus 28209 271609 5 5 10 attackers:271609;victims:28209;type:1;valid_origin:True;recurrent:False;local:False
28209 271609 1 0 10
28209 271609 2 10 0
28209 271609 3 2 8
28209 271609 4 6 4
28209 271609 5 8 2
28209 271609 6 2 8
28209 271609 7 10 0
28209 271609 8 2 8
28209 271609 9 3 7
28209 271609 10 10 0
!leg 262791 270277 10 0 1 attackers:262791;victims:270277;type:1;valid_origin:True;recurrent:False;local:True
262791 270277 1 1 0
262791 270277 2 1 0
262791 270277 3 1 0
262791 270277 4 1 0
262791 270277 5 1 0
262791 270277 6 1 0
262791 270277 7 1 0
262791 270277 8 1 0
262791 270277 9 1 0
262791 270277 10 1 0
!sus 1 197251 5 5 8 attackers:197251;victims:1;type:1;valid_origin:True;recurrent:True;local:False
1 197251 1 0 8
1 197251 2 1 7
1 197251 3 1 7
1 197251 4 1 7
1 197251 5 6 2
1 197251 6 7 1
1 197251 7 8 0
1 197251 8 4 4
1 197251 9 7 1
1 197251 10 6 2
!sus 20516 29390 7 3 1 attackers:29390;victims:20516;type:1;valid_origin:True;recurrent:True;local:False
20516 29390 1 0 1
20516 29390 2 0 1
20516 29390 3 1 0
20516 29390 4 0 1
20516 29390 5 1 0
20516 29390 6 1 0
20516 29390 7 1 0
20516 29390 8 1 0
20516 29390 9 1 0
20516 29390 10 1 0
!sus 21859 270776 0 10 1 attackers:270776;victims:24409;type:2;valid_origin:True;recurrent:True;local:False
21859 270776 1 0 1
21859 270776 2 0 1
21859 270776 3 0 1
21859 270776 4 0 1
21859 270776 5 0 1
21859 270776 6 0 1
21859 270776 7 0 1
21859 270776 8 0 1
21859 270776 9 0 1
21859 270776 10 0 1
!leg 38082 50629 10 0 83 attackers:50629;victims:139341,136457,55790,132013,24187,131460,55916,133328,45102,17552,206614,138685,136579,9587,138915,54994,17475,45958,4827,138670,55514,142131,151825,149762,55868,4762,17468,17556,7693,132061,58692,18197,396986,151808,38718,9287,152915,24190,136182,133543,132605,55451,24378,133956,55498,38228,151040,37992,132545,137876,133791,7712,9546,7470,13335,152130,24214,149481,24429,26937,133063,55545,134095,10089,38082,133167,7630,139295,133907,55538,133761,134682,152465,9339,133376,38326,55844,149036,56112,199524,55476;type:1,2,3;valid_origin:True;recurrent:False;local:True
38082 50629 1 77 6
38082 50629 2 79 4
38082 50629 3 80 3
38082 50629 4 80 3
38082 50629 5 83 0
38082 50629 6 83 0
38082 50629 7 83 0
38082 50629 8 83 0
38082 50629 9 83 0
38082 50629 10 83 0
!sus 12310 56504 9 1 2 attackers:12310;victims:47674,56504;type:1,2;valid_origin:True;recurrent:False;local:False
12310 56504 1 1 1
12310 56504 2 2 0
12310 56504 3 2 0
12310 56504 4 2 0
12310 56504 5 2 0
12310 56504 6 2 0
12310 56504 7 2 0
12310 56504 8 2 0
12310 56504 9 2 0
12310 56504 10 2 0
!sus 54994 55410 0 10 30 attackers:55410;victims:54994;type:1;valid_origin:True;recurrent:True;local:False
54994 55410 1 0 30
54994 55410 2 0 30
54994 55410 3 0 30
54994 55410 4 0 30
54994 55410 5 0 30
54994 55410 6 0 30
54994 55410 7 0 30
54994 55410 8 0 30
54994 55410 9 0 30
54994 55410 10 0 30
!sus 34772 44814 6 4 29 attackers:44814;victims:206262;type:2;valid_origin:True;recurrent:False;local:False
34772 44814 1 0 29
34772 44814 2 11 18
34772 44814 3 8 21
34772 44814 4 14 15
34772 44814 5 29 0
34772 44814 6 29 0
34772 44814 7 29 0
34772 44814 8 29 0
34772 44814 9 29 0
34772 44814 10 29 0
!sus 9425 151446 0 10 2 attackers:9425;victims:151446;type:1;valid_origin:True;recurrent:True;local:False
9425 151446 1 0 2
9425 151446 2 0 2
9425 151446 3 0 2
9425 151446 4 0 2
9425 151446 5 0 2
9425 151446 6 0 2
9425 151446 7 0 2
9425 151446 8 0 2
9425 151446 9 0 2
9425 151446 10 0 2
!sus 209533 213928 5 5 10 attackers:209533;victims:213928;type:1;valid_origin:True;recurrent:True;local:False
209533 213928 1 3 7
209533 213928 2 3 7
209533 213928 3 3 7
209533 213928 4 5 5
209533 213928 5 4 6
209533 213928 6 9 1
209533 213928 7 9 1
209533 213928 8 9 1
209533 213928 9 10 0
209533 213928 10 10 0
!sus 213691 216334 9 1 10 attackers:216334;victims:213691;type:1;valid_origin:True;recurrent:True;local:False
213691 216334 1 10 0
213691 216334 2 10 0
213691 216334 3 10 0
213691 216334 4 10 0
213691 216334 5 10 0
213691 216334 6 7 3
213691 216334 7 10 0
213691 216334 8 10 0
213691 216334 9 4 6
213691 216334 10 8 2
!sus 9425 151455 0 10 2 attackers:9425;victims:151455;type:1;valid_origin:True;recurrent:True;local:False
9425 151455 1 0 2
9425 151455 2 0 2
9425 151455 3 0 2
9425 151455 4 0 2
9425 151455 5 0 2
9425 151455 6 0 2
9425 151455 7 0 2
9425 151455 8 0 2
9425 151455 9 0 2
9425 151455 10 0 2
!sus 59796 208972 6 4 14 attackers:59796;victims:197428,216064;type:2;valid_origin:True;recurrent:True;local:False
59796 208972 1 0 14
59796 208972 2 0 14
59796 208972 3 0 14
59796 208972 4 0 14
59796 208972 5 12 2
59796 208972 6 8 6
59796 208972 7 12 2
59796 208972 8 12 2
59796 208972 9 14 0
59796 208972 10 14 0
!sus 202425 213725 1 9 3 attackers:202425;victims:213725;type:1;valid_origin:True;recurrent:True;local:False
202425 213725 1 2 1
202425 213725 2 0 3
202425 213725 3 0 3
202425 213725 4 0 3
202425 213725 5 0 3
202425 213725 6 0 3
202425 213725 7 0 3
202425 213725 8 0 3
202425 213725 9 0 3
202425 213725 10 0 3
!sus 41264 327727 8 2 5 attackers:327727;victims:41264;type:1;valid_origin:True;recurrent:True;local:False
41264 327727 1 0 5
41264 327727 2 1 4
41264 327727 3 5 0
41264 327727 4 5 0
41264 327727 5 5 0
41264 327727 6 5 0
41264 327727 7 5 0
41264 327727 8 5 0
41264 327727 9 5 0
41264 327727 10 5 0
!leg 8048 273857 10 0 182 attackers:8048;victims:273857;type:1;valid_origin:True;recurrent:True;local:False
8048 273857 1 182 0
8048 273857 2 182 0
8048 273857 3 182 0
8048 273857 4 182 0
8048 273857 5 182 0
8048 273857 6 179 3
8048 273857 7 182 0
8048 273857 8 159 23
8048 273857 9 162 20
8048 273857 10 181 1
!sus 328543 400018 0 10 1 attackers:328543;victims:55933;type:2;valid_origin:True;recurrent:True;local:False
328543 400018 1 0 1
328543 400018 2 0 1
328543 400018 3 0 1
328543 400018 4 0 1
328543 400018 5 0 1
328543 400018 6 0 1
328543 400018 7 0 1
328543 400018 8 0 1
328543 400018 9 0 1
328543 400018 10 0 1
!sus 3269 213970 5 5 3 attackers:3269;victims:213970;type:1;valid_origin:True;recurrent:True;local:False
3269 213970 1 3 0
3269 213970 2 3 0
3269 213970 3 3 0
3269 213970 4 3 0
3269 213970 5 1 2
3269 213970 6 1 2
3269 213970 7 2 1
3269 213970 8 0 3
3269 213970 9 0 3
3269 213970 10 1 2
!leg 48185 262589 10 0 1 attackers:262589;victims:34762;type:2;valid_origin:True;recurrent:False;local:False
48185 262589 1 1 0
48185 262589 2 1 0
48185 262589 3 1 0
48185 262589 4 1 0
48185 262589 5 1 0
48185 262589 6 1 0
48185 262589 7 1 0
48185 262589 8 1 0
48185 262589 9 1 0
48185 262589 10 1 0
!sus 8585 10233 0 10 37 attackers:10233;victims:10233;type:2;valid_origin:True;recurrent:False;local:False
8585 10233 1 0 37
8585 10233 2 0 37
8585 10233 3 0 37
8585 10233 4 0 37
8585 10233 5 0 37
8585 10233 6 0 37
8585 10233 7 0 37
8585 10233 8 0 37
8585 10233 9 0 37
8585 10233 10 0 37
!leg 14840 268829 10 0 1 attackers:14840;victims:268829;type:1;valid_origin:True;recurrent:False;local:False
14840 268829 1 1 0
14840 268829 2 1 0
14840 268829 3 1 0
14840 268829 4 1 0
14840 268829 5 1 0
14840 268829 6 1 0
14840 268829 7 1 0
14840 268829 8 1 0
14840 268829 9 1 0
14840 268829 10 1 0
!sus 29049 50959 5 5 88 attackers:29049;victims:204986,205367,50959,203971;type:1,2,3;valid_origin:True;recurrent:True;local:False
29049 50959 1 21 67
29049 50959 2 39 49
29049 50959 3 48 40
29049 50959 4 0 88
29049 50959 5 75 13
29049 50959 6 54 34
29049 50959 7 4 84
29049 50959 8 79 9
29049 50959 9 66 22
29049 50959 10 12 76
!sus 56264 133496 8 2 17 attackers:56264;victims:133496;type:1;valid_origin:True;recurrent:True;local:False
56264 133496 1 17 0
56264 133496 2 17 0
56264 133496 3 17 0
56264 133496 4 17 0
56264 133496 5 17 0
56264 133496 6 7 10
56264 133496 7 0 17
56264 133496 8 16 1
56264 133496 9 11 6
56264 133496 10 9 8
!sus 151194 198025 0 10 1 attackers:151194;victims:198025;type:1;valid_origin:True;recurrent:True;local:False
151194 198025 1 0 1
151194 198025 2 0 1
151194 198025 3 0 1
151194 198025 4 0 1
151194 198025 5 0 1
151194 198025 6 0 1
151194 198025 7 0 1
151194 198025 8 0 1
151194 198025 9 0 1
151194 198025 10 0 1
!sus 52154 214952 0 10 3 attackers:52154;victims:214952;type:1;valid_origin:True;recurrent:True;local:False
52154 214952 1 0 3
52154 214952 2 1 2
52154 214952 3 0 3
52154 214952 4 0 3
52154 214952 5 0 3
52154 214952 6 0 3
52154 214952 7 0 3
52154 214952 8 0 3
52154 214952 9 0 3
52154 214952 10 0 3
!sus 152900 200169 0 10 3 attackers:152900;victims:200169;type:1;valid_origin:True;recurrent:True;local:False
152900 200169 1 0 3
152900 200169 2 0 3
152900 200169 3 0 3
152900 200169 4 0 3
152900 200169 5 0 3
152900 200169 6 0 3
152900 200169 7 0 3
152900 200169 8 0 3
152900 200169 9 0 3
152900 200169 10 0 3
!leg 50629 137182 10 0 1 attackers:50629;victims:137182;type:1;valid_origin:True;recurrent:False;local:True
50629 137182 1 1 0
50629 137182 2 1 0
50629 137182 3 1 0
50629 137182 4 1 0
50629 137182 5 1 0
50629 137182 6 1 0
50629 137182 7 1 0
50629 137182 8 1 0
50629 137182 9 1 0
50629 137182 10 1 0
!leg 15802 48185 10 0 1 attackers:15802;victims:34762;type:2;valid_origin:True;recurrent:False;local:False
15802 48185 1 1 0
15802 48185 2 1 0
15802 48185 3 1 0
15802 48185 4 1 0
15802 48185 5 1 0
15802 48185 6 1 0
15802 48185 7 1 0
15802 48185 8 1 0
15802 48185 9 1 0
15802 48185 10 1 0
!leg 52941 269679 10 0 6 attackers:52941;victims:269679;type:1;valid_origin:True;recurrent:False;local:False
52941 269679 1 6 0
52941 269679 2 6 0
52941 269679 3 6 0
52941 269679 4 6 0
52941 269679 5 6 0
52941 269679 6 6 0
52941 269679 7 6 0
52941 269679 8 6 0
52941 269679 9 6 0
52941 269679 10 6 0
!leg 262589 268979 10 0 1 attackers:262589;victims:268979;type:1;valid_origin:True;recurrent:False;local:False
262589 268979 1 1 0
262589 268979 2 1 0
262589 268979 3 1 0
262589 268979 4 1 0
262589 268979 5 1 0
262589 268979 6 1 0
262589 268979 7 1 0
262589 268979 8 1 0
262589 268979 9 1 0
262589 268979 10 1 0
!sus 3399 209625 0 10 3 attackers:3399;victims:209625;type:1;valid_origin:True;recurrent:True;local:False
3399 209625 1 0 3
3399 209625 2 0 3
3399 209625 3 0 3
3399 209625 4 0 3
3399 209625 5 0 3
3399 209625 6 0 3
3399 209625 7 0 3
3399 209625 8 0 3
3399 209625 9 0 3
3399 209625 10 0 3
!leg 139026 153038 10 0 2 attackers:153038;victims:139602;type:2;valid_origin:True;recurrent:False;local:False
139026 153038 1 2 0
139026 153038 2 2 0
139026 153038 3 2 0
139026 153038 4 2 0
139026 153038 5 2 0
139026 153038 6 2 0
139026 153038 7 2 0
139026 153038 8 2 0
139026 153038 9 2 0
139026 153038 10 2 0
!sus 23470 152698 7 3 6 attackers:23470;victims:152698;type:1;valid_origin:True;recurrent:True;local:False
23470 152698 1 0 6
23470 152698 2 0 6
23470 152698 3 0 6
23470 152698 4 5 1
23470 152698 5 6 0
23470 152698 6 6 0
23470 152698 7 6 0
23470 152698 8 6 0
23470 152698 9 6 0
23470 152698 10 6 0
!sus 211275 214618 9 1 4 attackers:214618;victims:215492;type:2;valid_origin:True;recurrent:True;local:False
211275 214618 1 0 4
211275 214618 2 4 0
211275 214618 3 4 0
211275 214618 4 4 0
211275 214618 5 4 0
211275 214618 6 4 0
211275 214618 7 4 0
211275 214618 8 4 0
211275 214618 9 4 0
211275 214618 10 4 0
!sus 9425 151448 0 10 2 attackers:9425;victims:151448;type:1;valid_origin:True;recurrent:True;local:False
9425 151448 1 0 2
9425 151448 2 0 2
9425 151448 3 0 2
9425 151448 4 0 2
9425 151448 5 0 2
9425 151448 6 0 2
9425 151448 7 0 2
9425 151448 8 0 2
9425 151448 9 0 2
9425 151448 10 0 2
!sus 10233 196655 0 10 36 attackers:10233;victims:10233;type:2;valid_origin:True;recurrent:False;local:False
10233 196655 1 0 36
10233 196655 2 0 36
10233 196655 3 0 36
10233 196655 4 0 36
10233 196655 5 0 36
10233 196655 6 0 36
10233 196655 7 0 36
10233 196655 8 0 36
10233 196655 9 0 36
10233 196655 10 0 36
!leg 28669 52928 10 0 1 attackers:28669;victims:52928;type:1;valid_origin:True;recurrent:False;local:False
28669 52928 1 1 0
28669 52928 2 1 0
28669 52928 3 1 0
28669 52928 4 1 0
28669 52928 5 1 0
28669 52928 6 1 0
28669 52928 7 1 0
28669 52928 8 1 0
28669 52928 9 1 0
28669 52928 10 1 0
!sus 42198 54014 6 4 5 attackers:42198;victims:54014;type:1;valid_origin:True;recurrent:True;local:False
42198 54014 1 5 0
42198 54014 2 5 0
42198 54014 3 5 0
42198 54014 4 4 1
42198 54014 5 5 0
42198 54014 6 5 0
42198 54014 7 0 5
42198 54014 8 1 4
42198 54014 9 1 4
42198 54014 10 2 3
!sus 9425 151457 0 10 2 attackers:9425;victims:151457;type:1;valid_origin:True;recurrent:True;local:False
9425 151457 1 0 2
9425 151457 2 0 2
9425 151457 3 0 2
9425 151457 4 0 2
9425 151457 5 0 2
9425 151457 6 0 2
9425 151457 7 0 2
9425 151457 8 0 2
9425 151457 9 0 2
9425 151457 10 0 2
!sus 42473 263681 0 10 1 attackers:263681;victims:42473;type:1;valid_origin:True;recurrent:True;local:False
42473 263681 1 0 1
42473 263681 2 0 1
42473 263681 3 0 1
42473 263681 4 0 1
42473 263681 5 0 1
42473 263681 6 0 1
42473 263681 7 0 1
42473 263681 8 0 1
42473 263681 9 0 1
42473 263681 10 0 1
!sus 31529 270776 0 10 1 attackers:270776;victims:25354;type:2;valid_origin:True;recurrent:True;local:False
31529 270776 1 0 1
31529 270776 2 0 1
31529 270776 3 0 1
31529 270776 4 0 1
31529 270776 5 0 1
31529 270776 6 0 1
31529 270776 7 0 1
31529 270776 8 0 1
31529 270776 9 0 1
31529 270776 10 0 1
!sus 3300 212565 0 10 9 attackers:3300;victims:212565;type:1;valid_origin:True;recurrent:True;local:False
3300 212565 1 0 9
3300 212565 2 0 9
3300 212565 3 0 9
3300 212565 4 0 9
3300 212565 5 0 9
3300 212565 6 0 9
3300 212565 7 0 9
3300 212565 8 0 9
3300 212565 9 0 9
3300 212565 10 0 9
!sus 60068 401408 2 8 7 attackers:60068;victims:401408;type:1;valid_origin:True;recurrent:True;local:False
60068 401408 1 5 2
60068 401408 2 0 7
60068 401408 3 1 6
60068 401408 4 1 6
60068 401408 5 0 7
60068 401408 6 1 6
60068 401408 7 2 5
60068 401408 8 1 6
60068 401408 9 0 7
60068 401408 10 4 3
!sus 7721 215364 0 10 7 attackers:215364;victims:7721;type:1;valid_origin:True;recurrent:True;local:False
7721 215364 1 1 6
7721 215364 2 1 6
7721 215364 3 1 6
7721 215364 4 1 6
7721 215364 5 1 6
7721 215364 6 1 6
7721 215364 7 1 6
7721 215364 8 1 6
7721 215364 9 1 6
7721 215364 10 1 6
!sus 37271 329258 9 1 2 attackers:37271;victims:329258;type:1;valid_origin:True;recurrent:True;local:False
37271 329258 1 0 2
37271 329258 2 2 0
37271 329258 3 2 0
37271 329258 4 2 0
37271 329258 5 2 0
37271 329258 6 2 0
37271 329258 7 2 0
37271 329258 8 2 0
37271 329258 9 2 0
37271 329258 10 2 0
!sus 28462 265606 5 5 5 attackers:265606;victims:28462;type:1;valid_origin:True;recurrent:True;local:False
28462 265606 1 5 0
28462 265606 2 3 2
28462 265606 3 4 1
28462 265606 4 5 0
28462 265606 5 0 5
28462 265606 6 0 5
28462 265606 7 1 4
28462 265606 8 5 0
28462 265606 9 2 3
28462 265606 10 0 5
!sus 208972 213697 0 10 423 attackers:208972;victims:213697;type:1;valid_origin:True;recurrent:True;local:False
208972 213697 1 16 407
208972 213697 2 12 411
208972 213697 3 22 401
208972 213697 4 23 400
208972 213697 5 0 423
208972 213697 6 0 423
208972 213697 7 28 395
208972 213697 8 0 423
208972 213697 9 0 423
208972 213697 10 19 404
!sus 42337 214586 8 2 4 attackers:42337;victims:214586;type:1;valid_origin:True;recurrent:True;local:False
42337 214586 1 4 0
42337 214586 2 4 0
42337 214586 3 4 0
42337 214586 4 4 0
42337 214586 5 4 0
42337 214586 6 4 0
42337 214586 7 1 3
42337 214586 8 4 0
42337 214586 9 1 3
42337 214586 10 4 0
!sus 139311 151349 0 10 151 attackers:139311;victims:151349;type:1;valid_origin:True;recurrent:True;local:False
139311 151349 1 0 151
139311 151349 2 0 151
139311 151349 3 0 151
139311 151349 4 0 151
139311 151349 5 0 151
139311 151349 6 0 151
139311 151349 7 0 151
139311 151349 8 0 151
139311 151349 9 0 151
139311 151349 10 0 151
!sus 210233 213660 3 7 62 attackers:210233;victims:213660;type:1;valid_origin:True;recurrent:False;local:False
210233 213660 1 17 45
210233 213660 2 13 49
210233 213660 3 17 45
210233 213660 4 28 34
210233 213660 5 25 37
210233 213660 6 62 0
210233 213660 7 26 36
210233 213660 8 26 36
210233 213660 9 33 29
210233 213660 10 48 14
!sus 14868 274628 1 9 1 attackers:14868;victims:274628;type:1;valid_origin:True;recurrent:True;local:False
14868 274628 1 1 0
14868 274628 2 0 1
14868 274628 3 0 1
14868 274628 4 0 1
14868 274628 5 0 1
14868 274628 6 0 1
14868 274628 7 0 1
14868 274628 8 0 1
14868 274628 9 0 1
14868 274628 10 0 1
!sus 6774 139285 9 1 3 attackers:6774;victims:139285;type:1;valid_origin:True;recurrent:True;local:False
6774 139285 1 1 2
6774 139285 2 2 1
6774 139285 3 2 1
6774 139285 4 2 1
6774 139285 5 3 0
6774 139285 6 3 0
6774 139285 7 3 0
6774 139285 8 2 1
6774 139285 9 3 0
6774 139285 10 3 0
!sus 9425 151450 0 10 2 attackers:9425;victims:151450;type:1;valid_origin:True;recurrent:True;local:False
9425 151450 1 0 2
9425 151450 2 0 2
9425 151450 3 0 2
9425 151450 4 0 2
9425 151450 5 0 2
9425 151450 6 0 2
9425 151450 7 0 2
9425 151450 8 0 2
9425 151450 9 0 2
9425 151450 10 0 2
!sus 213714 215400 3 7 5 attackers:215400;victims:213714;type:1;valid_origin:True;recurrent:True;local:False
213714 215400 1 2 3
213714 215400 2 0 5
213714 215400 3 5 0
213714 215400 4 5 0
213714 215400 5 0 5
213714 215400 6 5 0
213714 215400 7 0 5
213714 215400 8 0 5
213714 215400 9 0 5
213714 215400 10 0 5
!leg 7632 55655 10 0 27 attackers:7632;victims:139384;type:3;valid_origin:True;recurrent:False;local:False
7632 55655 1 27 0
7632 55655 2 27 0
7632 55655 3 27 0
7632 55655 4 27 0
7632 55655 5 27 0
7632 55655 6 27 0
7632 55655 7 27 0
7632 55655 8 27 0
7632 55655 9 27 0
7632 55655 10 27 0
!sus 58212 61112 8 2 66 attackers:58212;victims:61112;type:1;valid_origin:True;recurrent:True;local:False
58212 61112 1 0 66
58212 61112 2 4 62
58212 61112 3 54 12
58212 61112 4 60 6
58212 61112 5 64 2
58212 61112 6 66 0
58212 61112 7 66 0
58212 61112 8 66 0
58212 61112 9 66 0
58212 61112 10 66 0
!sus 34872 214139 0 10 12 attackers:34872;victims:214139;type:1;valid_origin:True;recurrent:True;local:False
34872 214139 1 1 11
34872 214139 2 1 11
34872 214139 3 1 11
34872 214139 4 1 11
34872 214139 5 0 12
34872 214139 6 0 12
34872 214139 7 2 10
34872 214139 8 0 12
34872 214139 9 0 12
34872 214139 10 2 10
!sus 15351 16628 5 5 5 attackers:16628;victims:15351;type:1;valid_origin:True;recurrent:True;local:False
15351 16628 1 5 0
15351 16628 2 3 2
15351 16628 3 5 0
15351 16628 4 5 0
15351 16628 5 0 5
15351 16628 6 3 2
15351 16628 7 0 5
15351 16628 8 0 5
15351 16628 9 0 5
15351 16628 10 0 5
!leg 135046 136969 10 0 15 attackers:136969;victims:135046;type:1;valid_origin:True;recurrent:True;local:False
135046 136969 1 15 0
135046 136969 2 15 0
135046 136969 3 15 0
135046 136969 4 15 0
135046 136969 5 15 0
135046 136969 6 15 0
135046 136969 7 15 0
135046 136969 8 15 0
135046 136969 9 12 3
135046 136969 10 14 1
!sus 135660 152333 6 4 47 attackers:152333;victims:135660;type:1;valid_origin:True;recurrent:True;local:False
135660 152333 1 47 0
135660 152333 2 32 15
135660 152333 3 41 6
135660 152333 4 43 4
135660 152333 5 25 22
135660 152333 6 26 21
135660 152333 7 2 45
135660 152333 8 0 47
135660 152333 9 0 47
135660 152333 10 0 47
!sus 214331 214569 0 10 11 attackers:214331;victims:214569;type:1;valid_origin:True;recurrent:True;local:False
214331 214569 1 0 11
214331 214569 2 0 11
214331 214569 3 0 11
214331 214569 4 0 11
214331 214569 5 0 11
214331 214569 6 0 11
214331 214569 7 0 11
214331 214569 8 0 11
214331 214569 9 0 11
214331 214569 10 0 11
!sus 20118 60539 3 7 2 attackers:60539;victims:20118;type:1;valid_origin:True;recurrent:True;local:False
20118 60539 1 0 2
20118 60539 2 0 2
20118 60539 3 0 2
20118 60539 4 0 2
20118 60539 5 0 2
20118 60539 6 0 2
20118 60539 7 2 0
20118 60539 8 2 0
20118 60539 9 2 0
20118 60539 10 1 1
!sus 24406 33071 6 4 10 attackers:33071;victims:24406;type:1;valid_origin:True;recurrent:True;local:False
24406 33071 1 0 10
24406 33071 2 0 10
24406 33071 3 1 9
24406 33071 4 2 8
24406 33071 5 10 0
24406 33071 6 10 0
24406 33071 7 10 0
24406 33071 8 10 0
24406 33071 9 10 0
24406 33071 10 10 0
!sus 262589 273822 7 3 4 attackers:262589;victims:273822;type:1;valid_origin:True;recurrent:True;local:False
262589 273822 1 0 4
262589 273822 2 1 3
262589 273822 3 1 3
262589 273822 4 3 1
262589 273822 5 4 0
262589 273822 6 4 0
262589 273822 7 4 0
262589 273822 8 4 0
262589 273822 9 4 0
262589 273822 10 4 0
!leg 13289 50629 10 0 1 attackers:50629;victims:13289;type:1;valid_origin:True;recurrent:False;local:True
13289 50629 1 1 0
13289 50629 2 1 0
13289 50629 3 1 0
13289 50629 4 1 0
13289 50629 5 1 0
13289 50629 6 1 0
13289 50629 7 1 0
13289 50629 8 1 0
13289 50629 9 1 0
13289 50629 10 1 0
!leg 7713 141976 10 0 36 attackers:7713;victims:141976;type:1;valid_origin:True;recurrent:False;local:False
7713 141976 1 36 0
7713 141976 2 36 0
7713 141976 3 36 0
7713 141976 4 36 0
7713 141976 5 36 0
7713 141976 6 36 0
7713 141976 7 36 0
7713 141976 8 36 0
7713 141976 9 36 0
7713 141976 10 36 0
!sus 42298 214178 7 3 5 attackers:42298;victims:214178;type:1;valid_origin:True;recurrent:True;local:False
42298 214178 1 5 0
42298 214178 2 5 0
42298 214178 3 5 0
42298 214178 4 5 0
42298 214178 5 5 0
42298 214178 6 5 0
42298 214178 7 1 4
42298 214178 8 3 2
42298 214178 9 0 5
42298 214178 10 0 5
!sus 23520 27923 9 1 6 attackers:23520;victims:27923;type:1;valid_origin:True;recurrent:True;local:False
23520 27923 1 2 4
23520 27923 2 5 1
23520 27923 3 5 1
23520 27923 4 5 1
23520 27923 5 5 1
23520 27923 6 6 0
23520 27923 7 6 0
23520 27923 8 6 0
23520 27923 9 6 0
23520 27923 10 6 0
!sus 38082 57344 8 2 2 attackers:38082;victims:13335;type:6;valid_origin:True;recurrent:True;local:False
38082 57344 1 0 2
38082 57344 2 0 2
38082 57344 3 2 0
38082 57344 4 2 0
38082 57344 5 2 0
38082 57344 6 2 0
38082 57344 7 2 0
38082 57344 8 2 0
38082 57344 9 2 0
38082 57344 10 2 0
!sus 224 10233 0 10 35 attackers:10233;victims:10233;type:2;valid_origin:True;recurrent:False;local:False
224 10233 1 0 35
224 10233 2 0 35
224 10233 3 0 35
224 10233 4 0 35
224 10233 5 0 35
224 10233 6 0 35
224 10233 7 0 35
224 10233 8 0 35
224 10233 9 0 35
224 10233 10 0 35
!sus 13378 149304 0 10 20 attackers:13378;victims:149304;type:1;valid_origin:True;recurrent:True;local:False
13378 149304 1 0 20
13378 149304 2 0 20
13378 149304 3 0 20
13378 149304 4 0 20
13378 149304 5 0 20
13378 149304 6 0 20
13378 149304 7 0 20
13378 149304 8 0 20
13378 149304 9 0 20
13378 149304 10 0 20
!leg 13335 134094 10 0 1 attackers:134094;victims:13335;type:1;valid_origin:True;recurrent:False;local:False
13335 134094 1 1 0
13335 134094 2 1 0
13335 134094 3 1 0
13335 134094 4 1 0
13335 134094 5 1 0
13335 134094 6 1 0
13335 134094 7 1 0
13335 134094 8 1 0
13335 134094 9 1 0
13335 134094 10 1 0
!sus 9425 151443 0 10 2 attackers:9425;victims:151443;type:1;valid_origin:True;recurrent:True;local:False
9425 151443 1 0 2
9425 151443 2 0 2
9425 151443 3 0 2
9425 151443 4 0 2
9425 151443 5 0 2
9425 151443 6 0 2
9425 151443 7 0 2
9425 151443 8 0 2
9425 151443 9 0 2
9425 151443 10 0 2
!leg 15967 50629 10 0 1 attackers:50629;victims:15967;type:1;valid_origin:True;recurrent:False;local:True
15967 50629 1 1 0
15967 50629 2 1 0
15967 50629 3 1 0
15967 50629 4 1 0
15967 50629 5 1 0
15967 50629 6 1 0
15967 50629 7 1 0
15967 50629 8 1 0
15967 50629 9 1 0
15967 50629 10 1 0
!sus 9425 151452 0 10 2 attackers:9425;victims:151452;type:1;valid_origin:True;recurrent:True;local:False
9425 151452 1 0 2
9425 151452 2 0 2
9425 151452 3 0 2
9425 151452 4 0 2
9425 151452 5 0 2
9425 151452 6 0 2
9425 151452 7 0 2
9425 151452 8 0 2
9425 151452 9 0 2
9425 151452 10 0 2
!sus 212503 213856 0 10 3 attackers:213856;victims:212503;type:1;valid_origin:True;recurrent:True;local:False
212503 213856 1 0 3
212503 213856 2 0 3
212503 213856 3 0 3
212503 213856 4 0 3
212503 213856 5 0 3
212503 213856 6 0 3
212503 213856 7 0 3
212503 213856 8 0 3
212503 213856 9 0 3
212503 213856 10 0 3
!leg 58656 150182 10 0 4 attackers:58656;victims:150182;type:1;valid_origin:True;recurrent:False;local:False
58656 150182 1 4 0
58656 150182 2 4 0
58656 150182 3 4 0
58656 150182 4 4 0
58656 150182 5 4 0
58656 150182 6 4 0
58656 150182 7 4 0
58656 150182 8 4 0
58656 150182 9 4 0
58656 150182 10 4 0
!sus 3233 56504 9 1 2 attackers:3233;victims:47674,56504;type:1,2;valid_origin:True;recurrent:False;local:True
3233 56504 1 0 2
3233 56504 2 2 0
3233 56504 3 2 0
3233 56504 4 2 0
3233 56504 5 2 0
3233 56504 6 2 0
3233 56504 7 2 0
3233 56504 8 2 0
3233 56504 9 2 0
3233 56504 10 2 0
!sus 34872 215288 9 1 3 attackers:34872;victims:215288;type:1;valid_origin:True;recurrent:True;local:False
34872 215288 1 0 3
34872 215288 2 3 0
34872 215288 3 3 0
34872 215288 4 3 0
34872 215288 5 3 0
34872 215288 6 3 0
34872 215288 7 3 0
34872 215288 8 3 0
34872 215288 9 3 0
34872 215288 10 3 0
!sus 1273 1813 0 10 4 attackers:1273;victims:1813;type:1;valid_origin:True;recurrent:True;local:False
1273 1813 1 0 4
1273 1813 2 0 4
1273 1813 3 0 4
1273 1813 4 0 4
1273 1813 5 0 4
1273 1813 6 0 4
1273 1813 7 0 4
1273 1813 8 0 4
1273 1813 9 0 4
1273 1813 10 0 4
!sus 137037 149020 2 8 17 attackers:149020;victims:137037;type:1;valid_origin:True;recurrent:True;local:False
137037 149020 1 12 5
137037 149020 2 14 3
137037 149020 3 1 16
137037 149020 4 1 16
137037 149020 5 0 17
137037 149020 6 0 17
137037 149020 7 0 17
137037 149020 8 0 17
137037 149020 9 7 10
137037 149020 10 0 17
!sus 917 25737 0 10 15 attackers:917;victims:25737;type:1;valid_origin:True;recurrent:True;local:False
917 25737 1 0 15
917 25737 2 1 14
917 25737 3 1 14
917 25737 4 1 14
917 25737 5 1 14
917 25737 6 1 14
917 25737 7 0 15
917 25737 8 1 14
917 25737 9 1 14
917 25737 10 1 14
!leg 8529 139938 10 0 1 attackers:8529;victims:139938;type:1;valid_origin:True;recurrent:True;local:False
8529 139938 1 1 0
8529 139938 2 1 0
8529 139938 3 1 0
8529 139938 4 1 0
8529 139938 5 1 0
8529 139938 6 1 0
8529 139938 7 1 0
8529 139938 8 1 0
8529 139938 9 1 0
8529 139938 10 1 0
!sus 152900 214731 0 10 12 attackers:152900;victims:214731;type:1;valid_origin:True;recurrent:True;local:False
152900 214731 1 0 12
152900 214731 2 0 12
152900 214731 3 0 12
152900 214731 4 0 12
152900 214731 5 0 12
152900 214731 6 0 12
152900 214731 7 0 12
152900 214731 8 0 12
152900 214731 9 0 12
152900 214731 10 0 12
!sus 213737 215242 0 10 8 attackers:213737;victims:215242;type:1;valid_origin:True;recurrent:True;local:False
213737 215242 1 0 8
213737 215242 2 0 8
213737 215242 3 0 8
213737 215242 4 0 8
213737 215242 5 0 8
213737 215242 6 0 8
213737 215242 7 0 8
213737 215242 8 0 8
213737 215242 9 0 8
213737 215242 10 0 8
!leg 2614 197000 10 0 1 attackers:2614;victims:197000;type:1;valid_origin:True;recurrent:False;local:False
2614 197000 1 1 0
2614 197000 2 1 0
2614 197000 3 1 0
2614 197000 4 1 0
2614 197000 5 1 0
2614 197000 6 1 0
2614 197000 7 1 0
2614 197000 8 1 0
2614 197000 9 1 0
2614 197000 10 1 0
!sus 17561 263681 0 10 5 attackers:263681;victims:17561;type:1;valid_origin:True;recurrent:True;local:False
17561 263681 1 0 5
17561 263681 2 0 5
17561 263681 3 0 5
17561 263681 4 0 5
17561 263681 5 0 5
17561 263681 6 0 5
17561 263681 7 0 5
17561 263681 8 0 5
17561 263681 9 0 5
17561 263681 10 0 5
!sus 207841 212895 4 6 50 attackers:207841;victims:212895;type:1;valid_origin:True;recurrent:True;local:False
207841 212895 1 3 47
207841 212895 2 3 47
207841 212895 3 8 42
207841 212895 4 14 36
207841 212895 5 23 27
207841 212895 6 25 25
207841 212895 7 27 23
207841 212895 8 28 22
207841 212895 9 40 10
207841 212895 10 33 17
!sus 17561 35916 0 10 73 attackers:35916;victims:17561;type:1;valid_origin:True;recurrent:True;local:False
17561 35916 1 0 73
17561 35916 2 0 73
17561 35916 3 0 73
17561 35916 4 0 73
17561 35916 5 0 73
17561 35916 6 0 73
17561 35916 7 0 73
17561 35916 8 0 73
17561 35916 9 0 73
17561 35916 10 0 73
!leg 101 20473 10 0 1 attackers:20473;victims:15199;type:3;valid_origin:True;recurrent:False;local:False
101 20473 1 1 0
101 20473 2 1 0
101 20473 3 1 0
101 20473 4 1 0
101 20473 5 1 0
101 20473 6 1 0
101 20473 7 1 0
101 20473 8 1 0
101 20473 9 1 0
101 20473 10 1 0
!sus 54113 270776 0 10 57 attackers:270776;victims:54113;type:1;valid_origin:True;recurrent:True;local:False
54113 270776 1 0 57
54113 270776 2 0 57
54113 270776 3 0 57
54113 270776 4 0 57
54113 270776 5 0 57
54113 270776 6 0 57
54113 270776 7 0 57
54113 270776 8 0 57
54113 270776 9 0 57
54113 270776 10 0 57
!sus 9425 151445 0 10 2 attackers:9425;victims:151445;type:1;valid_origin:True;recurrent:True;local:False
9425 151445 1 0 2
9425 151445 2 0 2
9425 151445 3 0 2
9425 151445 4 0 2
9425 151445 5 0 2
9425 151445 6 0 2
9425 151445 7 0 2
9425 151445 8 0 2
9425 151445 9 0 2
9425 151445 10 0 2
!leg 33823 56504 10 0 3 attackers:33823;victims:47674,210269,56504;type:1,2;valid_origin:True;recurrent:False;local:True
33823 56504 1 2 1
33823 56504 2 3 0
33823 56504 3 3 0
33823 56504 4 3 0
33823 56504 5 3 0
33823 56504 6 3 0
33823 56504 7 3 0
33823 56504 8 3 0
33823 56504 9 3 0
33823 56504 10 3 0
!leg 39351 202739 10 0 1 attackers:39351;victims:202739;type:1;valid_origin:True;recurrent:False;local:True
39351 202739 1 1 0
39351 202739 2 1 0
39351 202739 3 1 0
39351 202739 4 1 0
39351 202739 5 1 0
39351 202739 6 1 0
39351 202739 7 1 0
39351 202739 8 1 0
39351 202739 9 1 0
39351 202739 10 1 0
!sus 41051 213782 8 2 2 attackers:41051;victims:213782;type:1;valid_origin:True;recurrent:True;local:False
41051 213782 1 0 2
41051 213782 2 1 1
41051 213782 3 2 0
41051 213782 4 2 0
41051 213782 5 2 0
41051 213782 6 2 0
41051 213782 7 2 0
41051 213782 8 2 0
41051 213782 9 2 0
41051 213782 10 2 0
!sus 60539 137933 0 10 84 attackers:60539;victims:137933;type:1;valid_origin:True;recurrent:True;local:False
60539 137933 1 3 81
60539 137933 2 0 84
60539 137933 3 0 84
60539 137933 4 0 84
60539 137933 5 0 84
60539 137933 6 0 84
60539 137933 7 0 84
60539 137933 8 0 84
60539 137933 9 0 84
60539 137933 10 0 84
!sus 23840 23841 5 5 1 attackers:23841;victims:23840;type:1;valid_origin:True;recurrent:True;local:False
23840 23841 1 1 0
23840 23841 2 1 0
23840 23841 3 1 0
23840 23841 4 1 0
23840 23841 5 0 1
23840 23841 6 1 0
23840 23841 7 0 1
23840 23841 8 0 1
23840 23841 9 0 1
23840 23841 10 0 1
!leg 16303 50629 10 0 1 attackers:50629;victims:16303;type:1;valid_origin:True;recurrent:False;local:True
16303 50629 1 1 0
16303 50629 2 1 0
16303 50629 3 1 0
16303 50629 4 1 0
16303 50629 5 1 0
16303 50629 6 1 0
16303 50629 7 1 0
16303 50629 8 1 0
16303 50629 9 1 0
16303 50629 10 1 0
!leg 7195 52305 10 0 1 attackers:7195;victims:52305;type:1;valid_origin:True;recurrent:False;local:False
7195 52305 1 1 0
7195 52305 2 1 0
7195 52305 3 1 0
7195 52305 4 1 0
7195 52305 5 1 0
7195 52305 6 1 0
7195 52305 7 1 0
7195 52305 8 1 0
7195 52305 9 1 0
7195 52305 10 1 0
!sus 36873 136907 0 10 2 attackers:36873;victims:136907;type:1;valid_origin:True;recurrent:True;local:False
36873 136907 1 0 2
36873 136907 2 0 2
36873 136907 3 0 2
36873 136907 4 0 2
36873 136907 5 0 2
36873 136907 6 0 2
36873 136907 7 0 2
36873 136907 8 0 2
36873 136907 9 0 2
36873 136907 10 0 2
!leg 138077 138114 10 0 10 attackers:138077;victims:138114;type:1;valid_origin:True;recurrent:False;local:False
138077 138114 1 10 0
138077 138114 2 10 0
138077 138114 3 10 0
138077 138114 4 10 0
138077 138114 5 10 0
138077 138114 6 10 0
138077 138114 7 10 0
138077 138114 8 10 0
138077 138114 9 10 0
138077 138114 10 10 0
!sus 26617 269927 8 2 4 attackers:26617;victims:269927;type:1;valid_origin:True;recurrent:True;local:False
26617 269927 1 0 4
26617 269927 2 0 4
26617 269927 3 4 0
26617 269927 4 4 0
26617 269927 5 4 0
26617 269927 6 4 0
26617 269927 7 4 0
26617 269927 8 4 0
26617 269927 9 4 0
26617 269927 10 4 0
!sus 152900 200879 0 10 3 attackers:152900;victims:200879;type:1;valid_origin:True;recurrent:True;local:False
152900 200879 1 0 3
152900 200879 2 0 3
152900 200879 3 0 3
152900 200879 4 0 3
152900 200879 5 0 3
152900 200879 6 0 3
152900 200879 7 0 3
152900 200879 8 0 3
152900 200879 9 0 3
152900 200879 10 0 3
!sus 4837 137897 0 10 4 attackers:137897;victims:9304,137897;type:3,4;valid_origin:True;recurrent:True;local:False
4837 137897 1 0 4
4837 137897 2 0 4
4837 137897 3 0 4
4837 137897 4 1 3
4837 137897 5 1 3
4837 137897 6 1 3
4837 137897 7 1 3
4837 137897 8 1 3
4837 137897 9 1 3
4837 137897 10 1 3
!sus 153371 209650 6 4 15 attackers:153371;victims:209650;type:1;valid_origin:True;recurrent:True;local:False
153371 209650 1 0 15
153371 209650 2 0 15
153371 209650 3 0 15
153371 209650 4 13 2
153371 209650 5 13 2
153371 209650 6 14 1
153371 209650 7 13 2
153371 209650 8 0 15
153371 209650 9 14 1
153371 209650 10 14 1
!sus 42192 64050 9 1 11 attackers:64050;victims:42192;type:1;valid_origin:True;recurrent:True;local:False
42192 64050 1 0 11
42192 64050 2 7 4
42192 64050 3 7 4
42192 64050 4 11 0
42192 64050 5 11 0
42192 64050 6 11 0
42192 64050 7 10 1
42192 64050 8 11 0
42192 64050 9 11 0
42192 64050 10 11 0
!sus 15830 59204 8 2 8 attackers:15830;victims:59204;type:1;valid_origin:True;recurrent:True;local:False
15830 59204 1 0 8
15830 59204 2 1 7
15830 59204 3 6 2
15830 59204 4 6 2
15830 59204 5 6 2
15830 59204 6 8 0
15830 59204 7 7 1
15830 59204 8 8 0
15830 59204 9 7 1
15830 59204 10 8 0
!sus 262663 268982 8 2 203 attackers:268982;victims:262663;type:1;valid_origin:True;recurrent:True;local:False
262663 268982 1 33 170
262663 268982 2 106 97
262663 268982 3 88 115
262663 268982 4 175 28
262663 268982 5 164 39
262663 268982 6 151 52
262663 268982 7 189 14
262663 268982 8 152 51
262663 268982 9 194 9
262663 268982 10 184 19
!sus 59356 59365 0 10 3 attackers:59356;victims:59365;type:1;valid_origin:True;recurrent:True;local:False
59356 59365 1 0 3
59356 59365 2 0 3
59356 59365 3 0 3
59356 59365 4 0 3
59356 59365 5 0 3
59356 59365 6 0 3
59356 59365 7 0 3
59356 59365 8 0 3
59356 59365 9 0 3
59356 59365 10 0 3
!sus 5 270336 0 10 1 attackers:270336;victims:5;type:1;valid_origin:True;recurrent:True;local:False
5 270336 1 0 1
5 270336 2 0 1
5 270336 3 0 1
5 270336 4 0 1
5 270336 5 0 1
5 270336 6 0 1
5 270336 7 0 1
5 270336 8 0 1
5 270336 9 0 1
5 270336 10 0 1
!sus 49276 58010 4 6 6 attackers:58010;victims:49276;type:1;valid_origin:True;recurrent:True;local:False
49276 58010 1 0 6
49276 58010 2 0 6
49276 58010 3 0 6
49276 58010 4 0 6
49276 58010 5 1 5
49276 58010 6 5 1
49276 58010 7 4 2
49276 58010 8 2 4
49276 58010 9 4 2
49276 58010 10 4 2
!leg 49824 137409 10 0 2 attackers:137409;victims:44750,210987;type:2,3;valid_origin:True;recurrent:True;local:False
49824 137409 1 2 0
49824 137409 2 2 0
49824 137409 3 2 0
49824 137409 4 2 0
49824 137409 5 2 0
49824 137409 6 2 0
49824 137409 7 2 0
49824 137409 8 2 0
49824 137409 9 2 0
49824 137409 10 2 0
!leg 23923 136009 10 0 2 attackers:23923;victims:136009;type:1;valid_origin:True;recurrent:False;local:False
23923 136009 1 2 0
23923 136009 2 2 0
23923 136009 3 2 0
23923 136009 4 2 0
23923 136009 5 2 0
23923 136009 6 2 0
23923 136009 7 2 0
23923 136009 8 2 0
23923 136009 9 2 0
23923 136009 10 2 0
!sus 6762 9829 5 5 66 attackers:6762;victims:9829,135139,135236,133715,133287;type:1,2,3;valid_origin:True;recurrent:True;local:False
6762 9829 1 18 48
6762 9829 2 15 51
6762 9829 3 33 33
6762 9829 4 25 41
6762 9829 5 35 31
6762 9829 6 33 33
6762 9829 7 35 31
6762 9829 8 37 29
6762 9829 9 39 27
6762 9829 10 40 26
!sus 18229 54994 0 10 20 attackers:18229;victims:54994;type:1;valid_origin:True;recurrent:False;local:False
18229 54994 1 0 20
18229 54994 2 0 20
18229 54994 3 0 20
18229 54994 4 0 20
18229 54994 5 1 19
18229 54994 6 1 19
18229 54994 7 1 19
18229 54994 8 1 19
18229 54994 9 1 19
18229 54994 10 1 19
!leg 268976 269411 10 0 1 attackers:268976;victims:269411;type:1;valid_origin:True;recurrent:False;local:True
268976 269411 1 1 0
268976 269411 2 1 0
268976 269411 3 1 0
268976 269411 4 1 0
268976 269411 5 1 0
268976 269411 6 1 0
268976 269411 7 1 0
268976 269411 8 1 0
268976 269411 9 1 0
268976 269411 10 1 0
!leg 48185 50629 10 0 1 attackers:50629;victims:34762;type:2;valid_origin:True;recurrent:False;local:True
48185 50629 1 1 0
48185 50629 2 1 0
48185 50629 3 1 0
48185 50629 4 1 0
48185 50629 5 1 0
48185 50629 6 1 0
48185 50629 7 1 0
48185 50629 8 1 0
48185 50629 9 1 0
48185 50629 10 1 0
!sus 264320 268314 0 10 17 attackers:264320;victims:268314;type:1;valid_origin:True;recurrent:True;local:False
264320 268314 1 0 17
264320 268314 2 0 17
264320 268314 3 3 14
264320 268314 4 3 14
264320 268314 5 0 17
264320 268314 6 0 17
264320 268314 7 3 14
264320 268314 8 0 17
264320 268314 9 0 17
264320 268314 10 2 15
!sus 25152 43100 0 10 1 attackers:43100;victims:25152;type:1;valid_origin:True;recurrent:True;local:True
25152 43100 1 0 1
25152 43100 2 0 1
25152 43100 3 0 1
25152 43100 4 0 1
25152 43100 5 0 1
25152 43100 6 0 1
25152 43100 7 0 1
25152 43100 8 0 1
25152 43100 9 0 1
25152 43100 10 0 1
!sus 19905 22894 9 1 11 attackers:19905;victims:22894;type:1;valid_origin:True;recurrent:True;local:False
19905 22894 1 0 11
19905 22894 2 10 1
19905 22894 3 10 1
19905 22894 4 11 0
19905 22894 5 11 0
19905 22894 6 11 0
19905 22894 7 11 0
19905 22894 8 11 0
19905 22894 9 11 0
19905 22894 10 11 0
!leg 132546 142271 10 0 1 attackers:142271;victims:132546;type:1;valid_origin:True;recurrent:False;local:True
132546 142271 1 1 0
132546 142271 2 1 0
132546 142271 3 1 0
132546 142271 4 1 0
132546 142271 5 1 0
132546 142271 6 1 0
132546 142271 7 1 0
132546 142271 8 1 0
132546 142271 9 1 0
132546 142271 10 1 0
!sus 10233 263434 0 10 37 attackers:10233;victims:10233;type:2;valid_origin:True;recurrent:False;local:False
10233 263434 1 0 37
10233 263434 2 0 37
10233 263434 3 0 37
10233 263434 4 0 37
10233 263434 5 0 37
10233 263434 6 0 37
10233 263434 7 0 37
10233 263434 8 0 37
10233 263434 9 0 37
10233 263434 10 0 37
!leg 50629 57907 10 0 1 attackers:50629;victims:57907;type:1;valid_origin:True;recurrent:False;local:True
50629 57907 1 1 0
50629 57907 2 1 0
50629 57907 3 1 0
50629 57907 4 1 0
50629 57907 5 1 0
50629 57907 6 1 0
50629 57907 7 1 0
50629 57907 8 1 0
50629 57907 9 1 0
50629 57907 10 1 0
!leg 139375 141607 10 0 1 attackers:139375;victims:139375;type:5;valid_origin:True;recurrent:False;local:False
139375 141607 1 1 0
139375 141607 2 1 0
139375 141607 3 1 0
139375 141607 4 1 0
139375 141607 5 1 0
139375 141607 6 1 0
139375 141607 7 1 0
139375 141607 8 1 0
139375 141607 9 1 0
139375 141607 10 1 0
!sus 9498 52873 8 2 21 attackers:52873;victims:149573,141534,134892,58752,139622,45609,17465,141816,134153,10029,58813,138383,55828,152160,139233,24186,142060,135587,141315,55410,138489;type:2,3,4;valid_origin:True;recurrent:True;local:False
9498 52873 1 3 18
9498 52873 2 20 1
9498 52873 3 20 1
9498 52873 4 4 17
9498 52873 5 20 1
9498 52873 6 13 8
9498 52873 7 21 0
9498 52873 8 19 2
9498 52873 9 20 1
9498 52873 10 21 0
!sus 9425 151459 0 10 2 attackers:9425;victims:151459;type:1;valid_origin:True;recurrent:True;local:False
9425 151459 1 0 2
9425 151459 2 0 2
9425 151459 3 0 2
9425 151459 4 0 2
9425 151459 5 0 2
9425 151459 6 0 2
9425 151459 7 0 2
9425 151459 8 0 2
9425 151459 9 0 2
9425 151459 10 0 2
!leg 268976 270277 10 0 1 attackers:268976;victims:270277;type:1;valid_origin:True;recurrent:False;local:True
268976 270277 1 1 0
268976 270277 2 1 0
268976 270277 3 1 0
268976 270277 4 1 0
268976 270277 5 1 0
268976 270277 6 1 0
268976 270277 7 1 0
268976 270277 8 1 0
268976 270277 9 1 0
268976 270277 10 1 0
!sus 39668 56504 9 1 2 attackers:39668;victims:47674,56504;type:1,2;valid_origin:True;recurrent:False;local:True
39668 56504 1 1 1
39668 56504 2 2 0
39668 56504 3 2 0
39668 56504 4 2 0
39668 56504 5 2 0
39668 56504 6 2 0
39668 56504 7 2 0
39668 56504 8 2 0
39668 56504 9 2 0
39668 56504 10 2 0
!leg 32787 134854 10 0 83 attackers:32787;victims:134854;type:1;valid_origin:True;recurrent:False;local:False
32787 134854 1 81 2
32787 134854 2 82 1
32787 134854 3 82 1
32787 134854 4 83 0
32787 134854 5 83 0
32787 134854 6 83 0
32787 134854 7 83 0
32787 134854 8 83 0
32787 134854 9 83 0
32787 134854 10 83 0
!sus 15525 204057 7 3 8 attackers:15525;victims:204057;type:1;valid_origin:True;recurrent:True;local:False
15525 204057 1 0 8
15525 204057 2 2 6
15525 204057 3 3 5
15525 204057 4 7 1
15525 204057 5 8 0
15525 204057 6 8 0
15525 204057 7 8 0
15525 204057 8 8 0
15525 204057 9 8 0
15525 204057 10 8 0
!sus 39249 204926 7 3 49 attackers:39249;victims:204926;type:1;valid_origin:True;recurrent:True;local:False
39249 204926 1 0 49
39249 204926 2 7 42
39249 204926 3 10 39
39249 204926 4 37 12
39249 204926 5 37 12
39249 204926 6 45 4
39249 204926 7 41 8
39249 204926 8 47 2
39249 204926 9 49 0
39249 204926 10 49 0
!sus 9730 10233 0 10 38 attackers:10233;victims:10233;type:2;valid_origin:True;recurrent:False;local:False
9730 10233 1 0 38
9730 10233 2 0 38
9730 10233 3 0 38
9730 10233 4 0 38
9730 10233 5 0 38
9730 10233 6 0 38
9730 10233 7 0 38
9730 10233 8 0 38
9730 10233 9 0 38
9730 10233 10 0 38
!leg 52941 271340 10 0 8 attackers:52941;victims:271340;type:1;valid_origin:True;recurrent:False;local:False
52941 271340 1 8 0
52941 271340 2 8 0
52941 271340 3 8 0
52941 271340 4 8 0
52941 271340 5 8 0
52941 271340 6 8 0
52941 271340 7 8 0
52941 271340 8 8 0
52941 271340 9 8 0
52941 271340 10 8 0
!leg 52941 61621 10 0 4 attackers:52941;victims:268065;type:3;valid_origin:True;recurrent:False;local:False
52941 61621 1 4 0
52941 61621 2 4 0
52941 61621 3 4 0
52941 61621 4 4 0
52941 61621 5 4 0
52941 61621 6 4 0
52941 61621 7 4 0
52941 61621 8 4 0
52941 61621 9 4 0
52941 61621 10 4 0
!leg 61696 263036 10 0 1 attackers:61696;victims:263036;type:1;valid_origin:True;recurrent:False;local:False
61696 263036 1 1 0
61696 263036 2 1 0
61696 263036 3 1 0
61696 263036 4 1 0
61696 263036 5 1 0
61696 263036 6 1 0
61696 263036 7 1 0
61696 263036 8 1 0
61696 263036 9 1 0
61696 263036 10 1 0
!sus 34872 138398 0 10 3 attackers:34872;victims:138398;type:1;valid_origin:True;recurrent:True;local:False
34872 138398 1 0 3
34872 138398 2 0 3
34872 138398 3 0 3
34872 138398 4 0 3
34872 138398 5 0 3
34872 138398 6 0 3
34872 138398 7 0 3
34872 138398 8 0 3
34872 138398 9 0 3
34872 138398 10 0 3
!sus 44324 59105 0 10 1 attackers:59105;victims:44324;type:1;valid_origin:True;recurrent:True;local:False
44324 59105 1 0 1
44324 59105 2 0 1
44324 59105 3 0 1
44324 59105 4 0 1
44324 59105 5 0 1
44324 59105 6 0 1
44324 59105 7 0 1
44324 59105 8 0 1
44324 59105 9 0 1
44324 59105 10 0 1
!sus 142732 152732 0 10 101 attackers:152732;victims:142732;type:1;valid_origin:False;recurrent:False;local:False
142732 152732 1 0 101
142732 152732 2 0 101
142732 152732 3 0 101
142732 152732 4 0 101
142732 152732 5 0 101
142732 152732 6 0 101
142732 152732 7 2 99
142732 152732 8 0 101
142732 152732 9 0 101
142732 152732 10 0 101
!sus 199545 213733 8 2 57 attackers:199545;victims:213733;type:1;valid_origin:True;recurrent:True;local:False
199545 213733 1 0 57
199545 213733 2 17 40
199545 213733 3 40 17
199545 213733 4 54 3
199545 213733 5 56 1
199545 213733 6 56 1
199545 213733 7 56 1
199545 213733 8 56 1
199545 213733 9 57 0
199545 213733 10 57 0
!sus 198057 214331 8 2 171 attackers:214331;victims:204374,198057;type:1,2;valid_origin:True;recurrent:True;local:False
198057 214331 1 21 150
198057 214331 2 85 86
198057 214331 3 139 32
198057 214331 4 162 9
198057 214331 5 171 0
198057 214331 6 170 1
198057 214331 7 171 0
198057 214331 8 171 0
198057 214331 9 171 0
198057 214331 10 171 0
!leg 267221 274714 10 0 3 attackers:267221;victims:274714;type:1;valid_origin:True;recurrent:True;local:False
267221 274714 1 3 0
267221 274714 2 2 1
267221 274714 3 3 0
267221 274714 4 3 0
267221 274714 5 3 0
267221 274714 6 3 0
267221 274714 7 2 1
267221 274714 8 2 1
267221 274714 9 3 0
267221 274714 10 3 0
!leg 20596 50629 10 0 1 attackers:50629;victims:20596;type:1;valid_origin:True;recurrent:False;local:True
20596 50629 1 1 0
20596 50629 2 1 0
20596 50629 3 1 0
20596 50629 4 1 0
20596 50629 5 1 0
20596 50629 6 1 0
20596 50629 7 1 0
20596 50629 8 1 0
20596 50629 9 1 0
20596 50629 10 1 0
!sus 63293 133982 0 10 2 attackers:133982;victims:63293;type:1;valid_origin:True;recurrent:True;local:False
63293 133982 1 0 2
63293 133982 2 0 2
63293 133982 3 0 2
63293 133982 4 0 2
63293 133982 5 1 1
63293 133982 6 0 2
63293 133982 7 1 1
63293 133982 8 1 1
63293 133982 9 1 1
63293 133982 10 1 1
!sus 21826 64120 6 4 3 attackers:21826;victims:64120;type:1;valid_origin:True;recurrent:True;local:False
21826 64120 1 0 3
21826 64120 2 0 3
21826 64120 3 0 3
21826 64120 4 0 3
21826 64120 5 2 1
21826 64120 6 3 0
21826 64120 7 3 0
21826 64120 8 2 1
21826 64120 9 3 0
21826 64120 10 3 0
!sus 1221 60068 0 10 8 attackers:1221;victims:60068;type:1;valid_origin:True;recurrent:True;local:False
1221 60068 1 0 8
1221 60068 2 0 8
1221 60068 3 0 8
1221 60068 4 0 8
1221 60068 5 0 8
1221 60068 6 0 8
1221 60068 7 0 8
1221 60068 8 0 8
1221 60068 9 1 7
1221 60068 10 0 8
!leg 52320 263475 10 0 1 attackers:52320;victims:263475;type:1;valid_origin:True;recurrent:False;local:False
52320 263475 1 1 0
52320 263475 2 1 0
52320 263475 3 1 0
52320 263475 4 1 0
52320 263475 5 1 0
52320 263475 6 1 0
52320 263475 7 1 0
52320 263475 8 1 0
52320 263475 9 1 0
52320 263475 10 1 0
!sus 14537 134094 6 4 1 attackers:134094;victims:14537;type:1;valid_origin:True;recurrent:False;local:False
14537 134094 1 0 1
14537 134094 2 0 1
14537 134094 3 0 1
14537 134094 4 0 1
14537 134094 5 1 0
14537 134094 6 1 0
14537 134094 7 1 0
14537 134094 8 1 0
14537 134094 9 1 0
14537 134094 10 1 0
!leg 2914 395793 10 0 108 attackers:2914;victims:135377;type:2;valid_origin:True;recurrent:False;local:False
2914 395793 1 81 27
2914 395793 2 80 28
2914 395793 3 106 2
2914 395793 4 95 13
2914 395793 5 91 17
2914 395793 6 101 7
2914 395793 7 107 1
2914 395793 8 108 0
2914 395793 9 103 5
2914 395793 10 97 11
!leg 13259 16226 10 0 3 attackers:13259;victims:16226;type:1;valid_origin:True;recurrent:True;local:False
13259 16226 1 3 0
13259 16226 2 3 0
13259 16226 3 3 0
13259 16226 4 3 0
13259 16226 5 3 0
13259 16226 6 3 0
13259 16226 7 3 0
13259 16226 8 2 1
13259 16226 9 2 1
13259 16226 10 3 0
!sus 59479 202733 0 10 3 attackers:59479;victims:202733;type:1;valid_origin:True;recurrent:True;local:False
59479 202733 1 0 3
59479 202733 2 0 3
59479 202733 3 0 3
59479 202733 4 0 3
59479 202733 5 0 3
59479 202733 6 0 3
59479 202733 7 0 3
59479 202733 8 0 3
59479 202733 9 0 3
59479 202733 10 0 3
!sus 396295 398647 3 7 7 attackers:396295;victims:398647;type:1;valid_origin:True;recurrent:True;local:False
396295 398647 1 7 0
396295 398647 2 1 6
396295 398647 3 5 2
396295 398647 4 6 1
396295 398647 5 0 7
396295 398647 6 0 7
396295 398647 7 0 7
396295 398647 8 0 7
396295 398647 9 0 7
396295 398647 10 0 7
!sus 9425 151461 0 10 2 attackers:9425;victims:151461;type:1;valid_origin:True;recurrent:True;local:False
9425 151461 1 0 2
9425 151461 2 0 2
9425 151461 3 0 2
9425 151461 4 0 2
9425 151461 5 0 2
9425 151461 6 0 2
9425 151461 7 0 2
9425 151461 8 0 2
9425 151461 9 0 2
9425 151461 10 0 2
!sus 6424 141193 0 10 6 attackers:141193;victims:6424;type:1;valid_origin:True;recurrent:True;local:False
6424 141193 1 0 6
6424 141193 2 0 6
6424 141193 3 0 6
6424 141193 4 0 6
6424 141193 5 0 6
6424 141193 6 0 6
6424 141193 7 0 6
6424 141193 8 0 6
6424 141193 9 0 6
6424 141193 10 0 6
!sus 9498 267469 4 6 1 attackers:267469;victims:40138;type:3;valid_origin:True;recurrent:True;local:False
9498 267469 1 0 1
9498 267469 2 0 1
9498 267469 3 0 1
9498 267469 4 0 1
9498 267469 5 0 1
9498 267469 6 0 1
9498 267469 7 1 0
9498 267469 8 1 0
9498 267469 9 1 0
9498 267469 10 1 0
!sus 29049 213881 0 10 6 attackers:29049;victims:213881;type:1;valid_origin:True;recurrent:True;local:False
29049 213881 1 0 6
29049 213881 2 1 5
29049 213881 3 0 6
29049 213881 4 0 6
29049 213881 5 0 6
29049 213881 6 0 6
29049 213881 7 2 4
29049 213881 8 0 6
29049 213881 9 0 6
29049 213881 10 0 6
!sus 7303 64112 0 10 4 attackers:7303;victims:64112;type:1;valid_origin:True;recurrent:True;local:False
7303 64112 1 0 4
7303 64112 2 0 4
7303 64112 3 0 4
7303 64112 4 1 3
7303 64112 5 0 4
7303 64112 6 1 3
7303 64112 7 1 3
7303 64112 8 1 3
7303 64112 9 2 2
7303 64112 10 1 3
!sus 51202 60742 9 1 13 attackers:51202;victims:60742;type:1;valid_origin:True;recurrent:True;local:False
51202 60742 1 0 13
51202 60742 2 11 2
51202 60742 3 11 2
51202 60742 4 12 1
51202 60742 5 13 0
51202 60742 6 13 0
51202 60742 7 13 0
51202 60742 8 13 0
51202 60742 9 13 0
51202 60742 10 13 0
!leg 11815 266786 10 0 1 attackers:11815;victims:266786;type:1;valid_origin:True;recurrent:False;local:False
11815 266786 1 1 0
11815 266786 2 1 0
11815 266786 3 1 0
11815 266786 4 1 0
11815 266786 5 1 0
11815 266786 6 1 0
11815 266786 7 1 0
11815 266786 8 1 0
11815 266786 9 1 0
11815 266786 10 1 0
!sus 6774 23671 9 1 5 attackers:6774;victims:23671;type:1;valid_origin:True;recurrent:True;local:False
6774 23671 1 2 3
6774 23671 2 4 1
6774 23671 3 4 1
6774 23671 4 4 1
6774 23671 5 4 1
6774 23671 6 4 1
6774 23671 7 4 1
6774 23671 8 4 1
6774 23671 9 5 0
6774 23671 10 5 0
!sus 142132 152919 6 4 2 attackers:142132;victims:152919;type:1;valid_origin:True;recurrent:True;local:False
142132 152919 1 0 2
142132 152919 2 0 2
142132 152919 3 0 2
142132 152919 4 0 2
142132 152919 5 2 0
142132 152919 6 2 0
142132 152919 7 2 0
142132 152919 8 2 0
142132 152919 9 2 0
142132 152919 10 2 0
!sus 18229 203724 0 10 8 attackers:18229;victims:203724;type:1;valid_origin:True;recurrent:True;local:False
18229 203724 1 0 8
18229 203724 2 0 8
18229 203724 3 0 8
18229 203724 4 0 8
18229 203724 5 0 8
18229 203724 6 0 8
18229 203724 7 0 8
18229 203724 8 0 8
18229 203724 9 0 8
18229 203724 10 0 8
!sus 135572 142132 8 2 5 attackers:142132;victims:135572;type:1;valid_origin:True;recurrent:True;local:False
135572 142132 1 0 5
135572 142132 2 2 3
135572 142132 3 5 0
135572 142132 4 5 0
135572 142132 5 5 0
135572 142132 6 5 0
135572 142132 7 5 0
135572 142132 8 5 0
135572 142132 9 5 0
135572 142132 10 5 0
!sus 60171 329457 3 7 111 attackers:60171;victims:329457;type:1;valid_origin:True;recurrent:True;local:False
60171 329457 1 0 111
60171 329457 2 9 102
60171 329457 3 2 109
60171 329457 4 10 101
60171 329457 5 29 82
60171 329457 6 48 63
60171 329457 7 0 111
60171 329457 8 69 42
60171 329457 9 89 22
60171 329457 10 83 28
!sus 9425 151454 0 10 2 attackers:9425;victims:151454;type:1;valid_origin:True;recurrent:True;local:False
9425 151454 1 0 2
9425 151454 2 0 2
9425 151454 3 0 2
9425 151454 4 0 2
9425 151454 5 0 2
9425 151454 6 0 2
9425 151454 7 0 2
9425 151454 8 0 2
9425 151454 9 0 2
9425 151454 10 0 2
!sus 47272 199691 0 10 2 attackers:47272;victims:199691;type:1;valid_origin:True;recurrent:True;local:False
47272 199691 1 0 2
47272 199691 2 0 2
47272 199691 3 0 2
47272 199691 4 0 2
47272 199691 5 0 2
47272 199691 6 0 2
47272 199691 7 0 2
47272 199691 8 0 2
47272 199691 9 0 2
47272 199691 10 0 2
!sus 3320 202766 0 10 3 attackers:202766;victims:212238,5488,212038;type:3,4;valid_origin:True;recurrent:True;local:False
3320 202766 1 0 3
3320 202766 2 1 2
3320 202766 3 1 2
3320 202766 4 1 2
3320 202766 5 0 3
3320 202766 6 1 2
3320 202766 7 1 2
3320 202766 8 1 2
3320 202766 9 1 2
3320 202766 10 1 2
!leg 50629 214240 10 0 1 attackers:50629;victims:214240;type:1;valid_origin:True;recurrent:False;local:True
50629 214240 1 1 0
50629 214240 2 1 0
50629 214240 3 1 0
50629 214240 4 1 0
50629 214240 5 1 0
50629 214240 6 1 0
50629 214240 7 1 0
50629 214240 8 1 0
50629 214240 9 1 0
50629 214240 10 1 0
!sus 269783 273165 5 5 1 attackers:273165;victims:269783;type:1;valid_origin:True;recurrent:True;local:False
269783 273165 1 0 1
269783 273165 2 0 1
269783 273165 3 0 1
269783 273165 4 0 1
269783 273165 5 0 1
269783 273165 6 1 0
269783 273165 7 1 0
269783 273165 8 1 0
269783 273165 9 1 0
269783 273165 10 1 0
!sus 33659 51896 0 10 612 attackers:33659;victims:60539;type:3;valid_origin:True;recurrent:True;local:False
33659 51896 1 0 612
33659 51896 2 0 612
33659 51896 3 0 612
33659 51896 4 0 612
33659 51896 5 0 612
33659 51896 6 0 612
33659 51896 7 0 612
33659 51896 8 0 612
33659 51896 9 0 612
33659 51896 10 0 612
!sus 10808 15830 0 10 3 attackers:15830;victims:10808;type:1;valid_origin:True;recurrent:True;local:False
10808 15830 1 0 3
10808 15830 2 0 3
10808 15830 3 0 3
10808 15830 4 0 3
10808 15830 5 0 3
10808 15830 6 0 3
10808 15830 7 0 3
10808 15830 8 0 3
10808 15830 9 0 3
10808 15830 10 0 3
!sus 2 273535 0 10 13 attackers:273535;victims:2;type:1;valid_origin:True;recurrent:True;local:False
2 273535 1 1 12
2 273535 2 1 12
2 273535 3 1 12
2 273535 4 1 12
2 273535 5 1 12
2 273535 6 1 12
2 273535 7 1 12
2 273535 8 1 12
2 273535 9 1 12
2 273535 10 1 12
!leg 42337 213732 10 0 226 attackers:42337;victims:213732;type:1;valid_origin:True;recurrent:True;local:False
42337 213732 1 226 0
42337 213732 2 226 0
42337 213732 3 226 0
42337 213732 4 226 0
42337 213732 5 226 0
42337 213732 6 226 0
42337 213732 7 141 85
42337 213732 8 213 13
42337 213732 9 212 14
42337 213732 10 226 0
!sus 199717 214240 0 10 5 attackers:199717;victims:214240;type:1;valid_origin:True;recurrent:True;local:False
199717 214240 1 0 5
199717 214240 2 0 5
199717 214240 3 0 5
199717 214240 4 0 5
199717 214240 5 0 5
199717 214240 6 0 5
199717 214240 7 0 5
199717 214240 8 0 5
199717 214240 9 0 5
199717 214240 10 0 5
!leg 61851 266169 10 0 1 attackers:266169;victims:61851;type:1;valid_origin:True;recurrent:False;local:False
61851 266169 1 1 0
61851 266169 2 1 0
61851 266169 3 1 0
61851 266169 4 1 0
61851 266169 5 1 0
61851 266169 6 1 0
61851 266169 7 1 0
61851 266169 8 1 0
61851 266169 9 1 0
61851 266169 10 1 0
!leg 262589 267236 10 0 1 attackers:262589;victims:267236;type:1;valid_origin:True;recurrent:False;local:False
262589 267236 1 1 0
262589 267236 2 1 0
262589 267236 3 1 0
262589 267236 4 1 0
262589 267236 5 1 0
262589 267236 6 1 0
262589 267236 7 1 0
262589 267236 8 1 0
262589 267236 9 1 0
262589 267236 10 1 0
!leg 8529 48185 10 0 1 attackers:8529;victims:34762;type:2;valid_origin:True;recurrent:False;local:False
8529 48185 1 1 0
8529 48185 2 1 0
8529 48185 3 1 0
8529 48185 4 1 0
8529 48185 5 1 0
8529 48185 6 1 0
8529 48185 7 1 0
8529 48185 8 1 0
8529 48185 9 1 0
8529 48185 10 1 0
!leg 9304 134094 10 0 1 attackers:134094;victims:137811;type:3;valid_origin:True;recurrent:False;local:False
9304 134094 1 1 0
9304 134094 2 1 0
9304 134094 3 1 0
9304 134094 4 1 0
9304 134094 5 1 0
9304 134094 6 1 0
9304 134094 7 1 0
9304 134094 8 1 0
9304 134094 9 1 0
9304 134094 10 1 0
!sus 32787 201293 7 3 7 attackers:32787;victims:201293;type:1;valid_origin:True;recurrent:True;local:False
32787 201293 1 0 7
32787 201293 2 0 7
32787 201293 3 2 5
32787 201293 4 6 1
32787 201293 5 7 0
32787 201293 6 7 0
32787 201293 7 7 0
32787 201293 8 7 0
32787 201293 9 7 0
32787 201293 10 7 0
!sus 5852 12076 0 10 7 attackers:5852;victims:12076;type:1;valid_origin:True;recurrent:True;local:False
5852 12076 1 0 7
5852 12076 2 0 7
5852 12076 3 0 7
5852 12076 4 0 7
5852 12076 5 0 7
5852 12076 6 0 7
5852 12076 7 0 7
5852 12076 8 0 7
5852 12076 9 0 7
5852 12076 10 0 7
!sus 61138 62435 5 5 4 attackers:61138;victims:62435;type:1;valid_origin:True;recurrent:True;local:False
61138 62435 1 2 2
61138 62435 2 3 1
61138 62435 3 2 2
61138 62435 4 3 1
61138 62435 5 3 1
61138 62435 6 4 0
61138 62435 7 3 1
61138 62435 8 2 2
61138 62435 9 0 4
61138 62435 10 2 2
!sus 213220 213861 7 3 3 attackers:213220;victims:213861;type:1;valid_origin:True;recurrent:True;local:False
213220 213861 1 3 0
213220 213861 2 3 0
213220 213861 3 3 0
213220 213861 4 3 0
213220 213861 5 3 0
213220 213861 6 3 0
213220 213861 7 0 3
213220 213861 8 3 0
213220 213861 9 0 3
213220 213861 10 0 3
!sus 11331 32558 9 1 445 attackers:32558;victims:11331;type:1;valid_origin:True;recurrent:True;local:False
11331 32558 1 445 0
11331 32558 2 445 0
11331 32558 3 443 2
11331 32558 4 445 0
11331 32558 5 412 33
11331 32558 6 330 115
11331 32558 7 428 17
11331 32558 8 445 0
11331 32558 9 328 117
11331 32558 10 121 324
!sus 35313 212573 9 1 85 attackers:35313;victims:57324;type:4;valid_origin:True;recurrent:True;local:False
35313 212573 1 24 61
35313 212573 2 85 0
35313 212573 3 85 0
35313 212573 4 85 0
35313 212573 5 85 0
35313 212573 6 85 0
35313 212573 7 85 0
35313 212573 8 85 0
35313 212573 9 85 0
35313 212573 10 85 0
!sus 50053 51765 8 2 9 attackers:51765;victims:50053;type:1;valid_origin:True;recurrent:True;local:False
50053 51765 1 0 9
50053 51765 2 0 9
50053 51765 3 9 0
50053 51765 4 9 0
50053 51765 5 8 1
50053 51765 6 9 0
50053 51765 7 9 0
50053 51765 8 9 0
50053 51765 9 9 0
50053 51765 10 9 0
!leg 262791 269411 10 0 1 attackers:262791;victims:269411;type:1;valid_origin:True;recurrent:False;local:True
262791 269411 1 1 0
262791 269411 2 1 0
262791 269411 3 1 0
262791 269411 4 1 0
262791 269411 5 1 0
262791 269411 6 1 0
262791 269411 7 1 0
262791 269411 8 1 0
262791 269411 9 1 0
262791 269411 10 1 0
!sus 9425 151447 0 10 2 attackers:9425;victims:151447;type:1;valid_origin:True;recurrent:True;local:False
9425 151447 1 0 2
9425 151447 2 0 2
9425 151447 3 0 2
9425 151447 4 0 2
9425 151447 5 0 2
9425 151447 6 0 2
9425 151447 7 0 2
9425 151447 8 0 2
9425 151447 9 0 2
9425 151447 10 0 2
!sus 7843 398465 1 9 3 attackers:7843;victims:398465,399296;type:1,2;valid_origin:True;recurrent:True;local:False
7843 398465 1 3 0
7843 398465 2 0 3
7843 398465 3 1 2
7843 398465 4 1 2
7843 398465 5 1 2
7843 398465 6 1 2
7843 398465 7 1 2
7843 398465 8 1 2
7843 398465 9 1 2
7843 398465 10 1 2
!sus 208972 216064 9 1 7 attackers:208972;victims:216064;type:1;valid_origin:True;recurrent:True;local:False
208972 216064 1 0 7
208972 216064 2 6 1
208972 216064 3 6 1
208972 216064 4 7 0
208972 216064 5 7 0
208972 216064 6 7 0
208972 216064 7 7 0
208972 216064 8 7 0
208972 216064 9 7 0
208972 216064 10 7 0
!sus 21995 22950 4 6 4 attackers:22950;victims:21995;type:1;valid_origin:True;recurrent:True;local:False
21995 22950 1 4 0
21995 22950 2 4 0
21995 22950 3 4 0
21995 22950 4 4 0
21995 22950 5 0 4
21995 22950 6 1 3
21995 22950 7 0 4
21995 22950 8 0 4
21995 22950 9 0 4
21995 22950 10 0 4
!sus 199275 206014 0 10 4 attackers:199275;victims:206014;type:1;valid_origin:True;recurrent:True;local:False
199275 206014 1 0 4
199275 206014 2 0 4
199275 206014 3 0 4
199275 206014 4 1 3
199275 206014 5 0 4
199275 206014 6 1 3
199275 206014 7 1 3
199275 206014 8 1 3
199275 206014 9 2 2
199275 206014 10 2 2
!sus 134176 203067 0 10 5 attackers:134176;victims:12390;type:2;valid_origin:True;recurrent:True;local:False
134176 203067 1 0 5
134176 203067 2 0 5
134176 203067 3 0 5
134176 203067 4 0 5
134176 203067 5 0 5
134176 203067 6 0 5
134176 203067 7 0 5
134176 203067 8 0 5
134176 203067 9 0 5
134176 203067 10 0 5
!sus 9425 151456 0 10 2 attackers:9425;victims:151456;type:1;valid_origin:True;recurrent:True;local:False
9425 151456 1 0 2
9425 151456 2 0 2
9425 151456 3 0 2
9425 151456 4 0 2
9425 151456 5 0 2
9425 151456 6 0 2
9425 151456 7 0 2
9425 151456 8 0 2
9425 151456 9 0 2
9425 151456 10 0 2
!leg 2686 61696 10 0 1 attackers:61696;victims:40934;type:2;valid_origin:True;recurrent:False;local:False
2686 61696 1 1 0
2686 61696 2 1 0
2686 61696 3 1 0
2686 61696 4 1 0
2686 61696 5 1 0
2686 61696 6 1 0
2686 61696 7 1 0
2686 61696 8 1 0
2686 61696 9 1 0
2686 61696 10 1 0
!sus 8308 25152 0 10 1 attackers:8308;victims:25152;type:1;valid_origin:True;recurrent:False;local:False
8308 25152 1 0 1
8308 25152 2 0 1
8308 25152 3 0 1
8308 25152 4 0 1
8308 25152 5 0 1
8308 25152 6 0 1
8308 25152 7 0 1
8308 25152 8 0 1
8308 25152 9 0 1
8308 25152 10 0 1
!leg 9269 31529 10 0 1 attackers:9269;victims:208366;type:2;valid_origin:True;recurrent:False;local:False
9269 31529 1 1 0
9269 31529 2 1 0
9269 31529 3 1 0
9269 31529 4 1 0
9269 31529 5 1 0
9269 31529 6 1 0
9269 31529 7 1 0
9269 31529 8 1 0
9269 31529 9 1 0
9269 31529 10 1 0
!leg 137410 140068 10 0 73 attackers:140068;victims:137410;type:1;valid_origin:True;recurrent:True;local:False
137410 140068 1 73 0
137410 140068 2 73 0
137410 140068 3 73 0
137410 140068 4 73 0
137410 140068 5 73 0
137410 140068 6 73 0
137410 140068 7 73 0
137410 140068 8 73 0
137410 140068 9 69 4
137410 140068 10 72 1
!sus 13335 18229 0 10 11 attackers:18229;victims:13335;type:1;valid_origin:True;recurrent:False;local:False
13335 18229 1 0 11
13335 18229 2 0 11
13335 18229 3 0 11
13335 18229 4 0 11
13335 18229 5 0 11
13335 18229 6 0 11
13335 18229 7 0 11
13335 18229 8 0 11
13335 18229 9 0 11
13335 18229 10 0 11
!sus 139057 213736 3 7 3 attackers:139057;victims:213736;type:1;valid_origin:True;recurrent:True;local:False
139057 213736 1 1 2
139057 213736 2 0 3
139057 213736 3 2 1
139057 213736 4 2 1
139057 213736 5 1 2
139057 213736 6 1 2
139057 213736 7 1 2
139057 213736 8 0 3
139057 213736 9 1 2
139057 213736 10 3 0
!sus 13876 401231 9 1 3 attackers:13876;victims:401231;type:1;valid_origin:True;recurrent:True;local:False
13876 401231 1 3 0
13876 401231 2 3 0
13876 401231 3 3 0
13876 401231 4 3 0
13876 401231 5 2 1
13876 401231 6 2 1
13876 401231 7 2 1
13876 401231 8 1 2
13876 401231 9 2 1
13876 401231 10 2 1
!sus 207841 214757 6 4 19 attackers:207841;victims:214757;type:1;valid_origin:True;recurrent:True;local:False
207841 214757 1 2 17
207841 214757 2 2 17
207841 214757 3 4 15
207841 214757 4 9 10
207841 214757 5 15 4
207841 214757 6 14 5
207841 214757 7 16 3
207841 214757 8 15 4
207841 214757 9 16 3
207841 214757 10 17 2
!sus 21245 57152 1 9 9 attackers:57152;victims:21245;type:1;valid_origin:True;recurrent:True;local:False
21245 57152 1 0 9
21245 57152 2 0 9
21245 57152 3 0 9
21245 57152 4 1 8
21245 57152 5 0 9
21245 57152 6 0 9
21245 57152 7 6 3
21245 57152 8 1 8
21245 57152 9 3 6
21245 57152 10 2 7
!leg 58715 139026 10 0 2 attackers:58715;victims:139602;type:2;valid_origin:True;recurrent:False;local:False
58715 139026 1 2 0
58715 139026 2 2 0
58715 139026 3 2 0
58715 139026 4 2 0
58715 139026 5 2 0
58715 139026 6 2 0
58715 139026 7 2 0
58715 139026 8 2 0
58715 139026 9 2 0
58715 139026 10 2 0
!leg 6204 48185 10 0 1 attackers:6204;victims:34762;type:2;valid_origin:True;recurrent:False;local:False
6204 48185 1 1 0
6204 48185 2 1 0
6204 48185 3 1 0
6204 48185 4 1 0
6204 48185 5 1 0
6204 48185 6 1 0
6204 48185 7 1 0
6204 48185 8 1 0
6204 48185 9 1 0
6204 48185 10 1 0
!sus 27678 35052 6 4 1 attackers:27678;victims:35052;type:1;valid_origin:True;recurrent:True;local:True
27678 35052 1 0 1
27678 35052 2 0 1
27678 35052 3 0 1
27678 35052 4 0 1
27678 35052 5 1 0
27678 35052 6 1 0
27678 35052 7 1 0
27678 35052 8 1 0
27678 35052 9 1 0
27678 35052 10 1 0
!sus 138915 140666 0 10 17 attackers:140666;victims:138915;type:1;valid_origin:True;recurrent:True;local:False
138915 140666 1 0 17
138915 140666 2 0 17
138915 140666 3 0 17
138915 140666 4 0 17
138915 140666 5 0 17
138915 140666 6 0 17
138915 140666 7 0 17
138915 140666 8 0 17
138915 140666 9 0 17
138915 140666 10 0 17
