!sus 33387 211358 7 3 357 attackers:33387;victims:211358,215536;type:1,2;valid_origin:True;recurrent:True;local:False
33387 211358 1 17 340
33387 211358 2 147 210
33387 211358 3 173 184
33387 211358 4 285 72
33387 211358 5 291 66
33387 211358 6 299 58
33387 211358 7 292 65
33387 211358 8 300 57
33387 211358 9 300 57
33387 211358 10 301 56
!sus 9425 151449 0 10 2 attackers:9425;victims:151449;type:1;valid_origin:True;recurrent:True;local:False
9425 151449 1 0 2
9425 151449 2 0 2
9425 151449 3 0 2
9425 151449 4 0 2
9425 151449 5 0 2
9425 151449 6 0 2
9425 151449 7 0 2
9425 151449 8 0 2
9425 151449 9 0 2
9425 151449 10 0 2
!sus 9425 151458 0 10 3 attackers:9425;victims:151458;type:1;valid_origin:True;recurrent:True;local:False
9425 151458 1 0 3
9425 151458 2 0 3
9425 151458 3 0 3
9425 151458 4 0 3
9425 151458 5 0 3
9425 151458 6 0 3
9425 151458 7 0 3
9425 151458 8 0 3
9425 151458 9 0 3
9425 151458 10 0 3
!sus 39735 202058 2 8 10 attackers:202058;victims:39735;type:1;valid_origin:True;recurrent:False;local:False
39735 202058 1 7 3
39735 202058 2 4 6
39735 202058 3 4 6
39735 202058 4 4 6
39735 202058 5 4 6
39735 202058 6 5 5
39735 202058 7 4 6
39735 202058 8 4 6
39735 202058 9 4 6
39735 202058 10 7 3
!sus 10233 17488 0 10 35 attackers:10233;victims:10233;type:2;valid_origin:True;recurrent:False;local:False
10233 17488 1 0 35
10233 17488 2 0 35
10233 17488 3 0 35
10233 17488 4 0 35
10233 17488 5 0 35
10233 17488 6 0 35
10233 17488 7 0 35
10233 17488 8 0 35
10233 17488 9 0 35
10233 17488 10 0 35
!leg 22381 28201 10 0 1 attackers:22381;victims:268314;type:2;valid_origin:True;recurrent:False;local:False
22381 28201 1 1 0
22381 28201 2 1 0
22381 28201 3 1 0
22381 28201 4 1 0
22381 28201 5 1 0
22381 28201 6 1 0
22381 28201 7 1 0
22381 28201 8 1 0
22381 28201 9 1 0
22381 28201 10 1 0
!sus 262179 263812 0 10 15 attackers:262179;victims:263812;type:1;valid_origin:True;recurrent:True;local:False
262179 263812 1 0 15
262179 263812 2 0 15
262179 263812 3 0 15
262179 263812 4 0 15
262179 263812 5 0 15
262179 263812 6 0 15
262179 263812 7 0 15
262179 263812 8 1 14
262179 263812 9 0 15
262179 263812 10 1 14
!sus 272073 273909 6 4 93 attackers:272073;victims:273909;type:1;valid_origin:True;recurrent:True;local:False
272073 273909 1 93 0
272073 273909 2 93 0
272073 273909 3 93 0
272073 273909 4 93 0
272073 273909 5 89 4
272073 273909 6 5 88
272073 273909 7 19 74
272073 273909 8 0 93
272073 273909 9 10 83
272073 273909 10 92 1
!leg 12611 37497 10 0 1 attackers:37497;victims:208819;type:3;valid_origin:True;recurrent:False;local:True
12611 37497 1 1 0
12611 37497 2 1 0
12611 37497 3 1 0
12611 37497 4 1 0
12611 37497 5 1 0
12611 37497 6 1 0
12611 37497 7 1 0
12611 37497 8 1 0
12611 37497 9 1 0
12611 37497 10 1 0
!sus 135905 139057 0 10 3 attackers:135905;victims:139057;type:1;valid_origin:True;recurrent:True;local:False
135905 139057 1 0 3
135905 139057 2 0 3
135905 139057 3 0 3
135905 139057 4 0 3
135905 139057 5 0 3
135905 139057 6 0 3
135905 139057 7 0 3
135905 139057 8 0 3
135905 139057 9 0 3
135905 139057 10 0 3
!sus 10233 45650 0 10 36 attackers:10233;victims:10233;type:2;valid_origin:True;recurrent:False;local:False
10233 45650 1 0 36
10233 45650 2 0 36
10233 45650 3 0 36
10233 45650 4 0 36
10233 45650 5 0 36
10233 45650 6 0 36
10233 45650 7 0 36
10233 45650 8 0 36
10233 45650 9 0 36
10233 45650 10 0 36
!sus 10233 133594 0 10 37 attackers:10233;victims:10233;type:2;valid_origin:True;recurrent:False;local:False
10233 133594 1 0 37
10233 133594 2 0 37
10233 133594 3 0 37
10233 133594 4 0 37
10233 133594 5 0 37
10233 133594 6 0 37
10233 133594 7 0 37
10233 133594 8 0 37
10233 133594 9 0 37
10233 133594 10 0 37
!sus 41051 213758 0 10 2 attackers:41051;victims:213758;type:1;valid_origin:True;recurrent:True;local:False
41051 213758 1 0 2
41051 213758 2 0 2
41051 213758 3 0 2
41051 213758 4 0 2
41051 213758 5 0 2
41051 213758 6 0 2
41051 213758 7 0 2
41051 213758 8 0 2
41051 213758 9 0 2
41051 213758 10 0 2
!sus 139311 152671 0 10 7 attackers:139311;victims:152671;type:1;valid_origin:True;recurrent:True;local:False
139311 152671 1 0 7
139311 152671 2 0 7
139311 152671 3 0 7
139311 152671 4 0 7
139311 152671 5 0 7
139311 152671 6 0 7
139311 152671 7 0 7
139311 152671 8 0 7
139311 152671 9 0 7
139311 152671 10 0 7
!sus 202425 214295 0 10 6 attackers:202425;victims:214295;type:1;valid_origin:True;recurrent:True;local:False
202425 214295 1 0 6
202425 214295 2 0 6
202425 214295 3 0 6
202425 214295 4 0 6
202425 214295 5 0 6
202425 214295 6 0 6
202425 214295 7 0 6
202425 214295 8 0 6
202425 214295 9 0 6
202425 214295 10 0 6
!sus 10233 136776 0 10 36 attackers:10233;victims:10233;type:2;valid_origin:True;recurrent:False;local:False
10233 136776 1 0 36
10233 136776 2 0 36
10233 136776 3 0 36
10233 136776 4 0 36
10233 136776 5 0 36
10233 136776 6 0 36
10233 136776 7 0 36
10233 136776 8 0 36
10233 136776 9 0 36
10233 136776 10 0 36
!leg 58689 138536 10 0 18 attackers:138536;victims:137815;type:3;valid_origin:True;recurrent:False;local:False
58689 138536 1 18 0
58689 138536 2 18 0
58689 138536 3 18 0
58689 138536 4 18 0
58689 138536 5 18 0
58689 138536 6 18 0
58689 138536 7 18 0
58689 138536 8 18 0
58689 138536 9 18 0
58689 138536 10 18 0
!sus 2686 13979 0 10 1 attackers:13979;victims:2686;type:1;valid_origin:True;recurrent:True;local:False
2686 13979 1 0 1
2686 13979 2 0 1
2686 13979 3 0 1
2686 13979 4 0 1
2686 13979 5 0 1
2686 13979 6 0 1
2686 13979 7 0 1
2686 13979 8 0 1
2686 13979 9 0 1
2686 13979 10 0 1
!sus 37662 329427 0 10 147 attackers:37662;victims:329427;type:1;valid_origin:True;recurrent:True;local:False
37662 329427 1 16 131
37662 329427 2 14 133
37662 329427 3 0 147
37662 329427 4 0 147
37662 329427 5 8 139
37662 329427 6 0 147
37662 329427 7 0 147
37662 329427 8 0 147
37662 329427 9 0 147
37662 329427 10 0 147
!leg 39737 56504 10 0 1 attackers:39737;victims:56504;type:1;valid_origin:True;recurrent:False;local:False
39737 56504 1 1 0
39737 56504 2 1 0
39737 56504 3 1 0
39737 56504 4 1 0
39737 56504 5 1 0
39737 56504 6 1 0
39737 56504 7 1 0
39737 56504 8 1 0
39737 56504 9 1 0
39737 56504 10 1 0
!sus 9425 151451 0 10 2 attackers:9425;victims:151451;type:1;valid_origin:True;recurrent:True;local:False
9425 151451 1 0 2
9425 151451 2 0 2
9425 151451 3 0 2
9425 151451 4 0 2
9425 151451 5 0 2
9425 151451 6 0 2
9425 151451 7 0 2
9425 151451 8 0 2
9425 151451 9 0 2
9425 151451 10 0 2
!sus 9425 151460 0 10 3 attackers:9425;victims:151460;type:1;valid_origin:True;recurrent:True;local:False
9425 151460 1 0 3
9425 151460 2 0 3
9425 151460 3 0 3
9425 151460 4 0 3
9425 151460 5 0 3
9425 151460 6 0 3
9425 151460 7 0 3
9425 151460 8 0 3
9425 151460 9 0 3
9425 151460 10 0 3
!leg 267656 269194 10 0 82 attackers:269194;victims:267656;type:1;valid_origin:True;recurrent:False;local:False
267656 269194 1 82 0
267656 269194 2 82 0
267656 269194 3 82 0
267656 269194 4 82 0
267656 269194 5 82 0
267656 269194 6 82 0
267656 269194 7 82 0
267656 269194 8 82 0
267656 269194 9 82 0
267656 269194 10 82 0
!sus 7470 26937 8 2 4 attackers:7470;victims:26937;type:1;valid_origin:True;recurrent:True;local:False
7470 26937 1 0 4
7470 26937 2 0 4
7470 26937 3 4 0
7470 26937 4 4 0
7470 26937 5 4 0
7470 26937 6 4 0
7470 26937 7 4 0
7470 26937 8 4 0
7470 26937 9 4 0
7470 26937 10 4 0
!leg 52941 263421 10 0 26 attackers:52941;victims:263421;type:1;valid_origin:True;recurrent:False;local:False
52941 263421 1 26 0
52941 263421 2 26 0
52941 263421 3 26 0
52941 263421 4 26 0
52941 263421 5 26 0
52941 263421 6 26 0
52941 263421 7 26 0
52941 263421 8 26 0
52941 263421 9 26 0
52941 263421 10 26 0
!sus 15169 61832 9 1 3 attackers:61832;victims:395973,36492;type:2;valid_origin:True;recurrent:True;local:False
15169 61832 1 0 3
15169 61832 2 3 0
15169 61832 3 3 0
15169 61832 4 3 0
15169 61832 5 3 0
15169 61832 6 3 0
15169 61832 7 3 0
15169 61832 8 3 0
15169 61832 9 3 0
15169 61832 10 3 0
!leg 64289 211288 10 0 2 attackers:211288;victims:215820;type:4;valid_origin:True;recurrent:False;local:False
64289 211288 1 2 0
64289 211288 2 2 0
64289 211288 3 2 0
64289 211288 4 2 0
64289 211288 5 2 0
64289 211288 6 2 0
64289 211288 7 2 0
64289 211288 8 2 0
64289 211288 9 2 0
64289 211288 10 2 0
!leg 28649 53062 10 0 6 attackers:28649;victims:264487;type:4;valid_origin:True;recurrent:False;local:False
28649 53062 1 6 0
28649 53062 2 6 0
28649 53062 3 6 0
28649 53062 4 6 0
28649 53062 5 6 0
28649 53062 6 6 0
28649 53062 7 6 0
28649 53062 8 6 0
28649 53062 9 6 0
28649 53062 10 6 0
!leg 14114 15802 10 0 84 attackers:15802;victims:35039,206277;type:2,3;valid_origin:True;recurrent:False;local:False
14114 15802 1 84 0
14114 15802 2 84 0
14114 15802 3 84 0
14114 15802 4 84 0
14114 15802 5 84 0
14114 15802 6 84 0
14114 15802 7 84 0
14114 15802 8 84 0
14114 15802 9 84 0
14114 15802 10 84 0
!leg 6775 8359 10 0 1 attackers:8359;victims:37723;type:2;valid_origin:True;recurrent:False;local:False
6775 8359 1 1 0
6775 8359 2 1 0
6775 8359 3 1 0
6775 8359 4 1 0
6775 8359 5 1 0
6775 8359 6 1 0
6775 8359 7 1 0
6775 8359 8 1 0
6775 8359 9 1 0
6775 8359 10 1 0
!leg 8888 149440 10 0 152 attackers:8888;victims:149440;type:1;valid_origin:True;recurrent:False;local:False
8888 149440 1 102 50
8888 149440 2 128 24
8888 149440 3 143 9
8888 149440 4 145 7
8888 149440 5 140 12
8888 149440 6 146 6
8888 149440 7 149 3
8888 149440 8 150 2
8888 149440 9 152 0
8888 149440 10 152 0
!sus 13378 63567 0 10 106 attackers:13378;victims:63567;type:1;valid_origin:True;recurrent:True;local:False
13378 63567 1 0 106
13378 63567 2 0 106
13378 63567 3 0 106
13378 63567 4 0 106
13378 63567 5 0 106
13378 63567 6 0 106
13378 63567 7 0 106
13378 63567 8 0 106
13378 63567 9 0 106
13378 63567 10 0 106
!sus 8772 34800 7 3 4 attackers:8772;victims:34800;type:1;valid_origin:True;recurrent:True;local:False
8772 34800 1 1 3
8772 34800 2 1 3
8772 34800 3 1 3
8772 34800 4 4 0
8772 34800 5 4 0
8772 34800 6 4 0
8772 34800 7 4 0
8772 34800 8 4 0
8772 34800 9 4 0
8772 34800 10 4 0
!sus 262589 273905 0 10 6 attackers:262589;victims:273905;type:1;valid_origin:True;recurrent:True;local:False
262589 273905 1 0 6
262589 273905 2 3 3
262589 273905 3 0 6
262589 273905 4 0 6
262589 273905 5 0 6
262589 273905 6 0 6
262589 273905 7 0 6
262589 273905 8 0 6
262589 273905 9 0 6
262589 273905 10 0 6
!leg 262476 262517 10 0 461 attackers:262476;victims:273565,271165,270242,266025,267940,265314,262517,268048,272266,269320,263888,271068;type:1,2,3;valid_origin:True;recurrent:False;local:False
262476 262517 1 461 0
262476 262517 2 461 0
262476 262517 3 461 0
262476 262517 4 461 0
262476 262517 5 461 0
262476 262517 6 461 0
262476 262517 7 461 0
262476 262517 8 461 0
262476 262517 9 461 0
262476 262517 10 461 0
!sus 9425 151444 0 10 3 attackers:9425;victims:151444;type:1;valid_origin:True;recurrent:True;local:False
9425 151444 1 0 3
9425 151444 2 0 3
9425 151444 3 0 3
9425 151444 4 0 3
9425 151444 5 0 3
9425 151444 6 0 3
9425 151444 7 0 3
9425 151444 8 0 3
9425 151444 9 0 3
9425 151444 10 0 3
!leg 15164 397405 10 0 57 attackers:15164;victims:397405;type:1;valid_origin:True;recurrent:False;local:False
15164 397405 1 57 0
15164 397405 2 57 0
15164 397405 3 57 0
15164 397405 4 57 0
15164 397405 5 57 0
15164 397405 6 57 0
15164 397405 7 57 0
15164 397405 8 57 0
15164 397405 9 57 0
15164 397405 10 57 0
!sus 9425 151453 0 10 2 attackers:9425;victims:151453;type:1;valid_origin:True;recurrent:True;local:False
9425 151453 1 0 2
9425 151453 2 0 2
9425 151453 3 0 2
9425 151453 4 0 2
9425 151453 5 0 2
9425 151453 6 0 2
9425 151453 7 0 2
9425 151453 8 0 2
9425 151453 9 0 2
9425 151453 10 0 2
!leg 13786 270874 10 0 1 attackers:13786;victims:270874;type:1;valid_origin:True;recurrent:False;local:True
13786 270874 1 1 0
13786 270874 2 1 0
13786 270874 3 1 0
13786 270874 4 1 0
13786 270874 5 1 0
13786 270874 6 1 0
13786 270874 7 1 0
13786 270874 8 1 0
13786 270874 9 1 0
13786 270874 10 1 0
!leg 132167 139831 10 0 1 attackers:139831;victims:132167;type:1;valid_origin:True;recurrent:False;local:False
132167 139831 1 1 0
132167 139831 2 1 0
132167 139831 3 1 0
132167 139831 4 1 0
132167 139831 5 1 0
132167 139831 6 1 0
132167 139831 7 1 0
132167 139831 8 1 0
132167 139831 9 1 0
132167 139831 10 1 0
!sus 9425 151462 0 10 2 attackers:9425;victims:151462;type:1;valid_origin:True;recurrent:True;local:False
9425 151462 1 0 2
9425 151462 2 0 2
9425 151462 3 0 2
9425 151462 4 0 2
9425 151462 5 0 2
9425 151462 6 0 2
9425 151462 7 0 2
9425 151462 8 0 2
9425 151462 9 0 2
9425 151462 10 0 2
!leg 57463 267641 10 0 3 attackers:57463;victims:271493,267641,271528;type:1,2;valid_origin:True;recurrent:False;local:True
57463 267641 1 3 0
57463 267641 2 3 0
57463 267641 3 3 0
57463 267641 4 3 0
57463 267641 5 3 0
57463 267641 6 3 0
57463 267641 7 3 0
57463 267641 8 3 0
57463 267641 9 3 0
57463 267641 10 3 0
!leg 2687 9827 10 0 47 attackers:2687;victims:9827;type:1;valid_origin:True;recurrent:False;local:False
2687 9827 1 47 0
2687 9827 2 47 0
2687 9827 3 47 0
2687 9827 4 47 0
2687 9827 5 47 0
2687 9827 6 47 0
2687 9827 7 47 0
2687 9827 8 47 0
2687 9827 9 47 0
2687 9827 10 47 0
!sus 13004 44477 0 10 2 attackers:13004;victims:44477;type:1;valid_origin:True;recurrent:True;local:False
13004 44477 1 0 2
13004 44477 2 0 2
13004 44477 3 0 2
13004 44477 4 0 2
13004 44477 5 0 2
13004 44477 6 0 2
13004 44477 7 0 2
13004 44477 8 0 2
13004 44477 9 0 2
13004 44477 10 0 2
!sus 52758 274660 4 6 46 attackers:52758;victims:274660;type:1;valid_origin:True;recurrent:True;local:False
52758 274660 1 46 0
52758 274660 2 46 0
52758 274660 3 0 46
52758 274660 4 15 31
52758 274660 5 17 29
52758 274660 6 33 13
52758 274660 7 21 25
52758 274660 8 0 46
52758 274660 9 6 40
52758 274660 10 32 14
!sus 1 197251 8 2 2 attackers:197251;victims:1;type:1;valid_origin:True;recurrent:True;local:False
1 197251 1 1 1
1 197251 2 2 0
1 197251 3 1 1
1 197251 4 2 0
1 197251 5 2 0
1 197251 6 2 0
1 197251 7 2 0
1 197251 8 2 0
1 197251 9 2 0
1 197251 10 2 0
!sus 21859 270776 0 10 1 attackers:270776;victims:24409;type:2;valid_origin:True;recurrent:True;local:False
21859 270776 1 0 1
21859 270776 2 0 1
21859 270776 3 0 1
21859 270776 4 0 1
21859 270776 5 0 1
21859 270776 6 0 1
21859 270776 7 0 1
21859 270776 8 0 1
21859 270776 9 0 1
21859 270776 10 0 1
!sus 6424 200731 9 1 1 attackers:6424;victims:200731;type:1;valid_origin:True;recurrent:True;local:False
6424 200731 1 0 1
6424 200731 2 1 0
6424 200731 3 1 0
6424 200731 4 1 0
6424 200731 5 1 0
6424 200731 6 1 0
6424 200731 7 1 0
6424 200731 8 1 0
6424 200731 9 1 0
6424 200731 10 1 0
!leg 12310 56504 10 0 1 attackers:12310;victims:56504;type:1;valid_origin:True;recurrent:True;local:False
12310 56504 1 1 0
12310 56504 2 1 0
12310 56504 3 1 0
12310 56504 4 1 0
12310 56504 5 1 0
12310 56504 6 1 0
12310 56504 7 1 0
12310 56504 8 1 0
12310 56504 9 1 0
12310 56504 10 1 0
!leg 6939 61237 10 0 3 attackers:6939;victims:61237;type:1;valid_origin:True;recurrent:False;local:False
6939 61237 1 3 0
6939 61237 2 3 0
6939 61237 3 3 0
6939 61237 4 3 0
6939 61237 5 3 0
6939 61237 6 3 0
6939 61237 7 3 0
6939 61237 8 3 0
6939 61237 9 3 0
6939 61237 10 3 0
!leg 265038 268419 10 0 61 attackers:265038;victims:268419;type:1;valid_origin:True;recurrent:False;local:False
265038 268419 1 61 0
265038 268419 2 61 0
265038 268419 3 61 0
265038 268419 4 61 0
265038 268419 5 61 0
265038 268419 6 61 0
265038 268419 7 61 0
265038 268419 8 61 0
265038 268419 9 61 0
265038 268419 10 61 0
!sus 54994 55410 0 10 6 attackers:55410;victims:54994;type:1;valid_origin:True;recurrent:True;local:False
54994 55410 1 0 6
54994 55410 2 0 6
54994 55410 3 0 6
54994 55410 4 0 6
54994 55410 5 0 6
54994 55410 6 0 6
54994 55410 7 0 6
54994 55410 8 0 6
54994 55410 9 0 6
54994 55410 10 0 6
!sus 10233 38283 0 10 37 attackers:10233;victims:10233;type:2;valid_origin:True;recurrent:False;local:False
10233 38283 1 0 37
10233 38283 2 0 37
10233 38283 3 0 37
10233 38283 4 0 37
10233 38283 5 0 37
10233 38283 6 0 37
10233 38283 7 0 37
10233 38283 8 0 37
10233 38283 9 0 37
10233 38283 10 0 37
!sus 9425 151446 0 10 2 attackers:9425;victims:151446;type:1;valid_origin:True;recurrent:True;local:False
9425 151446 1 0 2
9425 151446 2 0 2
9425 151446 3 0 2
9425 151446 4 0 2
9425 151446 5 0 2
9425 151446 6 0 2
9425 151446 7 0 2
9425 151446 8 0 2
9425 151446 9 0 2
9425 151446 10 0 2
!sus 209533 213928 6 4 163 attackers:209533;victims:213928;type:1;valid_origin:True;recurrent:True;local:False
209533 213928 1 3 160
209533 213928 2 20 143
209533 213928 3 120 43
209533 213928 4 53 110
209533 213928 5 33 130
209533 213928 6 163 0
209533 213928 7 163 0
209533 213928 8 156 7
209533 213928 9 163 0
209533 213928 10 163 0
!sus 213691 216334 9 1 18 attackers:216334;victims:213691;type:1;valid_origin:True;recurrent:True;local:False
213691 216334 1 18 0
213691 216334 2 18 0
213691 216334 3 18 0
213691 216334 4 16 2
213691 216334 5 18 0
213691 216334 6 18 0
213691 216334 7 18 0
213691 216334 8 3 15
213691 216334 9 10 8
213691 216334 10 18 0
!sus 9425 151455 0 10 2 attackers:9425;victims:151455;type:1;valid_origin:True;recurrent:True;local:False
9425 151455 1 0 2
9425 151455 2 0 2
9425 151455 3 0 2
9425 151455 4 0 2
9425 151455 5 0 2
9425 151455 6 0 2
9425 151455 7 0 2
9425 151455 8 0 2
9425 151455 9 0 2
9425 151455 10 0 2
!sus 59796 208972 8 2 57 attackers:59796;victims:216064,197428;type:2;valid_origin:True;recurrent:True;local:False
59796 208972 1 49 8
59796 208972 2 8 49
59796 208972 3 39 18
59796 208972 4 17 40
59796 208972 5 34 23
59796 208972 6 49 8
59796 208972 7 41 16
59796 208972 8 56 1
59796 208972 9 36 21
59796 208972 10 57 0
!sus 663 135420 8 2 6 attackers:135420;victims:663;type:1;valid_origin:False;recurrent:True;local:False
663 135420 1 6 0
663 135420 2 6 0
663 135420 3 6 0
663 135420 4 6 0
663 135420 5 6 0
663 135420 6 6 0
663 135420 7 6 0
663 135420 8 0 6
663 135420 9 0 6
663 135420 10 6 0
!sus 202425 213725 0 10 8 attackers:202425;victims:213725;type:1;valid_origin:True;recurrent:True;local:False
202425 213725 1 4 4
202425 213725 2 1 7
202425 213725 3 0 8
202425 213725 4 0 8
202425 213725 5 0 8
202425 213725 6 3 5
202425 213725 7 1 7
202425 213725 8 0 8
202425 213725 9 0 8
202425 213725 10 0 8
!sus 41264 327727 8 2 1 attackers:327727;victims:41264;type:1;valid_origin:True;recurrent:True;local:False
41264 327727 1 0 1
41264 327727 2 0 1
41264 327727 3 1 0
41264 327727 4 1 0
41264 327727 5 1 0
41264 327727 6 1 0
41264 327727 7 1 0
41264 327727 8 1 0
41264 327727 9 1 0
41264 327727 10 1 0
!sus 328543 400018 0 10 20 attackers:328543;victims:55933;type:2;valid_origin:True;recurrent:True;local:False
328543 400018 1 0 20
328543 400018 2 0 20
328543 400018 3 0 20
328543 400018 4 0 20
328543 400018 5 0 20
328543 400018 6 0 20
328543 400018 7 0 20
328543 400018 8 0 20
328543 400018 9 0 20
328543 400018 10 0 20
!sus 3269 213970 3 7 2 attackers:3269;victims:213970;type:1;valid_origin:True;recurrent:True;local:False
3269 213970 1 2 0
3269 213970 2 2 0
3269 213970 3 1 1
3269 213970 4 1 1
3269 213970 5 1 1
3269 213970 6 0 2
3269 213970 7 2 0
3269 213970 8 0 2
3269 213970 9 1 1
3269 213970 10 1 1
!leg 6204 42998 10 0 1 attackers:6204;victims:42998;type:1;valid_origin:True;recurrent:False;local:False
6204 42998 1 1 0
6204 42998 2 1 0
6204 42998 3 1 0
6204 42998 4 1 0
6204 42998 5 1 0
6204 42998 6 1 0
6204 42998 7 1 0
6204 42998 8 1 0
6204 42998 9 1 0
6204 42998 10 1 0
!sus 29049 50959 0 10 2 attackers:29049;victims:50959;type:1;valid_origin:True;recurrent:True;local:False
29049 50959 1 0 2
29049 50959 2 0 2
29049 50959 3 0 2
29049 50959 4 1 1
29049 50959 5 1 1
29049 50959 6 1 1
29049 50959 7 0 2
29049 50959 8 1 1
29049 50959 9 1 1
29049 50959 10 1 1
!sus 56264 133496 9 1 8 attackers:56264;victims:133496;type:1;valid_origin:True;recurrent:True;local:False
56264 133496 1 8 0
56264 133496 2 7 1
56264 133496 3 8 0
56264 133496 4 3 5
56264 133496 5 8 0
56264 133496 6 6 2
56264 133496 7 7 1
56264 133496 8 8 0
56264 133496 9 8 0
56264 133496 10 8 0
!sus 151194 198025 0 10 5 attackers:151194;victims:198025;type:1;valid_origin:True;recurrent:True;local:False
151194 198025 1 0 5
151194 198025 2 0 5
151194 198025 3 0 5
151194 198025 4 2 3
151194 198025 5 2 3
151194 198025 6 2 3
151194 198025 7 2 3
151194 198025 8 2 3
151194 198025 9 2 3
151194 198025 10 2 3
!sus 52154 214952 0 10 3 attackers:52154;victims:214952;type:1;valid_origin:True;recurrent:True;local:False
52154 214952 1 1 2
52154 214952 2 0 3
52154 214952 3 0 3
52154 214952 4 0 3
52154 214952 5 0 3
52154 214952 6 0 3
52154 214952 7 0 3
52154 214952 8 0 3
52154 214952 9 0 3
52154 214952 10 0 3
!leg 23956 151835 10 0 1 attackers:23956;victims:151835;type:1;valid_origin:False;recurrent:False;local:False
23956 151835 1 1 0
23956 151835 2 1 0
23956 151835 3 1 0
23956 151835 4 1 0
23956 151835 5 1 0
23956 151835 6 1 0
23956 151835 7 1 0
23956 151835 8 1 0
23956 151835 9 1 0
23956 151835 10 1 0
!sus 152900 200169 0 10 2 attackers:152900;victims:200169;type:1;valid_origin:True;recurrent:True;local:False
152900 200169 1 0 2
152900 200169 2 0 2
152900 200169 3 0 2
152900 200169 4 0 2
152900 200169 5 0 2
152900 200169 6 0 2
152900 200169 7 0 2
152900 200169 8 0 2
152900 200169 9 0 2
152900 200169 10 0 2
!sus 10233 132215 0 10 36 attackers:10233;victims:10233;type:2;valid_origin:True;recurrent:False;local:False
10233 132215 1 0 36
10233 132215 2 0 36
10233 132215 3 0 36
10233 132215 4 0 36
10233 132215 5 0 36
10233 132215 6 0 36
10233 132215 7 0 36
10233 132215 8 0 36
10233 132215 9 0 36
10233 132215 10 0 36
!leg 134990 138482 10 0 4 attackers:138482;victims:134990;type:1;valid_origin:True;recurrent:False;local:False
134990 138482 1 4 0
134990 138482 2 4 0
134990 138482 3 4 0
134990 138482 4 4 0
134990 138482 5 4 0
134990 138482 6 4 0
134990 138482 7 4 0
134990 138482 8 4 0
134990 138482 9 4 0
134990 138482 10 4 0
!leg 23470 152698 10 0 4 attackers:23470;victims:152698;type:1;valid_origin:True;recurrent:True;local:False
23470 152698 1 3 1
23470 152698 2 4 0
23470 152698 3 4 0
23470 152698 4 4 0
23470 152698 5 4 0
23470 152698 6 4 0
23470 152698 7 4 0
23470 152698 8 4 0
23470 152698 9 4 0
23470 152698 10 4 0
!sus 3399 209625 0 10 2 attackers:3399;victims:209625;type:1;valid_origin:True;recurrent:True;local:False
3399 209625 1 0 2
3399 209625 2 0 2
3399 209625 3 0 2
3399 209625 4 0 2
3399 209625 5 0 2
3399 209625 6 0 2
3399 209625 7 0 2
3399 209625 8 0 2
3399 209625 9 0 2
3399 209625 10 0 2
!sus 211275 214618 9 1 1 attackers:214618;victims:215492;type:2;valid_origin:True;recurrent:True;local:False
211275 214618 1 0 1
211275 214618 2 1 0
211275 214618 3 1 0
211275 214618 4 1 0
211275 214618 5 1 0
211275 214618 6 1 0
211275 214618 7 1 0
211275 214618 8 1 0
211275 214618 9 1 0
211275 214618 10 1 0
!leg 140684 151835 10 0 2 attackers:140684;victims:137871,151835;type:1,3;valid_origin:False;recurrent:False;local:True
140684 151835 1 2 0
140684 151835 2 2 0
140684 151835 3 2 0
140684 151835 4 2 0
140684 151835 5 2 0
140684 151835 6 2 0
140684 151835 7 2 0
140684 151835 8 2 0
140684 151835 9 2 0
140684 151835 10 2 0
!leg 63303 137409 10 0 2 attackers:137409;victims:63303,63376;type:1,3;valid_origin:True;recurrent:True;local:False
63303 137409 1 2 0
63303 137409 2 2 0
63303 137409 3 2 0
63303 137409 4 2 0
63303 137409 5 2 0
63303 137409 6 2 0
63303 137409 7 2 0
63303 137409 8 2 0
63303 137409 9 2 0
63303 137409 10 2 0
!sus 9425 151448 0 10 2 attackers:9425;victims:151448;type:1;valid_origin:True;recurrent:True;local:False
9425 151448 1 0 2
9425 151448 2 0 2
9425 151448 3 0 2
9425 151448 4 0 2
9425 151448 5 0 2
9425 151448 6 0 2
9425 151448 7 0 2
9425 151448 8 0 2
9425 151448 9 0 2
9425 151448 10 0 2
!leg 13979 15007 10 0 40 attackers:13979;victims:15007;type:1;valid_origin:True;recurrent:False;local:False
13979 15007 1 40 0
13979 15007 2 40 0
13979 15007 3 40 0
13979 15007 4 40 0
13979 15007 5 40 0
13979 15007 6 40 0
13979 15007 7 40 0
13979 15007 8 40 0
13979 15007 9 40 0
13979 15007 10 40 0
!sus 42198 54014 9 1 2 attackers:42198;victims:54014;type:1;valid_origin:True;recurrent:True;local:False
42198 54014 1 2 0
42198 54014 2 2 0
42198 54014 3 2 0
42198 54014 4 2 0
42198 54014 5 2 0
42198 54014 6 2 0
42198 54014 7 0 2
42198 54014 8 2 0
42198 54014 9 2 0
42198 54014 10 2 0
!sus 9425 151457 0 10 3 attackers:9425;victims:151457;type:1;valid_origin:True;recurrent:True;local:False
9425 151457 1 0 3
9425 151457 2 0 3
9425 151457 3 0 3
9425 151457 4 0 3
9425 151457 5 0 3
9425 151457 6 0 3
9425 151457 7 0 3
9425 151457 8 0 3
9425 151457 9 0 3
9425 151457 10 0 3
!leg 12329 61696 10 0 1 attackers:61696;victims:60522;type:2;valid_origin:True;recurrent:False;local:False
12329 61696 1 1 0
12329 61696 2 1 0
12329 61696 3 1 0
12329 61696 4 1 0
12329 61696 5 1 0
12329 61696 6 1 0
12329 61696 7 1 0
12329 61696 8 1 0
12329 61696 9 1 0
12329 61696 10 1 0
!leg 57013 2154165 10 0 11 attackers:2154165;victims:57013;type:1;valid_origin:True;recurrent:False;local:False
57013 2154165 1 11 0
57013 2154165 2 11 0
57013 2154165 3 11 0
57013 2154165 4 11 0
57013 2154165 5 11 0
57013 2154165 6 11 0
57013 2154165 7 11 0
57013 2154165 8 11 0
57013 2154165 9 11 0
57013 2154165 10 11 0
!sus 31529 270776 2 8 1 attackers:270776;victims:25354;type:2;valid_origin:True;recurrent:True;local:False
31529 270776 1 0 1
31529 270776 2 0 1
31529 270776 3 0 1
31529 270776 4 0 1
31529 270776 5 0 1
31529 270776 6 0 1
31529 270776 7 0 1
31529 270776 8 1 0
31529 270776 9 0 1
31529 270776 10 1 0
!sus 7721 215364 0 10 7 attackers:215364;victims:7721;type:1;valid_origin:True;recurrent:True;local:False
7721 215364 1 0 7
7721 215364 2 1 6
7721 215364 3 0 7
7721 215364 4 1 6
7721 215364 5 1 6
7721 215364 6 1 6
7721 215364 7 1 6
7721 215364 8 1 6
7721 215364 9 1 6
7721 215364 10 1 6
!sus 10233 135799 0 10 39 attackers:10233;victims:10233;type:2;valid_origin:True;recurrent:False;local:False
10233 135799 1 0 39
10233 135799 2 0 39
10233 135799 3 0 39
10233 135799 4 0 39
10233 135799 5 0 39
10233 135799 6 0 39
10233 135799 7 0 39
10233 135799 8 0 39
10233 135799 9 0 39
10233 135799 10 0 39
!leg 137969 139831 10 0 1 attackers:139831;victims:132824;type:2;valid_origin:True;recurrent:False;local:False
137969 139831 1 1 0
137969 139831 2 1 0
137969 139831 3 1 0
137969 139831 4 1 0
137969 139831 5 1 0
137969 139831 6 1 0
137969 139831 7 1 0
137969 139831 8 1 0
137969 139831 9 1 0
137969 139831 10 1 0
!leg 61696 262808 10 0 1 attackers:61696;victims:262808;type:1;valid_origin:True;recurrent:False;local:False
61696 262808 1 1 0
61696 262808 2 1 0
61696 262808 3 1 0
61696 262808 4 1 0
61696 262808 5 1 0
61696 262808 6 1 0
61696 262808 7 1 0
61696 262808 8 1 0
61696 262808 9 1 0
61696 262808 10 1 0
!sus 208972 213697 0 10 134 attackers:208972;victims:213697;type:1;valid_origin:True;recurrent:True;local:False
208972 213697 1 9 125
208972 213697 2 11 123
208972 213697 3 0 134
208972 213697 4 0 134
208972 213697 5 19 115
208972 213697 6 12 122
208972 213697 7 18 116
208972 213697 8 0 134
208972 213697 9 16 118
208972 213697 10 0 134
!sus 42337 214586 9 1 70 attackers:42337;victims:214586;type:1;valid_origin:True;recurrent:True;local:False
42337 214586 1 70 0
42337 214586 2 70 0
42337 214586 3 68 2
42337 214586 4 70 0
42337 214586 5 70 0
42337 214586 6 50 20
42337 214586 7 70 0
42337 214586 8 0 70
42337 214586 9 56 14
42337 214586 10 70 0
!sus 139311 151349 0 10 9 attackers:139311;victims:151349;type:1;valid_origin:True;recurrent:True;local:False
139311 151349 1 0 9
139311 151349 2 0 9
139311 151349 3 0 9
139311 151349 4 0 9
139311 151349 5 0 9
139311 151349 6 0 9
139311 151349 7 0 9
139311 151349 8 0 9
139311 151349 9 0 9
139311 151349 10 0 9
!sus 202058 203118 0 10 10 attackers:203118;victims:39735;type:2;valid_origin:True;recurrent:False;local:False
202058 203118 1 4 6
202058 203118 2 4 6
202058 203118 3 4 6
202058 203118 4 4 6
202058 203118 5 3 7
202058 203118 6 4 6
202058 203118 7 4 6
202058 203118 8 4 6
202058 203118 9 4 6
202058 203118 10 4 6
!sus 40169 211559 9 1 7 attackers:211559;victims:40169;type:1;valid_origin:False;recurrent:True;local:False
40169 211559 1 2 5
40169 211559 2 7 0
40169 211559 3 5 2
40169 211559 4 7 0
40169 211559 5 7 0
40169 211559 6 7 0
40169 211559 7 7 0
40169 211559 8 7 0
40169 211559 9 7 0
40169 211559 10 7 0
!sus 10233 55915 1 9 36 attackers:10233;victims:10233;type:2;valid_origin:True;recurrent:False;local:False
10233 55915 1 4 32
10233 55915 2 1 35
10233 55915 3 7 29
10233 55915 4 15 21
10233 55915 5 1 35
10233 55915 6 2 34
10233 55915 7 6 30
10233 55915 8 2 34
10233 55915 9 21 15
10233 55915 10 6 30
!sus 14868 274628 4 6 3 attackers:14868;victims:274628;type:1;valid_origin:True;recurrent:True;local:False
14868 274628 1 3 0
14868 274628 2 1 2
14868 274628 3 3 0
14868 274628 4 1 2
14868 274628 5 2 1
14868 274628 6 1 2
14868 274628 7 1 2
14868 274628 8 2 1
14868 274628 9 1 2
14868 274628 10 1 2
!sus 210233 213660 1 9 58 attackers:210233;victims:213660;type:1;valid_origin:True;recurrent:True;local:False
210233 213660 1 8 50
210233 213660 2 9 49
210233 213660 3 15 43
210233 213660 4 35 23
210233 213660 5 21 37
210233 213660 6 25 33
210233 213660 7 22 36
210233 213660 8 22 36
210233 213660 9 11 47
210233 213660 10 12 46
!sus 9425 151450 0 10 2 attackers:9425;victims:151450;type:1;valid_origin:True;recurrent:True;local:False
9425 151450 1 0 2
9425 151450 2 0 2
9425 151450 3 0 2
9425 151450 4 0 2
9425 151450 5 0 2
9425 151450 6 0 2
9425 151450 7 0 2
9425 151450 8 0 2
9425 151450 9 0 2
9425 151450 10 0 2
!sus 213714 215400 2 8 6 attackers:215400;victims:213714;type:1;valid_origin:True;recurrent:True;local:False
213714 215400 1 2 4
213714 215400 2 6 0
213714 215400 3 0 6
213714 215400 4 3 3
213714 215400 5 0 6
213714 215400 6 0 6
213714 215400 7 0 6
213714 215400 8 0 6
213714 215400 9 0 6
213714 215400 10 6 0
!sus 58212 61112 7 3 190 attackers:58212;victims:61112;type:1;valid_origin:True;recurrent:True;local:False
58212 61112 1 1 189
58212 61112 2 16 174
58212 61112 3 89 101
58212 61112 4 171 19
58212 61112 5 190 0
58212 61112 6 190 0
58212 61112 7 190 0
58212 61112 8 190 0
58212 61112 9 190 0
58212 61112 10 190 0
!sus 34872 214139 4 6 11 attackers:34872;victims:214139;type:1;valid_origin:True;recurrent:True;local:False
34872 214139 1 8 3
34872 214139 2 6 5
34872 214139 3 0 11
34872 214139 4 4 7
34872 214139 5 3 8
34872 214139 6 0 11
34872 214139 7 6 5
34872 214139 8 6 5
34872 214139 9 4 7
34872 214139 10 5 6
!sus 135660 152333 4 6 35 attackers:152333;victims:135660;type:1;valid_origin:True;recurrent:True;local:False
135660 152333 1 35 0
135660 152333 2 35 0
135660 152333 3 6 29
135660 152333 4 20 15
135660 152333 5 12 23
135660 152333 6 0 35
135660 152333 7 0 35
135660 152333 8 0 35
135660 152333 9 0 35
135660 152333 10 20 15
!leg 23889 328699 10 0 9 attackers:23889;victims:328699;type:1;valid_origin:True;recurrent:False;local:False
23889 328699 1 9 0
23889 328699 2 9 0
23889 328699 3 9 0
23889 328699 4 9 0
23889 328699 5 9 0
23889 328699 6 9 0
23889 328699 7 9 0
23889 328699 8 9 0
23889 328699 9 9 0
23889 328699 10 9 0
!sus 214331 214569 0 10 157 attackers:214331;victims:214569;type:1;valid_origin:True;recurrent:True;local:False
214331 214569 1 0 157
214331 214569 2 0 157
214331 214569 3 0 157
214331 214569 4 0 157
214331 214569 5 0 157
214331 214569 6 0 157
214331 214569 7 0 157
214331 214569 8 0 157
214331 214569 9 0 157
214331 214569 10 0 157
!sus 20118 60539 3 7 2 attackers:60539;victims:20118;type:1;valid_origin:True;recurrent:True;local:False
20118 60539 1 0 2
20118 60539 2 0 2
20118 60539 3 0 2
20118 60539 4 2 0
20118 60539 5 2 0
20118 60539 6 2 0
20118 60539 7 1 1
20118 60539 8 1 1
20118 60539 9 1 1
20118 60539 10 0 2
!sus 24406 33071 7 3 5 attackers:33071;victims:24406;type:1;valid_origin:True;recurrent:True;local:False
24406 33071 1 0 5
24406 33071 2 0 5
24406 33071 3 0 5
24406 33071 4 3 2
24406 33071 5 3 2
24406 33071 6 5 0
24406 33071 7 3 2
24406 33071 8 5 0
24406 33071 9 5 0
24406 33071 10 5 0
!leg 11432 26615 10 0 7 attackers:26615;victims:273454;type:2;valid_origin:True;recurrent:False;local:False
11432 26615 1 7 0
11432 26615 2 7 0
11432 26615 3 7 0
11432 26615 4 7 0
11432 26615 5 7 0
11432 26615 6 7 0
11432 26615 7 7 0
11432 26615 8 7 0
11432 26615 9 7 0
11432 26615 10 7 0
!sus 42298 214178 5 5 6 attackers:42298;victims:214178;type:1;valid_origin:True;recurrent:True;local:False
42298 214178 1 6 0
42298 214178 2 6 0
42298 214178 3 1 5
42298 214178 4 6 0
42298 214178 5 6 0
42298 214178 6 0 6
42298 214178 7 0 6
42298 214178 8 0 6
42298 214178 9 2 4
42298 214178 10 6 0
!leg 13786 272167 10 0 4 attackers:13786;victims:32590,24429,139341,63139;type:3,4;valid_origin:True;recurrent:False;local:True
13786 272167 1 4 0
13786 272167 2 4 0
13786 272167 3 4 0
13786 272167 4 4 0
13786 272167 5 4 0
13786 272167 6 4 0
13786 272167 7 4 0
13786 272167 8 4 0
13786 272167 9 4 0
13786 272167 10 4 0
!leg 28725 61696 10 0 1 attackers:61696;victims:196952;type:2;valid_origin:True;recurrent:False;local:False
28725 61696 1 1 0
28725 61696 2 1 0
28725 61696 3 1 0
28725 61696 4 1 0
28725 61696 5 1 0
28725 61696 6 1 0
28725 61696 7 1 0
28725 61696 8 1 0
28725 61696 9 1 0
28725 61696 10 1 0
!sus 13378 149304 0 10 39 attackers:13378;victims:149304;type:1;valid_origin:True;recurrent:True;local:False
13378 149304 1 0 39
13378 149304 2 0 39
13378 149304 3 0 39
13378 149304 4 0 39
13378 149304 5 0 39
13378 149304 6 0 39
13378 149304 7 0 39
13378 149304 8 0 39
13378 149304 9 0 39
13378 149304 10 0 39
!leg 3267 8641 10 0 15 attackers:8641;victims:212165;type:3;valid_origin:True;recurrent:False;local:False
3267 8641 1 15 0
3267 8641 2 15 0
3267 8641 3 15 0
3267 8641 4 15 0
3267 8641 5 15 0
3267 8641 6 15 0
3267 8641 7 15 0
3267 8641 8 15 0
3267 8641 9 15 0
3267 8641 10 15 0
!sus 9425 151443 0 10 3 attackers:9425;victims:151443;type:1;valid_origin:True;recurrent:True;local:False
9425 151443 1 0 3
9425 151443 2 0 3
9425 151443 3 0 3
9425 151443 4 0 3
9425 151443 5 0 3
9425 151443 6 0 3
9425 151443 7 0 3
9425 151443 8 0 3
9425 151443 9 0 3
9425 151443 10 0 3
!leg 35280 149422 10 0 1 attackers:35280;victims:149422;type:1;valid_origin:True;recurrent:False;local:False
35280 149422 1 1 0
35280 149422 2 1 0
35280 149422 3 1 0
35280 149422 4 1 0
35280 149422 5 1 0
35280 149422 6 1 0
35280 149422 7 1 0
35280 149422 8 1 0
35280 149422 9 1 0
35280 149422 10 1 0
!sus 9425 151452 0 10 2 attackers:9425;victims:151452;type:1;valid_origin:True;recurrent:True;local:False
9425 151452 1 0 2
9425 151452 2 0 2
9425 151452 3 0 2
9425 151452 4 0 2
9425 151452 5 0 2
9425 151452 6 0 2
9425 151452 7 0 2
9425 151452 8 0 2
9425 151452 9 0 2
9425 151452 10 0 2
!leg 49720 59514 10 0 1 attackers:59514;victims:49720;type:1;valid_origin:True;recurrent:False;local:True
49720 59514 1 1 0
49720 59514 2 1 0
49720 59514 3 1 0
49720 59514 4 1 0
49720 59514 5 1 0
49720 59514 6 1 0
49720 59514 7 1 0
49720 59514 8 1 0
49720 59514 9 1 0
49720 59514 10 1 0
!leg 212503 213856 10 0 3 attackers:213856;victims:212503;type:1;valid_origin:True;recurrent:True;local:False
212503 213856 1 2 1
212503 213856 2 2 1
212503 213856 3 2 1
212503 213856 4 2 1
212503 213856 5 2 1
212503 213856 6 2 1
212503 213856 7 2 1
212503 213856 8 2 1
212503 213856 9 2 1
212503 213856 10 2 1
!sus 34872 215288 9 1 71 attackers:34872;victims:215288;type:1;valid_origin:True;recurrent:True;local:False
34872 215288 1 16 55
34872 215288 2 58 13
34872 215288 3 63 8
34872 215288 4 63 8
34872 215288 5 64 7
34872 215288 6 64 7
34872 215288 7 70 1
34872 215288 8 71 0
34872 215288 9 71 0
34872 215288 10 70 1
!sus 137037 149020 2 8 10 attackers:149020;victims:137037;type:1;valid_origin:True;recurrent:True;local:False
137037 149020 1 5 5
137037 149020 2 10 0
137037 149020 3 0 10
137037 149020 4 10 0
137037 149020 5 0 10
137037 149020 6 0 10
137037 149020 7 1 9
137037 149020 8 0 10
137037 149020 9 0 10
137037 149020 10 0 10
!leg 22381 264429 10 0 1 attackers:22381;victims:264429;type:1;valid_origin:True;recurrent:False;local:False
22381 264429 1 1 0
22381 264429 2 1 0
22381 264429 3 1 0
22381 264429 4 1 0
22381 264429 5 1 0
22381 264429 6 1 0
22381 264429 7 1 0
22381 264429 8 1 0
22381 264429 9 1 0
22381 264429 10 1 0
!sus 917 25737 0 10 11 attackers:917;victims:25737;type:1;valid_origin:True;recurrent:True;local:False
917 25737 1 1 10
917 25737 2 0 11
917 25737 3 0 11
917 25737 4 1 10
917 25737 5 1 10
917 25737 6 0 11
917 25737 7 1 10
917 25737 8 0 11
917 25737 9 1 10
917 25737 10 1 10
!sus 152900 214731 0 10 11 attackers:152900;victims:214731;type:1;valid_origin:True;recurrent:True;local:False
152900 214731 1 0 11
152900 214731 2 0 11
152900 214731 3 0 11
152900 214731 4 0 11
152900 214731 5 0 11
152900 214731 6 0 11
152900 214731 7 0 11
152900 214731 8 0 11
152900 214731 9 0 11
152900 214731 10 0 11
!sus 213737 215242 0 10 7 attackers:213737;victims:215242;type:1;valid_origin:True;recurrent:True;local:False
213737 215242 1 0 7
213737 215242 2 0 7
213737 215242 3 0 7
213737 215242 4 0 7
213737 215242 5 0 7
213737 215242 6 0 7
213737 215242 7 0 7
213737 215242 8 0 7
213737 215242 9 0 7
213737 215242 10 0 7
!sus 17561 263681 0 10 74 attackers:263681;victims:17561;type:1;valid_origin:True;recurrent:True;local:False
17561 263681 1 0 74
17561 263681 2 0 74
17561 263681 3 0 74
17561 263681 4 0 74
17561 263681 5 0 74
17561 263681 6 0 74
17561 263681 7 0 74
17561 263681 8 0 74
17561 263681 9 11 63
17561 263681 10 19 55
!sus 17561 35916 0 10 2 attackers:35916;victims:17561;type:1;valid_origin:True;recurrent:True;local:False
17561 35916 1 0 2
17561 35916 2 0 2
17561 35916 3 0 2
17561 35916 4 0 2
17561 35916 5 0 2
17561 35916 6 0 2
17561 35916 7 0 2
17561 35916 8 0 2
17561 35916 9 0 2
17561 35916 10 0 2
!leg 9198 2154165 10 0 11 attackers:9198;victims:57013;type:2;valid_origin:True;recurrent:False;local:False
9198 2154165 1 8 3
9198 2154165 2 8 3
9198 2154165 3 8 3
9198 2154165 4 7 4
9198 2154165 5 8 3
9198 2154165 6 7 4
9198 2154165 7 7 4
9198 2154165 8 8 3
9198 2154165 9 7 4
9198 2154165 10 6 5
!leg 31034 42764 10 0 1 attackers:31034;victims:42764;type:1;valid_origin:True;recurrent:False;local:False
31034 42764 1 1 0
31034 42764 2 1 0
31034 42764 3 1 0
31034 42764 4 1 0
31034 42764 5 1 0
31034 42764 6 1 0
31034 42764 7 1 0
31034 42764 8 1 0
31034 42764 9 1 0
31034 42764 10 1 0
!sus 9425 151445 0 10 3 attackers:9425;victims:151445;type:1;valid_origin:True;recurrent:True;local:False
9425 151445 1 0 3
9425 151445 2 0 3
9425 151445 3 0 3
9425 151445 4 0 3
9425 151445 5 0 3
9425 151445 6 0 3
9425 151445 7 0 3
9425 151445 8 0 3
9425 151445 9 0 3
9425 151445 10 0 3
!leg 3267 49320 10 0 24 attackers:49320;victims:212165;type:3;valid_origin:True;recurrent:False;local:False
3267 49320 1 24 0
3267 49320 2 24 0
3267 49320 3 24 0
3267 49320 4 24 0
3267 49320 5 24 0
3267 49320 6 24 0
3267 49320 7 24 0
3267 49320 8 24 0
3267 49320 9 24 0
3267 49320 10 24 0
!leg 23956 136156 10 0 2 attackers:23956;victims:137871;type:2;valid_origin:True;recurrent:False;local:False
23956 136156 1 2 0
23956 136156 2 2 0
23956 136156 3 2 0
23956 136156 4 2 0
23956 136156 5 2 0
23956 136156 6 2 0
23956 136156 7 2 0
23956 136156 8 2 0
23956 136156 9 2 0
23956 136156 10 2 0
!sus 60539 137933 0 10 15 attackers:60539;victims:137933;type:1;valid_origin:True;recurrent:True;local:False
60539 137933 1 6 9
60539 137933 2 0 15
60539 137933 3 0 15
60539 137933 4 0 15
60539 137933 5 0 15
60539 137933 6 0 15
60539 137933 7 0 15
60539 137933 8 0 15
60539 137933 9 0 15
60539 137933 10 0 15
!sus 36873 136907 0 10 1 attackers:36873;victims:136907;type:1;valid_origin:True;recurrent:True;local:False
36873 136907 1 0 1
36873 136907 2 0 1
36873 136907 3 0 1
36873 136907 4 0 1
36873 136907 5 0 1
36873 136907 6 0 1
36873 136907 7 0 1
36873 136907 8 0 1
36873 136907 9 0 1
36873 136907 10 0 1
!sus 26617 269927 8 2 2 attackers:26617;victims:269927;type:1;valid_origin:True;recurrent:True;local:False
26617 269927 1 0 2
26617 269927 2 0 2
26617 269927 3 2 0
26617 269927 4 2 0
26617 269927 5 2 0
26617 269927 6 2 0
26617 269927 7 2 0
26617 269927 8 2 0
26617 269927 9 2 0
26617 269927 10 2 0
!sus 152900 200879 0 10 3 attackers:152900;victims:200879;type:1;valid_origin:True;recurrent:True;local:False
152900 200879 1 0 3
152900 200879 2 0 3
152900 200879 3 0 3
152900 200879 4 0 3
152900 200879 5 0 3
152900 200879 6 0 3
152900 200879 7 0 3
152900 200879 8 0 3
152900 200879 9 0 3
152900 200879 10 0 3
!leg 52689 262791 10 0 3 attackers:262791;victims:265283,52689,61908;type:1,2;valid_origin:True;recurrent:False;local:True
52689 262791 1 3 0
52689 262791 2 3 0
52689 262791 3 3 0
52689 262791 4 3 0
52689 262791 5 3 0
52689 262791 6 3 0
52689 262791 7 3 0
52689 262791 8 3 0
52689 262791 9 3 0
52689 262791 10 3 0
!sus 4837 137897 0 10 2 attackers:137897;victims:9304,137897;type:3,4;valid_origin:True;recurrent:True;local:False
4837 137897 1 0 2
4837 137897 2 0 2
4837 137897 3 0 2
4837 137897 4 0 2
4837 137897 5 1 1
4837 137897 6 1 1
4837 137897 7 0 2
4837 137897 8 1 1
4837 137897 9 1 1
4837 137897 10 1 1
!sus 153371 209650 6 4 3 attackers:153371;victims:209650;type:1;valid_origin:True;recurrent:True;local:False
153371 209650 1 0 3
153371 209650 2 0 3
153371 209650 3 0 3
153371 209650 4 3 0
153371 209650 5 3 0
153371 209650 6 0 3
153371 209650 7 3 0
153371 209650 8 3 0
153371 209650 9 3 0
153371 209650 10 3 0
!sus 42192 64050 9 1 7 attackers:64050;victims:42192;type:1;valid_origin:True;recurrent:True;local:False
42192 64050 1 0 7
42192 64050 2 7 0
42192 64050 3 7 0
42192 64050 4 7 0
42192 64050 5 7 0
42192 64050 6 7 0
42192 64050 7 7 0
42192 64050 8 7 0
42192 64050 9 7 0
42192 64050 10 7 0
!sus 15830 59204 0 10 37 attackers:15830;victims:59204;type:1;valid_origin:True;recurrent:True;local:False
15830 59204 1 0 37
15830 59204 2 3 34
15830 59204 3 2 35
15830 59204 4 3 34
15830 59204 5 6 31
15830 59204 6 6 31
15830 59204 7 7 30
15830 59204 8 7 30
15830 59204 9 7 30
15830 59204 10 7 30
!sus 262663 268982 5 5 200 attackers:268982;victims:262663;type:1;valid_origin:True;recurrent:True;local:False
262663 268982 1 18 182
262663 268982 2 64 136
262663 268982 3 150 50
262663 268982 4 132 68
262663 268982 5 79 121
262663 268982 6 78 122
262663 268982 7 92 108
262663 268982 8 134 66
262663 268982 9 172 28
262663 268982 10 193 7
!sus 59356 59365 0 10 8 attackers:59356;victims:59365;type:1;valid_origin:True;recurrent:True;local:False
59356 59365 1 0 8
59356 59365 2 0 8
59356 59365 3 0 8
59356 59365 4 0 8
59356 59365 5 0 8
59356 59365 6 0 8
59356 59365 7 0 8
59356 59365 8 0 8
59356 59365 9 0 8
59356 59365 10 0 8
!sus 49276 58010 3 7 5 attackers:58010;victims:49276;type:1;valid_origin:True;recurrent:True;local:False
49276 58010 1 1 4
49276 58010 2 1 4
49276 58010 3 1 4
49276 58010 4 1 4
49276 58010 5 1 4
49276 58010 6 2 3
49276 58010 7 2 3
49276 58010 8 5 0
49276 58010 9 5 0
49276 58010 10 5 0
!sus 6762 9829 4 6 60 attackers:6762;victims:133287,9829;type:1,2;valid_origin:True;recurrent:True;local:False
6762 9829 1 6 54
6762 9829 2 26 34
6762 9829 3 14 46
6762 9829 4 27 33
6762 9829 5 30 30
6762 9829 6 30 30
6762 9829 7 32 28
6762 9829 8 39 21
6762 9829 9 43 17
6762 9829 10 44 16
!leg 8641 206735 10 0 1 attackers:8641;victims:208392;type:3;valid_origin:True;recurrent:False;local:False
8641 206735 1 1 0
8641 206735 2 1 0
8641 206735 3 1 0
8641 206735 4 1 0
8641 206735 5 1 0
8641 206735 6 1 0
8641 206735 7 1 0
8641 206735 8 1 0
8641 206735 9 1 0
8641 206735 10 1 0
!sus 264320 268314 0 10 12 attackers:264320;victims:268314;type:1;valid_origin:True;recurrent:True;local:False
264320 268314 1 0 12
264320 268314 2 1 11
264320 268314 3 1 11
264320 268314 4 0 12
264320 268314 5 0 12
264320 268314 6 0 12
264320 268314 7 1 11
264320 268314 8 1 11
264320 268314 9 0 12
264320 268314 10 0 12
!leg 44592 55256 10 0 1 attackers:55256;victims:215828;type:2;valid_origin:True;recurrent:False;local:False
44592 55256 1 1 0
44592 55256 2 1 0
44592 55256 3 1 0
44592 55256 4 1 0
44592 55256 5 1 0
44592 55256 6 1 0
44592 55256 7 1 0
44592 55256 8 1 0
44592 55256 9 1 0
44592 55256 10 1 0
!sus 19905 22894 9 1 11 attackers:19905;victims:22894;type:1;valid_origin:True;recurrent:True;local:False
19905 22894 1 0 11
19905 22894 2 10 1
19905 22894 3 10 1
19905 22894 4 10 1
19905 22894 5 11 0
19905 22894 6 10 1
19905 22894 7 10 1
19905 22894 8 11 0
19905 22894 9 11 0
19905 22894 10 11 0
!sus 9498 52873 1 9 4 attackers:52873;victims:137488,138146,149490,138043;type:3,4;valid_origin:True;recurrent:True;local:False
9498 52873 1 1 3
9498 52873 2 0 4
9498 52873 3 0 4
9498 52873 4 1 3
9498 52873 5 1 3
9498 52873 6 4 0
9498 52873 7 1 3
9498 52873 8 0 4
9498 52873 9 0 4
9498 52873 10 2 2
!sus 9425 151459 0 10 3 attackers:9425;victims:151459;type:1;valid_origin:True;recurrent:True;local:False
9425 151459 1 0 3
9425 151459 2 0 3
9425 151459 3 0 3
9425 151459 4 0 3
9425 151459 5 0 3
9425 151459 6 0 3
9425 151459 7 0 3
9425 151459 8 0 3
9425 151459 9 0 3
9425 151459 10 0 3
!sus 15525 204057 7 3 6 attackers:15525;victims:204057;type:1;valid_origin:True;recurrent:True;local:False
15525 204057 1 0 6
15525 204057 2 0 6
15525 204057 3 3 3
15525 204057 4 5 1
15525 204057 5 5 1
15525 204057 6 5 1
15525 204057 7 5 1
15525 204057 8 5 1
15525 204057 9 5 1
15525 204057 10 6 0
!sus 44324 59105 0 10 2 attackers:59105;victims:44324;type:1;valid_origin:True;recurrent:True;local:False
44324 59105 1 0 2
44324 59105 2 0 2
44324 59105 3 0 2
44324 59105 4 0 2
44324 59105 5 0 2
44324 59105 6 0 2
44324 59105 7 0 2
44324 59105 8 0 2
44324 59105 9 0 2
44324 59105 10 0 2
!leg 6507 139831 10 0 1 attackers:139831;victims:6507;type:1;valid_origin:True;recurrent:False;local:False
6507 139831 1 1 0
6507 139831 2 1 0
6507 139831 3 1 0
6507 139831 4 1 0
6507 139831 5 1 0
6507 139831 6 1 0
6507 139831 7 1 0
6507 139831 8 1 0
6507 139831 9 1 0
6507 139831 10 1 0
!leg 136156 151835 10 0 2 attackers:151835;victims:137871;type:2;valid_origin:True;recurrent:False;local:False
136156 151835 1 2 0
136156 151835 2 2 0
136156 151835 3 2 0
136156 151835 4 2 0
136156 151835 5 2 0
136156 151835 6 2 0
136156 151835 7 2 0
136156 151835 8 2 0
136156 151835 9 2 0
136156 151835 10 2 0
!sus 174 263032 0 10 9 attackers:263032;victims:263032;type:4;valid_origin:True;recurrent:False;local:False
174 263032 1 0 9
174 263032 2 0 9
174 263032 3 0 9
174 263032 4 0 9
174 263032 5 0 9
174 263032 6 0 9
174 263032 7 0 9
174 263032 8 0 9
174 263032 9 0 9
174 263032 10 0 9
!sus 34872 138398 0 10 1 attackers:34872;victims:138398;type:1;valid_origin:True;recurrent:True;local:False
34872 138398 1 0 1
34872 138398 2 0 1
34872 138398 3 0 1
34872 138398 4 0 1
34872 138398 5 0 1
34872 138398 6 0 1
34872 138398 7 0 1
34872 138398 8 0 1
34872 138398 9 0 1
34872 138398 10 0 1
!leg 134302 142485 10 0 1 attackers:142485;victims:134302;type:1;valid_origin:True;recurrent:False;local:False
134302 142485 1 1 0
134302 142485 2 1 0
134302 142485 3 1 0
134302 142485 4 1 0
134302 142485 5 1 0
134302 142485 6 1 0
134302 142485 7 1 0
134302 142485 8 1 0
134302 142485 9 1 0
134302 142485 10 1 0
!sus 199545 213733 8 2 16 attackers:199545;victims:213733;type:1;valid_origin:True;recurrent:True;local:False
199545 213733 1 0 16
199545 213733 2 6 10
199545 213733 3 15 1
199545 213733 4 16 0
199545 213733 5 16 0
199545 213733 6 16 0
199545 213733 7 16 0
199545 213733 8 16 0
199545 213733 9 16 0
199545 213733 10 16 0
!sus 58689 138336 1 9 5 attackers:138336;victims:58689;type:1;valid_origin:True;recurrent:False;local:False
58689 138336 1 2 3
58689 138336 2 3 2
58689 138336 3 1 4
58689 138336 4 2 3
58689 138336 5 2 3
58689 138336 6 0 5
58689 138336 7 0 5
58689 138336 8 2 3
58689 138336 9 2 3
58689 138336 10 2 3
!leg 198057 214331 10 0 7 attackers:214331;victims:204374,198057;type:1,2;valid_origin:True;recurrent:True;local:False
198057 214331 1 4 3
198057 214331 2 4 3
198057 214331 3 6 1
198057 214331 4 7 0
198057 214331 5 7 0
198057 214331 6 7 0
198057 214331 7 7 0
198057 214331 8 7 0
198057 214331 9 7 0
198057 214331 10 7 0
!sus 63293 133982 6 4 5 attackers:133982;victims:63293;type:1;valid_origin:True;recurrent:True;local:False
63293 133982 1 0 5
63293 133982 2 0 5
63293 133982 3 0 5
63293 133982 4 0 5
63293 133982 5 4 1
63293 133982 6 3 2
63293 133982 7 4 1
63293 133982 8 4 1
63293 133982 9 4 1
63293 133982 10 4 1
!sus 1221 60068 0 10 3 attackers:1221;victims:60068;type:1;valid_origin:True;recurrent:True;local:False
1221 60068 1 1 2
1221 60068 2 0 3
1221 60068 3 0 3
1221 60068 4 0 3
1221 60068 5 0 3
1221 60068 6 0 3
1221 60068 7 1 2
1221 60068 8 1 2
1221 60068 9 0 3
1221 60068 10 0 3
!sus 14522 272022 0 10 4 attackers:14522;victims:272022;type:1;valid_origin:True;recurrent:True;local:False
14522 272022 1 0 4
14522 272022 2 0 4
14522 272022 3 0 4
14522 272022 4 0 4
14522 272022 5 0 4
14522 272022 6 0 4
14522 272022 7 0 4
14522 272022 8 0 4
14522 272022 9 1 3
14522 272022 10 2 2
!sus 59479 202733 0 10 3 attackers:59479;victims:202733;type:1;valid_origin:True;recurrent:True;local:False
59479 202733 1 0 3
59479 202733 2 0 3
59479 202733 3 0 3
59479 202733 4 0 3
59479 202733 5 0 3
59479 202733 6 0 3
59479 202733 7 0 3
59479 202733 8 0 3
59479 202733 9 0 3
59479 202733 10 0 3
!leg 8359 12883 10 0 1 attackers:8359;victims:208038;type:2;valid_origin:True;recurrent:False;local:False
8359 12883 1 1 0
8359 12883 2 1 0
8359 12883 3 1 0
8359 12883 4 1 0
8359 12883 5 1 0
8359 12883 6 1 0
8359 12883 7 1 0
8359 12883 8 1 0
8359 12883 9 1 0
8359 12883 10 1 0
!sus 9425 151461 0 10 3 attackers:9425;victims:151461;type:1;valid_origin:True;recurrent:True;local:False
9425 151461 1 0 3
9425 151461 2 0 3
9425 151461 3 0 3
9425 151461 4 0 3
9425 151461 5 0 3
9425 151461 6 0 3
9425 151461 7 0 3
9425 151461 8 0 3
9425 151461 9 0 3
9425 151461 10 0 3
!sus 6424 141193 0 10 5 attackers:141193;victims:6424;type:1;valid_origin:True;recurrent:True;local:False
6424 141193 1 0 5
6424 141193 2 0 5
6424 141193 3 0 5
6424 141193 4 0 5
6424 141193 5 0 5
6424 141193 6 0 5
6424 141193 7 0 5
6424 141193 8 0 5
6424 141193 9 0 5
6424 141193 10 0 5
!sus 29049 213881 0 10 1 attackers:29049;victims:213881;type:1;valid_origin:True;recurrent:True;local:False
29049 213881 1 0 1
29049 213881 2 0 1
29049 213881 3 0 1
29049 213881 4 0 1
29049 213881 5 0 1
29049 213881 6 0 1
29049 213881 7 0 1
29049 213881 8 0 1
29049 213881 9 0 1
29049 213881 10 0 1
!leg 61568 202827 10 0 1 attackers:61568;victims:202827;type:1;valid_origin:True;recurrent:True;local:True
61568 202827 1 1 0
61568 202827 2 1 0
61568 202827 3 1 0
61568 202827 4 1 0
61568 202827 5 1 0
61568 202827 6 1 0
61568 202827 7 1 0
61568 202827 8 1 0
61568 202827 9 1 0
61568 202827 10 1 0
!sus 7303 64112 4 6 3 attackers:7303;victims:64112;type:1;valid_origin:True;recurrent:True;local:False
7303 64112 1 0 3
7303 64112 2 0 3
7303 64112 3 0 3
7303 64112 4 1 2
7303 64112 5 0 3
7303 64112 6 2 1
7303 64112 7 1 2
7303 64112 8 3 0
7303 64112 9 3 0
7303 64112 10 3 0
!sus 51202 60742 9 1 21 attackers:51202;victims:60742;type:1;valid_origin:True;recurrent:True;local:False
51202 60742 1 0 21
51202 60742 2 19 2
51202 60742 3 21 0
51202 60742 4 21 0
51202 60742 5 21 0
51202 60742 6 21 0
51202 60742 7 20 1
51202 60742 8 21 0
51202 60742 9 21 0
51202 60742 10 21 0
!sus 142132 152919 7 3 1 attackers:142132;victims:152919;type:1;valid_origin:True;recurrent:True;local:False
142132 152919 1 0 1
142132 152919 2 0 1
142132 152919 3 0 1
142132 152919 4 1 0
142132 152919 5 1 0
142132 152919 6 1 0
142132 152919 7 1 0
142132 152919 8 1 0
142132 152919 9 1 0
142132 152919 10 1 0
!leg 50629 209008 10 0 1 attackers:50629;victims:209008;type:1;valid_origin:True;recurrent:False;local:True
50629 209008 1 1 0
50629 209008 2 1 0
50629 209008 3 1 0
50629 209008 4 1 0
50629 209008 5 1 0
50629 209008 6 1 0
50629 209008 7 1 0
50629 209008 8 1 0
50629 209008 9 1 0
50629 209008 10 1 0
!sus 18229 203724 0 10 3 attackers:18229;victims:203724;type:1;valid_origin:True;recurrent:True;local:False
18229 203724 1 0 3
18229 203724 2 0 3
18229 203724 3 0 3
18229 203724 4 0 3
18229 203724 5 0 3
18229 203724 6 0 3
18229 203724 7 0 3
18229 203724 8 0 3
18229 203724 9 0 3
18229 203724 10 0 3
!sus 10233 62707 0 10 37 attackers:10233;victims:10233;type:2;valid_origin:True;recurrent:False;local:False
10233 62707 1 8 29
10233 62707 2 0 37
10233 62707 3 0 37
10233 62707 4 0 37
10233 62707 5 0 37
10233 62707 6 0 37
10233 62707 7 0 37
10233 62707 8 2 35
10233 62707 9 0 37
10233 62707 10 1 36
!sus 135572 142132 9 1 3 attackers:142132;victims:135572;type:1;valid_origin:True;recurrent:True;local:False
135572 142132 1 0 3
135572 142132 2 2 1
135572 142132 3 3 0
135572 142132 4 3 0
135572 142132 5 3 0
135572 142132 6 3 0
135572 142132 7 3 0
135572 142132 8 3 0
135572 142132 9 3 0
135572 142132 10 3 0
!sus 60171 329457 1 9 2 attackers:60171;victims:329457;type:1;valid_origin:True;recurrent:True;local:False
60171 329457 1 0 2
60171 329457 2 0 2
60171 329457 3 0 2
60171 329457 4 0 2
60171 329457 5 1 1
60171 329457 6 0 2
60171 329457 7 1 1
60171 329457 8 0 2
60171 329457 9 2 0
60171 329457 10 1 1
!leg 14259 268862 10 0 1 attackers:14259;victims:262725;type:2;valid_origin:True;recurrent:False;local:False
14259 268862 1 1 0
14259 268862 2 1 0
14259 268862 3 1 0
14259 268862 4 1 0
14259 268862 5 1 0
14259 268862 6 1 0
14259 268862 7 1 0
14259 268862 8 1 0
14259 268862 9 1 0
14259 268862 10 1 0
!leg 61696 62663 10 0 2 attackers:61696;victims:62663;type:1;valid_origin:True;recurrent:False;local:False
61696 62663 1 2 0
61696 62663 2 2 0
61696 62663 3 2 0
61696 62663 4 2 0
61696 62663 5 2 0
61696 62663 6 2 0
61696 62663 7 2 0
61696 62663 8 2 0
61696 62663 9 2 0
61696 62663 10 2 0
!sus 47272 199691 1 9 3 attackers:47272;victims:199691;type:1;valid_origin:True;recurrent:True;local:False
47272 199691 1 2 1
47272 199691 2 0 3
47272 199691 3 0 3
47272 199691 4 0 3
47272 199691 5 0 3
47272 199691 6 0 3
47272 199691 7 0 3
47272 199691 8 0 3
47272 199691 9 0 3
47272 199691 10 0 3
!sus 9425 151454 0 10 2 attackers:9425;victims:151454;type:1;valid_origin:True;recurrent:True;local:False
9425 151454 1 0 2
9425 151454 2 0 2
9425 151454 3 0 2
9425 151454 4 0 2
9425 151454 5 0 2
9425 151454 6 0 2
9425 151454 7 0 2
9425 151454 8 0 2
9425 151454 9 0 2
9425 151454 10 0 2
!sus 33659 51896 0 10 47 attackers:33659;victims:60539;type:3;valid_origin:True;recurrent:True;local:False
33659 51896 1 0 47
33659 51896 2 0 47
33659 51896 3 0 47
33659 51896 4 0 47
33659 51896 5 0 47
33659 51896 6 0 47
33659 51896 7 0 47
33659 51896 8 0 47
33659 51896 9 0 47
33659 51896 10 0 47
!sus 2 273535 0 10 24 attackers:273535;victims:2;type:1;valid_origin:True;recurrent:True;local:False
2 273535 1 0 24
2 273535 2 0 24
2 273535 3 0 24
2 273535 4 0 24
2 273535 5 0 24
2 273535 6 0 24
2 273535 7 0 24
2 273535 8 0 24
2 273535 9 0 24
2 273535 10 0 24
!leg 37645 142271 10 0 1 attackers:142271;victims:37645;type:1;valid_origin:True;recurrent:True;local:True
37645 142271 1 1 0
37645 142271 2 1 0
37645 142271 3 1 0
37645 142271 4 1 0
37645 142271 5 1 0
37645 142271 6 1 0
37645 142271 7 1 0
37645 142271 8 1 0
37645 142271 9 1 0
37645 142271 10 1 0
!sus 199717 214240 2 8 1 attackers:199717;victims:214240;type:1;valid_origin:True;recurrent:True;local:False
199717 214240 1 0 1
199717 214240 2 0 1
199717 214240 3 0 1
199717 214240 4 0 1
199717 214240 5 0 1
199717 214240 6 0 1
199717 214240 7 1 0
199717 214240 8 1 0
199717 214240 9 0 1
199717 214240 10 0 1
!leg 3 152698 10 0 1 attackers:152698;victims:3;type:1;valid_origin:False;recurrent:False;local:False
3 152698 1 1 0
3 152698 2 1 0
3 152698 3 1 0
3 152698 4 1 0
3 152698 5 1 0
3 152698 6 1 0
3 152698 7 1 0
3 152698 8 1 0
3 152698 9 1 0
3 152698 10 1 0
!leg 28198 271042 10 0 5 attackers:28198;victims:270641;type:2;valid_origin:True;recurrent:False;local:False
28198 271042 1 5 0
28198 271042 2 5 0
28198 271042 3 5 0
28198 271042 4 5 0
28198 271042 5 5 0
28198 271042 6 5 0
28198 271042 7 5 0
28198 271042 8 5 0
28198 271042 9 5 0
28198 271042 10 5 0
!leg 45899 140809 10 0 198 attackers:45899;victims:140809;type:1;valid_origin:True;recurrent:False;local:False
45899 140809 1 198 0
45899 140809 2 198 0
45899 140809 3 198 0
45899 140809 4 198 0
45899 140809 5 198 0
45899 140809 6 198 0
45899 140809 7 198 0
45899 140809 8 198 0
45899 140809 9 198 0
45899 140809 10 198 0
!leg 5588 49611 10 0 1 attackers:5588;victims:49611;type:1;valid_origin:True;recurrent:False;local:False
5588 49611 1 1 0
5588 49611 2 1 0
5588 49611 3 1 0
5588 49611 4 1 0
5588 49611 5 1 0
5588 49611 6 1 0
5588 49611 7 1 0
5588 49611 8 1 0
5588 49611 9 1 0
5588 49611 10 1 0
!sus 10233 38565 2 8 36 attackers:10233;victims:10233;type:2;valid_origin:True;recurrent:False;local:False
10233 38565 1 29 7
10233 38565 2 0 36
10233 38565 3 0 36
10233 38565 4 36 0
10233 38565 5 1 35
10233 38565 6 7 29
10233 38565 7 0 36
10233 38565 8 0 36
10233 38565 9 0 36
10233 38565 10 8 28
!sus 32787 201293 8 2 10 attackers:32787;victims:201293;type:1;valid_origin:True;recurrent:True;local:False
32787 201293 1 0 10
32787 201293 2 10 0
32787 201293 3 4 6
32787 201293 4 8 2
32787 201293 5 10 0
32787 201293 6 10 0
32787 201293 7 10 0
32787 201293 8 10 0
32787 201293 9 10 0
32787 201293 10 10 0
!sus 5852 12076 0 10 4 attackers:5852;victims:12076;type:1;valid_origin:True;recurrent:True;local:False
5852 12076 1 0 4
5852 12076 2 0 4
5852 12076 3 0 4
5852 12076 4 0 4
5852 12076 5 0 4
5852 12076 6 0 4
5852 12076 7 0 4
5852 12076 8 0 4
5852 12076 9 0 4
5852 12076 10 0 4
!sus 213220 213861 5 5 7 attackers:213220;victims:213861;type:1;valid_origin:True;recurrent:True;local:False
213220 213861 1 7 0
213220 213861 2 7 0
213220 213861 3 2 5
213220 213861 4 7 0
213220 213861 5 7 0
213220 213861 6 0 7
213220 213861 7 0 7
213220 213861 8 0 7
213220 213861 9 2 5
213220 213861 10 7 0
!sus 61138 62435 4 6 4 attackers:61138;victims:62435;type:1;valid_origin:True;recurrent:True;local:False
61138 62435 1 2 2
61138 62435 2 4 0
61138 62435 3 0 4
61138 62435 4 1 3
61138 62435 5 4 0
61138 62435 6 4 0
61138 62435 7 4 0
61138 62435 8 0 4
61138 62435 9 1 3
61138 62435 10 1 3
!sus 11331 32558 8 2 168 attackers:32558;victims:11331;type:1;valid_origin:True;recurrent:True;local:False
11331 32558 1 168 0
11331 32558 2 165 3
11331 32558 3 167 1
11331 32558 4 161 7
11331 32558 5 168 0
11331 32558 6 114 54
11331 32558 7 163 5
11331 32558 8 8 160
11331 32558 9 40 128
11331 32558 10 166 2
!sus 35313 212573 9 1 98 attackers:35313;victims:57324;type:4;valid_origin:True;recurrent:True;local:False
35313 212573 1 1 97
35313 212573 2 98 0
35313 212573 3 98 0
35313 212573 4 98 0
35313 212573 5 98 0
35313 212573 6 98 0
35313 212573 7 98 0
35313 212573 8 98 0
35313 212573 9 98 0
35313 212573 10 98 0
!sus 50053 51765 8 2 4 attackers:51765;victims:50053;type:1;valid_origin:True;recurrent:True;local:False
50053 51765 1 0 4
50053 51765 2 0 4
50053 51765 3 4 0
50053 51765 4 4 0
50053 51765 5 4 0
50053 51765 6 4 0
50053 51765 7 4 0
50053 51765 8 4 0
50053 51765 9 4 0
50053 51765 10 4 0
!sus 9425 151447 0 10 2 attackers:9425;victims:151447;type:1;valid_origin:True;recurrent:True;local:False
9425 151447 1 0 2
9425 151447 2 0 2
9425 151447 3 0 2
9425 151447 4 0 2
9425 151447 5 0 2
9425 151447 6 0 2
9425 151447 7 0 2
9425 151447 8 0 2
9425 151447 9 0 2
9425 151447 10 0 2
!sus 7843 398465 3 7 1 attackers:7843;victims:399296;type:2;valid_origin:True;recurrent:True;local:False
7843 398465 1 1 0
7843 398465 2 0 1
7843 398465 3 0 1
7843 398465 4 0 1
7843 398465 5 0 1
7843 398465 6 1 0
7843 398465 7 0 1
7843 398465 8 0 1
7843 398465 9 0 1
7843 398465 10 1 0
!sus 208972 216064 8 2 5 attackers:208972;victims:216064;type:1;valid_origin:True;recurrent:True;local:False
208972 216064 1 0 5
208972 216064 2 2 3
208972 216064 3 4 1
208972 216064 4 4 1
208972 216064 5 5 0
208972 216064 6 5 0
208972 216064 7 5 0
208972 216064 8 5 0
208972 216064 9 5 0
208972 216064 10 5 0
!sus 21995 22950 2 8 1 attackers:22950;victims:21995;type:1;valid_origin:True;recurrent:True;local:False
21995 22950 1 1 0
21995 22950 2 1 0
21995 22950 3 0 1
21995 22950 4 0 1
21995 22950 5 0 1
21995 22950 6 0 1
21995 22950 7 0 1
21995 22950 8 0 1
21995 22950 9 0 1
21995 22950 10 0 1
!sus 199275 206014 0 10 3 attackers:199275;victims:206014;type:1;valid_origin:True;recurrent:True;local:False
199275 206014 1 0 3
199275 206014 2 0 3
199275 206014 3 0 3
199275 206014 4 0 3
199275 206014 5 0 3
199275 206014 6 0 3
199275 206014 7 0 3
199275 206014 8 0 3
199275 206014 9 0 3
199275 206014 10 0 3
!sus 13335 139931 9 1 1 attackers:139931;victims:13335;type:1;valid_origin:True;recurrent:False;local:False
13335 139931 1 0 1
13335 139931 2 1 0
13335 139931 3 1 0
13335 139931 4 1 0
13335 139931 5 1 0
13335 139931 6 1 0
13335 139931 7 1 0
13335 139931 8 1 0
13335 139931 9 1 0
13335 139931 10 1 0
!sus 134176 203067 0 10 2 attackers:134176;victims:12390;type:2;valid_origin:True;recurrent:True;local:False
134176 203067 1 0 2
134176 203067 2 0 2
134176 203067 3 0 2
134176 203067 4 0 2
134176 203067 5 0 2
134176 203067 6 0 2
134176 203067 7 0 2
134176 203067 8 0 2
134176 203067 9 0 2
134176 203067 10 0 2
!leg 28368 264985 10 0 4 attackers:28368;victims:264985;type:1;valid_origin:True;recurrent:False;local:False
28368 264985 1 4 0
28368 264985 2 4 0
28368 264985 3 4 0
28368 264985 4 4 0
28368 264985 5 4 0
28368 264985 6 4 0
28368 264985 7 4 0
28368 264985 8 4 0
28368 264985 9 4 0
28368 264985 10 4 0
!sus 9425 151456 0 10 2 attackers:9425;victims:151456;type:1;valid_origin:True;recurrent:True;local:False
9425 151456 1 0 2
9425 151456 2 0 2
9425 151456 3 0 2
9425 151456 4 0 2
9425 151456 5 0 2
9425 151456 6 0 2
9425 151456 7 0 2
9425 151456 8 0 2
9425 151456 9 0 2
9425 151456 10 0 2
!sus 210233 213638 2 8 1 attackers:210233;victims:213638;type:1;valid_origin:True;recurrent:True;local:False
210233 213638 1 0 1
210233 213638 2 0 1
210233 213638 3 0 1
210233 213638 4 1 0
210233 213638 5 0 1
210233 213638 6 0 1
210233 213638 7 0 1
210233 213638 8 0 1
210233 213638 9 0 1
210233 213638 10 1 0
!sus 13876 401231 7 3 1 attackers:13876;victims:401231;type:1;valid_origin:True;recurrent:True;local:False
13876 401231 1 1 0
13876 401231 2 1 0
13876 401231 3 1 0
13876 401231 4 1 0
13876 401231 5 1 0
13876 401231 6 0 1
13876 401231 7 1 0
13876 401231 8 0 1
13876 401231 9 0 1
13876 401231 10 1 0
!sus 207841 214757 8 2 3 attackers:207841;victims:214757;type:1;valid_origin:True;recurrent:True;local:False
207841 214757 1 0 3
207841 214757 2 0 3
207841 214757 3 3 0
207841 214757 4 3 0
207841 214757 5 3 0
207841 214757 6 3 0
207841 214757 7 3 0
207841 214757 8 3 0
207841 214757 9 3 0
207841 214757 10 3 0
!sus 21245 57152 0 10 2 attackers:57152;victims:21245;type:1;valid_origin:True;recurrent:True;local:False
21245 57152 1 0 2
21245 57152 2 0 2
21245 57152 3 0 2
21245 57152 4 0 2
21245 57152 5 0 2
21245 57152 6 0 2
21245 57152 7 1 1
21245 57152 8 1 1
21245 57152 9 1 1
21245 57152 10 1 1
!sus 60223 198154 0 10 722 attackers:60223;victims:198154;type:1;valid_origin:True;recurrent:True;local:False
60223 198154 1 0 722
60223 198154 2 0 722
60223 198154 3 0 722
60223 198154 4 0 722
60223 198154 5 0 722
60223 198154 6 0 722
60223 198154 7 0 722
60223 198154 8 0 722
60223 198154 9 0 722
60223 198154 10 0 722
!leg 52320 272167 10 0 1 attackers:272167;victims:52671;type:4;valid_origin:True;recurrent:False;local:False
52320 272167 1 1 0
52320 272167 2 1 0
52320 272167 3 1 0
52320 272167 4 1 0
52320 272167 5 1 0
52320 272167 6 1 0
52320 272167 7 1 0
52320 272167 8 1 0
52320 272167 9 1 0
52320 272167 10 1 0
!sus 138915 140666 0 10 14 attackers:140666;victims:138915;type:1;valid_origin:True;recurrent:True;local:False
138915 140666 1 0 14
138915 140666 2 0 14
138915 140666 3 0 14
138915 140666 4 0 14
138915 140666 5 0 14
138915 140666 6 0 14
138915 140666 7 0 14
138915 140666 8 0 14
138915 140666 9 1 13
138915 140666 10 0 14
