!sus 200529 216164 0 10 170 attackers:216164;victims:200529;type:1;valid_origin:True;recurrent:True;local:False
200529 216164 1 0 170
200529 216164 2 0 170
200529 216164 3 0 170
200529 216164 4 4 166
200529 216164 5 2 168
200529 216164 6 5 165
200529 216164 7 5 165
200529 216164 8 7 163
200529 216164 9 10 160
200529 216164 10 13 157
!sus 153522 215828 3 7 82 attackers:215828;victims:153522;type:1;valid_origin:False;recurrent:True;local:False
153522 215828 1 0 82
153522 215828 2 14 68
153522 215828 3 22 60
153522 215828 4 27 55
153522 215828 5 25 57
153522 215828 6 36 46
153522 215828 7 28 54
153522 215828 8 47 35
153522 215828 9 43 39
153522 215828 10 52 30
!sus 15830 213939 7 3 7 attackers:15830;victims:213939;type:1;valid_origin:True;recurrent:True;local:False
15830 213939 1 6 1
15830 213939 2 4 3
15830 213939 3 2 5
15830 213939 4 3 4
15830 213939 5 6 1
15830 213939 6 6 1
15830 213939 7 6 1
15830 213939 8 6 1
15830 213939 9 4 3
15830 213939 10 0 7
!sus 35661 41589 9 1 169 attackers:35661;victims:41589;type:1;valid_origin:True;recurrent:True;local:False
35661 41589 1 57 112
35661 41589 2 132 37
35661 41589 3 165 4
35661 41589 4 168 1
35661 41589 5 168 1
35661 41589 6 168 1
35661 41589 7 168 1
35661 41589 8 168 1
35661 41589 9 169 0
35661 41589 10 169 0
!leg 7195 269344 10 0 3 attackers:7195;victims:269344;type:1;valid_origin:True;recurrent:False;local:False
7195 269344 1 3 0
7195 269344 2 3 0
7195 269344 3 3 0
7195 269344 4 3 0
7195 269344 5 3 0
7195 269344 6 3 0
7195 269344 7 3 0
7195 269344 8 3 0
7195 269344 9 3 0
7195 269344 10 3 0
!sus 209735 213626 1 9 44 attackers:209735;victims:213626;type:1;valid_origin:True;recurrent:True;local:False
209735 213626 1 8 36
209735 213626 2 8 36
209735 213626 3 11 33
209735 213626 4 8 36
209735 213626 5 15 29
209735 213626 6 8 36
209735 213626 7 9 35
209735 213626 8 9 35
209735 213626 9 10 34
209735 213626 10 32 12
!leg 23956 138192 10 0 2 attackers:23956;victims:138192;type:1;valid_origin:True;recurrent:False;local:False
23956 138192 1 2 0
23956 138192 2 2 0
23956 138192 3 2 0
23956 138192 4 2 0
23956 138192 5 2 0
23956 138192 6 2 0
23956 138192 7 2 0
23956 138192 8 2 0
23956 138192 9 2 0
23956 138192 10 2 0
!leg 150178 150385 10 0 130 attackers:150178;victims:150385;type:1;valid_origin:True;recurrent:False;local:False
150178 150385 1 130 0
150178 150385 2 130 0
150178 150385 3 130 0
150178 150385 4 130 0
150178 150385 5 130 0
150178 150385 6 130 0
150178 150385 7 130 0
150178 150385 8 130 0
150178 150385 9 130 0
150178 150385 10 130 0
!leg 10202 19551 10 0 66 attackers:19551;victims:10202;type:1;valid_origin:True;recurrent:False;local:False
10202 19551 1 54 12
10202 19551 2 61 5
10202 19551 3 65 1
10202 19551 4 66 0
10202 19551 5 66 0
10202 19551 6 66 0
10202 19551 7 66 0
10202 19551 8 66 0
10202 19551 9 66 0
10202 19551 10 66 0
!sus 132781 153318 0 10 4 attackers:132781;victims:153318;type:1;valid_origin:True;recurrent:True;local:False
132781 153318 1 1 3
132781 153318 2 1 3
132781 153318 3 1 3
132781 153318 4 1 3
132781 153318 5 1 3
132781 153318 6 1 3
132781 153318 7 1 3
132781 153318 8 1 3
132781 153318 9 1 3
132781 153318 10 1 3
!sus 20473 213629 9 1 221 attackers:20473;victims:213629;type:1,3;valid_origin:True;recurrent:True;local:False
20473 213629 1 149 72
20473 213629 2 170 51
20473 213629 3 147 74
20473 213629 4 121 100
20473 213629 5 168 53
20473 213629 6 70 151
20473 213629 7 141 80
20473 213629 8 146 75
20473 213629 9 125 96
20473 213629 10 150 71
!sus 49542 215540 9 1 12 attackers:49542;victims:215540;type:1;valid_origin:False;recurrent:True;local:False
49542 215540 1 0 12
49542 215540 2 10 2
49542 215540 3 12 0
49542 215540 4 12 0
49542 215540 5 12 0
49542 215540 6 12 0
49542 215540 7 12 0
49542 215540 8 12 0
49542 215540 9 12 0
49542 215540 10 12 0
!sus 262179 263812 0 10 5 attackers:262179;victims:263812;type:1;valid_origin:True;recurrent:True;local:False
262179 263812 1 0 5
262179 263812 2 0 5
262179 263812 3 1 4
262179 263812 4 2 3
262179 263812 5 2 3
262179 263812 6 2 3
262179 263812 7 2 3
262179 263812 8 2 3
262179 263812 9 2 3
262179 263812 10 2 3
!sus 7492 9249 0 10 18 attackers:7492;victims:9249;type:1;valid_origin:True;recurrent:True;local:False
7492 9249 1 0 18
7492 9249 2 0 18
7492 9249 3 0 18
7492 9249 4 0 18
7492 9249 5 0 18
7492 9249 6 0 18
7492 9249 7 0 18
7492 9249 8 0 18
7492 9249 9 0 18
7492 9249 10 0 18
!leg 21700 54098 10 0 9 attackers:21700;victims:54098;type:1;valid_origin:True;recurrent:False;local:False
21700 54098 1 9 0
21700 54098 2 9 0
21700 54098 3 9 0
21700 54098 4 9 0
21700 54098 5 9 0
21700 54098 6 9 0
21700 54098 7 9 0
21700 54098 8 9 0
21700 54098 9 9 0
21700 54098 10 9 0
!sus 9664 152179 0 10 204 attackers:9664;victims:152179;type:1;valid_origin:True;recurrent:True;local:False
9664 152179 1 21 183
9664 152179 2 24 180
9664 152179 3 20 184
9664 152179 4 86 118
9664 152179 5 81 123
9664 152179 6 64 140
9664 152179 7 95 109
9664 152179 8 68 136
9664 152179 9 63 141
9664 152179 10 66 138
!sus 135905 139057 0 10 69 attackers:135905;victims:139057;type:1;valid_origin:True;recurrent:True;local:False
135905 139057 1 0 69
135905 139057 2 0 69
135905 139057 3 0 69
135905 139057 4 0 69
135905 139057 5 0 69
135905 139057 6 0 69
135905 139057 7 0 69
135905 139057 8 0 69
135905 139057 9 5 64
135905 139057 10 2 67
!leg 211557 213568 10 0 45 attackers:211557;victims:213568;type:1;valid_origin:False;recurrent:False;local:False
211557 213568 1 45 0
211557 213568 2 45 0
211557 213568 3 45 0
211557 213568 4 45 0
211557 213568 5 45 0
211557 213568 6 45 0
211557 213568 7 45 0
211557 213568 8 45 0
211557 213568 9 45 0
211557 213568 10 45 0
!leg 61696 262706 10 0 1 attackers:61696;victims:262706;type:1;valid_origin:True;recurrent:False;local:False
61696 262706 1 1 0
61696 262706 2 1 0
61696 262706 3 1 0
61696 262706 4 1 0
61696 262706 5 1 0
61696 262706 6 1 0
61696 262706 7 1 0
61696 262706 8 1 0
61696 262706 9 1 0
61696 262706 10 1 0
!sus 41051 213758 0 10 2 attackers:41051;victims:213758;type:1;valid_origin:True;recurrent:True;local:False
41051 213758 1 0 2
41051 213758 2 0 2
41051 213758 3 0 2
41051 213758 4 0 2
41051 213758 5 0 2
41051 213758 6 0 2
41051 213758 7 1 1
41051 213758 8 0 2
41051 213758 9 0 2
41051 213758 10 1 1
!sus 139311 152671 0 10 16 attackers:139311;victims:152671;type:1;valid_origin:True;recurrent:True;local:False
139311 152671 1 0 16
139311 152671 2 0 16
139311 152671 3 0 16
139311 152671 4 0 16
139311 152671 5 0 16
139311 152671 6 0 16
139311 152671 7 0 16
139311 152671 8 0 16
139311 152671 9 0 16
139311 152671 10 0 16
!sus 139317 142433 7 3 25 attackers:139317;victims:142433;type:1;valid_origin:True;recurrent:True;local:False
139317 142433 1 9 16
139317 142433 2 10 15
139317 142433 3 11 14
139317 142433 4 14 11
139317 142433 5 13 12
139317 142433 6 15 10
139317 142433 7 16 9
139317 142433 8 14 11
139317 142433 9 16 9
139317 142433 10 16 9
!sus 24017 55731 0 10 6 attackers:24017;victims:55731;type:1;valid_origin:True;recurrent:True;local:False
24017 55731 1 1 5
24017 55731 2 1 5
24017 55731 3 1 5
24017 55731 4 1 5
24017 55731 5 1 5
24017 55731 6 1 5
24017 55731 7 1 5
24017 55731 8 1 5
24017 55731 9 1 5
24017 55731 10 1 5
!sus 202425 214295 0 10 4 attackers:202425;victims:214295;type:1;valid_origin:True;recurrent:True;local:False
202425 214295 1 0 4
202425 214295 2 0 4
202425 214295 3 0 4
202425 214295 4 0 4
202425 214295 5 2 2
202425 214295 6 0 4
202425 214295 7 0 4
202425 214295 8 0 4
202425 214295 9 2 2
202425 214295 10 0 4
!sus 57463 207748 8 2 1 attackers:57463;victims:207748;type:1;valid_origin:True;recurrent:True;local:True
57463 207748 1 0 1
57463 207748 2 0 1
57463 207748 3 1 0
57463 207748 4 1 0
57463 207748 5 1 0
57463 207748 6 1 0
57463 207748 7 1 0
57463 207748 8 1 0
57463 207748 9 1 0
57463 207748 10 1 0
!leg 52925 267068 10 0 79 attackers:52925;victims:267068;type:1;valid_origin:True;recurrent:False;local:False
52925 267068 1 79 0
52925 267068 2 79 0
52925 267068 3 79 0
52925 267068 4 79 0
52925 267068 5 79 0
52925 267068 6 79 0
52925 267068 7 79 0
52925 267068 8 79 0
52925 267068 9 79 0
52925 267068 10 79 0
!leg 8359 196925 10 0 2 attackers:8359;victims:42779,197830;type:2;valid_origin:True;recurrent:False;local:False
8359 196925 1 2 0
8359 196925 2 2 0
8359 196925 3 2 0
8359 196925 4 2 0
8359 196925 5 2 0
8359 196925 6 2 0
8359 196925 7 2 0
8359 196925 8 2 0
8359 196925 9 2 0
8359 196925 10 2 0
!sus 9507 60068 9 1 42 attackers:9507;victims:60068,212238,136787;type:1,2;valid_origin:True;recurrent:True;local:False
9507 60068 1 19 23
9507 60068 2 23 19
9507 60068 3 25 17
9507 60068 4 30 12
9507 60068 5 25 17
9507 60068 6 25 17
9507 60068 7 33 9
9507 60068 8 33 9
9507 60068 9 33 9
9507 60068 10 36 6
!sus 37662 329427 2 8 6 attackers:37662;victims:329427;type:1;valid_origin:True;recurrent:True;local:False
37662 329427 1 4 2
37662 329427 2 0 6
37662 329427 3 4 2
37662 329427 4 2 4
37662 329427 5 1 5
37662 329427 6 0 6
37662 329427 7 0 6
37662 329427 8 0 6
37662 329427 9 0 6
37662 329427 10 0 6
!leg 262355 263903 10 0 1 attackers:262355;victims:264120;type:2;valid_origin:False;recurrent:False;local:False
262355 263903 1 1 0
262355 263903 2 1 0
262355 263903 3 1 0
262355 263903 4 1 0
262355 263903 5 1 0
262355 263903 6 1 0
262355 263903 7 1 0
262355 263903 8 1 0
262355 263903 9 1 0
262355 263903 10 1 0
!sus 56971 214174 0 10 48 attackers:214174;victims:56971;type:1;valid_origin:True;recurrent:True;local:False
56971 214174 1 0 48
56971 214174 2 0 48
56971 214174 3 0 48
56971 214174 4 0 48
56971 214174 5 0 48
56971 214174 6 0 48
56971 214174 7 0 48
56971 214174 8 0 48
56971 214174 9 0 48
56971 214174 10 0 48
!sus 1299 11664 8 2 13 attackers:1299;victims:11664;type:1;valid_origin:True;recurrent:True;local:False
1299 11664 1 4 9
1299 11664 2 6 7
1299 11664 3 7 6
1299 11664 4 9 4
1299 11664 5 12 1
1299 11664 6 12 1
1299 11664 7 12 1
1299 11664 8 12 1
1299 11664 9 12 1
1299 11664 10 12 1
!sus 12956 28665 0 10 1 attackers:12956;victims:28665;type:1;valid_origin:True;recurrent:True;local:False
12956 28665 1 0 1
12956 28665 2 0 1
12956 28665 3 0 1
12956 28665 4 0 1
12956 28665 5 0 1
12956 28665 6 0 1
12956 28665 7 0 1
12956 28665 8 0 1
12956 28665 9 0 1
12956 28665 10 0 1
!sus 52025 401214 3 7 155 attackers:52025;victims:401214;type:1;valid_origin:True;recurrent:True;local:False
52025 401214 1 0 155
52025 401214 2 0 155
52025 401214 3 0 155
52025 401214 4 0 155
52025 401214 5 0 155
52025 401214 6 3 152
52025 401214 7 94 61
52025 401214 8 89 66
52025 401214 9 125 30
52025 401214 10 67 88
!leg 264983 273568 10 0 2 attackers:273568;victims:264983;type:1;valid_origin:True;recurrent:False;local:False
264983 273568 1 2 0
264983 273568 2 2 0
264983 273568 3 2 0
264983 273568 4 2 0
264983 273568 5 2 0
264983 273568 6 2 0
264983 273568 7 2 0
264983 273568 8 2 0
264983 273568 9 2 0
264983 273568 10 2 0
!sus 152900 212085 0 10 92 attackers:152900;victims:212085;type:1;valid_origin:True;recurrent:False;local:False
152900 212085 1 0 92
152900 212085 2 0 92
152900 212085 3 3 89
152900 212085 4 6 86
152900 212085 5 6 86
152900 212085 6 6 86
152900 212085 7 7 85
152900 212085 8 6 86
152900 212085 9 7 85
152900 212085 10 7 85
!sus 11621 23352 0 10 1 attackers:23352;victims:1162;type:2;valid_origin:False;recurrent:False;local:False
11621 23352 1 0 1
11621 23352 2 0 1
11621 23352 3 0 1
11621 23352 4 0 1
11621 23352 5 0 1
11621 23352 6 0 1
11621 23352 7 0 1
11621 23352 8 0 1
11621 23352 9 0 1
11621 23352 10 0 1
!leg 7195 52729 10 0 3 attackers:7195;victims:268401;type:2;valid_origin:True;recurrent:False;local:False
7195 52729 1 3 0
7195 52729 2 3 0
7195 52729 3 3 0
7195 52729 4 3 0
7195 52729 5 3 0
7195 52729 6 3 0
7195 52729 7 3 0
7195 52729 8 3 0
7195 52729 9 3 0
7195 52729 10 3 0
!sus 8717 43205 0 10 2 attackers:43205;victims:8717;type:1;valid_origin:True;recurrent:True;local:False
8717 43205 1 0 2
8717 43205 2 0 2
8717 43205 3 0 2
8717 43205 4 0 2
8717 43205 5 0 2
8717 43205 6 0 2
8717 43205 7 0 2
8717 43205 8 0 2
8717 43205 9 0 2
8717 43205 10 0 2
!sus 44103 215561 7 3 73 attackers:44103;victims:215561;type:1;valid_origin:True;recurrent:True;local:False
44103 215561 1 7 66
44103 215561 2 25 48
44103 215561 3 27 46
44103 215561 4 45 28
44103 215561 5 54 19
44103 215561 6 69 4
44103 215561 7 57 16
44103 215561 8 69 4
44103 215561 9 60 13
44103 215561 10 70 3
!sus 48003 198949 9 1 2 attackers:198949;victims:48003;type:1;valid_origin:True;recurrent:True;local:False
48003 198949 1 0 2
48003 198949 2 2 0
48003 198949 3 2 0
48003 198949 4 2 0
48003 198949 5 2 0
48003 198949 6 2 0
48003 198949 7 2 0
48003 198949 8 2 0
48003 198949 9 2 0
48003 198949 10 2 0
!sus 214022 214809 0 10 227 attackers:214809;victims:214022;type:1;valid_origin:True;recurrent:True;local:False
214022 214809 1 4 223
214022 214809 2 14 213
214022 214809 3 16 211
214022 214809 4 19 208
214022 214809 5 21 206
214022 214809 6 26 201
214022 214809 7 25 202
214022 214809 8 28 199
214022 214809 9 29 198
214022 214809 10 39 188
!leg 262191 273221 10 0 48 attackers:262191;victims:273221;type:1;valid_origin:True;recurrent:False;local:False
262191 273221 1 48 0
262191 273221 2 48 0
262191 273221 3 48 0
262191 273221 4 48 0
262191 273221 5 48 0
262191 273221 6 48 0
262191 273221 7 48 0
262191 273221 8 48 0
262191 273221 9 48 0
262191 273221 10 48 0
!sus 8772 34800 7 3 70 attackers:8772;victims:34800;type:1;valid_origin:True;recurrent:True;local:False
8772 34800 1 5 65
8772 34800 2 9 61
8772 34800 3 20 50
8772 34800 4 41 29
8772 34800 5 42 28
8772 34800 6 45 25
8772 34800 7 46 24
8772 34800 8 52 18
8772 34800 9 60 10
8772 34800 10 63 7
!leg 9441 58685 10 0 1 attackers:9441;victims:135030;type:2;valid_origin:True;recurrent:False;local:False
9441 58685 1 1 0
9441 58685 2 1 0
9441 58685 3 1 0
9441 58685 4 1 0
9441 58685 5 1 0
9441 58685 6 1 0
9441 58685 7 1 0
9441 58685 8 1 0
9441 58685 9 1 0
9441 58685 10 1 0
!leg 17433 215672 10 0 78 attackers:17433;victims:215672;type:1;valid_origin:False;recurrent:False;local:False
17433 215672 1 78 0
17433 215672 2 78 0
17433 215672 3 78 0
17433 215672 4 78 0
17433 215672 5 78 0
17433 215672 6 78 0
17433 215672 7 78 0
17433 215672 8 78 0
17433 215672 9 78 0
17433 215672 10 78 0
!sus 19577 200454 1 9 42 attackers:19577;victims:200454;type:1;valid_origin:True;recurrent:True;local:False
19577 200454 1 23 19
19577 200454 2 0 42
19577 200454 3 0 42
19577 200454 4 8 34
19577 200454 5 1 41
19577 200454 6 1 41
19577 200454 7 0 42
19577 200454 8 1 41
19577 200454 9 1 41
19577 200454 10 1 41
!sus 15830 213815 6 4 8 attackers:15830;victims:213815;type:1;valid_origin:True;recurrent:True;local:False
15830 213815 1 7 1
15830 213815 2 5 3
15830 213815 3 2 6
15830 213815 4 3 5
15830 213815 5 7 1
15830 213815 6 7 1
15830 213815 7 7 1
15830 213815 8 7 1
15830 213815 9 4 4
15830 213815 10 0 8
!sus 394082 399989 8 2 2 attackers:399989;victims:394082;type:1;valid_origin:False;recurrent:True;local:False
394082 399989 1 2 0
394082 399989 2 2 0
394082 399989 3 2 0
394082 399989 4 2 0
394082 399989 5 2 0
394082 399989 6 2 0
394082 399989 7 2 0
394082 399989 8 2 0
394082 399989 9 0 2
394082 399989 10 0 2
!sus 6939 213808 0 10 5 attackers:6939;victims:64433;type:2;valid_origin:True;recurrent:True;local:False
6939 213808 1 1 4
6939 213808 2 0 5
6939 213808 3 1 4
6939 213808 4 1 4
6939 213808 5 1 4
6939 213808 6 1 4
6939 213808 7 1 4
6939 213808 8 1 4
6939 213808 9 1 4
6939 213808 10 2 3
!sus 1162 11621 0 10 1 attackers:11621;victims:1162;type:1;valid_origin:False;recurrent:False;local:False
1162 11621 1 0 1
1162 11621 2 0 1
1162 11621 3 0 1
1162 11621 4 0 1
1162 11621 5 0 1
1162 11621 6 0 1
1162 11621 7 0 1
1162 11621 8 0 1
1162 11621 9 0 1
1162 11621 10 0 1
!leg 3356 26955 10 0 9 attackers:3356;victims:26955;type:1;valid_origin:True;recurrent:False;local:False
3356 26955 1 9 0
3356 26955 2 9 0
3356 26955 3 9 0
3356 26955 4 9 0
3356 26955 5 9 0
3356 26955 6 9 0
3356 26955 7 9 0
3356 26955 8 9 0
3356 26955 9 9 0
3356 26955 10 9 0
!sus 265590 273253 1 9 2 attackers:265590;victims:273253;type:1;valid_origin:True;recurrent:True;local:False
265590 273253 1 2 0
265590 273253 2 1 1
265590 273253 3 0 2
265590 273253 4 1 1
265590 273253 5 1 1
265590 273253 6 0 2
265590 273253 7 1 1
265590 273253 8 1 1
265590 273253 9 0 2
265590 273253 10 0 2
!sus 268314 273730 2 8 2 attackers:273730;victims:268314;type:1;valid_origin:True;recurrent:True;local:False
268314 273730 1 0 2
268314 273730 2 0 2
268314 273730 3 0 2
268314 273730 4 0 2
268314 273730 5 1 1
268314 273730 6 2 0
268314 273730 7 1 1
268314 273730 8 1 1
268314 273730 9 2 0
268314 273730 10 1 1
!sus 136038 136308 7 3 28 attackers:136038;victims:136038;type:2;valid_origin:True;recurrent:True;local:False
136038 136308 1 0 28
136038 136308 2 0 28
136038 136308 3 0 28
136038 136308 4 24 4
136038 136308 5 15 13
136038 136308 6 16 12
136038 136308 7 28 0
136038 136308 8 28 0
136038 136308 9 28 0
136038 136308 10 28 0
!sus 13004 44477 0 10 4 attackers:13004;victims:44477;type:1;valid_origin:True;recurrent:True;local:False
13004 44477 1 0 4
13004 44477 2 0 4
13004 44477 3 0 4
13004 44477 4 0 4
13004 44477 5 0 4
13004 44477 6 0 4
13004 44477 7 0 4
13004 44477 8 0 4
13004 44477 9 0 4
13004 44477 10 2 2
!sus 52758 274660 8 2 3 attackers:52758;victims:274660;type:1;valid_origin:True;recurrent:True;local:False
52758 274660 1 3 0
52758 274660 2 3 0
52758 274660 3 3 0
52758 274660 4 3 0
52758 274660 5 3 0
52758 274660 6 2 1
52758 274660 7 3 0
52758 274660 8 2 1
52758 274660 9 0 3
52758 274660 10 0 3
!sus 42473 47872 0 10 1 attackers:42473;victims:42473;type:4;valid_origin:True;recurrent:True;local:True
42473 47872 1 0 1
42473 47872 2 0 1
42473 47872 3 0 1
42473 47872 4 0 1
42473 47872 5 0 1
42473 47872 6 0 1
42473 47872 7 0 1
42473 47872 8 0 1
42473 47872 9 0 1
42473 47872 10 0 1
!leg 3223 215667 10 0 200 attackers:3223;victims:215667;type:1;valid_origin:True;recurrent:False;local:False
3223 215667 1 105 95
3223 215667 2 179 21
3223 215667 3 198 2
3223 215667 4 199 1
3223 215667 5 199 1
3223 215667 6 198 2
3223 215667 7 200 0
3223 215667 8 200 0
3223 215667 9 198 2
3223 215667 10 200 0
!sus 265798 273965 4 6 1 attackers:265798;victims:273965;type:1;valid_origin:True;recurrent:True;local:False
265798 273965 1 1 0
265798 273965 2 1 0
265798 273965 3 0 1
265798 273965 4 1 0
265798 273965 5 1 0
265798 273965 6 0 1
265798 273965 7 0 1
265798 273965 8 0 1
265798 273965 9 0 1
265798 273965 10 0 1
!leg 3303 6837 10 0 155 attackers:3303;victims:6837;type:1;valid_origin:True;recurrent:False;local:False
3303 6837 1 83 72
3303 6837 2 95 60
3303 6837 3 118 37
3303 6837 4 133 22
3303 6837 5 133 22
3303 6837 6 141 14
3303 6837 7 141 14
3303 6837 8 143 12
3303 6837 9 146 9
3303 6837 10 145 10
!sus 19711 30619 0 10 9 attackers:30619;victims:32398,37510,328531,10798,328690,19711,327765,328169;type:1,2;valid_origin:False;recurrent:True;local:False
19711 30619 1 0 9
19711 30619 2 0 9
19711 30619 3 0 9
19711 30619 4 0 9
19711 30619 5 0 9
19711 30619 6 0 9
19711 30619 7 0 9
19711 30619 8 0 9
19711 30619 9 3 6
19711 30619 10 1 8
!sus 26425 270439 3 7 3 attackers:270439;victims:26425;type:1;valid_origin:False;recurrent:True;local:False
26425 270439 1 0 3
26425 270439 2 0 3
26425 270439 3 0 3
26425 270439 4 0 3
26425 270439 5 2 1
26425 270439 6 2 1
26425 270439 7 0 3
26425 270439 8 1 2
26425 270439 9 1 2
26425 270439 10 2 1
!leg 7195 269076 10 0 2 attackers:7195;victims:269076;type:1;valid_origin:True;recurrent:False;local:False
7195 269076 1 2 0
7195 269076 2 2 0
7195 269076 3 2 0
7195 269076 4 2 0
7195 269076 5 2 0
7195 269076 6 2 0
7195 269076 7 2 0
7195 269076 8 2 0
7195 269076 9 2 0
7195 269076 10 2 0
!leg 3356 11453 10 0 2 attackers:3356;victims:11453;type:1;valid_origin:False;recurrent:True;local:False
3356 11453 1 2 0
3356 11453 2 2 0
3356 11453 3 2 0
3356 11453 4 2 0
3356 11453 5 2 0
3356 11453 6 2 0
3356 11453 7 2 0
3356 11453 8 2 0
3356 11453 9 2 0
3356 11453 10 2 0
!sus 5 214382 7 3 121 attackers:214382;victims:5,214041;type:1,2;valid_origin:False;recurrent:False;local:False
5 214382 1 0 121
5 214382 2 0 121
5 214382 3 2 119
5 214382 4 66 55
5 214382 5 77 44
5 214382 6 79 42
5 214382 7 66 55
5 214382 8 97 24
5 214382 9 114 7
5 214382 10 104 17
!sus 2734 262415 7 3 3 attackers:2734;victims:262415;type:1;valid_origin:False;recurrent:True;local:False
2734 262415 1 0 3
2734 262415 2 0 3
2734 262415 3 0 3
2734 262415 4 2 1
2734 262415 5 3 0
2734 262415 6 3 0
2734 262415 7 3 0
2734 262415 8 3 0
2734 262415 9 3 0
2734 262415 10 3 0
!leg 47400 214961 10 0 5 attackers:47400;victims:214961;type:1;valid_origin:True;recurrent:False;local:False
47400 214961 1 5 0
47400 214961 2 5 0
47400 214961 3 5 0
47400 214961 4 5 0
47400 214961 5 5 0
47400 214961 6 5 0
47400 214961 7 5 0
47400 214961 8 5 0
47400 214961 9 5 0
47400 214961 10 5 0
!sus 213691 216334 7 3 8 attackers:216334;victims:213691;type:1;valid_origin:True;recurrent:True;local:False
213691 216334 1 8 0
213691 216334 2 8 0
213691 216334 3 6 2
213691 216334 4 6 2
213691 216334 5 8 0
213691 216334 6 7 1
213691 216334 7 7 1
213691 216334 8 0 8
213691 216334 9 0 8
213691 216334 10 0 8
!sus 27524 198831 7 3 297 attackers:198831;victims:27524;type:1;valid_origin:True;recurrent:True;local:False
27524 198831 1 0 297
27524 198831 2 0 297
27524 198831 3 0 297
27524 198831 4 224 73
27524 198831 5 205 92
27524 198831 6 273 24
27524 198831 7 278 19
27524 198831 8 266 31
27524 198831 9 294 3
27524 198831 10 294 3
!sus 25620 270038 2 8 2 attackers:25620;victims:270038;type:1;valid_origin:True;recurrent:True;local:False
25620 270038 1 0 2
25620 270038 2 0 2
25620 270038 3 0 2
25620 270038 4 0 2
25620 270038 5 1 1
25620 270038 6 1 1
25620 270038 7 1 1
25620 270038 8 2 0
25620 270038 9 1 1
25620 270038 10 2 0
!sus 41264 327727 9 1 3 attackers:327727;victims:41264;type:1;valid_origin:True;recurrent:True;local:False
41264 327727 1 0 3
41264 327727 2 3 0
41264 327727 3 3 0
41264 327727 4 3 0
41264 327727 5 3 0
41264 327727 6 3 0
41264 327727 7 3 0
41264 327727 8 3 0
41264 327727 9 3 0
41264 327727 10 3 0
!sus 12488 52025 0 10 1 attackers:12488;victims:52025;type:1;valid_origin:True;recurrent:True;local:False
12488 52025 1 0 1
12488 52025 2 0 1
12488 52025 3 0 1
12488 52025 4 0 1
12488 52025 5 0 1
12488 52025 6 0 1
12488 52025 7 0 1
12488 52025 8 0 1
12488 52025 9 0 1
12488 52025 10 0 1
!sus 23674 45474 7 3 23 attackers:45474;victims:23674;type:1;valid_origin:True;recurrent:False;local:False
23674 45474 1 0 23
23674 45474 2 13 10
23674 45474 3 9 14
23674 45474 4 11 12
23674 45474 5 12 11
23674 45474 6 13 10
23674 45474 7 21 2
23674 45474 8 14 9
23674 45474 9 21 2
23674 45474 10 23 0
!sus 8434 8642 4 6 2 attackers:8434;victims:8642;type:1;valid_origin:True;recurrent:True;local:False
8434 8642 1 2 0
8434 8642 2 2 0
8434 8642 3 1 1
8434 8642 4 2 0
8434 8642 5 2 0
8434 8642 6 1 1
8434 8642 7 1 1
8434 8642 8 1 1
8434 8642 9 1 1
8434 8642 10 1 1
!sus 16552 270776 8 2 4 attackers:270776;victims:397234;type:3;valid_origin:True;recurrent:True;local:False
16552 270776 1 1 3
16552 270776 2 2 2
16552 270776 3 3 1
16552 270776 4 3 1
16552 270776 5 4 0
16552 270776 6 3 1
16552 270776 7 4 0
16552 270776 8 3 1
16552 270776 9 4 0
16552 270776 10 4 0
!sus 51019 215680 8 2 26 attackers:215680;victims:51019;type:1;valid_origin:True;recurrent:True;local:False
51019 215680 1 0 26
51019 215680 2 12 14
51019 215680 3 17 9
51019 215680 4 19 7
51019 215680 5 19 7
51019 215680 6 19 7
51019 215680 7 19 7
51019 215680 8 21 5
51019 215680 9 22 4
51019 215680 10 22 4
!sus 29049 50959 8 2 186 attackers:29049;victims:203971,50959,204986,205367;type:1,2,3;valid_origin:True;recurrent:True;local:False
29049 50959 1 21 165
29049 50959 2 71 115
29049 50959 3 153 33
29049 50959 4 177 9
29049 50959 5 152 34
29049 50959 6 182 4
29049 50959 7 178 8
29049 50959 8 182 4
29049 50959 9 163 23
29049 50959 10 171 15
!leg 7195 267446 10 0 2 attackers:7195;victims:267446;type:1;valid_origin:True;recurrent:False;local:False
7195 267446 1 2 0
7195 267446 2 2 0
7195 267446 3 2 0
7195 267446 4 2 0
7195 267446 5 2 0
7195 267446 6 2 0
7195 267446 7 2 0
7195 267446 8 2 0
7195 267446 9 2 0
7195 267446 10 2 0
!leg 52025 401593 10 0 53 attackers:52025;victims:401593;type:1;valid_origin:True;recurrent:False;local:False
52025 401593 1 53 0
52025 401593 2 53 0
52025 401593 3 53 0
52025 401593 4 53 0
52025 401593 5 53 0
52025 401593 6 53 0
52025 401593 7 53 0
52025 401593 8 53 0
52025 401593 9 53 0
52025 401593 10 53 0
!sus 252855 262855 3 7 2 attackers:262855;victims:262855;type:2;valid_origin:True;recurrent:True;local:False
252855 262855 1 2 0
252855 262855 2 1 1
252855 262855 3 1 1
252855 262855 4 1 1
252855 262855 5 1 1
252855 262855 6 2 0
252855 262855 7 2 0
252855 262855 8 0 2
252855 262855 9 0 2
252855 262855 10 0 2
!sus 151194 198025 0 10 3 attackers:151194;victims:198025;type:1;valid_origin:True;recurrent:True;local:False
151194 198025 1 0 3
151194 198025 2 0 3
151194 198025 3 1 2
151194 198025 4 1 2
151194 198025 5 1 2
151194 198025 6 1 2
151194 198025 7 1 2
151194 198025 8 1 2
151194 198025 9 1 2
151194 198025 10 1 2
!leg 328206 328732 10 0 1 attackers:328206;victims:328732;type:1;valid_origin:True;recurrent:False;local:True
328206 328732 1 1 0
328206 328732 2 1 0
328206 328732 3 1 0
328206 328732 4 1 0
328206 328732 5 1 0
328206 328732 6 1 0
328206 328732 7 1 0
328206 328732 8 1 0
328206 328732 9 1 0
328206 328732 10 1 0
!leg 58224 61173 10 0 251 attackers:58224;victims:61173;type:1;valid_origin:True;recurrent:False;local:False
58224 61173 1 251 0
58224 61173 2 251 0
58224 61173 3 251 0
58224 61173 4 251 0
58224 61173 5 251 0
58224 61173 6 251 0
58224 61173 7 251 0
58224 61173 8 251 0
58224 61173 9 251 0
58224 61173 10 251 0
!sus 54650 138454 0 10 4 attackers:54650;victims:138454;type:1;valid_origin:True;recurrent:True;local:False
54650 138454 1 0 4
54650 138454 2 0 4
54650 138454 3 0 4
54650 138454 4 0 4
54650 138454 5 0 4
54650 138454 6 0 4
54650 138454 7 0 4
54650 138454 8 0 4
54650 138454 9 0 4
54650 138454 10 0 4
!leg 64487 214337 10 0 8 attackers:64487;victims:214337;type:1;valid_origin:True;recurrent:True;local:False
64487 214337 1 6 2
64487 214337 2 5 3
64487 214337 3 6 2
64487 214337 4 6 2
64487 214337 5 6 2
64487 214337 6 6 2
64487 214337 7 5 3
64487 214337 8 6 2
64487 214337 9 6 2
64487 214337 10 6 2
!sus 3399 209625 0 10 2 attackers:3399;victims:209625;type:1;valid_origin:True;recurrent:True;local:False
3399 209625 1 0 2
3399 209625 2 0 2
3399 209625 3 0 2
3399 209625 4 0 2
3399 209625 5 0 2
3399 209625 6 0 2
3399 209625 7 0 2
3399 209625 8 0 2
3399 209625 9 0 2
3399 209625 10 0 2
!sus 31287 138915 9 1 2 attackers:31287;victims:138915,63139;type:1,2;valid_origin:True;recurrent:True;local:False
31287 138915 1 0 2
31287 138915 2 2 0
31287 138915 3 2 0
31287 138915 4 2 0
31287 138915 5 2 0
31287 138915 6 2 0
31287 138915 7 2 0
31287 138915 8 2 0
31287 138915 9 2 0
31287 138915 10 2 0
!sus 139311 147036 0 10 16 attackers:139311;victims:147036;type:1;valid_origin:True;recurrent:True;local:False
139311 147036 1 0 16
139311 147036 2 0 16
139311 147036 3 0 16
139311 147036 4 0 16
139311 147036 5 0 16
139311 147036 6 0 16
139311 147036 7 0 16
139311 147036 8 0 16
139311 147036 9 0 16
139311 147036 10 0 16
!leg 7195 264111 10 0 2 attackers:7195;victims:264111;type:1;valid_origin:True;recurrent:False;local:False
7195 264111 1 2 0
7195 264111 2 2 0
7195 264111 3 2 0
7195 264111 4 2 0
7195 264111 5 2 0
7195 264111 6 2 0
7195 264111 7 2 0
7195 264111 8 2 0
7195 264111 9 2 0
7195 264111 10 2 0
!leg 7195 270838 10 0 3 attackers:7195;victims:270838;type:1;valid_origin:True;recurrent:False;local:False
7195 270838 1 3 0
7195 270838 2 3 0
7195 270838 3 3 0
7195 270838 4 3 0
7195 270838 5 3 0
7195 270838 6 3 0
7195 270838 7 3 0
7195 270838 8 3 0
7195 270838 9 3 0
7195 270838 10 3 0
!sus 213725 216078 0 10 4 attackers:216078;victims:213725;type:1;valid_origin:True;recurrent:True;local:False
213725 216078 1 0 4
213725 216078 2 0 4
213725 216078 3 1 3
213725 216078 4 1 3
213725 216078 5 1 3
213725 216078 6 1 3
213725 216078 7 1 3
213725 216078 8 1 3
213725 216078 9 1 3
213725 216078 10 1 3
!sus 7 150011 0 10 31 attackers:150011;victims:7;type:1;valid_origin:True;recurrent:False;local:False
7 150011 1 0 31
7 150011 2 0 31
7 150011 3 0 31
7 150011 4 0 31
7 150011 5 0 31
7 150011 6 4 27
7 150011 7 0 31
7 150011 8 0 31
7 150011 9 1 30
7 150011 10 4 27
!leg 5617 35787 10 0 1 attackers:5617;victims:35787;type:1;valid_origin:True;recurrent:False;local:False
5617 35787 1 1 0
5617 35787 2 1 0
5617 35787 3 1 0
5617 35787 4 1 0
5617 35787 5 1 0
5617 35787 6 1 0
5617 35787 7 1 0
5617 35787 8 1 0
5617 35787 9 1 0
5617 35787 10 1 0
!sus 1136 2603 6 4 2 attackers:2603;victims:12654;type:3;valid_origin:True;recurrent:True;local:False
1136 2603 1 0 2
1136 2603 2 0 2
1136 2603 3 0 2
1136 2603 4 1 1
1136 2603 5 2 0
1136 2603 6 2 0
1136 2603 7 2 0
1136 2603 8 2 0
1136 2603 9 2 0
1136 2603 10 2 0
!sus 3303 265008 0 10 1 attackers:265008;victims:3303;type:1;valid_origin:True;recurrent:False;local:False
3303 265008 1 0 1
3303 265008 2 0 1
3303 265008 3 0 1
3303 265008 4 0 1
3303 265008 5 0 1
3303 265008 6 0 1
3303 265008 7 0 1
3303 265008 8 0 1
3303 265008 9 0 1
3303 265008 10 0 1
!sus 208972 213697 9 1 153 attackers:208972;victims:213697;type:1;valid_origin:True;recurrent:True;local:False
208972 213697 1 27 126
208972 213697 2 78 75
208972 213697 3 103 50
208972 213697 4 119 34
208972 213697 5 124 29
208972 213697 6 131 22
208972 213697 7 134 19
208972 213697 8 133 20
208972 213697 9 153 0
208972 213697 10 143 10
!sus 202991 213708 0 10 34 attackers:202991;victims:213708;type:1;valid_origin:False;recurrent:True;local:False
202991 213708 1 1 33
202991 213708 2 1 33
202991 213708 3 1 33
202991 213708 4 2 32
202991 213708 5 1 33
202991 213708 6 1 33
202991 213708 7 1 33
202991 213708 8 1 33
202991 213708 9 1 33
202991 213708 10 1 33
!sus 42455 262589 8 2 6 attackers:262589;victims:199909,42455;type:1,2;valid_origin:True;recurrent:False;local:False
42455 262589 1 3 3
42455 262589 2 3 3
42455 262589 3 5 1
42455 262589 4 6 0
42455 262589 5 6 0
42455 262589 6 6 0
42455 262589 7 6 0
42455 262589 8 6 0
42455 262589 9 6 0
42455 262589 10 6 0
!sus 139311 151349 0 10 17 attackers:139311;victims:151349;type:1;valid_origin:True;recurrent:True;local:False
139311 151349 1 0 17
139311 151349 2 0 17
139311 151349 3 0 17
139311 151349 4 0 17
139311 151349 5 0 17
139311 151349 6 0 17
139311 151349 7 0 17
139311 151349 8 0 17
139311 151349 9 0 17
139311 151349 10 0 17
!sus 19577 34927 1 9 42 attackers:34927;victims:200454;type:2;valid_origin:True;recurrent:True;local:False
19577 34927 1 1 41
19577 34927 2 22 20
19577 34927 3 17 25
19577 34927 4 17 25
19577 34927 5 2 40
19577 34927 6 3 39
19577 34927 7 1 41
19577 34927 8 4 38
19577 34927 9 8 34
19577 34927 10 3 39
!sus 272801 272978 0 10 81 attackers:272801;victims:272978;type:1;valid_origin:True;recurrent:True;local:False
272801 272978 1 6 75
272801 272978 2 6 75
272801 272978 3 6 75
272801 272978 4 6 75
272801 272978 5 6 75
272801 272978 6 6 75
272801 272978 7 8 73
272801 272978 8 7 74
272801 272978 9 9 72
272801 272978 10 9 72
!sus 23352 269098 0 10 2 attackers:269098;victims:23352,19255;type:1,2;valid_origin:True;recurrent:True;local:False
23352 269098 1 1 1
23352 269098 2 1 1
23352 269098 3 1 1
23352 269098 4 1 1
23352 269098 5 1 1
23352 269098 6 1 1
23352 269098 7 1 1
23352 269098 8 1 1
23352 269098 9 1 1
23352 269098 10 1 1
!sus 131866 152211 1 9 4 attackers:131866;victims:152211;type:1;valid_origin:True;recurrent:True;local:False
131866 152211 1 3 1
131866 152211 2 0 4
131866 152211 3 0 4
131866 152211 4 0 4
131866 152211 5 0 4
131866 152211 6 0 4
131866 152211 7 0 4
131866 152211 8 0 4
131866 152211 9 0 4
131866 152211 10 0 4
!leg 61696 263903 10 0 1 attackers:61696;victims:264120;type:2;valid_origin:False;recurrent:False;local:False
61696 263903 1 1 0
61696 263903 2 1 0
61696 263903 3 1 0
61696 263903 4 1 0
61696 263903 5 1 0
61696 263903 6 1 0
61696 263903 7 1 0
61696 263903 8 1 0
61696 263903 9 1 0
61696 263903 10 1 0
!leg 133283 149219 10 0 307 attackers:133283;victims:149219;type:1;valid_origin:True;recurrent:True;local:False
133283 149219 1 174 133
133283 149219 2 186 121
133283 149219 3 163 144
133283 149219 4 230 77
133283 149219 5 235 72
133283 149219 6 255 52
133283 149219 7 236 71
133283 149219 8 196 111
133283 149219 9 289 18
133283 149219 10 183 124
!leg 54133 61568 10 0 4 attackers:61568;victims:215058,54133,215003,215187;type:1,2;valid_origin:True;recurrent:False;local:True
54133 61568 1 4 0
54133 61568 2 4 0
54133 61568 3 4 0
54133 61568 4 4 0
54133 61568 5 4 0
54133 61568 6 4 0
54133 61568 7 4 0
54133 61568 8 4 0
54133 61568 9 4 0
54133 61568 10 4 0
!sus 210233 213660 0 10 59 attackers:210233;victims:213660;type:1;valid_origin:True;recurrent:True;local:False
210233 213660 1 0 59
210233 213660 2 0 59
210233 213660 3 2 57
210233 213660 4 4 55
210233 213660 5 7 52
210233 213660 6 7 52
210233 213660 7 6 53
210233 213660 8 7 52
210233 213660 9 8 51
210233 213660 10 9 50
!leg 43278 207713 10 0 334 attackers:43278;victims:207713;type:1;valid_origin:True;recurrent:False;local:False
43278 207713 1 334 0
43278 207713 2 334 0
43278 207713 3 334 0
43278 207713 4 334 0
43278 207713 5 334 0
43278 207713 6 334 0
43278 207713 7 334 0
43278 207713 8 334 0
43278 207713 9 334 0
43278 207713 10 334 0
!sus 213714 215400 2 8 7 attackers:215400;victims:213714;type:1;valid_origin:True;recurrent:True;local:False
213714 215400 1 4 3
213714 215400 2 1 6
213714 215400 3 0 7
213714 215400 4 1 6
213714 215400 5 1 6
213714 215400 6 0 7
213714 215400 7 7 0
213714 215400 8 0 7
213714 215400 9 0 7
213714 215400 10 0 7
!leg 7195 264360 10 0 3 attackers:7195;victims:264360;type:1;valid_origin:True;recurrent:False;local:False
7195 264360 1 3 0
7195 264360 2 3 0
7195 264360 3 3 0
7195 264360 4 3 0
7195 264360 5 3 0
7195 264360 6 3 0
7195 264360 7 3 0
7195 264360 8 3 0
7195 264360 9 3 0
7195 264360 10 3 0
!sus 58212 61112 9 1 11 attackers:58212;victims:61112;type:1;valid_origin:True;recurrent:True;local:False
58212 61112 1 2 9
58212 61112 2 6 5
58212 61112 3 9 2
58212 61112 4 11 0
58212 61112 5 11 0
58212 61112 6 11 0
58212 61112 7 11 0
58212 61112 8 11 0
58212 61112 9 11 0
58212 61112 10 11 0
!leg 47872 199246 10 0 1 attackers:47872;victims:199246;type:1;valid_origin:True;recurrent:False;local:False
47872 199246 1 1 0
47872 199246 2 1 0
47872 199246 3 1 0
47872 199246 4 1 0
47872 199246 5 1 0
47872 199246 6 1 0
47872 199246 7 1 0
47872 199246 8 1 0
47872 199246 9 1 0
47872 199246 10 1 0
!leg 5 214041 10 0 116 attackers:5;victims:214041;type:1;valid_origin:False;recurrent:False;local:False
5 214041 1 116 0
5 214041 2 116 0
5 214041 3 116 0
5 214041 4 116 0
5 214041 5 116 0
5 214041 6 116 0
5 214041 7 116 0
5 214041 8 116 0
5 214041 9 116 0
5 214041 10 116 0
!sus 135660 152333 3 7 25 attackers:152333;victims:135660;type:1;valid_origin:True;recurrent:True;local:False
135660 152333 1 25 0
135660 152333 2 8 17
135660 152333 3 0 25
135660 152333 4 5 20
135660 152333 5 19 6
135660 152333 6 0 25
135660 152333 7 19 6
135660 152333 8 0 25
135660 152333 9 0 25
135660 152333 10 0 25
!leg 7195 270550 10 0 3 attackers:7195;victims:270550;type:1;valid_origin:True;recurrent:False;local:False
7195 270550 1 3 0
7195 270550 2 3 0
7195 270550 3 3 0
7195 270550 4 3 0
7195 270550 5 3 0
7195 270550 6 3 0
7195 270550 7 3 0
7195 270550 8 3 0
7195 270550 9 3 0
7195 270550 10 3 0
!sus 9664 133442 0 10 117 attackers:9664;victims:133442;type:1;valid_origin:True;recurrent:True;local:False
9664 133442 1 0 117
9664 133442 2 0 117
9664 133442 3 0 117
9664 133442 4 0 117
9664 133442 5 0 117
9664 133442 6 0 117
9664 133442 7 0 117
9664 133442 8 0 117
9664 133442 9 0 117
9664 133442 10 0 117
!leg 44285 49100 10 0 171 attackers:44285;victims:44090;type:2;valid_origin:True;recurrent:False;local:False
44285 49100 1 171 0
44285 49100 2 171 0
44285 49100 3 171 0
44285 49100 4 171 0
44285 49100 5 171 0
44285 49100 6 171 0
44285 49100 7 171 0
44285 49100 8 171 0
44285 49100 9 171 0
44285 49100 10 171 0
!sus 24406 33071 7 3 8 attackers:33071;victims:24406;type:1;valid_origin:True;recurrent:True;local:False
24406 33071 1 0 8
24406 33071 2 0 8
24406 33071 3 1 7
24406 33071 4 7 1
24406 33071 5 8 0
24406 33071 6 8 0
24406 33071 7 8 0
24406 33071 8 8 0
24406 33071 9 8 0
24406 33071 10 8 0
!sus 399989 401591 8 2 170 attackers:399989;victims:401591;type:1;valid_origin:False;recurrent:True;local:False
399989 401591 1 170 0
399989 401591 2 170 0
399989 401591 3 170 0
399989 401591 4 170 0
399989 401591 5 170 0
399989 401591 6 170 0
399989 401591 7 170 0
399989 401591 8 170 0
399989 401591 9 76 94
399989 401591 10 0 170
!leg 7195 271343 10 0 3 attackers:7195;victims:271343;type:1;valid_origin:True;recurrent:False;local:False
7195 271343 1 3 0
7195 271343 2 3 0
7195 271343 3 3 0
7195 271343 4 3 0
7195 271343 5 3 0
7195 271343 6 3 0
7195 271343 7 3 0
7195 271343 8 3 0
7195 271343 9 3 0
7195 271343 10 3 0
!leg 14593 152706 10 0 204 attackers:14593;victims:152706;type:1;valid_origin:True;recurrent:False;local:False
14593 152706 1 143 61
14593 152706 2 166 38
14593 152706 3 178 26
14593 152706 4 165 39
14593 152706 5 185 19
14593 152706 6 109 95
14593 152706 7 147 57
14593 152706 8 175 29
14593 152706 9 135 69
14593 152706 10 169 35
!leg 140076 150178 10 0 198 attackers:150178;victims:140076;type:1;valid_origin:True;recurrent:False;local:False
140076 150178 1 198 0
140076 150178 2 198 0
140076 150178 3 198 0
140076 150178 4 198 0
140076 150178 5 198 0
140076 150178 6 198 0
140076 150178 7 198 0
140076 150178 8 198 0
140076 150178 9 198 0
140076 150178 10 198 0
!sus 37580 327727 0 10 5 attackers:37580;victims:327727;type:1;valid_origin:False;recurrent:True;local:False
37580 327727 1 0 5
37580 327727 2 0 5
37580 327727 3 0 5
37580 327727 4 0 5
37580 327727 5 0 5
37580 327727 6 0 5
37580 327727 7 0 5
37580 327727 8 0 5
37580 327727 9 0 5
37580 327727 10 0 5
!leg 51889 212077 10 0 128 attackers:51889;victims:212077;type:1;valid_origin:True;recurrent:False;local:False
51889 212077 1 128 0
51889 212077 2 128 0
51889 212077 3 128 0
51889 212077 4 128 0
51889 212077 5 128 0
51889 212077 6 128 0
51889 212077 7 128 0
51889 212077 8 128 0
51889 212077 9 128 0
51889 212077 10 128 0
!leg 3303 60633 10 0 179 attackers:3303;victims:60633;type:1;valid_origin:True;recurrent:False;local:False
3303 60633 1 115 64
3303 60633 2 144 35
3303 60633 3 150 29
3303 60633 4 157 22
3303 60633 5 166 13
3303 60633 6 164 15
3303 60633 7 165 14
3303 60633 8 165 14
3303 60633 9 168 11
3303 60633 10 169 10
!leg 7195 270760 10 0 3 attackers:7195;victims:270760;type:1;valid_origin:True;recurrent:False;local:False
7195 270760 1 3 0
7195 270760 2 3 0
7195 270760 3 3 0
7195 270760 4 3 0
7195 270760 5 3 0
7195 270760 6 3 0
7195 270760 7 3 0
7195 270760 8 3 0
7195 270760 9 3 0
7195 270760 10 3 0
!sus 212514 214909 7 3 35 attackers:212514;victims:214909;type:1;valid_origin:True;recurrent:True;local:False
212514 214909 1 0 35
212514 214909 2 0 35
212514 214909 3 2 33
212514 214909 4 32 3
212514 214909 5 33 2
212514 214909 6 34 1
212514 214909 7 35 0
212514 214909 8 35 0
212514 214909 9 35 0
212514 214909 10 35 0
!sus 206264 213724 4 6 4 attackers:206264;victims:213724;type:1;valid_origin:True;recurrent:True;local:False
206264 213724 1 4 0
206264 213724 2 4 0
206264 213724 3 4 0
206264 213724 4 0 4
206264 213724 5 4 0
206264 213724 6 0 4
206264 213724 7 0 4
206264 213724 8 0 4
206264 213724 9 0 4
206264 213724 10 0 4
!leg 262191 266868 10 0 190 attackers:262191;victims:266868;type:1;valid_origin:True;recurrent:False;local:False
262191 266868 1 190 0
262191 266868 2 190 0
262191 266868 3 190 0
262191 266868 4 190 0
262191 266868 5 190 0
262191 266868 6 190 0
262191 266868 7 190 0
262191 266868 8 190 0
262191 266868 9 190 0
262191 266868 10 190 0
!sus 13378 149304 1 9 5 attackers:13378;victims:149304;type:1;valid_origin:True;recurrent:True;local:False
13378 149304 1 4 1
13378 149304 2 0 5
13378 149304 3 0 5
13378 149304 4 0 5
13378 149304 5 0 5
13378 149304 6 0 5
13378 149304 7 0 5
13378 149304 8 0 5
13378 149304 9 0 5
13378 149304 10 0 5
!sus 37100 329396 0 10 186 attackers:37100;victims:329396;type:1;valid_origin:True;recurrent:True;local:False
37100 329396 1 73 113
37100 329396 2 24 162
37100 329396 3 67 119
37100 329396 4 0 186
37100 329396 5 17 169
37100 329396 6 0 186
37100 329396 7 0 186
37100 329396 8 0 186
37100 329396 9 0 186
37100 329396 10 0 186
!sus 265270 269608 8 2 2 attackers:265270;victims:269608;type:1;valid_origin:True;recurrent:True;local:False
265270 269608 1 1 1
265270 269608 2 2 0
265270 269608 3 2 0
265270 269608 4 2 0
265270 269608 5 1 1
265270 269608 6 2 0
265270 269608 7 2 0
265270 269608 8 2 0
265270 269608 9 2 0
265270 269608 10 2 0
!sus 934 401012 7 3 121 attackers:934;victims:401012;type:1;valid_origin:True;recurrent:True;local:False
934 401012 1 14 107
934 401012 2 8 113
934 401012 3 75 46
934 401012 4 51 70
934 401012 5 67 54
934 401012 6 90 31
934 401012 7 83 38
934 401012 8 74 47
934 401012 9 88 33
934 401012 10 93 28
!leg 7195 271553 10 0 2 attackers:7195;victims:271553;type:1;valid_origin:True;recurrent:False;local:False
7195 271553 1 2 0
7195 271553 2 2 0
7195 271553 3 2 0
7195 271553 4 2 0
7195 271553 5 2 0
7195 271553 6 2 0
7195 271553 7 2 0
7195 271553 8 2 0
7195 271553 9 2 0
7195 271553 10 2 0
!sus 208972 210538 0 10 292 attackers:208972;victims:209474,210538;type:1,2;valid_origin:True;recurrent:True;local:False
208972 210538 1 16 276
208972 210538 2 36 256
208972 210538 3 59 233
208972 210538 4 63 229
208972 210538 5 69 223
208972 210538 6 72 220
208972 210538 7 76 216
208972 210538 8 72 220
208972 210538 9 81 211
208972 210538 10 83 209
!leg 52320 272710 10 0 1 attackers:52320;victims:272710;type:1;valid_origin:True;recurrent:False;local:False
52320 272710 1 1 0
52320 272710 2 1 0
52320 272710 3 1 0
52320 272710 4 1 0
52320 272710 5 1 0
52320 272710 6 1 0
52320 272710 7 1 0
52320 272710 8 1 0
52320 272710 9 1 0
52320 272710 10 1 0
!leg 23136 29925 10 0 81 attackers:23136;victims:29925;type:1;valid_origin:False;recurrent:False;local:False
23136 29925 1 81 0
23136 29925 2 81 0
23136 29925 3 81 0
23136 29925 4 81 0
23136 29925 5 81 0
23136 29925 6 81 0
23136 29925 7 81 0
23136 29925 8 81 0
23136 29925 9 81 0
23136 29925 10 81 0
!leg 137409 212396 10 0 1 attackers:137409;victims:214480;type:2;valid_origin:True;recurrent:False;local:False
137409 212396 1 1 0
137409 212396 2 1 0
137409 212396 3 1 0
137409 212396 4 1 0
137409 212396 5 1 0
137409 212396 6 1 0
137409 212396 7 1 0
137409 212396 8 1 0
137409 212396 9 1 0
137409 212396 10 1 0
!sus 52468 273057 8 2 11 attackers:52468;victims:273057;type:1;valid_origin:True;recurrent:True;local:False
52468 273057 1 0 11
52468 273057 2 0 11
52468 273057 3 6 5
52468 273057 4 7 4
52468 273057 5 9 2
52468 273057 6 11 0
52468 273057 7 11 0
52468 273057 8 10 1
52468 273057 9 11 0
52468 273057 10 11 0
!leg 43525 201933 10 0 25 attackers:201933;victims:43525;type:1;valid_origin:True;recurrent:False;local:False
43525 201933 1 25 0
43525 201933 2 25 0
43525 201933 3 25 0
43525 201933 4 25 0
43525 201933 5 25 0
43525 201933 6 25 0
43525 201933 7 25 0
43525 201933 8 25 0
43525 201933 9 25 0
43525 201933 10 25 0
!sus 58787 63798 4 6 6 attackers:63798;victims:58787;type:1;valid_origin:True;recurrent:True;local:False
58787 63798 1 6 0
58787 63798 2 3 3
58787 63798 3 0 6
58787 63798 4 5 1
58787 63798 5 6 0
58787 63798 6 3 3
58787 63798 7 6 0
58787 63798 8 0 6
58787 63798 9 0 6
58787 63798 10 0 6
!leg 55655 152804 10 0 126 attackers:55655;victims:152804;type:1;valid_origin:True;recurrent:False;local:False
55655 152804 1 125 1
55655 152804 2 126 0
55655 152804 3 126 0
55655 152804 4 126 0
55655 152804 5 126 0
55655 152804 6 119 7
55655 152804 7 126 0
55655 152804 8 126 0
55655 152804 9 126 0
55655 152804 10 126 0
!sus 132222 142570 0 10 4 attackers:132222;victims:142570;type:1;valid_origin:True;recurrent:True;local:False
132222 142570 1 1 3
132222 142570 2 1 3
132222 142570 3 1 3
132222 142570 4 1 3
132222 142570 5 1 3
132222 142570 6 1 3
132222 142570 7 1 3
132222 142570 8 1 3
132222 142570 9 1 3
132222 142570 10 1 3
!leg 7195 266232 10 0 3 attackers:7195;victims:266232;type:1;valid_origin:True;recurrent:False;local:False
7195 266232 1 3 0
7195 266232 2 3 0
7195 266232 3 3 0
7195 266232 4 3 0
7195 266232 5 3 0
7195 266232 6 3 0
7195 266232 7 3 0
7195 266232 8 3 0
7195 266232 9 3 0
7195 266232 10 3 0
!sus 59449 210475 0 10 2 attackers:210475;victims:59449;type:1;valid_origin:True;recurrent:True;local:False
59449 210475 1 0 2
59449 210475 2 0 2
59449 210475 3 1 1
59449 210475 4 0 2
59449 210475 5 1 1
59449 210475 6 1 1
59449 210475 7 1 1
59449 210475 8 1 1
59449 210475 9 1 1
59449 210475 10 1 1
!leg 52468 273923 10 0 14 attackers:52468;victims:273923;type:1;valid_origin:True;recurrent:True;local:False
52468 273923 1 9 5
52468 273923 2 11 3
52468 273923 3 13 1
52468 273923 4 13 1
52468 273923 5 14 0
52468 273923 6 13 1
52468 273923 7 14 0
52468 273923 8 14 0
52468 273923 9 14 0
52468 273923 10 14 0
!sus 201086 210107 0 10 41 attackers:201086;victims:210107;type:1;valid_origin:True;recurrent:True;local:False
201086 210107 1 2 39
201086 210107 2 2 39
201086 210107 3 2 39
201086 210107 4 4 37
201086 210107 5 4 37
201086 210107 6 5 36
201086 210107 7 2 39
201086 210107 8 2 39
201086 210107 9 3 38
201086 210107 10 2 39
!sus 262589 273049 0 10 23 attackers:262589;victims:273049;type:1;valid_origin:True;recurrent:True;local:False
262589 273049 1 0 23
262589 273049 2 0 23
262589 273049 3 0 23
262589 273049 4 0 23
262589 273049 5 0 23
262589 273049 6 0 23
262589 273049 7 0 23
262589 273049 8 0 23
262589 273049 9 0 23
262589 273049 10 0 23
!sus 64289 214709 7 3 2 attackers:64289;victims:214709;type:1;valid_origin:False;recurrent:True;local:False
64289 214709 1 1 1
64289 214709 2 2 0
64289 214709 3 2 0
64289 214709 4 2 0
64289 214709 5 2 0
64289 214709 6 1 1
64289 214709 7 2 0
64289 214709 8 2 0
64289 214709 9 1 1
64289 214709 10 2 0
!leg 29925 54412 10 0 153 attackers:54412;victims:29925;type:1;valid_origin:False;recurrent:False;local:False
29925 54412 1 153 0
29925 54412 2 153 0
29925 54412 3 153 0
29925 54412 4 153 0
29925 54412 5 153 0
29925 54412 6 153 0
29925 54412 7 153 0
29925 54412 8 153 0
29925 54412 9 153 0
29925 54412 10 153 0
!sus 16512 34872 8 2 160 attackers:34872;victims:16512;type:1;valid_origin:True;recurrent:False;local:False
16512 34872 1 25 135
16512 34872 2 57 103
16512 34872 3 120 40
16512 34872 4 152 8
16512 34872 5 154 6
16512 34872 6 158 2
16512 34872 7 160 0
16512 34872 8 160 0
16512 34872 9 160 0
16512 34872 10 160 0
!sus 40934 49915 5 5 3 attackers:49915;victims:40934;type:1;valid_origin:True;recurrent:True;local:False
40934 49915 1 0 3
40934 49915 2 0 3
40934 49915 3 0 3
40934 49915 4 0 3
40934 49915 5 0 3
40934 49915 6 2 1
40934 49915 7 2 1
40934 49915 8 2 1
40934 49915 9 2 1
40934 49915 10 2 1
!sus 29632 57027 9 1 2 attackers:29632;victims:57027;type:1;valid_origin:True;recurrent:True;local:False
29632 57027 1 1 1
29632 57027 2 2 0
29632 57027 3 2 0
29632 57027 4 2 0
29632 57027 5 2 0
29632 57027 6 2 0
29632 57027 7 2 0
29632 57027 8 2 0
29632 57027 9 2 0
29632 57027 10 2 0
!leg 5617 199338 10 0 1 attackers:5617;victims:199338;type:1;valid_origin:True;recurrent:False;local:False
5617 199338 1 1 0
5617 199338 2 1 0
5617 199338 3 1 0
5617 199338 4 1 0
5617 199338 5 1 0
5617 199338 6 1 0
5617 199338 7 1 0
5617 199338 8 1 0
5617 199338 9 1 0
5617 199338 10 1 0
!leg 24482 204880 10 0 1 attackers:24482;victims:204880;type:1;valid_origin:True;recurrent:False;local:False
24482 204880 1 1 0
24482 204880 2 1 0
24482 204880 3 1 0
24482 204880 4 1 0
24482 204880 5 1 0
24482 204880 6 1 0
24482 204880 7 1 0
24482 204880 8 1 0
24482 204880 9 1 0
24482 204880 10 1 0
!leg 49915 54651 10 0 3 attackers:49915;victims:54651;type:1;valid_origin:True;recurrent:False;local:False
49915 54651 1 3 0
49915 54651 2 3 0
49915 54651 3 3 0
49915 54651 4 3 0
49915 54651 5 3 0
49915 54651 6 3 0
49915 54651 7 3 0
49915 54651 8 3 0
49915 54651 9 3 0
49915 54651 10 3 0
!sus 151331 199436 0 10 2 attackers:199436;victims:151331;type:1;valid_origin:True;recurrent:True;local:False
151331 199436 1 0 2
151331 199436 2 0 2
151331 199436 3 0 2
151331 199436 4 0 2
151331 199436 5 0 2
151331 199436 6 0 2
151331 199436 7 0 2
151331 199436 8 0 2
151331 199436 9 0 2
151331 199436 10 0 2
!sus 9009 394104 8 2 236 attackers:9009;victims:394104;type:1;valid_origin:False;recurrent:True;local:False
9009 394104 1 90 146
9009 394104 2 206 30
9009 394104 3 181 55
9009 394104 4 147 89
9009 394104 5 181 55
9009 394104 6 77 159
9009 394104 7 186 50
9009 394104 8 177 59
9009 394104 9 138 98
9009 394104 10 187 49
!sus 262803 268566 2 8 10 attackers:262803;victims:268566;type:1;valid_origin:True;recurrent:True;local:False
262803 268566 1 4 6
262803 268566 2 4 6
262803 268566 3 4 6
262803 268566 4 3 7
262803 268566 5 3 7
262803 268566 6 5 5
262803 268566 7 10 0
262803 268566 8 5 5
262803 268566 9 9 1
262803 268566 10 3 7
!leg 43298 56971 10 0 179 attackers:43298;victims:56971;type:1;valid_origin:False;recurrent:True;local:False
43298 56971 1 143 36
43298 56971 2 179 0
43298 56971 3 179 0
43298 56971 4 179 0
43298 56971 5 179 0
43298 56971 6 179 0
43298 56971 7 179 0
43298 56971 8 179 0
43298 56971 9 179 0
43298 56971 10 179 0
!leg 200612 212396 10 0 1 attackers:200612;victims:214480;type:2;valid_origin:True;recurrent:False;local:True
200612 212396 1 1 0
200612 212396 2 1 0
200612 212396 3 1 0
200612 212396 4 1 0
200612 212396 5 1 0
200612 212396 6 1 0
200612 212396 7 1 0
200612 212396 8 1 0
200612 212396 9 1 0
200612 212396 10 1 0
!sus 59365 136482 7 3 46 attackers:59365;victims:136482;type:1;valid_origin:True;recurrent:True;local:False
59365 136482 1 46 0
59365 136482 2 34 12
59365 136482 3 22 24
59365 136482 4 33 13
59365 136482 5 33 13
59365 136482 6 33 13
59365 136482 7 33 13
59365 136482 8 33 13
59365 136482 9 17 29
59365 136482 10 0 46
!sus 20473 38442 7 3 10 attackers:38442;victims:9249;type:3;valid_origin:True;recurrent:True;local:False
20473 38442 1 1 9
20473 38442 2 1 9
20473 38442 3 5 5
20473 38442 4 8 2
20473 38442 5 9 1
20473 38442 6 10 0
20473 38442 7 10 0
20473 38442 8 10 0
20473 38442 9 10 0
20473 38442 10 10 0
!leg 7195 271027 10 0 3 attackers:7195;victims:271027;type:1;valid_origin:True;recurrent:False;local:False
7195 271027 1 3 0
7195 271027 2 3 0
7195 271027 3 3 0
7195 271027 4 3 0
7195 271027 5 3 0
7195 271027 6 3 0
7195 271027 7 3 0
7195 271027 8 3 0
7195 271027 9 3 0
7195 271027 10 3 0
!sus 61138 213322 7 3 191 attackers:61138;victims:213322;type:1;valid_origin:True;recurrent:True;local:False
61138 213322 1 0 191
61138 213322 2 0 191
61138 213322 3 1 190
61138 213322 4 189 2
61138 213322 5 191 0
61138 213322 6 191 0
61138 213322 7 191 0
61138 213322 8 191 0
61138 213322 9 191 0
61138 213322 10 191 0
!sus 214024 214654 0 10 2 attackers:214654;victims:214024;type:1;valid_origin:False;recurrent:True;local:False
214024 214654 1 0 2
214024 214654 2 0 2
214024 214654 3 0 2
214024 214654 4 0 2
214024 214654 5 0 2
214024 214654 6 0 2
214024 214654 7 0 2
214024 214654 8 0 2
214024 214654 9 0 2
214024 214654 10 0 2
!sus 23840 23841 6 4 1 attackers:23841;victims:23840;type:1;valid_origin:True;recurrent:True;local:False
23840 23841 1 1 0
23840 23841 2 1 0
23840 23841 3 0 1
23840 23841 4 1 0
23840 23841 5 1 0
23840 23841 6 1 0
23840 23841 7 1 0
23840 23841 8 0 1
23840 23841 9 0 1
23840 23841 10 0 1
!sus 60539 137933 1 9 11 attackers:60539;victims:137933,60539;type:1,2;valid_origin:True;recurrent:True;local:False
60539 137933 1 8 3
60539 137933 2 0 11
60539 137933 3 0 11
60539 137933 4 0 11
60539 137933 5 0 11
60539 137933 6 0 11
60539 137933 7 0 11
60539 137933 8 0 11
60539 137933 9 0 11
60539 137933 10 0 11
!sus 3479 5555 0 10 2 attackers:5555;victims:3479;type:1;valid_origin:True;recurrent:True;local:False
3479 5555 1 0 2
3479 5555 2 0 2
3479 5555 3 0 2
3479 5555 4 0 2
3479 5555 5 0 2
3479 5555 6 0 2
3479 5555 7 0 2
3479 5555 8 0 2
3479 5555 9 0 2
3479 5555 10 0 2
!sus 133652 152509 0 10 2 attackers:133652;victims:152509;type:1;valid_origin:True;recurrent:True;local:False
133652 152509 1 1 1
133652 152509 2 1 1
133652 152509 3 1 1
133652 152509 4 0 2
133652 152509 5 1 1
133652 152509 6 0 2
133652 152509 7 0 2
133652 152509 8 0 2
133652 152509 9 0 2
133652 152509 10 1 1
!sus 23892 153363 0 10 8 attackers:23892;victims:153363;type:1;valid_origin:True;recurrent:True;local:False
23892 153363 1 3 5
23892 153363 2 1 7
23892 153363 3 0 8
23892 153363 4 0 8
23892 153363 5 1 7
23892 153363 6 0 8
23892 153363 7 1 7
23892 153363 8 0 8
23892 153363 9 0 8
23892 153363 10 0 8
!leg 52962 271550 10 0 2 attackers:271550;victims:52962;type:1;valid_origin:True;recurrent:False;local:False
52962 271550 1 2 0
52962 271550 2 2 0
52962 271550 3 2 0
52962 271550 4 2 0
52962 271550 5 2 0
52962 271550 6 2 0
52962 271550 7 2 0
52962 271550 8 2 0
52962 271550 9 2 0
52962 271550 10 2 0
!leg 3356 394453 10 0 31 attackers:3356;victims:395339,394453;type:1,2;valid_origin:True;recurrent:False;local:False
3356 394453 1 31 0
3356 394453 2 31 0
3356 394453 3 31 0
3356 394453 4 31 0
3356 394453 5 31 0
3356 394453 6 31 0
3356 394453 7 31 0
3356 394453 8 31 0
3356 394453 9 31 0
3356 394453 10 31 0
!leg 9730 146888 10 0 160 attackers:9730;victims:146888;type:1;valid_origin:True;recurrent:False;local:False
9730 146888 1 160 0
9730 146888 2 160 0
9730 146888 3 160 0
9730 146888 4 160 0
9730 146888 5 160 0
9730 146888 6 160 0
9730 146888 7 160 0
9730 146888 8 160 0
9730 146888 9 160 0
9730 146888 10 160 0
!sus 39582 213908 0 10 5 attackers:39582;victims:213908;type:1;valid_origin:False;recurrent:True;local:False
39582 213908 1 0 5
39582 213908 2 0 5
39582 213908 3 0 5
39582 213908 4 0 5
39582 213908 5 0 5
39582 213908 6 0 5
39582 213908 7 0 5
39582 213908 8 0 5
39582 213908 9 0 5
39582 213908 10 0 5
!sus 34872 213560 0 10 14 attackers:34872;victims:213560;type:1;valid_origin:True;recurrent:True;local:False
34872 213560 1 0 14
34872 213560 2 0 14
34872 213560 3 0 14
34872 213560 4 0 14
34872 213560 5 0 14
34872 213560 6 0 14
34872 213560 7 0 14
34872 213560 8 0 14
34872 213560 9 0 14
34872 213560 10 0 14
!sus 4766 139341 8 2 14 attackers:4766;victims:139341;type:1;valid_origin:True;recurrent:True;local:False
4766 139341 1 5 9
4766 139341 2 5 9
4766 139341 3 11 3
4766 139341 4 12 2
4766 139341 5 12 2
4766 139341 6 12 2
4766 139341 7 13 1
4766 139341 8 12 2
4766 139341 9 13 1
4766 139341 10 13 1
!leg 56054 153528 10 0 106 attackers:56054;victims:153528;type:1;valid_origin:True;recurrent:False;local:False
56054 153528 1 106 0
56054 153528 2 106 0
56054 153528 3 106 0
56054 153528 4 106 0
56054 153528 5 106 0
56054 153528 6 106 0
56054 153528 7 106 0
56054 153528 8 106 0
56054 153528 9 106 0
56054 153528 10 106 0
!sus 10102 38256 0 10 4 attackers:10102;victims:38256;type:1;valid_origin:True;recurrent:True;local:False
10102 38256 1 1 3
10102 38256 2 1 3
10102 38256 3 1 3
10102 38256 4 0 4
10102 38256 5 1 3
10102 38256 6 1 3
10102 38256 7 1 3
10102 38256 8 1 3
10102 38256 9 1 3
10102 38256 10 1 3
!sus 60068 216050 9 1 4 attackers:60068;victims:216050;type:1;valid_origin:True;recurrent:True;local:False
60068 216050 1 1 3
60068 216050 2 4 0
60068 216050 3 4 0
60068 216050 4 4 0
60068 216050 5 4 0
60068 216050 6 4 0
60068 216050 7 4 0
60068 216050 8 4 0
60068 216050 9 4 0
60068 216050 10 4 0
!leg 31287 50360 10 0 2 attackers:31287;victims:212677;type:2;valid_origin:True;recurrent:False;local:False
31287 50360 1 2 0
31287 50360 2 2 0
31287 50360 3 2 0
31287 50360 4 2 0
31287 50360 5 2 0
31287 50360 6 2 0
31287 50360 7 2 0
31287 50360 8 2 0
31287 50360 9 2 0
31287 50360 10 2 0
!sus 50509 213808 4 6 5 attackers:50509;victims:64433;type:2;valid_origin:True;recurrent:True;local:False
50509 213808 1 1 4
50509 213808 2 1 4
50509 213808 3 2 3
50509 213808 4 1 4
50509 213808 5 2 3
50509 213808 6 2 3
50509 213808 7 4 1
50509 213808 8 4 1
50509 213808 9 4 1
50509 213808 10 5 0
!sus 262663 268982 8 2 1 attackers:268982;victims:262663;type:1;valid_origin:True;recurrent:True;local:False
262663 268982 1 0 1
262663 268982 2 0 1
262663 268982 3 1 0
262663 268982 4 1 0
262663 268982 5 1 0
262663 268982 6 1 0
262663 268982 7 1 0
262663 268982 8 1 0
262663 268982 9 1 0
262663 268982 10 1 0
!sus 15830 59204 9 1 17 attackers:15830;victims:59204;type:1;valid_origin:True;recurrent:True;local:False
15830 59204 1 1 16
15830 59204 2 10 7
15830 59204 3 11 6
15830 59204 4 11 6
15830 59204 5 13 4
15830 59204 6 13 4
15830 59204 7 13 4
15830 59204 8 13 4
15830 59204 9 13 4
15830 59204 10 13 4
!sus 205232 211358 4 6 3 attackers:211358;victims:205232;type:1;valid_origin:True;recurrent:False;local:False
205232 211358 1 0 3
205232 211358 2 0 3
205232 211358 3 0 3
205232 211358 4 0 3
205232 211358 5 3 0
205232 211358 6 3 0
205232 211358 7 0 3
205232 211358 8 3 0
205232 211358 9 0 3
205232 211358 10 3 0
!sus 49434 200019 6 4 8 attackers:49434;victims:200019;type:1;valid_origin:True;recurrent:True;local:False
49434 200019 1 0 8
49434 200019 2 0 8
49434 200019 3 0 8
49434 200019 4 2 6
49434 200019 5 5 3
49434 200019 6 6 2
49434 200019 7 5 3
49434 200019 8 5 3
49434 200019 9 6 2
49434 200019 10 7 1
!sus 212895 214022 7 3 67 attackers:212895;victims:214022;type:1;valid_origin:True;recurrent:True;local:False
212895 214022 1 0 67
212895 214022 2 11 56
212895 214022 3 27 40
212895 214022 4 45 22
212895 214022 5 47 20
212895 214022 6 65 2
212895 214022 7 62 5
212895 214022 8 66 1
212895 214022 9 66 1
212895 214022 10 66 1
!sus 21538 29774 0 10 6 attackers:29774;victims:21538;type:1;valid_origin:True;recurrent:True;local:False
21538 29774 1 0 6
21538 29774 2 0 6
21538 29774 3 0 6
21538 29774 4 0 6
21538 29774 5 0 6
21538 29774 6 0 6
21538 29774 7 0 6
21538 29774 8 0 6
21538 29774 9 0 6
21538 29774 10 0 6
!leg 34927 148976 10 0 15 attackers:34927;victims:148976;type:1;valid_origin:True;recurrent:False;local:False
34927 148976 1 13 2
34927 148976 2 13 2
34927 148976 3 14 1
34927 148976 4 15 0
34927 148976 5 15 0
34927 148976 6 15 0
34927 148976 7 15 0
34927 148976 8 15 0
34927 148976 9 15 0
34927 148976 10 15 0
!sus 58052 199654 3 7 9 attackers:199654;victims:58052;type:1;valid_origin:True;recurrent:True;local:False
58052 199654 1 0 9
58052 199654 2 2 7
58052 199654 3 3 6
58052 199654 4 1 8
58052 199654 5 2 7
58052 199654 6 6 3
58052 199654 7 2 7
58052 199654 8 2 7
58052 199654 9 6 3
58052 199654 10 6 3
!sus 139594 142548 0 10 193 attackers:139594;victims:142548;type:1;valid_origin:True;recurrent:True;local:False
139594 142548 1 0 193
139594 142548 2 0 193
139594 142548 3 0 193
139594 142548 4 0 193
139594 142548 5 0 193
139594 142548 6 0 193
139594 142548 7 0 193
139594 142548 8 0 193
139594 142548 9 0 193
139594 142548 10 0 193
!sus 3269 20959 8 2 3 attackers:3269;victims:20959;type:1;valid_origin:False;recurrent:True;local:False
3269 20959 1 3 0
3269 20959 2 3 0
3269 20959 3 3 0
3269 20959 4 3 0
3269 20959 5 3 0
3269 20959 6 3 0
3269 20959 7 3 0
3269 20959 8 3 0
3269 20959 9 0 3
3269 20959 10 0 3
!sus 56655 213733 8 2 38 attackers:56655;victims:213733;type:1;valid_origin:True;recurrent:True;local:False
56655 213733 1 4 34
56655 213733 2 4 34
56655 213733 3 33 5
56655 213733 4 30 8
56655 213733 5 31 7
56655 213733 6 35 3
56655 213733 7 34 4
56655 213733 8 35 3
56655 213733 9 35 3
56655 213733 10 37 1
!sus 47992 215304 0 10 13 attackers:215304;victims:23764;type:2;valid_origin:True;recurrent:True;local:False
47992 215304 1 0 13
47992 215304 2 0 13
47992 215304 3 0 13
47992 215304 4 0 13
47992 215304 5 0 13
47992 215304 6 0 13
47992 215304 7 0 13
47992 215304 8 0 13
47992 215304 9 0 13
47992 215304 10 0 13
!sus 264320 268314 0 10 9 attackers:264320;victims:268314;type:1;valid_origin:True;recurrent:True;local:False
264320 268314 1 0 9
264320 268314 2 1 8
264320 268314 3 1 8
264320 268314 4 1 8
264320 268314 5 1 8
264320 268314 6 1 8
264320 268314 7 1 8
264320 268314 8 1 8
264320 268314 9 1 8
264320 268314 10 1 8
!sus 918 3399 0 10 7 attackers:3399;victims:918;type:1;valid_origin:False;recurrent:True;local:False
918 3399 1 0 7
918 3399 2 0 7
918 3399 3 0 7
918 3399 4 1 6
918 3399 5 2 5
918 3399 6 0 7
918 3399 7 1 6
918 3399 8 2 5
918 3399 9 1 6
918 3399 10 1 6
!leg 7896 13807 10 0 8 attackers:7896;victims:17333;type:2;valid_origin:True;recurrent:False;local:False
7896 13807 1 8 0
7896 13807 2 8 0
7896 13807 3 8 0
7896 13807 4 8 0
7896 13807 5 8 0
7896 13807 6 8 0
7896 13807 7 8 0
7896 13807 8 8 0
7896 13807 9 8 0
7896 13807 10 8 0
!sus 208972 213596 2 8 9 attackers:208972;victims:213596;type:1;valid_origin:True;recurrent:True;local:False
208972 213596 1 3 6
208972 213596 2 0 9
208972 213596 3 4 5
208972 213596 4 0 9
208972 213596 5 4 5
208972 213596 6 3 6
208972 213596 7 4 5
208972 213596 8 7 2
208972 213596 9 8 1
208972 213596 10 3 6
!sus 7896 15164 0 10 2 attackers:7896;victims:15164;type:1;valid_origin:True;recurrent:False;local:False
7896 15164 1 1 1
7896 15164 2 1 1
7896 15164 3 1 1
7896 15164 4 1 1
7896 15164 5 1 1
7896 15164 6 1 1
7896 15164 7 1 1
7896 15164 8 1 1
7896 15164 9 1 1
7896 15164 10 1 1
!leg 7195 268988 10 0 2 attackers:7195;victims:268988;type:1;valid_origin:True;recurrent:False;local:False
7195 268988 1 2 0
7195 268988 2 2 0
7195 268988 3 2 0
7195 268988 4 2 0
7195 268988 5 2 0
7195 268988 6 2 0
7195 268988 7 2 0
7195 268988 8 2 0
7195 268988 9 2 0
7195 268988 10 2 0
!sus 23764 47992 0 10 13 attackers:47992;victims:23764;type:1;valid_origin:True;recurrent:True;local:False
23764 47992 1 0 13
23764 47992 2 0 13
23764 47992 3 0 13
23764 47992 4 0 13
23764 47992 5 0 13
23764 47992 6 0 13
23764 47992 7 0 13
23764 47992 8 0 13
23764 47992 9 0 13
23764 47992 10 0 13
!sus 197438 212514 7 3 10 attackers:212514;victims:197438;type:1;valid_origin:True;recurrent:True;local:False
197438 212514 1 0 10
197438 212514 2 0 10
197438 212514 3 1 9
197438 212514 4 9 1
197438 212514 5 9 1
197438 212514 6 10 0
197438 212514 7 10 0
197438 212514 8 10 0
197438 212514 9 10 0
197438 212514 10 10 0
!leg 47872 51392 10 0 1 attackers:47872;victims:51392;type:1;valid_origin:True;recurrent:False;local:False
47872 51392 1 1 0
47872 51392 2 1 0
47872 51392 3 1 0
47872 51392 4 1 0
47872 51392 5 1 0
47872 51392 6 1 0
47872 51392 7 1 0
47872 51392 8 1 0
47872 51392 9 1 0
47872 51392 10 1 0
!leg 7195 271340 10 0 3 attackers:7195;victims:271340;type:1;valid_origin:True;recurrent:False;local:False
7195 271340 1 3 0
7195 271340 2 3 0
7195 271340 3 3 0
7195 271340 4 3 0
7195 271340 5 3 0
7195 271340 6 3 0
7195 271340 7 3 0
7195 271340 8 3 0
7195 271340 9 3 0
7195 271340 10 3 0
!leg 14463 61696 10 0 1 attackers:61696;victims:14463;type:1;valid_origin:True;recurrent:False;local:False
14463 61696 1 1 0
14463 61696 2 1 0
14463 61696 3 1 0
14463 61696 4 1 0
14463 61696 5 1 0
14463 61696 6 1 0
14463 61696 7 1 0
14463 61696 8 1 0
14463 61696 9 1 0
14463 61696 10 1 0
!sus 34872 138398 2 8 1 attackers:34872;victims:138398;type:1;valid_origin:True;recurrent:True;local:False
34872 138398 1 0 1
34872 138398 2 0 1
34872 138398 3 0 1
34872 138398 4 0 1
34872 138398 5 0 1
34872 138398 6 0 1
34872 138398 7 0 1
34872 138398 8 0 1
34872 138398 9 1 0
34872 138398 10 1 0
!sus 47536 49585 2 8 8 attackers:47536;victims:49585;type:1;valid_origin:True;recurrent:True;local:False
47536 49585 1 0 8
47536 49585 2 0 8
47536 49585 3 2 6
47536 49585 4 5 3
47536 49585 5 2 6
47536 49585 6 3 5
47536 49585 7 3 5
47536 49585 8 3 5
47536 49585 9 3 5
47536 49585 10 5 3
!leg 20473 401593 10 0 145 attackers:20473;victims:401593;type:1;valid_origin:True;recurrent:False;local:False
20473 401593 1 139 6
20473 401593 2 145 0
20473 401593 3 145 0
20473 401593 4 145 0
20473 401593 5 145 0
20473 401593 6 145 0
20473 401593 7 145 0
20473 401593 8 145 0
20473 401593 9 145 0
20473 401593 10 145 0
!sus 57027 215593 1 9 102 attackers:57027;victims:215593;type:1;valid_origin:True;recurrent:True;local:False
57027 215593 1 86 16
57027 215593 2 5 97
57027 215593 3 34 68
57027 215593 4 28 74
57027 215593 5 1 101
57027 215593 6 33 69
57027 215593 7 0 102
57027 215593 8 7 95
57027 215593 9 5 97
57027 215593 10 1 101
!sus 206628 401552 0 10 4 attackers:206628;victims:401552;type:1;valid_origin:True;recurrent:True;local:False
206628 401552 1 0 4
206628 401552 2 0 4
206628 401552 3 1 3
206628 401552 4 0 4
206628 401552 5 1 3
206628 401552 6 1 3
206628 401552 7 1 3
206628 401552 8 1 3
206628 401552 9 1 3
206628 401552 10 1 3
!sus 207841 214223 8 2 54 attackers:207841;victims:214223;type:1;valid_origin:True;recurrent:True;local:False
207841 214223 1 3 51
207841 214223 2 5 49
207841 214223 3 36 18
207841 214223 4 39 15
207841 214223 5 40 14
207841 214223 6 41 13
207841 214223 7 38 16
207841 214223 8 46 8
207841 214223 9 43 11
207841 214223 10 44 10
!leg 3257 211766 10 0 38 attackers:3257;victims:211766;type:1;valid_origin:True;recurrent:False;local:False
3257 211766 1 38 0
3257 211766 2 38 0
3257 211766 3 38 0
3257 211766 4 38 0
3257 211766 5 38 0
3257 211766 6 38 0
3257 211766 7 38 0
3257 211766 8 38 0
3257 211766 9 38 0
3257 211766 10 38 0
!sus 136030 136184 2 8 40 attackers:136030;victims:136184;type:1;valid_origin:True;recurrent:True;local:False
136030 136184 1 26 14
136030 136184 2 20 20
136030 136184 3 21 19
136030 136184 4 19 21
136030 136184 5 15 25
136030 136184 6 18 22
136030 136184 7 17 23
136030 136184 8 18 22
136030 136184 9 16 24
136030 136184 10 19 21
!leg 41560 210756 10 0 14 attackers:41560;victims:207713;type:3;valid_origin:True;recurrent:False;local:False
41560 210756 1 14 0
41560 210756 2 14 0
41560 210756 3 14 0
41560 210756 4 14 0
41560 210756 5 14 0
41560 210756 6 14 0
41560 210756 7 14 0
41560 210756 8 14 0
41560 210756 9 14 0
41560 210756 10 14 0
!sus 16550 214128 0 10 18 attackers:214128;victims:16550;type:1;valid_origin:False;recurrent:True;local:False
16550 214128 1 0 18
16550 214128 2 0 18
16550 214128 3 0 18
16550 214128 4 0 18
16550 214128 5 1 17
16550 214128 6 2 16
16550 214128 7 1 17
16550 214128 8 2 16
16550 214128 9 2 16
16550 214128 10 2 16
!sus 203062 216164 0 10 190 attackers:216164;victims:203062;type:1;valid_origin:True;recurrent:True;local:False
203062 216164 1 0 190
203062 216164 2 0 190
203062 216164 3 3 187
203062 216164 4 1 189
203062 216164 5 1 189
203062 216164 6 1 189
203062 216164 7 1 189
203062 216164 8 5 185
203062 216164 9 13 177
203062 216164 10 2 188
!sus 19318 211301 0 10 4 attackers:19318;victims:211301;type:1;valid_origin:True;recurrent:True;local:False
19318 211301 1 0 4
19318 211301 2 0 4
19318 211301 3 0 4
19318 211301 4 0 4
19318 211301 5 0 4
19318 211301 6 0 4
19318 211301 7 0 4
19318 211301 8 0 4
19318 211301 9 0 4
19318 211301 10 0 4
!sus 1221 60068 4 6 2 attackers:1221;victims:60068;type:1;valid_origin:True;recurrent:True;local:False
1221 60068 1 2 0
1221 60068 2 2 0
1221 60068 3 2 0
1221 60068 4 2 0
1221 60068 5 0 2
1221 60068 6 1 1
1221 60068 7 1 1
1221 60068 8 0 2
1221 60068 9 1 1
1221 60068 10 1 1
!sus 18450 213621 9 1 6 attackers:18450;victims:213621;type:1;valid_origin:False;recurrent:True;local:False
18450 213621 1 3 3
18450 213621 2 6 0
18450 213621 3 6 0
18450 213621 4 6 0
18450 213621 5 6 0
18450 213621 6 6 0
18450 213621 7 6 0
18450 213621 8 6 0
18450 213621 9 6 0
18450 213621 10 6 0
!sus 28329 270966 0 10 27 attackers:270966;victims:28329;type:1;valid_origin:True;recurrent:True;local:False
28329 270966 1 0 27
28329 270966 2 0 27
28329 270966 3 0 27
28329 270966 4 0 27
28329 270966 5 0 27
28329 270966 6 0 27
28329 270966 7 0 27
28329 270966 8 0 27
28329 270966 9 0 27
28329 270966 10 0 27
!leg 7195 272163 10 0 1 attackers:7195;victims:272163;type:1;valid_origin:True;recurrent:False;local:False
7195 272163 1 1 0
7195 272163 2 1 0
7195 272163 3 1 0
7195 272163 4 1 0
7195 272163 5 1 0
7195 272163 6 1 0
7195 272163 7 1 0
7195 272163 8 1 0
7195 272163 9 1 0
7195 272163 10 1 0
!sus 203915 212895 7 3 4 attackers:212895;victims:203915;type:1;valid_origin:True;recurrent:True;local:False
203915 212895 1 0 4
203915 212895 2 0 4
203915 212895 3 2 2
203915 212895 4 4 0
203915 212895 5 4 0
203915 212895 6 4 0
203915 212895 7 4 0
203915 212895 8 4 0
203915 212895 9 4 0
203915 212895 10 4 0
!sus 8849 211373 5 5 199 attackers:8849;victims:211373;type:1;valid_origin:False;recurrent:True;local:False
8849 211373 1 0 199
8849 211373 2 0 199
8849 211373 3 8 191
8849 211373 4 50 149
8849 211373 5 46 153
8849 211373 6 161 38
8849 211373 7 197 2
8849 211373 8 197 2
8849 211373 9 199 0
8849 211373 10 199 0
!sus 29049 213881 0 10 7 attackers:29049;victims:213881;type:1;valid_origin:True;recurrent:True;local:False
29049 213881 1 3 4
29049 213881 2 0 7
29049 213881 3 1 6
29049 213881 4 1 6
29049 213881 5 1 6
29049 213881 6 0 7
29049 213881 7 1 6
29049 213881 8 1 6
29049 213881 9 3 4
29049 213881 10 1 6
!leg 140076 149994 10 0 52 attackers:149994;victims:140076;type:1;valid_origin:True;recurrent:False;local:False
140076 149994 1 52 0
140076 149994 2 52 0
140076 149994 3 52 0
140076 149994 4 52 0
140076 149994 5 52 0
140076 149994 6 52 0
140076 149994 7 52 0
140076 149994 8 52 0
140076 149994 9 52 0
140076 149994 10 52 0
!leg 52941 262519 10 0 2 attackers:52941;victims:262519;type:1;valid_origin:True;recurrent:False;local:False
52941 262519 1 2 0
52941 262519 2 2 0
52941 262519 3 2 0
52941 262519 4 2 0
52941 262519 5 2 0
52941 262519 6 2 0
52941 262519 7 2 0
52941 262519 8 2 0
52941 262519 9 2 0
52941 262519 10 2 0
!leg 55900 59123 10 0 1 attackers:55900;victims:59123;type:1;valid_origin:True;recurrent:False;local:False
55900 59123 1 1 0
55900 59123 2 1 0
55900 59123 3 1 0
55900 59123 4 1 0
55900 59123 5 1 0
55900 59123 6 1 0
55900 59123 7 1 0
55900 59123 8 1 0
55900 59123 9 1 0
55900 59123 10 1 0
!sus 48716 209030 9 1 19 attackers:209030;victims:48716;type:1;valid_origin:True;recurrent:True;local:False
48716 209030 1 0 19
48716 209030 2 10 9
48716 209030 3 19 0
48716 209030 4 19 0
48716 209030 5 19 0
48716 209030 6 19 0
48716 209030 7 19 0
48716 209030 8 19 0
48716 209030 9 19 0
48716 209030 10 19 0
!leg 9498 136590 10 0 46 attackers:9498;victims:136590;type:1;valid_origin:False;recurrent:False;local:False
9498 136590 1 46 0
9498 136590 2 46 0
9498 136590 3 46 0
9498 136590 4 46 0
9498 136590 5 46 0
9498 136590 6 46 0
9498 136590 7 46 0
9498 136590 8 46 0
9498 136590 9 46 0
9498 136590 10 46 0
!leg 31376 31444 10 0 59 attackers:31444;victims:199007;type:2;valid_origin:True;recurrent:False;local:False
31376 31444 1 59 0
31376 31444 2 59 0
31376 31444 3 59 0
31376 31444 4 59 0
31376 31444 5 59 0
31376 31444 6 59 0
31376 31444 7 59 0
31376 31444 8 59 0
31376 31444 9 59 0
31376 31444 10 59 0
!leg 58945 134371 10 0 2 attackers:58945;victims:140898;type:2;valid_origin:True;recurrent:False;local:False
58945 134371 1 2 0
58945 134371 2 2 0
58945 134371 3 2 0
58945 134371 4 2 0
58945 134371 5 2 0
58945 134371 6 2 0
58945 134371 7 2 0
58945 134371 8 2 0
58945 134371 9 2 0
58945 134371 10 2 0
!sus 142132 152919 7 3 1 attackers:142132;victims:152919;type:1;valid_origin:True;recurrent:True;local:False
142132 152919 1 0 1
142132 152919 2 0 1
142132 152919 3 0 1
142132 152919 4 1 0
142132 152919 5 1 0
142132 152919 6 1 0
142132 152919 7 1 0
142132 152919 8 1 0
142132 152919 9 1 0
142132 152919 10 1 0
!leg 8866 25332 10 0 1 attackers:8866;victims:25332;type:1;valid_origin:True;recurrent:False;local:False
8866 25332 1 1 0
8866 25332 2 1 0
8866 25332 3 1 0
8866 25332 4 1 0
8866 25332 5 1 0
8866 25332 6 1 0
8866 25332 7 1 0
8866 25332 8 1 0
8866 25332 9 1 0
8866 25332 10 1 0
!sus 917 1299 0 10 14 attackers:1299;victims:207921,35487;type:2,3;valid_origin:True;recurrent:True;local:False
917 1299 1 0 14
917 1299 2 0 14
917 1299 3 0 14
917 1299 4 0 14
917 1299 5 0 14
917 1299 6 0 14
917 1299 7 0 14
917 1299 8 0 14
917 1299 9 0 14
917 1299 10 0 14
!sus 47288 216385 8 2 147 attackers:47288;victims:216385;type:1;valid_origin:True;recurrent:True;local:False
47288 216385 1 0 147
47288 216385 2 69 78
47288 216385 3 138 9
47288 216385 4 143 4
47288 216385 5 145 2
47288 216385 6 146 1
47288 216385 7 146 1
47288 216385 8 147 0
47288 216385 9 146 1
47288 216385 10 147 0
!leg 44285 206065 10 0 110 attackers:44285;victims:206065;type:1;valid_origin:True;recurrent:False;local:False
44285 206065 1 110 0
44285 206065 2 110 0
44285 206065 3 110 0
44285 206065 4 110 0
44285 206065 5 110 0
44285 206065 6 110 0
44285 206065 7 110 0
44285 206065 8 110 0
44285 206065 9 110 0
44285 206065 10 110 0
!sus 209735 214223 0 10 44 attackers:209735;victims:214223;type:1;valid_origin:True;recurrent:True;local:False
209735 214223 1 0 44
209735 214223 2 2 42
209735 214223 3 9 35
209735 214223 4 12 32
209735 214223 5 12 32
209735 214223 6 12 32
209735 214223 7 12 32
209735 214223 8 20 24
209735 214223 9 22 22
209735 214223 10 12 32
!sus 56910 213835 5 5 3 attackers:56910;victims:213835;type:1;valid_origin:True;recurrent:True;local:False
56910 213835 1 2 1
56910 213835 2 0 3
56910 213835 3 3 0
56910 213835 4 0 3
56910 213835 5 1 2
56910 213835 6 0 3
56910 213835 7 2 1
56910 213835 8 2 1
56910 213835 9 3 0
56910 213835 10 0 3
!sus 34872 153495 0 10 3 attackers:34872;victims:153495;type:1;valid_origin:True;recurrent:True;local:False
34872 153495 1 1 2
34872 153495 2 1 2
34872 153495 3 1 2
34872 153495 4 1 2
34872 153495 5 1 2
34872 153495 6 1 2
34872 153495 7 1 2
34872 153495 8 1 2
34872 153495 9 1 2
34872 153495 10 0 3
!sus 37148 136907 0 10 3 attackers:37148;victims:136907;type:1;valid_origin:True;recurrent:True;local:False
37148 136907 1 0 3
37148 136907 2 0 3
37148 136907 3 0 3
37148 136907 4 0 3
37148 136907 5 0 3
37148 136907 6 0 3
37148 136907 7 0 3
37148 136907 8 0 3
37148 136907 9 0 3
37148 136907 10 0 3
!leg 262494 262624 10 0 15 attackers:262494;victims:262624;type:1;valid_origin:False;recurrent:False;local:False
262494 262624 1 15 0
262494 262624 2 15 0
262494 262624 3 15 0
262494 262624 4 15 0
262494 262624 5 15 0
262494 262624 6 15 0
262494 262624 7 15 0
262494 262624 8 15 0
262494 262624 9 15 0
262494 262624 10 15 0
!sus 35753 55256 6 4 4 attackers:35753;victims:55256;type:1;valid_origin:True;recurrent:True;local:False
35753 55256 1 0 4
35753 55256 2 0 4
35753 55256 3 1 3
35753 55256 4 1 3
35753 55256 5 4 0
35753 55256 6 4 0
35753 55256 7 4 0
35753 55256 8 4 0
35753 55256 9 4 0
35753 55256 10 4 0
!sus 485 27064 7 3 2 attackers:27064;victims:485;type:1;valid_origin:True;recurrent:True;local:False
485 27064 1 2 0
485 27064 2 2 0
485 27064 3 2 0
485 27064 4 2 0
485 27064 5 2 0
485 27064 6 1 1
485 27064 7 2 0
485 27064 8 2 0
485 27064 9 0 2
485 27064 10 1 1
!leg 262808 270776 10 0 8 attackers:270776;victims:28296;type:2;valid_origin:True;recurrent:False;local:False
262808 270776 1 8 0
262808 270776 2 8 0
262808 270776 3 8 0
262808 270776 4 8 0
262808 270776 5 8 0
262808 270776 6 8 0
262808 270776 7 8 0
262808 270776 8 8 0
262808 270776 9 8 0
262808 270776 10 8 0
!sus 63718 133776 0 10 8 attackers:133776;victims:63718;type:1;valid_origin:True;recurrent:True;local:False
63718 133776 1 0 8
63718 133776 2 1 7
63718 133776 3 1 7
63718 133776 4 1 7
63718 133776 5 1 7
63718 133776 6 1 7
63718 133776 7 1 7
63718 133776 8 1 7
63718 133776 9 1 7
63718 133776 10 1 7
!sus 53667 213582 6 4 211 attackers:53667;victims:213582;type:1;valid_origin:True;recurrent:True;local:False
53667 213582 1 145 66
53667 213582 2 127 84
53667 213582 3 174 37
53667 213582 4 81 130
53667 213582 5 182 29
53667 213582 6 94 117
53667 213582 7 98 113
53667 213582 8 124 87
53667 213582 9 91 120
53667 213582 10 126 85
!sus 1764 207921 9 1 41 attackers:1764;victims:207921;type:1;valid_origin:True;recurrent:True;local:False
1764 207921 1 17 24
1764 207921 2 26 15
1764 207921 3 26 15
1764 207921 4 35 6
1764 207921 5 28 13
1764 207921 6 35 6
1764 207921 7 35 6
1764 207921 8 36 5
1764 207921 9 35 6
1764 207921 10 35 6
!sus 50053 51765 8 2 6 attackers:51765;victims:50053;type:1;valid_origin:True;recurrent:True;local:False
50053 51765 1 0 6
50053 51765 2 0 6
50053 51765 3 6 0
50053 51765 4 6 0
50053 51765 5 6 0
50053 51765 6 6 0
50053 51765 7 6 0
50053 51765 8 6 0
50053 51765 9 6 0
50053 51765 10 6 0
!sus 51758 61568 9 1 1 attackers:61568;victims:51758;type:1;valid_origin:True;recurrent:True;local:True
51758 61568 1 0 1
51758 61568 2 1 0
51758 61568 3 1 0
51758 61568 4 1 0
51758 61568 5 1 0
51758 61568 6 1 0
51758 61568 7 1 0
51758 61568 8 1 0
51758 61568 9 1 0
51758 61568 10 1 0
!sus 60171 328019 0 10 19 attackers:60171;victims:328019;type:1;valid_origin:True;recurrent:True;local:False
60171 328019 1 0 19
60171 328019 2 0 19
60171 328019 3 0 19
60171 328019 4 0 19
60171 328019 5 0 19
60171 328019 6 0 19
60171 328019 7 0 19
60171 328019 8 2 17
60171 328019 9 0 19
60171 328019 10 0 19
!sus 199275 206014 3 7 190 attackers:199275;victims:206014;type:1;valid_origin:True;recurrent:True;local:False
199275 206014 1 0 190
199275 206014 2 1 189
199275 206014 3 14 176
199275 206014 4 34 156
199275 206014 5 38 152
199275 206014 6 82 108
199275 206014 7 60 130
199275 206014 8 104 86
199275 206014 9 109 81
199275 206014 10 154 36
!sus 57463 215636 7 3 1 attackers:57463;victims:215636;type:1;valid_origin:True;recurrent:True;local:True
57463 215636 1 0 1
57463 215636 2 0 1
57463 215636 3 0 1
57463 215636 4 1 0
57463 215636 5 1 0
57463 215636 6 1 0
57463 215636 7 1 0
57463 215636 8 1 0
57463 215636 9 1 0
57463 215636 10 1 0
!sus 15830 393861 8 2 4 attackers:15830;victims:393861;type:1;valid_origin:True;recurrent:True;local:False
15830 393861 1 0 4
15830 393861 2 0 4
15830 393861 3 3 1
15830 393861 4 3 1
15830 393861 5 3 1
15830 393861 6 3 1
15830 393861 7 4 0
15830 393861 8 3 1
15830 393861 9 4 0
15830 393861 10 4 0
!sus 50131 400799 0 10 3 attackers:400799;victims:50131;type:1;valid_origin:True;recurrent:True;local:False
50131 400799 1 0 3
50131 400799 2 0 3
50131 400799 3 0 3
50131 400799 4 0 3
50131 400799 5 0 3
50131 400799 6 0 3
50131 400799 7 0 3
50131 400799 8 0 3
50131 400799 9 0 3
50131 400799 10 0 3
!sus 12956 61610 8 2 2 attackers:12956;victims:61610;type:1;valid_origin:True;recurrent:True;local:False
12956 61610 1 0 2
12956 61610 2 1 1
12956 61610 3 2 0
12956 61610 4 2 0
12956 61610 5 2 0
12956 61610 6 2 0
12956 61610 7 2 0
12956 61610 8 2 0
12956 61610 9 2 0
12956 61610 10 2 0
!leg 3360 10429 10 0 6 attackers:10429;victims:3360;type:1;valid_origin:True;recurrent:True;local:False
3360 10429 1 4 2
3360 10429 2 5 1
3360 10429 3 5 1
3360 10429 4 6 0
3360 10429 5 6 0
3360 10429 6 6 0
3360 10429 7 6 0
3360 10429 8 6 0
3360 10429 9 6 0
3360 10429 10 6 0
!sus 268955 274629 1 9 3 attackers:268955;victims:274629;type:1;valid_origin:True;recurrent:True;local:False
268955 274629 1 2 1
268955 274629 2 0 3
268955 274629 3 1 2
268955 274629 4 0 3
268955 274629 5 0 3
268955 274629 6 1 2
268955 274629 7 0 3
268955 274629 8 0 3
268955 274629 9 0 3
268955 274629 10 0 3
!leg 214497 214961 10 0 87 attackers:214497;victims:214961;type:1;valid_origin:True;recurrent:False;local:False
214497 214961 1 44 43
214497 214961 2 75 12
214497 214961 3 81 6
214497 214961 4 83 4
214497 214961 5 82 5
214497 214961 6 86 1
214497 214961 7 87 0
214497 214961 8 87 0
214497 214961 9 87 0
214497 214961 10 87 0
!sus 10798 19711 9 1 5 attackers:19711;victims:10798;type:1;valid_origin:False;recurrent:True;local:False
10798 19711 1 0 5
10798 19711 2 4 1
10798 19711 3 4 1
10798 19711 4 4 1
10798 19711 5 4 1
10798 19711 6 4 1
10798 19711 7 4 1
10798 19711 8 4 1
10798 19711 9 4 1
10798 19711 10 4 1
!leg 135465 152344 10 0 1 attackers:135465;victims:152344;type:1;valid_origin:True;recurrent:False;local:False
135465 152344 1 1 0
135465 152344 2 1 0
135465 152344 3 1 0
135465 152344 4 1 0
135465 152344 5 1 0
135465 152344 6 1 0
135465 152344 7 1 0
135465 152344 8 1 0
135465 152344 9 1 0
135465 152344 10 1 0
!sus 203867 215378 0 10 1 attackers:203867;victims:215378;type:1;valid_origin:True;recurrent:True;local:False
203867 215378 1 0 1
203867 215378 2 0 1
203867 215378 3 0 1
203867 215378 4 0 1
203867 215378 5 0 1
203867 215378 6 0 1
203867 215378 7 0 1
203867 215378 8 0 1
203867 215378 9 0 1
203867 215378 10 0 1
!sus 134171 139594 0 10 370 attackers:139594;victims:134171;type:1;valid_origin:True;recurrent:True;local:False
134171 139594 1 0 370
134171 139594 2 6 364
134171 139594 3 16 354
134171 139594 4 21 349
134171 139594 5 33 337
134171 139594 6 26 344
134171 139594 7 44 326
134171 139594 8 31 339
134171 139594 9 56 314
134171 139594 10 56 314
!sus 15830 132018 7 3 15 attackers:15830;victims:132018;type:1;valid_origin:True;recurrent:True;local:False
15830 132018 1 0 15
15830 132018 2 0 15
15830 132018 3 0 15
15830 132018 4 12 3
15830 132018 5 12 3
15830 132018 6 12 3
15830 132018 7 14 1
15830 132018 8 13 2
15830 132018 9 14 1
15830 132018 10 13 2
!leg 1764 12577 10 0 7 attackers:12577;victims:44832;type:3;valid_origin:True;recurrent:False;local:False
1764 12577 1 7 0
1764 12577 2 7 0
1764 12577 3 7 0
1764 12577 4 7 0
1764 12577 5 7 0
1764 12577 6 7 0
1764 12577 7 7 0
1764 12577 8 7 0
1764 12577 9 7 0
1764 12577 10 7 0
!sus 55900 138968 8 2 2 attackers:55900;victims:138968,55933;type:3;valid_origin:True;recurrent:False;local:False
55900 138968 1 1 1
55900 138968 2 2 0
55900 138968 3 1 1
55900 138968 4 2 0
55900 138968 5 2 0
55900 138968 6 2 0
55900 138968 7 2 0
55900 138968 8 2 0
55900 138968 9 2 0
55900 138968 10 2 0
!leg 7195 267993 10 0 4 attackers:7195;victims:267993;type:1;valid_origin:True;recurrent:False;local:False
7195 267993 1 4 0
7195 267993 2 4 0
7195 267993 3 4 0
7195 267993 4 4 0
7195 267993 5 4 0
7195 267993 6 4 0
7195 267993 7 4 0
7195 267993 8 4 0
7195 267993 9 4 0
7195 267993 10 4 0
!sus 44570 63279 0 10 3 attackers:44570;victims:63279;type:1;valid_origin:True;recurrent:True;local:False
44570 63279 1 1 2
44570 63279 2 1 2
44570 63279 3 1 2
44570 63279 4 1 2
44570 63279 5 1 2
44570 63279 6 1 2
44570 63279 7 1 2
44570 63279 8 1 2
44570 63279 9 1 2
44570 63279 10 1 2
!sus 21245 57152 0 10 9 attackers:57152;victims:42473,21245;type:1,2;valid_origin:True;recurrent:True;local:False
21245 57152 1 2 7
21245 57152 2 2 7
21245 57152 3 2 7
21245 57152 4 3 6
21245 57152 5 2 7
21245 57152 6 3 6
21245 57152 7 3 6
21245 57152 8 3 6
21245 57152 9 3 6
21245 57152 10 3 6
!sus 4 150011 0 10 2 attackers:150011;victims:4;type:1;valid_origin:False;recurrent:False;local:False
4 150011 1 0 2
4 150011 2 0 2
4 150011 3 0 2
4 150011 4 0 2
4 150011 5 0 2
4 150011 6 0 2
4 150011 7 0 2
4 150011 8 0 2
4 150011 9 0 2
4 150011 10 0 2
!sus 27176 215120 0 10 2 attackers:27176;victims:215120;type:1;valid_origin:True;recurrent:True;local:False
27176 215120 1 0 2
27176 215120 2 0 2
27176 215120 3 0 2
27176 215120 4 0 2
27176 215120 5 0 2
27176 215120 6 0 2
27176 215120 7 0 2
27176 215120 8 0 2
27176 215120 9 0 2
27176 215120 10 0 2
!leg 55492 150385 10 0 2 attackers:55492;victims:150385;type:1;valid_origin:True;recurrent:False;local:False
55492 150385 1 2 0
55492 150385 2 2 0
55492 150385 3 2 0
55492 150385 4 2 0
55492 150385 5 2 0
55492 150385 6 2 0
55492 150385 7 2 0
55492 150385 8 2 0
55492 150385 9 2 0
55492 150385 10 2 0
!leg 20764 31444 10 0 4 attackers:31444;victims:199007;type:3;valid_origin:True;recurrent:False;local:False
20764 31444 1 4 0
20764 31444 2 4 0
20764 31444 3 4 0
20764 31444 4 4 0
20764 31444 5 4 0
20764 31444 6 4 0
20764 31444 7 4 0
20764 31444 8 4 0
20764 31444 9 4 0
20764 31444 10 4 0
!leg 7896 16851 10 0 18 attackers:7896;victims:54072;type:2;valid_origin:True;recurrent:False;local:False
7896 16851 1 18 0
7896 16851 2 18 0
7896 16851 3 18 0
7896 16851 4 18 0
7896 16851 5 18 0
7896 16851 6 18 0
7896 16851 7 18 0
7896 16851 8 18 0
7896 16851 9 18 0
7896 16851 10 18 0
!sus 266441 268314 1 9 9 attackers:266441;victims:268314;type:1;valid_origin:True;recurrent:True;local:False
266441 268314 1 0 9
266441 268314 2 0 9
266441 268314 3 0 9
266441 268314 4 0 9
266441 268314 5 0 9
266441 268314 6 1 8
266441 268314 7 0 9
266441 268314 8 6 3
266441 268314 9 0 9
266441 268314 10 2 7
!sus 60223 198154 0 10 408 attackers:60223;victims:198154;type:1;valid_origin:True;recurrent:True;local:False
60223 198154 1 0 408
60223 198154 2 0 408
60223 198154 3 0 408
60223 198154 4 2 406
60223 198154 5 2 406
60223 198154 6 0 408
60223 198154 7 0 408
60223 198154 8 0 408
60223 198154 9 0 408
60223 198154 10 0 408
!sus 138915 140666 0 10 14 attackers:140666;victims:138915;type:1;valid_origin:True;recurrent:True;local:False
138915 140666 1 0 14
138915 140666 2 0 14
138915 140666 3 0 14
138915 140666 4 0 14
138915 140666 5 0 14
138915 140666 6 0 14
138915 140666 7 0 14
138915 140666 8 0 14
138915 140666 9 0 14
138915 140666 10 0 14
