!sus 42473 208175 0 10 8 attackers:42473;victims:208175;type:1;valid_origin:True;recurrent:True;local:False
42473 208175 1 0 8
42473 208175 2 0 8
42473 208175 3 0 8
42473 208175 4 0 8
42473 208175 5 0 8
42473 208175 6 0 8
42473 208175 7 0 8
42473 208175 8 0 8
42473 208175 9 0 8
42473 208175 10 0 8
!sus 27693 37468 3 7 19 attackers:27693;victims:262720;type:2;valid_origin:True;recurrent:False;local:False
27693 37468 1 1 18
27693 37468 2 1 18
27693 37468 3 1 18
27693 37468 4 1 18
27693 37468 5 4 15
27693 37468 6 4 15
27693 37468 7 5 14
27693 37468 8 10 9
27693 37468 9 10 9
27693 37468 10 10 9
!sus 210000 401463 1 9 15 attackers:210000;victims:401463;type:1;valid_origin:True;recurrent:True;local:False
210000 401463 1 10 5
210000 401463 2 0 15
210000 401463 3 0 15
210000 401463 4 0 15
210000 401463 5 0 15
210000 401463 6 0 15
210000 401463 7 0 15
210000 401463 8 0 15
210000 401463 9 0 15
210000 401463 10 0 15
!leg 28368 264178 10 0 2 attackers:28368;victims:264178;type:1;valid_origin:True;recurrent:False;local:False
28368 264178 1 2 0
28368 264178 2 2 0
28368 264178 3 2 0
28368 264178 4 2 0
28368 264178 5 2 0
28368 264178 6 2 0
28368 264178 7 2 0
28368 264178 8 2 0
28368 264178 9 2 0
28368 264178 10 2 0
!sus 17660 132894 9 1 10 attackers:17660;victims:132894;type:1;valid_origin:True;recurrent:True;local:False
17660 132894 1 7 3
17660 132894 2 8 2
17660 132894 3 8 2
17660 132894 4 8 2
17660 132894 5 0 10
17660 132894 6 7 3
17660 132894 7 8 2
17660 132894 8 8 2
17660 132894 9 7 3
17660 132894 10 8 2
!sus 28329 266181 0 10 5 attackers:266181;victims:268134;type:2;valid_origin:True;recurrent:False;local:False
28329 266181 1 0 5
28329 266181 2 0 5
28329 266181 3 0 5
28329 266181 4 0 5
28329 266181 5 0 5
28329 266181 6 0 5
28329 266181 7 0 5
28329 266181 8 0 5
28329 266181 9 0 5
28329 266181 10 0 5
!sus 2013 15830 0 10 1 attackers:15830;victims:2013;type:1;valid_origin:True;recurrent:True;local:False
2013 15830 1 0 1
2013 15830 2 0 1
2013 15830 3 0 1
2013 15830 4 0 1
2013 15830 5 0 1
2013 15830 6 0 1
2013 15830 7 0 1
2013 15830 8 0 1
2013 15830 9 0 1
2013 15830 10 0 1
!leg 26415 45352 10 0 1 attackers:45352;victims:396729;type:2;valid_origin:True;recurrent:False;local:True
26415 45352 1 1 0
26415 45352 2 1 0
26415 45352 3 1 0
26415 45352 4 1 0
26415 45352 5 1 0
26415 45352 6 1 0
26415 45352 7 1 0
26415 45352 8 1 0
26415 45352 9 1 0
26415 45352 10 1 0
!sus 3356 397183 8 2 8 attackers:3356;victims:397183;type:1;valid_origin:True;recurrent:True;local:False
3356 397183 1 7 1
3356 397183 2 7 1
3356 397183 3 5 3
3356 397183 4 4 4
3356 397183 5 5 3
3356 397183 6 5 3
3356 397183 7 5 3
3356 397183 8 5 3
3356 397183 9 0 8
3356 397183 10 5 3
!sus 3356 272409 8 2 88 attackers:3356;victims:272409;type:1;valid_origin:True;recurrent:True;local:False
3356 272409 1 81 7
3356 272409 2 79 9
3356 272409 3 44 44
3356 272409 4 45 43
3356 272409 5 49 39
3356 272409 6 59 29
3356 272409 7 52 36
3356 272409 8 49 39
3356 272409 9 0 88
3356 272409 10 55 33
!leg 9002 214329 10 0 44 attackers:214329;victims:32489;type:6,7,8,9,10,11,12,13,15,17,18,19;valid_origin:True;recurrent:False;local:False
9002 214329 1 44 0
9002 214329 2 44 0
9002 214329 3 44 0
9002 214329 4 44 0
9002 214329 5 44 0
9002 214329 6 44 0
9002 214329 7 44 0
9002 214329 8 44 0
9002 214329 9 44 0
9002 214329 10 44 0
!leg 135587 138660 10 0 2 attackers:138660;victims:135587;type:1;valid_origin:True;recurrent:False;local:False
135587 138660 1 2 0
135587 138660 2 2 0
135587 138660 3 2 0
135587 138660 4 2 0
135587 138660 5 2 0
135587 138660 6 2 0
135587 138660 7 2 0
135587 138660 8 2 0
135587 138660 9 2 0
135587 138660 10 2 0
!sus 15830 213815 1 9 18 attackers:15830;victims:213815;type:1;valid_origin:True;recurrent:True;local:False
15830 213815 1 8 10
15830 213815 2 0 18
15830 213815 3 3 15
15830 213815 4 0 18
15830 213815 5 10 8
15830 213815 6 9 9
15830 213815 7 2 16
15830 213815 8 0 18
15830 213815 9 0 18
15830 213815 10 5 13
!leg 51034 197911 10 0 8 attackers:51034;victims:197911;type:1;valid_origin:True;recurrent:False;local:False
51034 197911 1 8 0
51034 197911 2 8 0
51034 197911 3 8 0
51034 197911 4 8 0
51034 197911 5 8 0
51034 197911 6 8 0
51034 197911 7 8 0
51034 197911 8 8 0
51034 197911 9 8 0
51034 197911 10 8 0
!sus 394082 399989 5 5 6 attackers:399989;victims:394082;type:1;valid_origin:True;recurrent:True;local:False
394082 399989 1 6 0
394082 399989 2 6 0
394082 399989 3 6 0
394082 399989 4 0 6
394082 399989 5 6 0
394082 399989 6 6 0
394082 399989 7 0 6
394082 399989 8 0 6
394082 399989 9 0 6
394082 399989 10 1 5
!leg 267035 269096 10 0 1 attackers:267035;victims:271429;type:3;valid_origin:True;recurrent:False;local:False
267035 269096 1 1 0
267035 269096 2 1 0
267035 269096 3 1 0
267035 269096 4 1 0
267035 269096 5 1 0
267035 269096 6 1 0
267035 269096 7 1 0
267035 269096 8 1 0
267035 269096 9 1 0
267035 269096 10 1 0
!sus 136038 136308 8 2 144 attackers:136038;victims:136038;type:2;valid_origin:True;recurrent:True;local:False
136038 136308 1 0 144
136038 136308 2 0 144
136038 136308 3 141 3
136038 136308 4 143 1
136038 136308 5 144 0
136038 136308 6 144 0
136038 136308 7 144 0
136038 136308 8 144 0
136038 136308 9 144 0
136038 136308 10 144 0
!sus 268314 273730 7 3 12 attackers:273730;victims:268314;type:1;valid_origin:True;recurrent:True;local:False
268314 273730 1 5 7
268314 273730 2 6 6
268314 273730 3 6 6
268314 273730 4 8 4
268314 273730 5 8 4
268314 273730 6 8 4
268314 273730 7 8 4
268314 273730 8 8 4
268314 273730 9 8 4
268314 273730 10 8 4
!leg 137453 138660 10 0 14 attackers:138660;victims:137453;type:1;valid_origin:True;recurrent:False;local:False
137453 138660 1 14 0
137453 138660 2 14 0
137453 138660 3 14 0
137453 138660 4 14 0
137453 138660 5 14 0
137453 138660 6 14 0
137453 138660 7 14 0
137453 138660 8 14 0
137453 138660 9 14 0
137453 138660 10 14 0
!sus 43641 214940 0 10 9 attackers:43641;victims:214940;type:1;valid_origin:True;recurrent:True;local:False
43641 214940 1 0 9
43641 214940 2 0 9
43641 214940 3 0 9
43641 214940 4 0 9
43641 214940 5 0 9
43641 214940 6 0 9
43641 214940 7 0 9
43641 214940 8 0 9
43641 214940 9 0 9
43641 214940 10 0 9
!sus 200651 213323 4 6 7 attackers:200651;victims:213323;type:1;valid_origin:True;recurrent:True;local:False
200651 213323 1 0 7
200651 213323 2 0 7
200651 213323 3 1 6
200651 213323 4 3 4
200651 213323 5 3 4
200651 213323 6 3 4
200651 213323 7 4 3
200651 213323 8 5 2
200651 213323 9 5 2
200651 213323 10 4 3
!sus 23655 38084 8 2 1 attackers:23655;victims:38084;type:1;valid_origin:True;recurrent:True;local:False
23655 38084 1 0 1
23655 38084 2 0 1
23655 38084 3 1 0
23655 38084 4 1 0
23655 38084 5 1 0
23655 38084 6 1 0
23655 38084 7 1 0
23655 38084 8 1 0
23655 38084 9 1 0
23655 38084 10 1 0
!sus 2734 262415 8 2 15 attackers:2734;victims:262415;type:1;valid_origin:True;recurrent:True;local:False
2734 262415 1 0 15
2734 262415 2 0 15
2734 262415 3 10 5
2734 262415 4 10 5
2734 262415 5 11 4
2734 262415 6 11 4
2734 262415 7 13 2
2734 262415 8 14 1
2734 262415 9 15 0
2734 262415 10 13 2
!sus 6453 24534 9 1 122 attackers:6453;victims:149661,137353,131775,141591,152026,138835,139456,132649,141133,139446,24534,149713,139419,45716,140016,138107,135465,138106,152801,152430,133337;type:1,2,3;valid_origin:True;recurrent:True;local:False
6453 24534 1 57 65
6453 24534 2 88 34
6453 24534 3 98 24
6453 24534 4 108 14
6453 24534 5 99 23
6453 24534 6 119 3
6453 24534 7 119 3
6453 24534 8 119 3
6453 24534 9 121 1
6453 24534 10 122 0
!sus 263569 267035 9 1 1 attackers:267035;victims:265215;type:4;valid_origin:True;recurrent:False;local:False
263569 267035 1 0 1
263569 267035 2 1 0
263569 267035 3 1 0
263569 267035 4 1 0
263569 267035 5 1 0
263569 267035 6 1 0
263569 267035 7 1 0
263569 267035 8 1 0
263569 267035 9 1 0
263569 267035 10 1 0
!leg 49100 57218 10 0 24 attackers:57218;victims:44090;type:2;valid_origin:True;recurrent:False;local:False
49100 57218 1 24 0
49100 57218 2 24 0
49100 57218 3 24 0
49100 57218 4 24 0
49100 57218 5 24 0
49100 57218 6 24 0
49100 57218 7 24 0
49100 57218 8 24 0
49100 57218 9 24 0
49100 57218 10 24 0
!sus 52320 273478 0 10 1 attackers:52320;victims:14868;type:2;valid_origin:True;recurrent:True;local:False
52320 273478 1 0 1
52320 273478 2 0 1
52320 273478 3 0 1
52320 273478 4 0 1
52320 273478 5 0 1
52320 273478 6 0 1
52320 273478 7 0 1
52320 273478 8 0 1
52320 273478 9 0 1
52320 273478 10 0 1
!sus 56630 262210 8 2 17 attackers:56630;victims:262210;type:1;valid_origin:True;recurrent:True;local:False
56630 262210 1 0 17
56630 262210 2 5 12
56630 262210 3 9 8
56630 262210 4 12 5
56630 262210 5 14 3
56630 262210 6 15 2
56630 262210 7 16 1
56630 262210 8 16 1
56630 262210 9 16 1
56630 262210 10 16 1
!leg 53065 269260 10 0 1 attackers:53065;victims:2497;type:4;valid_origin:True;recurrent:False;local:False
53065 269260 1 1 0
53065 269260 2 1 0
53065 269260 3 1 0
53065 269260 4 1 0
53065 269260 5 1 0
53065 269260 6 1 0
53065 269260 7 1 0
53065 269260 8 1 0
53065 269260 9 1 0
53065 269260 10 1 0
!sus 29632 209002 6 4 1 attackers:29632;victims:209002;type:1;valid_origin:True;recurrent:True;local:False
29632 209002 1 0 1
29632 209002 2 0 1
29632 209002 3 0 1
29632 209002 4 0 1
29632 209002 5 1 0
29632 209002 6 1 0
29632 209002 7 1 0
29632 209002 8 1 0
29632 209002 9 1 0
29632 209002 10 1 0
!leg 20473 401320 10 0 120 attackers:20473;victims:401320;type:1;valid_origin:True;recurrent:False;local:False
20473 401320 1 103 17
20473 401320 2 111 9
20473 401320 3 97 23
20473 401320 4 104 16
20473 401320 5 76 44
20473 401320 6 102 18
20473 401320 7 116 4
20473 401320 8 101 19
20473 401320 9 98 22
20473 401320 10 104 16
!leg 38794 58955 10 0 1 attackers:38794;victims:58955;type:1;valid_origin:True;recurrent:False;local:False
38794 58955 1 1 0
38794 58955 2 1 0
38794 58955 3 1 0
38794 58955 4 1 0
38794 58955 5 1 0
38794 58955 6 1 0
38794 58955 7 1 0
38794 58955 8 1 0
38794 58955 9 1 0
38794 58955 10 1 0
!leg 4657 33920 10 0 2 attackers:4657;victims:44504,201898;type:2;valid_origin:True;recurrent:False;local:False
4657 33920 1 2 0
4657 33920 2 2 0
4657 33920 3 2 0
4657 33920 4 2 0
4657 33920 5 2 0
4657 33920 6 2 0
4657 33920 7 2 0
4657 33920 8 2 0
4657 33920 9 2 0
4657 33920 10 2 0
!leg 61568 262470 10 0 1 attackers:61568;victims:262470;type:1;valid_origin:True;recurrent:False;local:True
61568 262470 1 1 0
61568 262470 2 1 0
61568 262470 3 1 0
61568 262470 4 1 0
61568 262470 5 1 0
61568 262470 6 1 0
61568 262470 7 1 0
61568 262470 8 1 0
61568 262470 9 1 0
61568 262470 10 1 0
!sus 15169 44814 9 1 1 attackers:15169;victims:61301;type:3;valid_origin:True;recurrent:False;local:False
15169 44814 1 0 1
15169 44814 2 1 0
15169 44814 3 1 0
15169 44814 4 1 0
15169 44814 5 1 0
15169 44814 6 1 0
15169 44814 7 1 0
15169 44814 8 1 0
15169 44814 9 1 0
15169 44814 10 1 0
!sus 265279 2652792 4 6 30 attackers:265279;victims:265279;type:2;valid_origin:True;recurrent:True;local:False
265279 2652792 1 20 10
265279 2652792 2 17 13
265279 2652792 3 17 13
265279 2652792 4 23 7
265279 2652792 5 3 27
265279 2652792 6 2 28
265279 2652792 7 8 22
265279 2652792 8 1 29
265279 2652792 9 1 29
265279 2652792 10 2 28
!sus 267602 274696 2 8 41 attackers:274696;victims:267602;type:1;valid_origin:True;recurrent:True;local:False
267602 274696 1 4 37
267602 274696 2 5 36
267602 274696 3 6 35
267602 274696 4 6 35
267602 274696 5 13 28
267602 274696 6 11 30
267602 274696 7 15 26
267602 274696 8 22 19
267602 274696 9 20 21
267602 274696 10 27 14
!sus 23815 45899 2 8 1 attackers:23815;victims:45899;type:1;valid_origin:True;recurrent:True;local:False
23815 45899 1 0 1
23815 45899 2 0 1
23815 45899 3 0 1
23815 45899 4 0 1
23815 45899 5 0 1
23815 45899 6 0 1
23815 45899 7 0 1
23815 45899 8 0 1
23815 45899 9 1 0
23815 45899 10 1 0
!leg 13935 139325 10 0 7 attackers:139325;victims:13935;type:1;valid_origin:False;recurrent:True;local:False
13935 139325 1 7 0
13935 139325 2 7 0
13935 139325 3 7 0
13935 139325 4 7 0
13935 139325 5 7 0
13935 139325 6 7 0
13935 139325 7 7 0
13935 139325 8 7 0
13935 139325 9 6 1
13935 139325 10 7 0
!leg 61621 269260 10 0 5 attackers:269260;victims:267503,266204;type:3,4;valid_origin:True;recurrent:False;local:False
61621 269260 1 5 0
61621 269260 2 5 0
61621 269260 3 5 0
61621 269260 4 5 0
61621 269260 5 5 0
61621 269260 6 5 0
61621 269260 7 5 0
61621 269260 8 5 0
61621 269260 9 5 0
61621 269260 10 5 0
!sus 934 401012 6 4 12 attackers:934;victims:401012;type:1;valid_origin:True;recurrent:True;local:False
934 401012 1 5 7
934 401012 2 4 8
934 401012 3 4 8
934 401012 4 5 7
934 401012 5 7 5
934 401012 6 7 5
934 401012 7 7 5
934 401012 8 7 5
934 401012 9 7 5
934 401012 10 7 5
!sus 15412 17470 9 1 27 attackers:15412;victims:17470;type:1;valid_origin:True;recurrent:True;local:False
15412 17470 1 0 27
15412 17470 2 15 12
15412 17470 3 18 9
15412 17470 4 24 3
15412 17470 5 25 2
15412 17470 6 25 2
15412 17470 7 24 3
15412 17470 8 25 2
15412 17470 9 25 2
15412 17470 10 25 2
!sus 52468 273057 3 7 208 attackers:52468;victims:273057;type:1;valid_origin:True;recurrent:True;local:False
52468 273057 1 4 204
52468 273057 2 6 202
52468 273057 3 19 189
52468 273057 4 26 182
52468 273057 5 84 124
52468 273057 6 90 118
52468 273057 7 95 113
52468 273057 8 107 101
52468 273057 9 116 92
52468 273057 10 119 89
!leg 6939 265806 10 0 7 attackers:6939;victims:265806;type:1;valid_origin:True;recurrent:False;local:False
6939 265806 1 7 0
6939 265806 2 7 0
6939 265806 3 7 0
6939 265806 4 7 0
6939 265806 5 7 0
6939 265806 6 7 0
6939 265806 7 7 0
6939 265806 8 7 0
6939 265806 9 7 0
6939 265806 10 7 0
!leg 7029 26521 10 0 25 attackers:7029;victims:53291;type:2;valid_origin:True;recurrent:False;local:False
7029 26521 1 25 0
7029 26521 2 25 0
7029 26521 3 25 0
7029 26521 4 25 0
7029 26521 5 25 0
7029 26521 6 25 0
7029 26521 7 25 0
7029 26521 8 25 0
7029 26521 9 25 0
7029 26521 10 25 0
!leg 34936 39351 10 0 1 attackers:39351;victims:34936;type:1;valid_origin:True;recurrent:False;local:True
34936 39351 1 1 0
34936 39351 2 1 0
34936 39351 3 1 0
34936 39351 4 1 0
34936 39351 5 1 0
34936 39351 6 1 0
34936 39351 7 1 0
34936 39351 8 1 0
34936 39351 9 1 0
34936 39351 10 1 0
!sus 262589 273049 0 10 357 attackers:262589;victims:273049;type:1;valid_origin:True;recurrent:True;local:False
262589 273049 1 0 357
262589 273049 2 0 357
262589 273049 3 0 357
262589 273049 4 0 357
262589 273049 5 0 357
262589 273049 6 0 357
262589 273049 7 0 357
262589 273049 8 0 357
262589 273049 9 0 357
262589 273049 10 0 357
!leg 29076 213501 10 0 114 attackers:29076;victims:213501;type:1;valid_origin:True;recurrent:False;local:False
29076 213501 1 114 0
29076 213501 2 114 0
29076 213501 3 114 0
29076 213501 4 114 0
29076 213501 5 114 0
29076 213501 6 114 0
29076 213501 7 114 0
29076 213501 8 114 0
29076 213501 9 114 0
29076 213501 10 113 1
!sus 3920 214760 1 9 14 attackers:3920;victims:214760;type:1;valid_origin:True;recurrent:True;local:False
3920 214760 1 0 14
3920 214760 2 5 9
3920 214760 3 7 7
3920 214760 4 0 14
3920 214760 5 0 14
3920 214760 6 6 8
3920 214760 7 0 14
3920 214760 8 0 14
3920 214760 9 0 14
3920 214760 10 11 3
!sus 262663 270868 4 6 27 attackers:270868;victims:262663;type:1;valid_origin:True;recurrent:True;local:False
262663 270868 1 3 24
262663 270868 2 3 24
262663 270868 3 10 17
262663 270868 4 9 18
262663 270868 5 18 9
262663 270868 6 8 19
262663 270868 7 13 14
262663 270868 8 16 11
262663 270868 9 24 3
262663 270868 10 17 10
!sus 61138 213322 8 2 85 attackers:61138;victims:213322;type:1;valid_origin:True;recurrent:True;local:False
61138 213322 1 0 85
61138 213322 2 0 85
61138 213322 3 81 4
61138 213322 4 71 14
61138 213322 5 85 0
61138 213322 6 85 0
61138 213322 7 85 0
61138 213322 8 85 0
61138 213322 9 85 0
61138 213322 10 85 0
!sus 202991 213708 0 10 2 attackers:202991;victims:213708;type:1;valid_origin:True;recurrent:True;local:False
202991 213708 1 0 2
202991 213708 2 0 2
202991 213708 3 1 1
202991 213708 4 0 2
202991 213708 5 1 1
202991 213708 6 0 2
202991 213708 7 1 1
202991 213708 8 0 2
202991 213708 9 0 2
202991 213708 10 0 2
!leg 31500 214790 10 0 1 attackers:31500;victims:214790;type:1;valid_origin:True;recurrent:False;local:False
31500 214790 1 1 0
31500 214790 2 1 0
31500 214790 3 1 0
31500 214790 4 1 0
31500 214790 5 1 0
31500 214790 6 1 0
31500 214790 7 1 0
31500 214790 8 1 0
31500 214790 9 1 0
31500 214790 10 1 0
!leg 61618 267035 10 0 19 attackers:267035;victims:267216;type:2;valid_origin:True;recurrent:False;local:False
61618 267035 1 19 0
61618 267035 2 19 0
61618 267035 3 19 0
61618 267035 4 19 0
61618 267035 5 19 0
61618 267035 6 19 0
61618 267035 7 19 0
61618 267035 8 19 0
61618 267035 9 19 0
61618 267035 10 19 0
!sus 49434 200019 5 5 21 attackers:49434;victims:200019;type:1;valid_origin:True;recurrent:True;local:False
49434 200019 1 0 21
49434 200019 2 4 17
49434 200019 3 6 15
49434 200019 4 12 9
49434 200019 5 12 9
49434 200019 6 10 11
49434 200019 7 10 11
49434 200019 8 18 3
49434 200019 9 19 2
49434 200019 10 18 3
!sus 3269 20959 5 5 12 attackers:3269;victims:20959;type:1;valid_origin:True;recurrent:True;local:False
3269 20959 1 12 0
3269 20959 2 12 0
3269 20959 3 0 12
3269 20959 4 0 12
3269 20959 5 12 0
3269 20959 6 0 12
3269 20959 7 12 0
3269 20959 8 0 12
3269 20959 9 0 12
3269 20959 10 12 0
!sus 8849 52025 0 10 3 attackers:8849;victims:52025;type:1;valid_origin:True;recurrent:True;local:False
8849 52025 1 0 3
8849 52025 2 0 3
8849 52025 3 0 3
8849 52025 4 0 3
8849 52025 5 0 3
8849 52025 6 0 3
8849 52025 7 1 2
8849 52025 8 1 2
8849 52025 9 1 2
8849 52025 10 1 2
!sus 918 3399 8 2 13 attackers:3399;victims:918;type:1;valid_origin:True;recurrent:True;local:False
918 3399 1 3 10
918 3399 2 3 10
918 3399 3 8 5
918 3399 4 7 6
918 3399 5 7 6
918 3399 6 7 6
918 3399 7 9 4
918 3399 8 7 6
918 3399 9 9 4
918 3399 10 8 5
!leg 7195 270593 10 0 1 attackers:7195;victims:270593;type:1;valid_origin:True;recurrent:False;local:False
7195 270593 1 1 0
7195 270593 2 1 0
7195 270593 3 1 0
7195 270593 4 1 0
7195 270593 5 1 0
7195 270593 6 1 0
7195 270593 7 1 0
7195 270593 8 1 0
7195 270593 9 1 0
7195 270593 10 1 0
!sus 271324 274732 2 8 61 attackers:271324;victims:274732;type:1;valid_origin:True;recurrent:True;local:False
271324 274732 1 61 0
271324 274732 2 60 1
271324 274732 3 0 61
271324 274732 4 0 61
271324 274732 5 21 40
271324 274732 6 0 61
271324 274732 7 0 61
271324 274732 8 0 61
271324 274732 9 0 61
271324 274732 10 0 61
!leg 24521 141657 10 0 155 attackers:24521;victims:141657;type:1;valid_origin:True;recurrent:False;local:False
24521 141657 1 155 0
24521 141657 2 155 0
24521 141657 3 155 0
24521 141657 4 155 0
24521 141657 5 155 0
24521 141657 6 155 0
24521 141657 7 155 0
24521 141657 8 155 0
24521 141657 9 155 0
24521 141657 10 155 0
!leg 3491 215787 10 0 29 attackers:3491;victims:215787;type:1;valid_origin:True;recurrent:True;local:False
3491 215787 1 16 13
3491 215787 2 18 11
3491 215787 3 23 6
3491 215787 4 20 9
3491 215787 5 27 2
3491 215787 6 27 2
3491 215787 7 27 2
3491 215787 8 27 2
3491 215787 9 27 2
3491 215787 10 27 2
!sus 29066 136787 0 10 6 attackers:29066;victims:136787;type:1;valid_origin:True;recurrent:True;local:False
29066 136787 1 0 6
29066 136787 2 0 6
29066 136787 3 0 6
29066 136787 4 0 6
29066 136787 5 0 6
29066 136787 6 0 6
29066 136787 7 0 6
29066 136787 8 0 6
29066 136787 9 0 6
29066 136787 10 0 6
!leg 17707 55900 10 0 1 attackers:55900;victims:17707;type:1;valid_origin:True;recurrent:False;local:False
17707 55900 1 1 0
17707 55900 2 1 0
17707 55900 3 1 0
17707 55900 4 1 0
17707 55900 5 1 0
17707 55900 6 1 0
17707 55900 7 1 0
17707 55900 8 1 0
17707 55900 9 1 0
17707 55900 10 1 0
!leg 3786 8529 10 0 1 attackers:8529;victims:17853;type:2;valid_origin:True;recurrent:False;local:False
3786 8529 1 1 0
3786 8529 2 1 0
3786 8529 3 1 0
3786 8529 4 1 0
3786 8529 5 1 0
3786 8529 6 1 0
3786 8529 7 1 0
3786 8529 8 1 0
3786 8529 9 1 0
3786 8529 10 1 0
!sus 19318 211301 0 10 8 attackers:19318;victims:211301;type:1;valid_origin:True;recurrent:True;local:False
19318 211301 1 0 8
19318 211301 2 0 8
19318 211301 3 0 8
19318 211301 4 0 8
19318 211301 5 0 8
19318 211301 6 0 8
19318 211301 7 0 8
19318 211301 8 0 8
19318 211301 9 0 8
19318 211301 10 0 8
!leg 174 9002 10 0 6 attackers:174;victims:32489;type:5,6,7;valid_origin:True;recurrent:False;local:False
174 9002 1 6 0
174 9002 2 6 0
174 9002 3 6 0
174 9002 4 6 0
174 9002 5 6 0
174 9002 6 6 0
174 9002 7 6 0
174 9002 8 6 0
174 9002 9 6 0
174 9002 10 6 0
!leg 174 24961 10 0 6 attackers:24961;victims:32489;type:8,6,7;valid_origin:True;recurrent:False;local:False
174 24961 1 6 0
174 24961 2 6 0
174 24961 3 6 0
174 24961 4 6 0
174 24961 5 6 0
174 24961 6 6 0
174 24961 7 6 0
174 24961 8 6 0
174 24961 9 6 0
174 24961 10 6 0
!leg 8255 12844 10 0 243 attackers:12844;victims:8255;type:1;valid_origin:True;recurrent:False;local:False
8255 12844 1 243 0
8255 12844 2 243 0
8255 12844 3 243 0
8255 12844 4 243 0
8255 12844 5 243 0
8255 12844 6 243 0
8255 12844 7 243 0
8255 12844 8 243 0
8255 12844 9 243 0
8255 12844 10 243 0
!leg 983 137557 10 0 4 attackers:137557;victims:152179,38136,61112,198100;type:2;valid_origin:True;recurrent:False;local:False
983 137557 1 4 0
983 137557 2 4 0
983 137557 3 4 0
983 137557 4 4 0
983 137557 5 4 0
983 137557 6 4 0
983 137557 7 4 0
983 137557 8 4 0
983 137557 9 4 0
983 137557 10 4 0
!sus 32475 401610 6 4 11 attackers:32475;victims:401610;type:1;valid_origin:True;recurrent:True;local:False
32475 401610 1 11 0
32475 401610 2 11 0
32475 401610 3 9 2
32475 401610 4 0 11
32475 401610 5 10 1
32475 401610 6 0 11
32475 401610 7 8 3
32475 401610 8 0 11
32475 401610 9 0 11
32475 401610 10 10 1
!sus 48716 209030 9 1 10 attackers:209030;victims:48716;type:1;valid_origin:True;recurrent:True;local:False
48716 209030 1 0 10
48716 209030 2 9 1
48716 209030 3 10 0
48716 209030 4 10 0
48716 209030 5 10 0
48716 209030 6 10 0
48716 209030 7 10 0
48716 209030 8 10 0
48716 209030 9 10 0
48716 209030 10 10 0
!leg 11666 399494 10 0 10 attackers:11666;victims:399494;type:1;valid_origin:True;recurrent:False;local:False
11666 399494 1 10 0
11666 399494 2 10 0
11666 399494 3 10 0
11666 399494 4 10 0
11666 399494 5 10 0
11666 399494 6 10 0
11666 399494 7 10 0
11666 399494 8 10 0
11666 399494 9 10 0
11666 399494 10 10 0
!sus 151495 152900 8 2 3 attackers:152900;victims:151495;type:1;valid_origin:True;recurrent:True;local:False
151495 152900 1 0 3
151495 152900 2 0 3
151495 152900 3 3 0
151495 152900 4 3 0
151495 152900 5 3 0
151495 152900 6 3 0
151495 152900 7 3 0
151495 152900 8 3 0
151495 152900 9 3 0
151495 152900 10 3 0
!sus 34872 153495 0 10 19 attackers:34872;victims:153495;type:1;valid_origin:True;recurrent:True;local:False
34872 153495 1 2 17
34872 153495 2 7 12
34872 153495 3 0 19
34872 153495 4 0 19
34872 153495 5 0 19
34872 153495 6 2 17
34872 153495 7 2 17
34872 153495 8 2 17
34872 153495 9 0 19
34872 153495 10 3 16
!sus 9498 267035 1 9 49 attackers:267035;victims:133255,134595,45609,149822,149794,152720,141555,149990,149478,138738,138357,136428,63526,142008,140191,7633,137586,24342,147294,138754,45117,131459;type:2,3,4;valid_origin:False;recurrent:True;local:False
9498 267035 1 12 37
9498 267035 2 19 30
9498 267035 3 19 30
9498 267035 4 19 30
9498 267035 5 22 27
9498 267035 6 22 27
9498 267035 7 23 26
9498 267035 8 23 26
9498 267035 9 23 26
9498 267035 10 44 5
!sus 34373 213968 3 7 15 attackers:34373;victims:213968;type:1;valid_origin:True;recurrent:True;local:False
34373 213968 1 15 0
34373 213968 2 15 0
34373 213968 3 0 15
34373 213968 4 0 15
34373 213968 5 0 15
34373 213968 6 0 15
34373 213968 7 15 0
34373 213968 8 0 15
34373 213968 9 5 10
34373 213968 10 4 11
!sus 26415 134809 9 1 5 attackers:134809;victims:396681;type:2;valid_origin:False;recurrent:True;local:False
26415 134809 1 1 4
26415 134809 2 5 0
26415 134809 3 5 0
26415 134809 4 5 0
26415 134809 5 5 0
26415 134809 6 5 0
26415 134809 7 5 0
26415 134809 8 5 0
26415 134809 9 5 0
26415 134809 10 5 0
!leg 24940 61696 10 0 1 attackers:61696;victims:1342;type:3;valid_origin:True;recurrent:False;local:False
24940 61696 1 1 0
24940 61696 2 1 0
24940 61696 3 1 0
24940 61696 4 1 0
24940 61696 5 1 0
24940 61696 6 1 0
24940 61696 7 1 0
24940 61696 8 1 0
24940 61696 9 1 0
24940 61696 10 1 0
!leg 6204 44949 10 0 1 attackers:6204;victims:44949;type:1;valid_origin:True;recurrent:False;local:False
6204 44949 1 1 0
6204 44949 2 1 0
6204 44949 3 1 0
6204 44949 4 1 0
6204 44949 5 1 0
6204 44949 6 1 0
6204 44949 7 1 0
6204 44949 8 1 0
6204 44949 9 1 0
6204 44949 10 1 0
!leg 40339 135607 10 0 1 attackers:135607;victims:40339;type:1;valid_origin:True;recurrent:False;local:False
40339 135607 1 1 0
40339 135607 2 1 0
40339 135607 3 1 0
40339 135607 4 1 0
40339 135607 5 1 0
40339 135607 6 1 0
40339 135607 7 1 0
40339 135607 8 1 0
40339 135607 9 1 0
40339 135607 10 1 0
!leg 58689 138660 10 0 10 attackers:58689;victims:141448,137453,150774;type:2;valid_origin:True;recurrent:False;local:False
58689 138660 1 10 0
58689 138660 2 10 0
58689 138660 3 10 0
58689 138660 4 10 0
58689 138660 5 10 0
58689 138660 6 10 0
58689 138660 7 10 0
58689 138660 8 10 0
58689 138660 9 10 0
58689 138660 10 10 0
!sus 49434 57043 9 1 33 attackers:49434;victims:57043;type:1;valid_origin:True;recurrent:True;local:False
49434 57043 1 2 31
49434 57043 2 21 12
49434 57043 3 21 12
49434 57043 4 21 12
49434 57043 5 27 6
49434 57043 6 31 2
49434 57043 7 32 1
49434 57043 8 31 2
49434 57043 9 32 1
49434 57043 10 32 1
!leg 138660 150774 10 0 6 attackers:138660;victims:150774;type:1;valid_origin:True;recurrent:False;local:False
138660 150774 1 6 0
138660 150774 2 6 0
138660 150774 3 6 0
138660 150774 4 6 0
138660 150774 5 6 0
138660 150774 6 6 0
138660 150774 7 6 0
138660 150774 8 6 0
138660 150774 9 6 0
138660 150774 10 6 0
!leg 263427 263880 10 0 5 attackers:263427;victims:270800;type:3;valid_origin:True;recurrent:False;local:False
263427 263880 1 5 0
263427 263880 2 5 0
263427 263880 3 5 0
263427 263880 4 5 0
263427 263880 5 5 0
263427 263880 6 5 0
263427 263880 7 5 0
263427 263880 8 5 0
263427 263880 9 5 0
263427 263880 10 5 0
!sus 15830 132018 8 2 19 attackers:15830;victims:132018;type:1;valid_origin:True;recurrent:True;local:False
15830 132018 1 0 19
15830 132018 2 10 9
15830 132018 3 8 11
15830 132018 4 12 7
15830 132018 5 14 5
15830 132018 6 12 7
15830 132018 7 14 5
15830 132018 8 13 6
15830 132018 9 14 5
15830 132018 10 14 5
!leg 40339 45896 10 0 1 attackers:45896;victims:40339;type:1;valid_origin:True;recurrent:False;local:True
40339 45896 1 1 0
40339 45896 2 1 0
40339 45896 3 1 0
40339 45896 4 1 0
40339 45896 5 1 0
40339 45896 6 1 0
40339 45896 7 1 0
40339 45896 8 1 0
40339 45896 9 1 0
40339 45896 10 1 0
!sus 266441 268314 6 4 13 attackers:266441;victims:268314;type:1;valid_origin:True;recurrent:True;local:False
266441 268314 1 6 7
266441 268314 2 6 7
266441 268314 3 6 7
266441 268314 4 8 5
266441 268314 5 8 5
266441 268314 6 6 7
266441 268314 7 8 5
266441 268314 8 9 4
266441 268314 9 7 6
266441 268314 10 9 4
!sus 138915 269260 0 10 4 attackers:269260;victims:138915;type:1;valid_origin:True;recurrent:False;local:False
138915 269260 1 0 4
138915 269260 2 0 4
138915 269260 3 0 4
138915 269260 4 0 4
138915 269260 5 0 4
138915 269260 6 0 4
138915 269260 7 0 4
138915 269260 8 0 4
138915 269260 9 0 4
138915 269260 10 0 4
!sus 2 270757 0 10 7 attackers:270757;victims:2;type:1;valid_origin:True;recurrent:True;local:False
2 270757 1 1 6
2 270757 2 1 6
2 270757 3 1 6
2 270757 4 1 6
2 270757 5 1 6
2 270757 6 1 6
2 270757 7 1 6
2 270757 8 1 6
2 270757 9 1 6
2 270757 10 1 6
!leg 15802 40339 10 0 2 attackers:15802;victims:40339;type:1;valid_origin:True;recurrent:False;local:False
15802 40339 1 2 0
15802 40339 2 2 0
15802 40339 3 2 0
15802 40339 4 2 0
15802 40339 5 2 0
15802 40339 6 2 0
15802 40339 7 2 0
15802 40339 8 2 0
15802 40339 9 2 0
15802 40339 10 2 0
!leg 262675 267035 10 0 3 attackers:267035;victims:269515,271083;type:3,4;valid_origin:True;recurrent:True;local:False
262675 267035 1 3 0
262675 267035 2 3 0
262675 267035 3 3 0
262675 267035 4 3 0
262675 267035 5 3 0
262675 267035 6 3 0
262675 267035 7 3 0
262675 267035 8 3 0
262675 267035 9 3 0
262675 267035 10 3 0
!leg 174 25198 10 0 6 attackers:174;victims:214329;type:2;valid_origin:False;recurrent:False;local:False
174 25198 1 6 0
174 25198 2 6 0
174 25198 3 6 0
174 25198 4 6 0
174 25198 5 6 0
174 25198 6 6 0
174 25198 7 6 0
174 25198 8 6 0
174 25198 9 6 0
174 25198 10 6 0
!sus 8717 43205 0 10 2 attackers:43205;victims:8717;type:1;valid_origin:True;recurrent:True;local:False
8717 43205 1 0 2
8717 43205 2 0 2
8717 43205 3 0 2
8717 43205 4 0 2
8717 43205 5 0 2
8717 43205 6 0 2
8717 43205 7 0 2
8717 43205 8 0 2
8717 43205 9 0 2
8717 43205 10 0 2
!sus 29802 52580 7 3 17 attackers:29802;victims:52580;type:1;valid_origin:True;recurrent:True;local:False
29802 52580 1 4 13
29802 52580 2 4 13
29802 52580 3 7 10
29802 52580 4 17 0
29802 52580 5 17 0
29802 52580 6 17 0
29802 52580 7 17 0
29802 52580 8 17 0
29802 52580 9 17 0
29802 52580 10 17 0
!sus 39311 57463 9 1 1 attackers:57463;victims:39311;type:1;valid_origin:True;recurrent:False;local:True
39311 57463 1 0 1
39311 57463 2 1 0
39311 57463 3 1 0
39311 57463 4 1 0
39311 57463 5 1 0
39311 57463 6 1 0
39311 57463 7 1 0
39311 57463 8 1 0
39311 57463 9 1 0
39311 57463 10 1 0
!sus 61622 262663 2 8 44 attackers:61622;victims:262663;type:1;valid_origin:True;recurrent:True;local:False
61622 262663 1 7 37
61622 262663 2 7 37
61622 262663 3 7 37
61622 262663 4 14 30
61622 262663 5 14 30
61622 262663 6 18 26
61622 262663 7 36 8
61622 262663 8 18 26
61622 262663 9 18 26
61622 262663 10 36 8
!sus 199414 214241 9 1 14 attackers:199414;victims:214241;type:1;valid_origin:True;recurrent:True;local:False
199414 214241 1 0 14
199414 214241 2 11 3
199414 214241 3 13 1
199414 214241 4 14 0
199414 214241 5 14 0
199414 214241 6 14 0
199414 214241 7 14 0
199414 214241 8 14 0
199414 214241 9 14 0
199414 214241 10 14 0
!leg 25198 214329 10 0 6 attackers:214329;victims:214329;type:4;valid_origin:False;recurrent:False;local:False
25198 214329 1 6 0
25198 214329 2 6 0
25198 214329 3 6 0
25198 214329 4 6 0
25198 214329 5 6 0
25198 214329 6 6 0
25198 214329 7 6 0
25198 214329 8 6 0
25198 214329 9 6 0
25198 214329 10 6 0
!sus 197677 214260 8 2 16 attackers:197677;victims:214260;type:1;valid_origin:True;recurrent:True;local:False
197677 214260 1 2 14
197677 214260 2 7 9
197677 214260 3 10 6
197677 214260 4 11 5
197677 214260 5 13 3
197677 214260 6 15 1
197677 214260 7 15 1
197677 214260 8 16 0
197677 214260 9 15 1
197677 214260 10 15 1
!sus 53667 212516 9 1 8 attackers:53667;victims:212516;type:1;valid_origin:True;recurrent:True;local:False
53667 212516 1 4 4
53667 212516 2 6 2
53667 212516 3 8 0
53667 212516 4 8 0
53667 212516 5 8 0
53667 212516 6 8 0
53667 212516 7 8 0
53667 212516 8 8 0
53667 212516 9 8 0
53667 212516 10 8 0
!sus 135377 269011 0 10 6 attackers:135377;victims:269011;type:1;valid_origin:True;recurrent:True;local:False
135377 269011 1 0 6
135377 269011 2 0 6
135377 269011 3 0 6
135377 269011 4 0 6
135377 269011 5 0 6
135377 269011 6 0 6
135377 269011 7 0 6
135377 269011 8 0 6
135377 269011 9 0 6
135377 269011 10 0 6
!sus 12488 52025 0 10 7 attackers:12488;victims:52025;type:1;valid_origin:True;recurrent:True;local:False
12488 52025 1 0 7
12488 52025 2 0 7
12488 52025 3 0 7
12488 52025 4 0 7
12488 52025 5 0 7
12488 52025 6 0 7
12488 52025 7 0 7
12488 52025 8 0 7
12488 52025 9 0 7
12488 52025 10 0 7
!sus 42 37195 0 10 2 attackers:37195;victims:42;type:1;valid_origin:True;recurrent:True;local:False
42 37195 1 0 2
42 37195 2 0 2
42 37195 3 0 2
42 37195 4 0 2
42 37195 5 0 2
42 37195 6 0 2
42 37195 7 0 2
42 37195 8 0 2
42 37195 9 0 2
42 37195 10 0 2
!sus 262589 273226 0 10 7 attackers:262589;victims:273226;type:1;valid_origin:True;recurrent:True;local:False
262589 273226 1 0 7
262589 273226 2 0 7
262589 273226 3 0 7
262589 273226 4 0 7
262589 273226 5 0 7
262589 273226 6 0 7
262589 273226 7 0 7
262589 273226 8 0 7
262589 273226 9 0 7
262589 273226 10 0 7
!sus 8551 47872 7 3 1 attackers:47872;victims:8551;type:1;valid_origin:True;recurrent:True;local:False
8551 47872 1 0 1
8551 47872 2 0 1
8551 47872 3 0 1
8551 47872 4 1 0
8551 47872 5 1 0
8551 47872 6 1 0
8551 47872 7 1 0
8551 47872 8 1 0
8551 47872 9 1 0
8551 47872 10 1 0
!sus 4 270757 0 10 3 attackers:270757;victims:4;type:1;valid_origin:True;recurrent:True;local:False
4 270757 1 0 3
4 270757 2 0 3
4 270757 3 0 3
4 270757 4 0 3
4 270757 5 0 3
4 270757 6 0 3
4 270757 7 0 3
4 270757 8 0 3
4 270757 9 0 3
4 270757 10 0 3
!sus 209735 213543 9 1 59 attackers:209735;victims:213543;type:1;valid_origin:True;recurrent:True;local:False
209735 213543 1 2 57
209735 213543 2 48 11
209735 213543 3 59 0
209735 213543 4 59 0
209735 213543 5 59 0
209735 213543 6 59 0
209735 213543 7 59 0
209735 213543 8 59 0
209735 213543 9 59 0
209735 213543 10 59 0
!sus 139311 147036 3 7 196 attackers:139311;victims:147036;type:1;valid_origin:True;recurrent:True;local:False
139311 147036 1 195 1
139311 147036 2 190 6
139311 147036 3 79 117
139311 147036 4 0 196
139311 147036 5 0 196
139311 147036 6 0 196
139311 147036 7 194 2
139311 147036 8 0 196
139311 147036 9 0 196
139311 147036 10 20 176
!sus 59796 131275 0 10 16 attackers:59796;victims:131275;type:1;valid_origin:True;recurrent:True;local:False
59796 131275 1 0 16
59796 131275 2 0 16
59796 131275 3 0 16
59796 131275 4 0 16
59796 131275 5 0 16
59796 131275 6 0 16
59796 131275 7 0 16
59796 131275 8 0 16
59796 131275 9 0 16
59796 131275 10 0 16
!leg 61939 265465 10 0 164 attackers:61939;victims:265465;type:1;valid_origin:True;recurrent:False;local:False
61939 265465 1 164 0
61939 265465 2 164 0
61939 265465 3 164 0
61939 265465 4 164 0
61939 265465 5 164 0
61939 265465 6 164 0
61939 265465 7 164 0
61939 265465 8 164 0
61939 265465 9 164 0
61939 265465 10 164 0
!sus 20473 133159 3 7 61 attackers:133159;victims:140999;type:2;valid_origin:False;recurrent:False;local:False
20473 133159 1 22 39
20473 133159 2 24 37
20473 133159 3 25 36
20473 133159 4 26 35
20473 133159 5 27 34
20473 133159 6 28 33
20473 133159 7 30 31
20473 133159 8 33 28
20473 133159 9 35 26
20473 133159 10 33 28
!leg 22381 264962 10 0 2 attackers:22381;victims:264962,61752;type:1,2;valid_origin:True;recurrent:False;local:False
22381 264962 1 2 0
22381 264962 2 2 0
22381 264962 3 2 0
22381 264962 4 2 0
22381 264962 5 2 0
22381 264962 6 2 0
22381 264962 7 2 0
22381 264962 8 2 0
22381 264962 9 2 0
22381 264962 10 2 0
!sus 917 200242 0 10 8 attackers:917;victims:200242;type:1;valid_origin:True;recurrent:True;local:False
917 200242 1 0 8
917 200242 2 0 8
917 200242 3 0 8
917 200242 4 0 8
917 200242 5 0 8
917 200242 6 2 6
917 200242 7 1 7
917 200242 8 2 6
917 200242 9 2 6
917 200242 10 2 6
!leg 8895 47794 10 0 9 attackers:8895;victims:60161;type:3;valid_origin:True;recurrent:False;local:False
8895 47794 1 9 0
8895 47794 2 9 0
8895 47794 3 9 0
8895 47794 4 9 0
8895 47794 5 9 0
8895 47794 6 9 0
8895 47794 7 9 0
8895 47794 8 9 0
8895 47794 9 9 0
8895 47794 10 9 0
!leg 58553 141893 10 0 16 attackers:58553;victims:141893;type:1;valid_origin:True;recurrent:False;local:False
58553 141893 1 16 0
58553 141893 2 16 0
58553 141893 3 16 0
58553 141893 4 16 0
58553 141893 5 16 0
58553 141893 6 16 0
58553 141893 7 16 0
58553 141893 8 16 0
58553 141893 9 16 0
58553 141893 10 16 0
!leg 14333 394356 10 0 6 attackers:14333;victims:394356;type:1;valid_origin:True;recurrent:False;local:False
14333 394356 1 6 0
14333 394356 2 6 0
14333 394356 3 6 0
14333 394356 4 6 0
14333 394356 5 6 0
14333 394356 6 6 0
14333 394356 7 6 0
14333 394356 8 6 0
14333 394356 9 6 0
14333 394356 10 6 0
!sus 26617 64231 4 6 11 attackers:26617;victims:64231;type:1;valid_origin:True;recurrent:True;local:False
26617 64231 1 0 11
26617 64231 2 0 11
26617 64231 3 0 11
26617 64231 4 0 11
26617 64231 5 0 11
26617 64231 6 11 0
26617 64231 7 11 0
26617 64231 8 10 1
26617 64231 9 2 9
26617 64231 10 10 1
!sus 37580 327727 0 10 102 attackers:37580;victims:327727;type:1;valid_origin:True;recurrent:True;local:False
37580 327727 1 0 102
37580 327727 2 0 102
37580 327727 3 0 102
37580 327727 4 0 102
37580 327727 5 0 102
37580 327727 6 0 102
37580 327727 7 0 102
37580 327727 8 0 102
37580 327727 9 0 102
37580 327727 10 0 102
!sus 9457 138915 6 4 19 attackers:9457;victims:138915,63139;type:1,2;valid_origin:True;recurrent:True;local:False
9457 138915 1 0 19
9457 138915 2 0 19
9457 138915 3 2 17
9457 138915 4 3 16
9457 138915 5 10 9
9457 138915 6 14 5
9457 138915 7 12 7
9457 138915 8 14 5
9457 138915 9 14 5
9457 138915 10 14 5
!sus 6453 45274 0 10 74 attackers:6453;victims:17501;type:2;valid_origin:True;recurrent:True;local:False
6453 45274 1 0 74
6453 45274 2 0 74
6453 45274 3 0 74
6453 45274 4 0 74
6453 45274 5 1 73
6453 45274 6 0 74
6453 45274 7 0 74
6453 45274 8 0 74
6453 45274 9 1 73
6453 45274 10 18 56
!leg 174 32646 10 0 105 attackers:174;victims:32646;type:1;valid_origin:True;recurrent:False;local:False
174 32646 1 100 5
174 32646 2 104 1
174 32646 3 102 3
174 32646 4 104 1
174 32646 5 103 2
174 32646 6 104 1
174 32646 7 104 1
174 32646 8 104 1
174 32646 9 104 1
174 32646 10 104 1
!leg 265008 265315 10 0 2 attackers:265008;victims:265315;type:1;valid_origin:True;recurrent:False;local:False
265008 265315 1 2 0
265008 265315 2 2 0
265008 265315 3 2 0
265008 265315 4 2 0
265008 265315 5 2 0
265008 265315 6 2 0
265008 265315 7 2 0
265008 265315 8 2 0
265008 265315 9 2 0
265008 265315 10 2 0
!leg 262589 268665 10 0 1 attackers:262589;victims:268665;type:1;valid_origin:True;recurrent:False;local:False
262589 268665 1 1 0
262589 268665 2 1 0
262589 268665 3 1 0
262589 268665 4 1 0
262589 268665 5 1 0
262589 268665 6 1 0
262589 268665 7 1 0
262589 268665 8 1 0
262589 268665 9 1 0
262589 268665 10 1 0
!leg 52688 262287 10 0 1 attackers:262287;victims:52688;type:1;valid_origin:True;recurrent:False;local:False
52688 262287 1 1 0
52688 262287 2 1 0
52688 262287 3 1 0
52688 262287 4 1 0
52688 262287 5 1 0
52688 262287 6 1 0
52688 262287 7 1 0
52688 262287 8 1 0
52688 262287 9 1 0
52688 262287 10 1 0
!leg 269194 272274 10 0 2 attackers:269194;victims:2497;type:4;valid_origin:True;recurrent:False;local:False
269194 272274 1 2 0
269194 272274 2 2 0
269194 272274 3 2 0
269194 272274 4 2 0
269194 272274 5 2 0
269194 272274 6 2 0
269194 272274 7 2 0
269194 272274 8 2 0
269194 272274 9 2 0
269194 272274 10 2 0
!sus 209533 213543 9 1 51 attackers:209533;victims:213543;type:1;valid_origin:True;recurrent:True;local:False
209533 213543 1 9 42
209533 213543 2 50 1
209533 213543 3 51 0
209533 213543 4 51 0
209533 213543 5 51 0
209533 213543 6 51 0
209533 213543 7 51 0
209533 213543 8 51 0
209533 213543 9 51 0
209533 213543 10 51 0
!sus 27781 35280 0 10 2 attackers:35280;victims:262181,20940;type:2;valid_origin:True;recurrent:True;local:False
27781 35280 1 1 1
27781 35280 2 1 1
27781 35280 3 1 1
27781 35280 4 1 1
27781 35280 5 1 1
27781 35280 6 1 1
27781 35280 7 1 1
27781 35280 8 1 1
27781 35280 9 1 1
27781 35280 10 1 1
!sus 151331 199436 0 10 23 attackers:199436;victims:151331;type:1;valid_origin:True;recurrent:True;local:False
151331 199436 1 0 23
151331 199436 2 0 23
151331 199436 3 0 23
151331 199436 4 0 23
151331 199436 5 0 23
151331 199436 6 0 23
151331 199436 7 0 23
151331 199436 8 0 23
151331 199436 9 0 23
151331 199436 10 0 23
!sus 63375 401388 6 4 12 attackers:63375;victims:401388;type:1;valid_origin:True;recurrent:True;local:False
63375 401388 1 12 0
63375 401388 2 12 0
63375 401388 3 9 3
63375 401388 4 0 12
63375 401388 5 11 1
63375 401388 6 1 11
63375 401388 7 12 0
63375 401388 8 0 12
63375 401388 9 0 12
63375 401388 10 10 2
!sus 20473 38442 8 2 9 attackers:38442;victims:9249;type:3;valid_origin:True;recurrent:True;local:False
20473 38442 1 0 9
20473 38442 2 1 8
20473 38442 3 8 1
20473 38442 4 9 0
20473 38442 5 9 0
20473 38442 6 9 0
20473 38442 7 9 0
20473 38442 8 9 0
20473 38442 9 9 0
20473 38442 10 9 0
!leg 266044 267035 10 0 2 attackers:267035;victims:266044;type:1;valid_origin:True;recurrent:False;local:False
266044 267035 1 2 0
266044 267035 2 2 0
266044 267035 3 2 0
266044 267035 4 2 0
266044 267035 5 2 0
266044 267035 6 2 0
266044 267035 7 2 0
266044 267035 8 2 0
266044 267035 9 2 0
266044 267035 10 2 0
!sus 139594 142548 2 8 21 attackers:139594;victims:142548;type:1;valid_origin:True;recurrent:True;local:False
139594 142548 1 18 3
139594 142548 2 15 6
139594 142548 3 0 21
139594 142548 4 0 21
139594 142548 5 0 21
139594 142548 6 0 21
139594 142548 7 0 21
139594 142548 8 0 21
139594 142548 9 0 21
139594 142548 10 0 21
!sus 47992 215304 0 10 7 attackers:215304;victims:23764;type:2;valid_origin:True;recurrent:True;local:False
47992 215304 1 0 7
47992 215304 2 0 7
47992 215304 3 0 7
47992 215304 4 0 7
47992 215304 5 0 7
47992 215304 6 0 7
47992 215304 7 0 7
47992 215304 8 0 7
47992 215304 9 0 7
47992 215304 10 0 7
!sus 23764 47992 0 10 7 attackers:47992;victims:23764;type:1;valid_origin:True;recurrent:True;local:False
23764 47992 1 0 7
23764 47992 2 0 7
23764 47992 3 0 7
23764 47992 4 0 7
23764 47992 5 0 7
23764 47992 6 0 7
23764 47992 7 0 7
23764 47992 8 0 7
23764 47992 9 0 7
23764 47992 10 0 7
!sus 214507 215329 0 10 8 attackers:215329;victims:214507;type:1;valid_origin:True;recurrent:True;local:False
214507 215329 1 0 8
214507 215329 2 0 8
214507 215329 3 0 8
214507 215329 4 0 8
214507 215329 5 0 8
214507 215329 6 0 8
214507 215329 7 0 8
214507 215329 8 0 8
214507 215329 9 0 8
214507 215329 10 0 8
!leg 7195 266492 10 0 3 attackers:7195;victims:266492;type:1;valid_origin:True;recurrent:False;local:False
7195 266492 1 3 0
7195 266492 2 3 0
7195 266492 3 3 0
7195 266492 4 3 0
7195 266492 5 3 0
7195 266492 6 3 0
7195 266492 7 3 0
7195 266492 8 3 0
7195 266492 9 3 0
7195 266492 10 3 0
!sus 58172 213841 6 4 12 attackers:58172;victims:213841;type:1;valid_origin:True;recurrent:True;local:False
58172 213841 1 12 0
58172 213841 2 12 0
58172 213841 3 11 1
58172 213841 4 0 12
58172 213841 5 12 0
58172 213841 6 0 12
58172 213841 7 12 0
58172 213841 8 0 12
58172 213841 9 1 11
58172 213841 10 12 0
!sus 203062 216164 0 10 53 attackers:216164;victims:203062;type:1;valid_origin:True;recurrent:True;local:False
203062 216164 1 0 53
203062 216164 2 0 53
203062 216164 3 1 52
203062 216164 4 1 52
203062 216164 5 1 52
203062 216164 6 1 52
203062 216164 7 1 52
203062 216164 8 2 51
203062 216164 9 5 48
203062 216164 10 1 52
!leg 264127 265008 10 0 48 attackers:265008;victims:268077,272158,266624,272791,264127;type:1,2,3;valid_origin:True;recurrent:False;local:False
264127 265008 1 41 7
264127 265008 2 48 0
264127 265008 3 48 0
264127 265008 4 48 0
264127 265008 5 48 0
264127 265008 6 48 0
264127 265008 7 48 0
264127 265008 8 48 0
264127 265008 9 48 0
264127 265008 10 48 0
!leg 5578 47872 10 0 1 attackers:47872;victims:57716;type:2;valid_origin:True;recurrent:False;local:False
5578 47872 1 1 0
5578 47872 2 1 0
5578 47872 3 1 0
5578 47872 4 1 0
5578 47872 5 1 0
5578 47872 6 1 0
5578 47872 7 1 0
5578 47872 8 1 0
5578 47872 9 1 0
5578 47872 10 1 0
!sus 8849 211373 7 3 26 attackers:8849;victims:211373;type:1;valid_origin:True;recurrent:True;local:False
8849 211373 1 0 26
8849 211373 2 0 26
8849 211373 3 5 21
8849 211373 4 15 11
8849 211373 5 25 1
8849 211373 6 26 0
8849 211373 7 26 0
8849 211373 8 26 0
8849 211373 9 26 0
8849 211373 10 26 0
!leg 22381 268209 10 0 1 attackers:22381;victims:268209;type:1;valid_origin:True;recurrent:False;local:False
22381 268209 1 1 0
22381 268209 2 1 0
22381 268209 3 1 0
22381 268209 4 1 0
22381 268209 5 1 0
22381 268209 6 1 0
22381 268209 7 1 0
22381 268209 8 1 0
22381 268209 9 1 0
22381 268209 10 1 0
!sus 399975 401591 0 10 10 attackers:401591;victims:399975;type:1;valid_origin:True;recurrent:True;local:False
399975 401591 1 2 8
399975 401591 2 2 8
399975 401591 3 0 10
399975 401591 4 0 10
399975 401591 5 0 10
399975 401591 6 0 10
399975 401591 7 0 10
399975 401591 8 0 10
399975 401591 9 0 10
399975 401591 10 0 10
!sus 262663 265023 0 10 35 attackers:265023;victims:262663;type:1;valid_origin:True;recurrent:True;local:False
262663 265023 1 0 35
262663 265023 2 0 35
262663 265023 3 1 34
262663 265023 4 2 33
262663 265023 5 0 35
262663 265023 6 2 33
262663 265023 7 7 28
262663 265023 8 3 32
262663 265023 9 11 24
262663 265023 10 12 23
!sus 1299 8003 6 4 9 attackers:1299;victims:8003;type:1;valid_origin:True;recurrent:True;local:False
1299 8003 1 1 8
1299 8003 2 5 4
1299 8003 3 5 4
1299 8003 4 6 3
1299 8003 5 2 7
1299 8003 6 3 6
1299 8003 7 6 3
1299 8003 8 5 4
1299 8003 9 3 6
1299 8003 10 5 4
!sus 43754 213531 7 3 137 attackers:43754;victims:213531;type:1;valid_origin:True;recurrent:True;local:False
43754 213531 1 137 0
43754 213531 2 137 0
43754 213531 3 129 8
43754 213531 4 0 137
43754 213531 5 137 0
43754 213531 6 0 137
43754 213531 7 137 0
43754 213531 8 66 71
43754 213531 9 113 24
43754 213531 10 135 2
!sus 24961 32489 3 7 3 attackers:24961;victims:32489;type:1;valid_origin:True;recurrent:False;local:False
24961 32489 1 0 3
24961 32489 2 0 3
24961 32489 3 0 3
24961 32489 4 0 3
24961 32489 5 0 3
24961 32489 6 0 3
24961 32489 7 3 0
24961 32489 8 0 3
24961 32489 9 3 0
24961 32489 10 3 0
!leg 138660 141448 10 0 4 attackers:138660;victims:141448;type:1;valid_origin:True;recurrent:False;local:False
138660 141448 1 4 0
138660 141448 2 4 0
138660 141448 3 4 0
138660 141448 4 4 0
138660 141448 5 4 0
138660 141448 6 4 0
138660 141448 7 4 0
138660 141448 8 4 0
138660 141448 9 4 0
138660 141448 10 4 0
!leg 138660 139233 10 0 2 attackers:138660;victims:139233;type:1;valid_origin:True;recurrent:False;local:False
138660 139233 1 2 0
138660 139233 2 2 0
138660 139233 3 2 0
138660 139233 4 2 0
138660 139233 5 2 0
138660 139233 6 2 0
138660 139233 7 2 0
138660 139233 8 2 0
138660 139233 9 2 0
138660 139233 10 2 0
!leg 16276 35753 10 0 5 attackers:35753,16276;victims:32489;type:5,6;valid_origin:True;recurrent:False;local:False
16276 35753 1 5 0
16276 35753 2 5 0
16276 35753 3 5 0
16276 35753 4 5 0
16276 35753 5 5 0
16276 35753 6 5 0
16276 35753 7 5 0
16276 35753 8 5 0
16276 35753 9 5 0
16276 35753 10 5 0
!sus 60171 328019 1 9 17 attackers:60171;victims:328019;type:1;valid_origin:True;recurrent:True;local:False
60171 328019 1 0 17
60171 328019 2 0 17
60171 328019 3 0 17
60171 328019 4 2 15
60171 328019 5 1 16
60171 328019 6 5 12
60171 328019 7 0 17
60171 328019 8 0 17
60171 328019 9 0 17
60171 328019 10 9 8
!sus 215492 215980 6 4 10 attackers:215492;victims:215980;type:1;valid_origin:True;recurrent:True;local:False
215492 215980 1 0 10
215492 215980 2 5 5
215492 215980 3 5 5
215492 215980 4 1 9
215492 215980 5 8 2
215492 215980 6 10 0
215492 215980 7 8 2
215492 215980 8 9 1
215492 215980 9 9 1
215492 215980 10 10 0
!sus 28189 274696 1 9 41 attackers:28189;victims:267602;type:2;valid_origin:True;recurrent:True;local:False
28189 274696 1 4 37
28189 274696 2 4 37
28189 274696 3 6 35
28189 274696 4 4 37
28189 274696 5 4 37
28189 274696 6 6 35
28189 274696 7 15 26
28189 274696 8 12 29
28189 274696 9 15 26
28189 274696 10 26 15
!leg 23948 56258 10 0 1 attackers:23948;victims:23756;type:2;valid_origin:True;recurrent:False;local:False
23948 56258 1 1 0
23948 56258 2 1 0
23948 56258 3 1 0
23948 56258 4 1 0
23948 56258 5 1 0
23948 56258 6 1 0
23948 56258 7 1 0
23948 56258 8 1 0
23948 56258 9 1 0
23948 56258 10 1 0
!sus 203867 215378 9 1 6 attackers:203867;victims:215378;type:1;valid_origin:True;recurrent:True;local:False
203867 215378 1 0 6
203867 215378 2 5 1
203867 215378 3 6 0
203867 215378 4 6 0
203867 215378 5 6 0
203867 215378 6 6 0
203867 215378 7 6 0
203867 215378 8 6 0
203867 215378 9 6 0
203867 215378 10 6 0
!sus 136582 153346 8 2 253 attackers:136582;victims:153346;type:1;valid_origin:True;recurrent:True;local:False
136582 153346 1 0 253
136582 153346 2 85 168
136582 153346 3 171 82
136582 153346 4 153 100
136582 153346 5 230 23
136582 153346 6 221 32
136582 153346 7 222 31
136582 153346 8 253 0
136582 153346 9 253 0
136582 153346 10 253 0
!leg 52941 267035 10 0 22 attackers:267035;victims:52941;type:1;valid_origin:True;recurrent:True;local:False
52941 267035 1 13 9
52941 267035 2 22 0
52941 267035 3 22 0
52941 267035 4 22 0
52941 267035 5 22 0
52941 267035 6 22 0
52941 267035 7 22 0
52941 267035 8 22 0
52941 267035 9 22 0
52941 267035 10 22 0
!leg 27176 215120 10 0 6 attackers:27176;victims:215120;type:1;valid_origin:True;recurrent:True;local:False
27176 215120 1 4 2
27176 215120 2 4 2
27176 215120 3 5 1
27176 215120 4 5 1
27176 215120 5 5 1
27176 215120 6 5 1
27176 215120 7 5 1
27176 215120 8 5 1
27176 215120 9 5 1
27176 215120 10 6 0
!leg 61568 268665 10 0 2 attackers:61568;victims:268665;type:1;valid_origin:True;recurrent:False;local:False
61568 268665 1 2 0
61568 268665 2 2 0
61568 268665 3 2 0
61568 268665 4 2 0
61568 268665 5 2 0
61568 268665 6 2 0
61568 268665 7 2 0
61568 268665 8 2 0
61568 268665 9 2 0
61568 268665 10 2 0
!leg 41327 211661 10 0 63 attackers:41327;victims:211661;type:1;valid_origin:True;recurrent:True;local:False
41327 211661 1 33 30
41327 211661 2 44 19
41327 211661 3 53 10
41327 211661 4 58 5
41327 211661 5 61 2
41327 211661 6 62 1
41327 211661 7 62 1
41327 211661 8 63 0
41327 211661 9 61 2
41327 211661 10 62 1
!sus 5 268733 0 10 10 attackers:268733;victims:5;type:1;valid_origin:True;recurrent:True;local:False
5 268733 1 0 10
5 268733 2 1 9
5 268733 3 1 9
5 268733 4 2 8
5 268733 5 2 8
5 268733 6 1 9
5 268733 7 2 8
5 268733 8 1 9
5 268733 9 2 8
5 268733 10 2 8
!leg 16276 25019 10 0 6 attackers:16276;victims:32489;type:2;valid_origin:True;recurrent:False;local:False
16276 25019 1 6 0
16276 25019 2 6 0
16276 25019 3 6 0
16276 25019 4 6 0
16276 25019 5 6 0
16276 25019 6 6 0
16276 25019 7 6 0
16276 25019 8 6 0
16276 25019 9 6 0
16276 25019 10 6 0
!sus 15830 213939 2 8 19 attackers:15830;victims:213939;type:1;valid_origin:True;recurrent:True;local:False
15830 213939 1 8 11
15830 213939 2 0 19
15830 213939 3 3 16
15830 213939 4 0 19
15830 213939 5 10 9
15830 213939 6 10 9
15830 213939 7 2 17
15830 213939 8 0 19
15830 213939 9 0 19
15830 213939 10 6 13
!sus 138423 153527 6 4 170 attackers:138423;victims:153527;type:1;valid_origin:True;recurrent:True;local:False
138423 153527 1 170 0
138423 153527 2 169 1
138423 153527 3 121 49
138423 153527 4 0 170
138423 153527 5 166 4
138423 153527 6 16 154
138423 153527 7 166 4
138423 153527 8 0 170
138423 153527 9 0 170
138423 153527 10 157 13
!sus 8262 47272 6 4 1 attackers:8262;victims:61138;type:2;valid_origin:True;recurrent:True;local:False
8262 47272 1 0 1
8262 47272 2 0 1
8262 47272 3 0 1
8262 47272 4 0 1
8262 47272 5 1 0
8262 47272 6 1 0
8262 47272 7 1 0
8262 47272 8 1 0
8262 47272 9 1 0
8262 47272 10 1 0
!sus 9664 152179 9 1 14 attackers:9664;victims:152179;type:1;valid_origin:True;recurrent:True;local:False
9664 152179 1 0 14
9664 152179 2 9 5
9664 152179 3 9 5
9664 152179 4 9 5
9664 152179 5 9 5
9664 152179 6 10 4
9664 152179 7 10 4
9664 152179 8 11 3
9664 152179 9 10 4
9664 152179 10 10 4
!sus 9110 213744 4 6 297 attackers:9110;victims:213744;type:1;valid_origin:False;recurrent:True;local:False
9110 213744 1 296 1
9110 213744 2 294 3
9110 213744 3 20 277
9110 213744 4 0 297
9110 213744 5 285 12
9110 213744 6 5 292
9110 213744 7 288 9
9110 213744 8 0 297
9110 213744 9 71 226
9110 213744 10 112 185
!leg 174 40300 10 0 1 attackers:174;victims:40300;type:1;valid_origin:True;recurrent:False;local:False
174 40300 1 1 0
174 40300 2 1 0
174 40300 3 1 0
174 40300 4 1 0
174 40300 5 1 0
174 40300 6 1 0
174 40300 7 1 0
174 40300 8 1 0
174 40300 9 1 0
174 40300 10 1 0
!sus 1299 11664 2 8 109 attackers:1299;victims:11664;type:1;valid_origin:True;recurrent:True;local:False
1299 11664 1 8 101
1299 11664 2 27 82
1299 11664 3 28 81
1299 11664 4 34 75
1299 11664 5 36 73
1299 11664 6 38 71
1299 11664 7 46 63
1299 11664 8 94 15
1299 11664 9 48 61
1299 11664 10 81 28
!sus 15353 401558 3 7 122 attackers:15353;victims:401558;type:1;valid_origin:True;recurrent:False;local:False
15353 401558 1 1 121
15353 401558 2 122 0
15353 401558 3 5 117
15353 401558 4 3 119
15353 401558 5 2 120
15353 401558 6 0 122
15353 401558 7 119 3
15353 401558 8 1 121
15353 401558 9 1 121
15353 401558 10 87 35
!sus 55285 393905 1 9 7 attackers:393905;victims:55285;type:1;valid_origin:True;recurrent:True;local:False
55285 393905 1 0 7
55285 393905 2 0 7
55285 393905 3 0 7
55285 393905 4 0 7
55285 393905 5 0 7
55285 393905 6 0 7
55285 393905 7 0 7
55285 393905 8 2 5
55285 393905 9 4 3
55285 393905 10 1 6
!leg 6939 44949 10 0 3 attackers:6939;victims:44949;type:1;valid_origin:True;recurrent:False;local:False
6939 44949 1 3 0
6939 44949 2 3 0
6939 44949 3 3 0
6939 44949 4 3 0
6939 44949 5 3 0
6939 44949 6 3 0
6939 44949 7 3 0
6939 44949 8 3 0
6939 44949 9 3 0
6939 44949 10 3 0
!leg 8966 40339 10 0 1 attackers:8966;victims:40339;type:1;valid_origin:True;recurrent:False;local:False
8966 40339 1 1 0
8966 40339 2 1 0
8966 40339 3 1 0
8966 40339 4 1 0
8966 40339 5 1 0
8966 40339 6 1 0
8966 40339 7 1 0
8966 40339 8 1 0
8966 40339 9 1 0
8966 40339 10 1 0
!leg 264294 264567 10 0 482 attackers:264294;victims:263294,264489,264567,267031,268580,269247;type:1,2;valid_origin:True;recurrent:False;local:False
264294 264567 1 482 0
264294 264567 2 482 0
264294 264567 3 482 0
264294 264567 4 482 0
264294 264567 5 482 0
264294 264567 6 482 0
264294 264567 7 482 0
264294 264567 8 482 0
264294 264567 9 482 0
264294 264567 10 482 0
!sus 19711 30619 0 10 52 attackers:30619;victims:32398,37510,328531,10798,328690,19711,327765,328169;type:1,2;valid_origin:True;recurrent:True;local:False
19711 30619 1 0 52
19711 30619 2 0 52
19711 30619 3 2 50
19711 30619 4 7 45
19711 30619 5 7 45
19711 30619 6 7 45
19711 30619 7 7 45
19711 30619 8 7 45
19711 30619 9 8 44
19711 30619 10 7 45
!sus 136902 1326902 1 9 10 attackers:136902;victims:136902;type:2;valid_origin:True;recurrent:True;local:False
136902 1326902 1 8 2
136902 1326902 2 1 9
136902 1326902 3 3 7
136902 1326902 4 3 7
136902 1326902 5 1 9
136902 1326902 6 5 5
136902 1326902 7 5 5
136902 1326902 8 3 7
136902 1326902 9 1 9
136902 1326902 10 1 9
!sus 26415 396681 4 6 5 attackers:26415;victims:396681;type:1;valid_origin:False;recurrent:True;local:False
26415 396681 1 5 0
26415 396681 2 1 4
26415 396681 3 1 4
26415 396681 4 0 5
26415 396681 5 1 4
26415 396681 6 4 1
26415 396681 7 3 2
26415 396681 8 1 4
26415 396681 9 1 4
26415 396681 10 5 0
!sus 60144 214329 9 1 6 attackers:214329;victims:32489;type:7;valid_origin:True;recurrent:False;local:False
60144 214329 1 3 3
60144 214329 2 6 0
60144 214329 3 6 0
60144 214329 4 6 0
60144 214329 5 6 0
60144 214329 6 6 0
60144 214329 7 6 0
60144 214329 8 6 0
60144 214329 9 6 0
60144 214329 10 6 0
!leg 55655 140457 10 0 90 attackers:55655;victims:151516,150532,140457;type:1,2;valid_origin:True;recurrent:False;local:False
55655 140457 1 90 0
55655 140457 2 90 0
55655 140457 3 90 0
55655 140457 4 90 0
55655 140457 5 90 0
55655 140457 6 90 0
55655 140457 7 90 0
55655 140457 8 90 0
55655 140457 9 90 0
55655 140457 10 90 0
!leg 971 27523 10 0 7 attackers:971;victims:208223;type:2;valid_origin:True;recurrent:False;local:False
971 27523 1 7 0
971 27523 2 7 0
971 27523 3 7 0
971 27523 4 7 0
971 27523 5 7 0
971 27523 6 7 0
971 27523 7 7 0
971 27523 8 7 0
971 27523 9 7 0
971 27523 10 7 0
!sus 54650 138454 7 3 9 attackers:54650;victims:138454;type:1;valid_origin:True;recurrent:True;local:False
54650 138454 1 0 9
54650 138454 2 7 2
54650 138454 3 7 2
54650 138454 4 4 5
54650 138454 5 9 0
54650 138454 6 0 9
54650 138454 7 7 2
54650 138454 8 9 0
54650 138454 9 9 0
54650 138454 10 9 0
!sus 52122 63023 0 10 9 attackers:63023;victims:52122;type:1;valid_origin:True;recurrent:True;local:False
52122 63023 1 0 9
52122 63023 2 0 9
52122 63023 3 0 9
52122 63023 4 0 9
52122 63023 5 0 9
52122 63023 6 0 9
52122 63023 7 0 9
52122 63023 8 0 9
52122 63023 9 0 9
52122 63023 10 0 9
!leg 61922 267035 10 0 3 attackers:267035;victims:262993;type:2;valid_origin:True;recurrent:False;local:False
61922 267035 1 3 0
61922 267035 2 3 0
61922 267035 3 3 0
61922 267035 4 3 0
61922 267035 5 3 0
61922 267035 6 3 0
61922 267035 7 3 0
61922 267035 8 3 0
61922 267035 9 3 0
61922 267035 10 3 0
!sus 213725 216078 2 8 76 attackers:216078;victims:213725;type:1;valid_origin:True;recurrent:True;local:False
213725 216078 1 3 73
213725 216078 2 8 68
213725 216078 3 8 68
213725 216078 4 8 68
213725 216078 5 16 60
213725 216078 6 28 48
213725 216078 7 21 55
213725 216078 8 33 43
213725 216078 9 62 14
213725 216078 10 60 16
!leg 6204 60283 10 0 1 attackers:6204;victims:60283;type:1;valid_origin:True;recurrent:False;local:False
6204 60283 1 1 0
6204 60283 2 1 0
6204 60283 3 1 0
6204 60283 4 1 0
6204 60283 5 1 0
6204 60283 6 1 0
6204 60283 7 1 0
6204 60283 8 1 0
6204 60283 9 1 0
6204 60283 10 1 0
!leg 44244 57218 10 0 38 attackers:57218;victims:44244;type:1;valid_origin:True;recurrent:False;local:False
44244 57218 1 38 0
44244 57218 2 38 0
44244 57218 3 38 0
44244 57218 4 38 0
44244 57218 5 38 0
44244 57218 6 38 0
44244 57218 7 38 0
44244 57218 8 38 0
44244 57218 9 38 0
44244 57218 10 38 0
!leg 4766 47272 10 0 1 attackers:4766;victims:212516;type:3;valid_origin:True;recurrent:False;local:False
4766 47272 1 1 0
4766 47272 2 1 0
4766 47272 3 1 0
4766 47272 4 1 0
4766 47272 5 1 0
4766 47272 6 1 0
4766 47272 7 1 0
4766 47272 8 1 0
4766 47272 9 1 0
4766 47272 10 1 0
!sus 41051 198219 8 2 47 attackers:41051;victims:198219;type:1;valid_origin:True;recurrent:True;local:False
41051 198219 1 0 47
41051 198219 2 18 29
41051 198219 3 36 11
41051 198219 4 45 2
41051 198219 5 45 2
41051 198219 6 47 0
41051 198219 7 47 0
41051 198219 8 47 0
41051 198219 9 47 0
41051 198219 10 47 0
!leg 262346 267035 10 0 3 attackers:267035;victims:262346;type:1;valid_origin:True;recurrent:False;local:False
262346 267035 1 3 0
262346 267035 2 3 0
262346 267035 3 3 0
262346 267035 4 3 0
262346 267035 5 3 0
262346 267035 6 3 0
262346 267035 7 3 0
262346 267035 8 3 0
262346 267035 9 3 0
262346 267035 10 3 0
!sus 5 134801 0 10 2 attackers:134801;victims:5;type:1;valid_origin:False;recurrent:True;local:False
5 134801 1 0 2
5 134801 2 0 2
5 134801 3 0 2
5 134801 4 0 2
5 134801 5 0 2
5 134801 6 0 2
5 134801 7 0 2
5 134801 8 0 2
5 134801 9 1 1
5 134801 10 0 2
!sus 9664 133442 0 10 11 attackers:9664;victims:133442;type:1;valid_origin:True;recurrent:True;local:False
9664 133442 1 0 11
9664 133442 2 0 11
9664 133442 3 0 11
9664 133442 4 0 11
9664 133442 5 0 11
9664 133442 6 0 11
9664 133442 7 0 11
9664 133442 8 0 11
9664 133442 9 0 11
9664 133442 10 0 11
!sus 917 971 0 10 1 attackers:971;victims:50069;type:3;valid_origin:True;recurrent:False;local:False
917 971 1 0 1
917 971 2 0 1
917 971 3 0 1
917 971 4 0 1
917 971 5 0 1
917 971 6 0 1
917 971 7 0 1
917 971 8 0 1
917 971 9 0 1
917 971 10 0 1
!sus 12453 200798 9 1 14 attackers:12453;victims:200798;type:1;valid_origin:True;recurrent:True;local:False
12453 200798 1 5 9
12453 200798 2 12 2
12453 200798 3 14 0
12453 200798 4 14 0
12453 200798 5 14 0
12453 200798 6 14 0
12453 200798 7 14 0
12453 200798 8 14 0
12453 200798 9 14 0
12453 200798 10 14 0
!sus 16509 132602 0 10 1 attackers:132602;victims:16509;type:1;valid_origin:True;recurrent:True;local:False
16509 132602 1 0 1
16509 132602 2 0 1
16509 132602 3 0 1
16509 132602 4 0 1
16509 132602 5 0 1
16509 132602 6 0 1
16509 132602 7 0 1
16509 132602 8 0 1
16509 132602 9 0 1
16509 132602 10 0 1
!sus 37100 329396 6 4 113 attackers:37100;victims:329396;type:1;valid_origin:True;recurrent:True;local:False
37100 329396 1 1 112
37100 329396 2 37 76
37100 329396 3 103 10
37100 329396 4 83 30
37100 329396 5 52 61
37100 329396 6 84 29
37100 329396 7 65 48
37100 329396 8 33 80
37100 329396 9 110 3
37100 329396 10 110 3
!leg 9002 25019 10 0 9 attackers:25019,9002;victims:32489;type:3,4;valid_origin:True;recurrent:False;local:False
9002 25019 1 9 0
9002 25019 2 9 0
9002 25019 3 9 0
9002 25019 4 6 3
9002 25019 5 9 0
9002 25019 6 9 0
9002 25019 7 9 0
9002 25019 8 9 0
9002 25019 9 9 0
9002 25019 10 6 3
!sus 945 14651 0 10 24 attackers:945;victims:14651;type:1;valid_origin:True;recurrent:True;local:False
945 14651 1 0 24
945 14651 2 0 24
945 14651 3 0 24
945 14651 4 0 24
945 14651 5 0 24
945 14651 6 0 24
945 14651 7 0 24
945 14651 8 0 24
945 14651 9 0 24
945 14651 10 0 24
!leg 21982 30640 10 0 12 attackers:30640;victims:21982;type:1;valid_origin:True;recurrent:False;local:False
21982 30640 1 12 0
21982 30640 2 12 0
21982 30640 3 12 0
21982 30640 4 12 0
21982 30640 5 12 0
21982 30640 6 12 0
21982 30640 7 12 0
21982 30640 8 12 0
21982 30640 9 12 0
21982 30640 10 12 0
!sus 4657 12315 9 1 1 attackers:4657;victims:12315;type:1;valid_origin:True;recurrent:False;local:False
4657 12315 1 0 1
4657 12315 2 1 0
4657 12315 3 1 0
4657 12315 4 1 0
4657 12315 5 1 0
4657 12315 6 1 0
4657 12315 7 1 0
4657 12315 8 1 0
4657 12315 9 1 0
4657 12315 10 1 0
!sus 15412 132447 8 2 7 attackers:15412;victims:132447;type:1;valid_origin:True;recurrent:True;local:False
15412 132447 1 0 7
15412 132447 2 3 4
15412 132447 3 7 0
15412 132447 4 7 0
15412 132447 5 7 0
15412 132447 6 7 0
15412 132447 7 7 0
15412 132447 8 7 0
15412 132447 9 7 0
15412 132447 10 7 0
!leg 47263 214971 10 0 66 attackers:47263;victims:214971;type:1;valid_origin:False;recurrent:True;local:False
47263 214971 1 52 14
47263 214971 2 52 14
47263 214971 3 54 12
47263 214971 4 52 14
47263 214971 5 60 6
47263 214971 6 55 11
47263 214971 7 57 9
47263 214971 8 52 14
47263 214971 9 56 10
47263 214971 10 54 12
!sus 52468 273877 0 10 25 attackers:52468;victims:273877;type:1;valid_origin:True;recurrent:True;local:False
52468 273877 1 0 25
52468 273877 2 1 24
52468 273877 3 1 24
52468 273877 4 0 25
52468 273877 5 0 25
52468 273877 6 0 25
52468 273877 7 2 23
52468 273877 8 0 25
52468 273877 9 0 25
52468 273877 10 1 24
!sus 40934 49915 0 10 10 attackers:49915;victims:40934;type:1;valid_origin:True;recurrent:True;local:False
40934 49915 1 0 10
40934 49915 2 0 10
40934 49915 3 0 10
40934 49915 4 0 10
40934 49915 5 0 10
40934 49915 6 0 10
40934 49915 7 0 10
40934 49915 8 0 10
40934 49915 9 0 10
40934 49915 10 0 10
!sus 48014 215540 0 10 25 attackers:48014;victims:215540;type:1;valid_origin:True;recurrent:True;local:False
48014 215540 1 0 25
48014 215540 2 0 25
48014 215540 3 5 20
48014 215540 4 5 20
48014 215540 5 6 19
48014 215540 6 6 19
48014 215540 7 6 19
48014 215540 8 7 18
48014 215540 9 6 19
48014 215540 10 11 14
!sus 23892 153363 0 10 97 attackers:23892;victims:153363;type:1;valid_origin:True;recurrent:True;local:False
23892 153363 1 23 74
23892 153363 2 19 78
23892 153363 3 0 97
23892 153363 4 0 97
23892 153363 5 9 88
23892 153363 6 0 97
23892 153363 7 0 97
23892 153363 8 0 97
23892 153363 9 0 97
23892 153363 10 0 97
!sus 45474 267035 9 1 1 attackers:267035;victims:263432;type:2;valid_origin:True;recurrent:True;local:False
45474 267035 1 0 1
45474 267035 2 1 0
45474 267035 3 1 0
45474 267035 4 1 0
45474 267035 5 1 0
45474 267035 6 1 0
45474 267035 7 1 0
45474 267035 8 1 0
45474 267035 9 1 0
45474 267035 10 1 0
!leg 6461 25019 10 0 3 attackers:6461;victims:32489;type:5;valid_origin:True;recurrent:False;local:False
6461 25019 1 3 0
6461 25019 2 3 0
6461 25019 3 3 0
6461 25019 4 3 0
6461 25019 5 3 0
6461 25019 6 3 0
6461 25019 7 3 0
6461 25019 8 3 0
6461 25019 9 3 0
6461 25019 10 3 0
!sus 4766 139341 9 1 20 attackers:4766;victims:139341;type:1;valid_origin:True;recurrent:True;local:False
4766 139341 1 9 11
4766 139341 2 13 7
4766 139341 3 15 5
4766 139341 4 14 6
4766 139341 5 15 5
4766 139341 6 15 5
4766 139341 7 19 1
4766 139341 8 18 2
4766 139341 9 20 0
4766 139341 10 20 0
!sus 213550 214481 8 2 2 attackers:214481;victims:213550;type:1;valid_origin:True;recurrent:False;local:False
213550 214481 1 0 2
213550 214481 2 0 2
213550 214481 3 2 0
213550 214481 4 2 0
213550 214481 5 2 0
213550 214481 6 2 0
213550 214481 7 2 0
213550 214481 8 2 0
213550 214481 9 2 0
213550 214481 10 2 0
!sus 4657 64114 8 2 1 attackers:4657;victims:64114;type:1;valid_origin:True;recurrent:False;local:False
4657 64114 1 0 1
4657 64114 2 0 1
4657 64114 3 1 0
4657 64114 4 1 0
4657 64114 5 1 0
4657 64114 6 1 0
4657 64114 7 1 0
4657 64114 8 1 0
4657 64114 9 1 0
4657 64114 10 1 0
!sus 60068 267035 7 3 1 attackers:267035;victims:12654;type:3;valid_origin:True;recurrent:True;local:False
60068 267035 1 0 1
60068 267035 2 0 1
60068 267035 3 0 1
60068 267035 4 1 0
60068 267035 5 1 0
60068 267035 6 1 0
60068 267035 7 1 0
60068 267035 8 1 0
60068 267035 9 1 0
60068 267035 10 1 0
!sus 28171 266216 9 1 16 attackers:266216;victims:28171;type:1;valid_origin:True;recurrent:True;local:False
28171 266216 1 4 12
28171 266216 2 16 0
28171 266216 3 15 1
28171 266216 4 16 0
28171 266216 5 16 0
28171 266216 6 16 0
28171 266216 7 16 0
28171 266216 8 16 0
28171 266216 9 16 0
28171 266216 10 16 0
!leg 27789 264811 10 0 1 attackers:264811;victims:266792;type:2;valid_origin:True;recurrent:False;local:False
27789 264811 1 1 0
27789 264811 2 1 0
27789 264811 3 1 0
27789 264811 4 1 0
27789 264811 5 1 0
27789 264811 6 1 0
27789 264811 7 1 0
27789 264811 8 1 0
27789 264811 9 1 0
27789 264811 10 1 0
!leg 266428 267988 10 0 316 attackers:266428;victims:267988;type:1;valid_origin:True;recurrent:False;local:False
266428 267988 1 316 0
266428 267988 2 316 0
266428 267988 3 316 0
266428 267988 4 316 0
266428 267988 5 316 0
266428 267988 6 316 0
266428 267988 7 316 0
266428 267988 8 316 0
266428 267988 9 316 0
266428 267988 10 316 0
!sus 3356 398985 8 2 8 attackers:3356;victims:398985;type:1;valid_origin:True;recurrent:True;local:False
3356 398985 1 7 1
3356 398985 2 7 1
3356 398985 3 5 3
3356 398985 4 4 4
3356 398985 5 5 3
3356 398985 6 5 3
3356 398985 7 5 3
3356 398985 8 5 3
3356 398985 9 0 8
3356 398985 10 5 3
!leg 24961 25019 10 0 14 attackers:25019,24961;victims:32489;type:2;valid_origin:True;recurrent:False;local:False
24961 25019 1 11 3
24961 25019 2 11 3
24961 25019 3 14 0
24961 25019 4 11 3
24961 25019 5 11 3
24961 25019 6 14 0
24961 25019 7 11 3
24961 25019 8 14 0
24961 25019 9 11 3
24961 25019 10 11 3
!leg 6527 7015 10 0 2 attackers:7015;victims:6527;type:1;valid_origin:True;recurrent:False;local:False
6527 7015 1 2 0
6527 7015 2 2 0
6527 7015 3 2 0
6527 7015 4 2 0
6527 7015 5 2 0
6527 7015 6 2 0
6527 7015 7 2 0
6527 7015 8 2 0
6527 7015 9 2 0
6527 7015 10 2 0
!leg 39386 43519 10 0 1 attackers:39386;victims:43519;type:1;valid_origin:True;recurrent:False;local:False
39386 43519 1 1 0
39386 43519 2 1 0
39386 43519 3 1 0
39386 43519 4 1 0
39386 43519 5 1 0
39386 43519 6 1 0
39386 43519 7 1 0
39386 43519 8 1 0
39386 43519 9 1 0
39386 43519 10 1 0
!leg 45905 138660 10 0 6 attackers:45905;victims:137453;type:2;valid_origin:True;recurrent:False;local:False
45905 138660 1 6 0
45905 138660 2 6 0
45905 138660 3 6 0
45905 138660 4 6 0
45905 138660 5 6 0
45905 138660 6 6 0
45905 138660 7 6 0
45905 138660 8 6 0
45905 138660 9 6 0
45905 138660 10 6 0
!sus 215120 397032 9 1 12 attackers:397032;victims:215120;type:1;valid_origin:True;recurrent:True;local:False
215120 397032 1 1 11
215120 397032 2 12 0
215120 397032 3 12 0
215120 397032 4 12 0
215120 397032 5 12 0
215120 397032 6 12 0
215120 397032 7 12 0
215120 397032 8 12 0
215120 397032 9 12 0
215120 397032 10 12 0
!sus 61589 61622 7 3 109 attackers:61622;victims:61589;type:1;valid_origin:True;recurrent:True;local:False
61589 61622 1 37 72
61589 61622 2 44 65
61589 61622 3 43 66
61589 61622 4 73 36
61589 61622 5 69 40
61589 61622 6 72 37
61589 61622 7 74 35
61589 61622 8 74 35
61589 61622 9 81 28
61589 61622 10 77 32
!leg 267035 272713 10 0 1 attackers:267035;victims:269273;type:3;valid_origin:True;recurrent:False;local:False
267035 272713 1 1 0
267035 272713 2 1 0
267035 272713 3 1 0
267035 272713 4 1 0
267035 272713 5 1 0
267035 272713 6 1 0
267035 272713 7 1 0
267035 272713 8 1 0
267035 272713 9 1 0
267035 272713 10 1 0
!sus 215828 400910 0 10 11 attackers:215828;victims:216360;type:2;valid_origin:True;recurrent:True;local:False
215828 400910 1 1 10
215828 400910 2 1 10
215828 400910 3 2 9
215828 400910 4 2 9
215828 400910 5 2 9
215828 400910 6 2 9
215828 400910 7 2 9
215828 400910 8 3 8
215828 400910 9 3 8
215828 400910 10 3 8
!leg 28204 267035 10 0 2 attackers:267035;victims:267286;type:3;valid_origin:True;recurrent:False;local:False
28204 267035 1 2 0
28204 267035 2 2 0
28204 267035 3 2 0
28204 267035 4 2 0
28204 267035 5 2 0
28204 267035 6 2 0
28204 267035 7 2 0
28204 267035 8 2 0
28204 267035 9 2 0
28204 267035 10 2 0
!leg 8529 44949 10 0 1 attackers:8529;victims:44949;type:1;valid_origin:True;recurrent:False;local:False
8529 44949 1 1 0
8529 44949 2 1 0
8529 44949 3 1 0
8529 44949 4 1 0
8529 44949 5 1 0
8529 44949 6 1 0
8529 44949 7 1 0
8529 44949 8 1 0
8529 44949 9 1 0
8529 44949 10 1 0
!leg 267462 273478 10 0 7 attackers:267462;victims:268640;type:3;valid_origin:True;recurrent:False;local:False
267462 273478 1 5 2
267462 273478 2 7 0
267462 273478 3 7 0
267462 273478 4 7 0
267462 273478 5 7 0
267462 273478 6 7 0
267462 273478 7 7 0
267462 273478 8 7 0
267462 273478 9 7 0
267462 273478 10 7 0
!sus 37148 136907 0 10 7 attackers:37148;victims:136907;type:1;valid_origin:True;recurrent:True;local:False
37148 136907 1 0 7
37148 136907 2 0 7
37148 136907 3 0 7
37148 136907 4 0 7
37148 136907 5 0 7
37148 136907 6 0 7
37148 136907 7 0 7
37148 136907 8 0 7
37148 136907 9 0 7
37148 136907 10 0 7
!sus 132060 133524 7 3 23 attackers:133524;victims:132060;type:1;valid_origin:True;recurrent:True;local:False
132060 133524 1 23 0
132060 133524 2 23 0
132060 133524 3 23 0
132060 133524 4 16 7
132060 133524 5 23 0
132060 133524 6 23 0
132060 133524 7 0 23
132060 133524 8 0 23
132060 133524 9 0 23
132060 133524 10 22 1
!sus 63718 133776 4 6 18 attackers:133776;victims:63718;type:1;valid_origin:True;recurrent:True;local:False
63718 133776 1 2 16
63718 133776 2 2 16
63718 133776 3 2 16
63718 133776 4 3 15
63718 133776 5 3 15
63718 133776 6 13 5
63718 133776 7 8 10
63718 133776 8 14 4
63718 133776 9 11 7
63718 133776 10 12 6
!leg 264127 267035 10 0 16 attackers:267035;victims:264127,264542;type:1,2;valid_origin:True;recurrent:False;local:False
264127 267035 1 16 0
264127 267035 2 16 0
264127 267035 3 16 0
264127 267035 4 16 0
264127 267035 5 16 0
264127 267035 6 16 0
264127 267035 7 16 0
264127 267035 8 16 0
264127 267035 9 16 0
264127 267035 10 16 0
!sus 216360 400910 0 10 11 attackers:400910;victims:216360;type:1;valid_origin:True;recurrent:True;local:False
216360 400910 1 1 10
216360 400910 2 1 10
216360 400910 3 1 10
216360 400910 4 2 9
216360 400910 5 2 9
216360 400910 6 2 9
216360 400910 7 4 7
216360 400910 8 5 6
216360 400910 9 3 8
216360 400910 10 5 6
!sus 8280 207492 9 1 59 attackers:8280;victims:207492;type:1;valid_origin:True;recurrent:True;local:False
8280 207492 1 0 59
8280 207492 2 50 9
8280 207492 3 59 0
8280 207492 4 59 0
8280 207492 5 59 0
8280 207492 6 59 0
8280 207492 7 59 0
8280 207492 8 59 0
8280 207492 9 59 0
8280 207492 10 59 0
!leg 270393 270522 10 0 2 attackers:270522;victims:268631;type:2;valid_origin:True;recurrent:False;local:False
270393 270522 1 2 0
270393 270522 2 2 0
270393 270522 3 2 0
270393 270522 4 2 0
270393 270522 5 2 0
270393 270522 6 2 0
270393 270522 7 2 0
270393 270522 8 2 0
270393 270522 9 2 0
270393 270522 10 2 0
!leg 8683 39386 10 0 1 attackers:39386;victims:8683;type:1;valid_origin:True;recurrent:False;local:False
8683 39386 1 1 0
8683 39386 2 1 0
8683 39386 3 1 0
8683 39386 4 1 0
8683 39386 5 1 0
8683 39386 6 1 0
8683 39386 7 1 0
8683 39386 8 1 0
8683 39386 9 1 0
8683 39386 10 1 0
!sus 3356 11664 6 4 11 attackers:3356;victims:265704,52308,266741,267712,264849,61519,27983,272810;type:2,3;valid_origin:True;recurrent:True;local:False
3356 11664 1 0 11
3356 11664 2 5 6
3356 11664 3 5 6
3356 11664 4 5 6
3356 11664 5 6 5
3356 11664 6 10 1
3356 11664 7 11 0
3356 11664 8 11 0
3356 11664 9 10 1
3356 11664 10 11 0
!sus 15830 393861 6 4 11 attackers:15830;victims:393861;type:1;valid_origin:True;recurrent:True;local:False
15830 393861 1 2 9
15830 393861 2 3 8
15830 393861 3 4 7
15830 393861 4 5 6
15830 393861 5 6 5
15830 393861 6 6 5
15830 393861 7 6 5
15830 393861 8 6 5
15830 393861 9 6 5
15830 393861 10 6 5
!sus 10798 19711 9 1 29 attackers:19711;victims:10798;type:1;valid_origin:True;recurrent:True;local:False
10798 19711 1 6 23
10798 19711 2 17 12
10798 19711 3 23 6
10798 19711 4 23 6
10798 19711 5 23 6
10798 19711 6 23 6
10798 19711 7 23 6
10798 19711 8 23 6
10798 19711 9 23 6
10798 19711 10 23 6
!sus 9329 151485 9 1 12 attackers:9329;victims:151485;type:1;valid_origin:True;recurrent:True;local:False
9329 151485 1 12 0
9329 151485 2 12 0
9329 151485 3 12 0
9329 151485 4 12 0
9329 151485 5 12 0
9329 151485 6 0 12
9329 151485 7 12 0
9329 151485 8 12 0
9329 151485 9 12 0
9329 151485 10 12 0
!sus 31287 43061 8 2 2 attackers:31287;victims:41716;type:6;valid_origin:True;recurrent:False;local:False
31287 43061 1 0 2
31287 43061 2 0 2
31287 43061 3 2 0
31287 43061 4 2 0
31287 43061 5 2 0
31287 43061 6 2 0
31287 43061 7 2 0
31287 43061 8 2 0
31287 43061 9 2 0
31287 43061 10 2 0
!sus 200529 216164 1 9 42 attackers:216164;victims:200529;type:1;valid_origin:True;recurrent:True;local:False
200529 216164 1 0 42
200529 216164 2 0 42
200529 216164 3 0 42
200529 216164 4 0 42
200529 216164 5 1 41
200529 216164 6 8 34
200529 216164 7 4 38
200529 216164 8 6 36
200529 216164 9 1 41
200529 216164 10 32 10
!leg 52376 53062 10 0 1 attackers:53062;victims:52374;type:2;valid_origin:True;recurrent:False;local:False
52376 53062 1 1 0
52376 53062 2 1 0
52376 53062 3 1 0
52376 53062 4 1 0
52376 53062 5 1 0
52376 53062 6 1 0
52376 53062 7 1 0
52376 53062 8 1 0
52376 53062 9 1 0
52376 53062 10 1 0
!leg 8641 56534 10 0 30 attackers:8641;victims:212165;type:2;valid_origin:True;recurrent:False;local:False
8641 56534 1 30 0
8641 56534 2 30 0
8641 56534 3 30 0
8641 56534 4 30 0
8641 56534 5 30 0
8641 56534 6 30 0
8641 56534 7 30 0
8641 56534 8 30 0
8641 56534 9 30 0
8641 56534 10 30 0
!leg 9790 139694 10 0 10 attackers:9790;victims:139694;type:1;valid_origin:True;recurrent:False;local:False
9790 139694 1 10 0
9790 139694 2 10 0
9790 139694 3 10 0
9790 139694 4 10 0
9790 139694 5 10 0
9790 139694 6 10 0
9790 139694 7 10 0
9790 139694 8 10 0
9790 139694 9 10 0
9790 139694 10 10 0
!sus 196874 213557 1 9 11 attackers:196874;victims:213557;type:1;valid_origin:True;recurrent:True;local:False
196874 213557 1 9 2
196874 213557 2 0 11
196874 213557 3 3 8
196874 213557 4 0 11
196874 213557 5 0 11
196874 213557 6 0 11
196874 213557 7 0 11
196874 213557 8 0 11
196874 213557 9 0 11
196874 213557 10 0 11
!sus 3356 394365 8 2 8 attackers:3356;victims:394365;type:1;valid_origin:True;recurrent:True;local:False
3356 394365 1 7 1
3356 394365 2 7 1
3356 394365 3 5 3
3356 394365 4 4 4
3356 394365 5 5 3
3356 394365 6 5 3
3356 394365 7 5 3
3356 394365 8 5 3
3356 394365 9 0 8
3356 394365 10 5 3
!sus 210464 213683 0 10 1 attackers:213683;victims:210464;type:1;valid_origin:True;recurrent:True;local:False
210464 213683 1 0 1
210464 213683 2 0 1
210464 213683 3 0 1
210464 213683 4 0 1
210464 213683 5 0 1
210464 213683 6 0 1
210464 213683 7 0 1
210464 213683 8 0 1
210464 213683 9 0 1
210464 213683 10 0 1
!leg 265281 267035 10 0 9 attackers:267035;victims:265281;type:1;valid_origin:True;recurrent:False;local:False
265281 267035 1 9 0
265281 267035 2 9 0
265281 267035 3 9 0
265281 267035 4 9 0
265281 267035 5 9 0
265281 267035 6 9 0
265281 267035 7 9 0
265281 267035 8 9 0
265281 267035 9 9 0
265281 267035 10 9 0
!leg 16735 267462 10 0 41 attackers:267462;victims:268640;type:3;valid_origin:True;recurrent:False;local:False
16735 267462 1 40 1
16735 267462 2 41 0
16735 267462 3 41 0
16735 267462 4 41 0
16735 267462 5 41 0
16735 267462 6 41 0
16735 267462 7 41 0
16735 267462 8 41 0
16735 267462 9 41 0
16735 267462 10 41 0
!sus 215251 399580 0 10 10 attackers:399580;victims:215251;type:1;valid_origin:True;recurrent:True;local:False
215251 399580 1 0 10
215251 399580 2 0 10
215251 399580 3 0 10
215251 399580 4 0 10
215251 399580 5 0 10
215251 399580 6 0 10
215251 399580 7 0 10
215251 399580 8 0 10
215251 399580 9 0 10
215251 399580 10 0 10
!sus 8359 34347 9 1 1 attackers:8359;victims:200026;type:2;valid_origin:True;recurrent:False;local:False
8359 34347 1 0 1
8359 34347 2 1 0
8359 34347 3 1 0
8359 34347 4 1 0
8359 34347 5 1 0
8359 34347 6 1 0
8359 34347 7 1 0
8359 34347 8 1 0
8359 34347 9 1 0
8359 34347 10 1 0
!sus 12453 199560 9 1 14 attackers:12453;victims:199560;type:1;valid_origin:True;recurrent:True;local:False
12453 199560 1 5 9
12453 199560 2 12 2
12453 199560 3 14 0
12453 199560 4 14 0
12453 199560 5 14 0
12453 199560 6 14 0
12453 199560 7 14 0
12453 199560 8 14 0
12453 199560 9 14 0
12453 199560 10 14 0
!leg 263966 267035 10 0 4 attackers:267035;victims:269250;type:2;valid_origin:True;recurrent:False;local:False
263966 267035 1 4 0
263966 267035 2 4 0
263966 267035 3 4 0
263966 267035 4 4 0
263966 267035 5 4 0
263966 267035 6 4 0
263966 267035 7 4 0
263966 267035 8 4 0
263966 267035 9 4 0
263966 267035 10 4 0
!sus 265590 273253 4 6 10 attackers:265590;victims:273253;type:1;valid_origin:True;recurrent:True;local:False
265590 273253 1 10 0
265590 273253 2 10 0
265590 273253 3 8 2
265590 273253 4 0 10
265590 273253 5 0 10
265590 273253 6 0 10
265590 273253 7 10 0
265590 273253 8 0 10
265590 273253 9 0 10
265590 273253 10 0 10
!leg 25933 28148 10 0 1 attackers:25933;victims:28148;type:1;valid_origin:True;recurrent:False;local:False
25933 28148 1 1 0
25933 28148 2 1 0
25933 28148 3 1 0
25933 28148 4 1 0
25933 28148 5 1 0
25933 28148 6 1 0
25933 28148 7 1 0
25933 28148 8 1 0
25933 28148 9 1 0
25933 28148 10 1 0
!sus 265798 273965 3 7 138 attackers:265798;victims:273965;type:1;valid_origin:True;recurrent:True;local:False
265798 273965 1 121 17
265798 273965 2 118 20
265798 273965 3 0 138
265798 273965 4 0 138
265798 273965 5 81 57
265798 273965 6 0 138
265798 273965 7 0 138
265798 273965 8 0 138
265798 273965 9 0 138
265798 273965 10 0 138
!leg 52688 267035 10 0 1 attackers:267035;victims:271083;type:3;valid_origin:True;recurrent:False;local:False
52688 267035 1 1 0
52688 267035 2 1 0
52688 267035 3 1 0
52688 267035 4 1 0
52688 267035 5 1 0
52688 267035 6 1 0
52688 267035 7 1 0
52688 267035 8 1 0
52688 267035 9 1 0
52688 267035 10 1 0
!sus 26425 270439 8 2 23 attackers:270439;victims:26425;type:1;valid_origin:True;recurrent:True;local:False
26425 270439 1 0 23
26425 270439 2 0 23
26425 270439 3 22 1
26425 270439 4 22 1
26425 270439 5 22 1
26425 270439 6 22 1
26425 270439 7 23 0
26425 270439 8 23 0
26425 270439 9 23 0
26425 270439 10 23 0
!leg 22381 265131 10 0 1 attackers:22381;victims:265131;type:1;valid_origin:True;recurrent:False;local:False
22381 265131 1 1 0
22381 265131 2 1 0
22381 265131 3 1 0
22381 265131 4 1 0
22381 265131 5 1 0
22381 265131 6 1 0
22381 265131 7 1 0
22381 265131 8 1 0
22381 265131 9 1 0
22381 265131 10 1 0
!sus 3223 44620 6 4 738 attackers:3223;victims:215181,214114,212219,44620,214577,214304;type:1,2,3;valid_origin:True;recurrent:True;local:False
3223 44620 1 162 576
3223 44620 2 249 489
3223 44620 3 297 441
3223 44620 4 358 380
3223 44620 5 381 357
3223 44620 6 646 92
3223 44620 7 576 162
3223 44620 8 654 84
3223 44620 9 684 54
3223 44620 10 712 26
!sus 5580 152724 6 4 7 attackers:5580;victims:152724;type:1;valid_origin:True;recurrent:True;local:False
5580 152724 1 7 0
5580 152724 2 5 2
5580 152724 3 4 3
5580 152724 4 0 7
5580 152724 5 7 0
5580 152724 6 1 6
5580 152724 7 7 0
5580 152724 8 1 6
5580 152724 9 0 7
5580 152724 10 7 0
!sus 4657 43013 9 1 1 attackers:4657;victims:43013;type:1;valid_origin:True;recurrent:False;local:False
4657 43013 1 0 1
4657 43013 2 1 0
4657 43013 3 1 0
4657 43013 4 1 0
4657 43013 5 1 0
4657 43013 6 1 0
4657 43013 7 1 0
4657 43013 8 1 0
4657 43013 9 1 0
4657 43013 10 1 0
!leg 20473 213617 10 0 11 attackers:20473;victims:213617;type:1;valid_origin:True;recurrent:True;local:False
20473 213617 1 10 1
20473 213617 2 10 1
20473 213617 3 7 4
20473 213617 4 10 1
20473 213617 5 6 5
20473 213617 6 11 0
20473 213617 7 11 0
20473 213617 8 9 2
20473 213617 9 10 1
20473 213617 10 9 2
!sus 23674 45474 3 7 13 attackers:45474;victims:24499,23674;type:1,4;valid_origin:True;recurrent:True;local:False
23674 45474 1 0 13
23674 45474 2 0 13
23674 45474 3 0 13
23674 45474 4 5 8
23674 45474 5 5 8
23674 45474 6 6 7
23674 45474 7 9 4
23674 45474 8 6 7
23674 45474 9 8 5
23674 45474 10 7 6
!leg 6939 36750 10 0 7 attackers:6939;victims:36750;type:1;valid_origin:True;recurrent:False;local:False
6939 36750 1 7 0
6939 36750 2 7 0
6939 36750 3 7 0
6939 36750 4 7 0
6939 36750 5 7 0
6939 36750 6 7 0
6939 36750 7 7 0
6939 36750 8 7 0
6939 36750 9 7 0
6939 36750 10 7 0
!leg 8220 25516 10 0 10 attackers:8220;victims:25516;type:1;valid_origin:True;recurrent:False;local:False
8220 25516 1 10 0
8220 25516 2 10 0
8220 25516 3 10 0
8220 25516 4 10 0
8220 25516 5 10 0
8220 25516 6 10 0
8220 25516 7 10 0
8220 25516 8 10 0
8220 25516 9 10 0
8220 25516 10 10 0
!sus 398999 401595 0 10 14 attackers:398999;victims:401595;type:1;valid_origin:True;recurrent:True;local:False
398999 401595 1 0 14
398999 401595 2 0 14
398999 401595 3 0 14
398999 401595 4 0 14
398999 401595 5 0 14
398999 401595 6 0 14
398999 401595 7 0 14
398999 401595 8 0 14
398999 401595 9 0 14
398999 401595 10 0 14
!leg 52612 267035 10 0 2 attackers:267035;victims:52612;type:1;valid_origin:True;recurrent:False;local:False
52612 267035 1 2 0
52612 267035 2 2 0
52612 267035 3 2 0
52612 267035 4 2 0
52612 267035 5 2 0
52612 267035 6 2 0
52612 267035 7 2 0
52612 267035 8 2 0
52612 267035 9 2 0
52612 267035 10 2 0
!leg 15133 55256 10 0 1 attackers:55256;victims:15133;type:1;valid_origin:True;recurrent:False;local:False
15133 55256 1 1 0
15133 55256 2 1 0
15133 55256 3 1 0
15133 55256 4 1 0
15133 55256 5 1 0
15133 55256 6 1 0
15133 55256 7 1 0
15133 55256 8 1 0
15133 55256 9 1 0
15133 55256 10 1 0
!sus 44894 211621 4 6 19 attackers:44894;victims:211621;type:1;valid_origin:True;recurrent:True;local:False
44894 211621 1 19 0
44894 211621 2 19 0
44894 211621 3 0 19
44894 211621 4 0 19
44894 211621 5 12 7
44894 211621 6 0 19
44894 211621 7 19 0
44894 211621 8 3 16
44894 211621 9 6 13
44894 211621 10 5 14
!sus 1273 61407 1 9 8 attackers:1273;victims:61407;type:1;valid_origin:True;recurrent:True;local:False
1273 61407 1 1 7
1273 61407 2 7 1
1273 61407 3 0 8
1273 61407 4 0 8
1273 61407 5 0 8
1273 61407 6 0 8
1273 61407 7 0 8
1273 61407 8 0 8
1273 61407 9 0 8
1273 61407 10 0 8
!leg 52892 53062 10 0 2 attackers:53062;victims:266596;type:2;valid_origin:True;recurrent:False;local:False
52892 53062 1 2 0
52892 53062 2 2 0
52892 53062 3 2 0
52892 53062 4 2 0
52892 53062 5 2 0
52892 53062 6 2 0
52892 53062 7 2 0
52892 53062 8 2 0
52892 53062 9 2 0
52892 53062 10 2 0
!leg 11014 267035 10 0 2 attackers:267035;victims:52251;type:2;valid_origin:True;recurrent:False;local:False
11014 267035 1 2 0
11014 267035 2 2 0
11014 267035 3 2 0
11014 267035 4 2 0
11014 267035 5 2 0
11014 267035 6 2 0
11014 267035 7 2 0
11014 267035 8 2 0
11014 267035 9 2 0
11014 267035 10 2 0
!sus 945 7257 0 10 26 attackers:945;victims:7257;type:1;valid_origin:True;recurrent:True;local:False
945 7257 1 0 26
945 7257 2 0 26
945 7257 3 0 26
945 7257 4 6 20
945 7257 5 6 20
945 7257 6 6 20
945 7257 7 6 20
945 7257 8 6 20
945 7257 9 6 20
945 7257 10 6 20
!sus 32787 270776 0 10 2 attackers:270776;victims:43183,39029;type:2;valid_origin:True;recurrent:True;local:False
32787 270776 1 0 2
32787 270776 2 0 2
32787 270776 3 0 2
32787 270776 4 0 2
32787 270776 5 0 2
32787 270776 6 0 2
32787 270776 7 0 2
32787 270776 8 0 2
32787 270776 9 0 2
32787 270776 10 0 2
!sus 199288 199348 4 6 8 attackers:199348;victims:199288;type:1;valid_origin:True;recurrent:True;local:False
199288 199348 1 8 0
199288 199348 2 8 0
199288 199348 3 6 2
199288 199348 4 0 8
199288 199348 5 6 2
199288 199348 6 4 4
199288 199348 7 0 8
199288 199348 8 0 8
199288 199348 9 0 8
199288 199348 10 0 8
!leg 264294 264500 10 0 12 attackers:264294;victims:267031;type:2;valid_origin:True;recurrent:False;local:False
264294 264500 1 12 0
264294 264500 2 12 0
264294 264500 3 12 0
264294 264500 4 12 0
264294 264500 5 12 0
264294 264500 6 12 0
264294 264500 7 12 0
264294 264500 8 12 0
264294 264500 9 12 0
264294 264500 10 12 0
!leg 8866 12297 10 0 1 attackers:8866;victims:209786;type:3;valid_origin:True;recurrent:False;local:False
8866 12297 1 1 0
8866 12297 2 1 0
8866 12297 3 1 0
8866 12297 4 1 0
8866 12297 5 1 0
8866 12297 6 1 0
8866 12297 7 1 0
8866 12297 8 1 0
8866 12297 9 1 0
8866 12297 10 1 0
!leg 55836 150647 10 0 166 attackers:55836;victims:150647;type:1;valid_origin:True;recurrent:False;local:False
55836 150647 1 137 29
55836 150647 2 148 18
55836 150647 3 141 25
55836 150647 4 149 17
55836 150647 5 166 0
55836 150647 6 166 0
55836 150647 7 166 0
55836 150647 8 166 0
55836 150647 9 166 0
55836 150647 10 166 0
!sus 206264 213724 0 10 18 attackers:206264;victims:213724;type:1;valid_origin:True;recurrent:True;local:False
206264 213724 1 9 9
206264 213724 2 9 9
206264 213724 3 0 18
206264 213724 4 0 18
206264 213724 5 0 18
206264 213724 6 0 18
206264 213724 7 9 9
206264 213724 8 0 18
206264 213724 9 0 18
206264 213724 10 0 18
!sus 212514 214909 8 2 126 attackers:212514;victims:214909;type:1;valid_origin:True;recurrent:True;local:False
212514 214909 1 0 126
212514 214909 2 0 126
212514 214909 3 124 2
212514 214909 4 124 2
212514 214909 5 126 0
212514 214909 6 126 0
212514 214909 7 126 0
212514 214909 8 126 0
212514 214909 9 126 0
212514 214909 10 126 0
!leg 266492 267035 10 0 9 attackers:267035;victims:266492;type:1;valid_origin:True;recurrent:False;local:False
266492 267035 1 9 0
266492 267035 2 9 0
266492 267035 3 9 0
266492 267035 4 9 0
266492 267035 5 9 0
266492 267035 6 9 0
266492 267035 7 9 0
266492 267035 8 9 0
266492 267035 9 9 0
266492 267035 10 9 0
!leg 52630 264293 10 0 3 attackers:52630;victims:273607;type:2;valid_origin:True;recurrent:False;local:False
52630 264293 1 3 0
52630 264293 2 3 0
52630 264293 3 3 0
52630 264293 4 3 0
52630 264293 5 3 0
52630 264293 6 3 0
52630 264293 7 3 0
52630 264293 8 3 0
52630 264293 9 3 0
52630 264293 10 3 0
!sus 34872 213485 0 10 10 attackers:34872;victims:213485;type:1;valid_origin:True;recurrent:True;local:False
34872 213485 1 0 10
34872 213485 2 0 10
34872 213485 3 0 10
34872 213485 4 0 10
34872 213485 5 0 10
34872 213485 6 0 10
34872 213485 7 0 10
34872 213485 8 0 10
34872 213485 9 0 10
34872 213485 10 2 8
!sus 25019 32489 9 1 27 attackers:25019;victims:32489;type:1;valid_origin:True;recurrent:False;local:False
25019 32489 1 0 27
25019 32489 2 21 6
25019 32489 3 27 0
25019 32489 4 27 0
25019 32489 5 27 0
25019 32489 6 27 0
25019 32489 7 27 0
25019 32489 8 27 0
25019 32489 9 27 0
25019 32489 10 27 0
!sus 34872 58626 0 10 13 attackers:34872;victims:58626;type:1;valid_origin:True;recurrent:True;local:False
34872 58626 1 0 13
34872 58626 2 0 13
34872 58626 3 0 13
34872 58626 4 0 13
34872 58626 5 0 13
34872 58626 6 0 13
34872 58626 7 0 13
34872 58626 8 0 13
34872 58626 9 0 13
34872 58626 10 5 8
!leg 265409 267035 10 0 9 attackers:267035;victims:265409;type:1;valid_origin:True;recurrent:False;local:False
265409 267035 1 9 0
265409 267035 2 9 0
265409 267035 3 9 0
265409 267035 4 9 0
265409 267035 5 9 0
265409 267035 6 9 0
265409 267035 7 9 0
265409 267035 8 9 0
265409 267035 9 9 0
265409 267035 10 9 0
!leg 22356 52758 10 0 1 attackers:22356;victims:268191;type:2;valid_origin:True;recurrent:False;local:False
22356 52758 1 1 0
22356 52758 2 1 0
22356 52758 3 1 0
22356 52758 4 1 0
22356 52758 5 1 0
22356 52758 6 1 0
22356 52758 7 1 0
22356 52758 8 1 0
22356 52758 9 1 0
22356 52758 10 1 0
!leg 54483 398249 10 0 4 attackers:54483;victims:398249;type:1;valid_origin:True;recurrent:False;local:False
54483 398249 1 4 0
54483 398249 2 4 0
54483 398249 3 4 0
54483 398249 4 4 0
54483 398249 5 4 0
54483 398249 6 4 0
54483 398249 7 4 0
54483 398249 8 4 0
54483 398249 9 4 0
54483 398249 10 4 0
!sus 6453 37148 0 10 218 attackers:6453;victims:328309,37148;type:1,2;valid_origin:True;recurrent:True;local:False
6453 37148 1 1 217
6453 37148 2 11 207
6453 37148 3 19 199
6453 37148 4 45 173
6453 37148 5 38 180
6453 37148 6 55 163
6453 37148 7 56 162
6453 37148 8 69 149
6453 37148 9 57 161
6453 37148 10 63 155
!sus 39582 213908 0 10 59 attackers:39582;victims:213908;type:1;valid_origin:True;recurrent:True;local:False
39582 213908 1 0 59
39582 213908 2 0 59
39582 213908 3 0 59
39582 213908 4 0 59
39582 213908 5 0 59
39582 213908 6 0 59
39582 213908 7 0 59
39582 213908 8 0 59
39582 213908 9 0 59
39582 213908 10 0 59
!leg 269194 270955 10 0 3 attackers:269194;victims:4690;type:8;valid_origin:True;recurrent:False;local:False
269194 270955 1 3 0
269194 270955 2 3 0
269194 270955 3 3 0
269194 270955 4 3 0
269194 270955 5 3 0
269194 270955 6 3 0
269194 270955 7 3 0
269194 270955 8 3 0
269194 270955 9 3 0
269194 270955 10 3 0
!sus 42473 47872 0 10 1 attackers:42473;victims:42473;type:4;valid_origin:True;recurrent:True;local:True
42473 47872 1 0 1
42473 47872 2 0 1
42473 47872 3 0 1
42473 47872 4 0 1
42473 47872 5 0 1
42473 47872 6 0 1
42473 47872 7 0 1
42473 47872 8 0 1
42473 47872 9 0 1
42473 47872 10 0 1
!sus 21538 29774 0 10 9 attackers:29774;victims:21538;type:1;valid_origin:True;recurrent:True;local:False
21538 29774 1 2 7
21538 29774 2 0 9
21538 29774 3 0 9
21538 29774 4 0 9
21538 29774 5 0 9
21538 29774 6 0 9
21538 29774 7 0 9
21538 29774 8 0 9
21538 29774 9 0 9
21538 29774 10 0 9
!leg 23775 135607 10 0 1 attackers:135607;victims:23775;type:1;valid_origin:True;recurrent:False;local:False
23775 135607 1 1 0
23775 135607 2 1 0
23775 135607 3 1 0
23775 135607 4 1 0
23775 135607 5 1 0
23775 135607 6 1 0
23775 135607 7 1 0
23775 135607 8 1 0
23775 135607 9 1 0
23775 135607 10 1 0
!sus 48925 270824 0 10 19 attackers:270824;victims:48925;type:1;valid_origin:True;recurrent:True;local:False
48925 270824 1 0 19
48925 270824 2 0 19
48925 270824 3 2 17
48925 270824 4 2 17
48925 270824 5 2 17
48925 270824 6 2 17
48925 270824 7 2 17
48925 270824 8 2 17
48925 270824 9 2 17
48925 270824 10 2 17
!sus 20661 215487 7 3 45 attackers:20661;victims:215487;type:1;valid_origin:True;recurrent:True;local:False
20661 215487 1 45 0
20661 215487 2 45 0
20661 215487 3 43 2
20661 215487 4 0 45
20661 215487 5 45 0
20661 215487 6 0 45
20661 215487 7 45 0
20661 215487 8 0 45
20661 215487 9 37 8
20661 215487 10 43 2
!sus 24875 212742 9 1 4 attackers:24875;victims:212742;type:1;valid_origin:False;recurrent:False;local:False
24875 212742 1 0 4
24875 212742 2 3 1
24875 212742 3 3 1
24875 212742 4 4 0
24875 212742 5 4 0
24875 212742 6 4 0
24875 212742 7 4 0
24875 212742 8 4 0
24875 212742 9 4 0
24875 212742 10 4 0
!sus 49304 213845 1 9 31 attackers:49304;victims:213845;type:1;valid_origin:True;recurrent:True;local:False
49304 213845 1 21 10
49304 213845 2 10 21
49304 213845 3 0 31
49304 213845 4 0 31
49304 213845 5 0 31
49304 213845 6 0 31
49304 213845 7 0 31
49304 213845 8 0 31
49304 213845 9 0 31
49304 213845 10 0 31
!sus 197438 212514 8 2 108 attackers:212514;victims:197438;type:1;valid_origin:True;recurrent:True;local:False
197438 212514 1 0 108
197438 212514 2 0 108
197438 212514 3 62 46
197438 212514 4 104 4
197438 212514 5 108 0
197438 212514 6 108 0
197438 212514 7 108 0
197438 212514 8 108 0
197438 212514 9 108 0
197438 212514 10 108 0
!sus 213520 213893 2 8 83 attackers:213893;victims:213520;type:1;valid_origin:True;recurrent:True;local:False
213520 213893 1 82 1
213520 213893 2 38 45
213520 213893 3 64 19
213520 213893 4 10 73
213520 213893 5 36 47
213520 213893 6 1 82
213520 213893 7 0 83
213520 213893 8 0 83
213520 213893 9 0 83
213520 213893 10 1 82
!sus 48266 50385 8 2 12 attackers:48266;victims:50385;type:1;valid_origin:True;recurrent:True;local:False
48266 50385 1 0 12
48266 50385 2 0 12
48266 50385 3 12 0
48266 50385 4 12 0
48266 50385 5 12 0
48266 50385 6 12 0
48266 50385 7 12 0
48266 50385 8 12 0
48266 50385 9 12 0
48266 50385 10 12 0
!sus 24203 138915 9 1 144 attackers:24203;victims:138915,139341,63139;type:1,2;valid_origin:True;recurrent:True;local:False
24203 138915 1 27 117
24203 138915 2 110 34
24203 138915 3 111 33
24203 138915 4 116 28
24203 138915 5 123 21
24203 138915 6 116 28
24203 138915 7 125 19
24203 138915 8 122 22
24203 138915 9 122 22
24203 138915 10 142 2
!leg 33765 36944 10 0 1 attackers:33765;victims:37182;type:2;valid_origin:True;recurrent:False;local:False
33765 36944 1 1 0
33765 36944 2 1 0
33765 36944 3 1 0
33765 36944 4 1 0
33765 36944 5 1 0
33765 36944 6 1 0
33765 36944 7 1 0
33765 36944 8 1 0
33765 36944 9 1 0
33765 36944 10 1 0
!leg 58477 138876 10 0 4 attackers:138876;victims:149391;type:2;valid_origin:False;recurrent:False;local:False
58477 138876 1 4 0
58477 138876 2 4 0
58477 138876 3 4 0
58477 138876 4 4 0
58477 138876 5 4 0
58477 138876 6 4 0
58477 138876 7 4 0
58477 138876 8 4 0
58477 138876 9 4 0
58477 138876 10 4 0
!sus 57324 138915 0 10 7 attackers:57324;victims:138915;type:1;valid_origin:True;recurrent:False;local:False
57324 138915 1 0 7
57324 138915 2 0 7
57324 138915 3 0 7
57324 138915 4 0 7
57324 138915 5 0 7
57324 138915 6 0 7
57324 138915 7 0 7
57324 138915 8 0 7
57324 138915 9 0 7
57324 138915 10 0 7
!sus 47288 216385 8 2 23 attackers:47288;victims:216385;type:1;valid_origin:True;recurrent:True;local:False
47288 216385 1 0 23
47288 216385 2 11 12
47288 216385 3 20 3
47288 216385 4 23 0
47288 216385 5 23 0
47288 216385 6 23 0
47288 216385 7 23 0
47288 216385 8 23 0
47288 216385 9 23 0
47288 216385 10 23 0
!sus 917 1299 8 2 3 attackers:1299;victims:200242,50069;type:2,3;valid_origin:True;recurrent:True;local:False
917 1299 1 1 2
917 1299 2 2 1
917 1299 3 1 2
917 1299 4 2 1
917 1299 5 2 1
917 1299 6 2 1
917 1299 7 2 1
917 1299 8 2 1
917 1299 9 2 1
917 1299 10 2 1
!sus 49614 213252 0 10 95 attackers:49614;victims:213252;type:1;valid_origin:True;recurrent:True;local:False
49614 213252 1 0 95
49614 213252 2 0 95
49614 213252 3 0 95
49614 213252 4 0 95
49614 213252 5 0 95
49614 213252 6 0 95
49614 213252 7 0 95
49614 213252 8 0 95
49614 213252 9 0 95
49614 213252 10 0 95
!sus 56910 213835 2 8 18 attackers:56910;victims:213835;type:1;valid_origin:True;recurrent:True;local:False
56910 213835 1 4 14
56910 213835 2 1 17
56910 213835 3 6 12
56910 213835 4 0 18
56910 213835 5 4 14
56910 213835 6 13 5
56910 213835 7 14 4
56910 213835 8 0 18
56910 213835 9 5 13
56910 213835 10 6 12
!leg 137409 214329 10 0 1 attackers:214329;victims:32489;type:18;valid_origin:True;recurrent:False;local:False
137409 214329 1 1 0
137409 214329 2 1 0
137409 214329 3 1 0
137409 214329 4 1 0
137409 214329 5 1 0
137409 214329 6 1 0
137409 214329 7 1 0
137409 214329 8 1 0
137409 214329 9 1 0
137409 214329 10 1 0
!sus 35753 55256 3 7 61 attackers:35753;victims:55256;type:1;valid_origin:True;recurrent:True;local:False
35753 55256 1 0 61
35753 55256 2 7 54
35753 55256 3 14 47
35753 55256 4 17 44
35753 55256 5 25 36
35753 55256 6 28 33
35753 55256 7 27 34
35753 55256 8 34 27
35753 55256 9 41 20
35753 55256 10 33 28
!leg 16276 32489 10 0 27 attackers:16276,32489;victims:32489;type:1,2,6;valid_origin:True;recurrent:False;local:False
16276 32489 1 27 0
16276 32489 2 27 0
16276 32489 3 27 0
16276 32489 4 27 0
16276 32489 5 27 0
16276 32489 6 27 0
16276 32489 7 27 0
16276 32489 8 27 0
16276 32489 9 27 0
16276 32489 10 27 0
!sus 271253 274724 7 3 7 attackers:271253;victims:274724;type:1;valid_origin:True;recurrent:True;local:False
271253 274724 1 3 4
271253 274724 2 3 4
271253 274724 3 4 3
271253 274724 4 4 3
271253 274724 5 3 4
271253 274724 6 4 3
271253 274724 7 5 2
271253 274724 8 5 2
271253 274724 9 4 3
271253 274724 10 5 2
!leg 11014 27747 10 0 2 attackers:27747;victims:273240;type:2;valid_origin:True;recurrent:False;local:False
11014 27747 1 2 0
11014 27747 2 2 0
11014 27747 3 2 0
11014 27747 4 2 0
11014 27747 5 2 0
11014 27747 6 2 0
11014 27747 7 2 0
11014 27747 8 2 0
11014 27747 9 2 0
11014 27747 10 2 0
!sus 36873 37616 0 10 3 attackers:37616;victims:36873;type:1;valid_origin:True;recurrent:True;local:False
36873 37616 1 0 3
36873 37616 2 0 3
36873 37616 3 0 3
36873 37616 4 0 3
36873 37616 5 0 3
36873 37616 6 0 3
36873 37616 7 0 3
36873 37616 8 0 3
36873 37616 9 0 3
36873 37616 10 0 3
!sus 198889 214481 9 1 264 attackers:214481;victims:198889;type:1;valid_origin:True;recurrent:True;local:False
198889 214481 1 8 256
198889 214481 2 253 11
198889 214481 3 264 0
198889 214481 4 264 0
198889 214481 5 264 0
198889 214481 6 264 0
198889 214481 7 264 0
198889 214481 8 264 0
198889 214481 9 264 0
198889 214481 10 264 0
!sus 151983 153525 3 7 16 attackers:151983;victims:153525;type:1;valid_origin:True;recurrent:True;local:False
151983 153525 1 14 2
151983 153525 2 14 2
151983 153525 3 0 16
151983 153525 4 0 16
151983 153525 5 9 7
151983 153525 6 0 16
151983 153525 7 0 16
151983 153525 8 0 16
151983 153525 9 0 16
151983 153525 10 0 16
!sus 50131 400799 1 9 140 attackers:400799;victims:50131;type:1;valid_origin:True;recurrent:True;local:False
50131 400799 1 24 116
50131 400799 2 31 109
50131 400799 3 34 106
50131 400799 4 33 107
50131 400799 5 36 104
50131 400799 6 50 90
50131 400799 7 58 82
50131 400799 8 60 80
50131 400799 9 67 73
50131 400799 10 73 67
!sus 14270 142470 1 9 191 attackers:142470;victims:142470;type:2;valid_origin:True;recurrent:True;local:False
14270 142470 1 2 189
14270 142470 2 2 189
14270 142470 3 10 181
14270 142470 4 3 188
14270 142470 5 86 105
14270 142470 6 70 121
14270 142470 7 66 125
14270 142470 8 187 4
14270 142470 9 39 152
14270 142470 10 79 112
!leg 7713 133824 10 0 61 attackers:7713;victims:133824;type:1;valid_origin:True;recurrent:False;local:False
7713 133824 1 60 1
7713 133824 2 60 1
7713 133824 3 61 0
7713 133824 4 61 0
7713 133824 5 61 0
7713 133824 6 61 0
7713 133824 7 61 0
7713 133824 8 61 0
7713 133824 9 61 0
7713 133824 10 61 0
!sus 41869 50304 0 10 20 attackers:50304;victims:41869;type:1;valid_origin:True;recurrent:True;local:False
41869 50304 1 0 20
41869 50304 2 0 20
41869 50304 3 0 20
41869 50304 4 0 20
41869 50304 5 0 20
41869 50304 6 5 15
41869 50304 7 2 18
41869 50304 8 0 20
41869 50304 9 0 20
41869 50304 10 0 20
